31.68
28.1277
24.233
20.2308
16.1702
34.4398
39.112
4.05103
0
32.0466
-654321
28.4777
24.7049
20.5828
16.8427
12.5848
8.3459
4.50867
30.624
32.3439
32.047
-654321
24.162
20.3729
16.5713
11.896
8.67181
4.14259
0.535414
31.6281
32.143
28.1532
-654321
20.326
16.3067
12.1214
8.1672
36.3783
0.170349
28.1833
31.7653
32.0376
24.4155
-654321
16.3166
12.4973
8.06796
4.49114
0.51449
24.366
28.3905
31.8745
32.011
20.2678
-654321
12.3632
8.26548
4.28751
0.470904
20.2419
24.5708
28.0538
31.7198
31.9521
16.2306
-654321
8.16972
4.02619
0.163402
16.3938
20.4083
24.5742
28.4929
31.9982
32.4078
12.3373
-654321
36.1995
0.461838
12.2865
49.782
19.9718
24.3114
28.151
31.4991
31.8786
8.19617
-654321
0.151957
8.49336
12.1009
16.4036
20.1788
46.9009
28.0089
31.4547
34.88
3.9539
-654321
4.1179
8.15743
12.2585
16.3967
20.1729
24.2798
28.298
31.5602
31.2623
0.423788
-654321
50.1914
49.3937
44.4629
40.6358
34.0492
28.5874
22.6713
16.2601
10.6615
39.8368
-654321
49.3204
45.5662
40.3694
34.9756
29.1803
23.1115
17.0861
11.3204
40.348
49.8268
-654321
45.9945
40.2351
34.9926
29.3021
23.3228
17.3056
10.8233
48.906
41.3458
49.1902
-654321
41.2009
35.7337
29.8744
23.7762
16.9977
11.2205
50.2796
48.8663
40.1825
47.3602
-654321
35.4985
29.2413
23.3154
17.3906
11.2806
46.2056
49.0474
49.1595
40.4419
40.8919
-654321
29.2202
23.3159
16.8333
11.1127
40.2592
45.7253
48.6585
49.194
40.8072
34.9287
-654321
23.4336
17.7284
11.8908
34.9464
40.7305
45.8258
50.2467
49.7663
39.8439
28.898
-654321
17.2103
10.6733
29.2192
35.4915
40.0809
46.1382
49.4663
48.3979
39.6292
23.4127
-654321
10.7103
22.9536
28.7917
34.9806
39.5267
46.0574
49.1915
49.6735
40.4585
17.1224
-654321
17.5094
23.3886
29.9572
35.2042
40.4415
46.6892
49.8257
48.935
40.0651
11.5366
-654321
56.0941
63.0614
69.0766
68.164
63.3232
58.4123
53.9329
47.8071
42.246
40.2381
-654321
66.066
69.8526
66.1592
65.047
57.6102
53.1591
46.6623
41.3955
40.8522
55.3014
-654321
67.0783
66.1049
62.1611
58.9472
53.2021
47.4647
41.878
53.2609
40.4098
66.7271
-654321
66.8549
64.3954
59.3039
53.5802
47.5594
41.9267
65.0453
52.3784
40.5979
69.2046
-654321
64.1633
59.9833
53.6013
47.8391
41.5643
68.5313
66.2931
53.1395
41.1612
67.7841
-654321
57.6764
52.7518
47.1787
42.0736
66.2822
67.2193
64.9547
54.2141
40.3916
63.2958
-654321
53.1581
47.987
42.3859
62.6018
65.1004
67.3154
64.633
54.305
40.1305
59.6166
-654321
48.3743
41.8628
59.0841
63.8782
67.4651
70.6738
64.0679
57.642
40.9154
52.7151
-654321
41.2085
53.5777
59.0721
64.1996
66.8872
69.2162
61.4832
56.5752
40.3335
47.2834
-654321
48.3306
52.9315
60.1545
62.2526
67.4083
70.7582
63.7138
51.2585
39.4055
42.136
-654321
51.959
68.6837
79.3211
82.9389
85.3825
82.0752
80.0103
76.06
69.8297
40.354
-654321
70.5588
77.3528
83.9869
85.8646
82.7785
80.5963
74.7044
69.6119
39.9646
55.5065
-654321
80.5265
86.1625
84.6284
83.7337
82.0464
73.2676
69.5961
54.7114
39.441
70.2671
-654321
85.3772
88.0344
83.8809
77.2481
74.3073
69.4853
69.5336
53.2199
41.501
80.3582
-654321
85.2902
81.6059
80.0411
74.7956
69.0061
78.5352
68.7581
54.4221
40.7728
84.0337
-654321
82.4537
80.0909
73.9226
69.9099
85.4247
80.5586
69.3288
55.0154
39.6861
84.4423
-654321
79.3635
74.126
69.736
84.7618
81.5318
74.5123
68.4742
55.669
39.7286
83.6405
-654321
76.0067
70.7717
82.1221
84.0318
89.3137
78.3043
69.5885
54.8539
40.5765
80.0306
-654321
70.5781
79.6756
84.2729
84.1262
84.0094
79.2646
66.2689
57.6166
40.8143
72.1809
-654321
74.9916
80.6504
83.3227
85.7788
82.5023
77.21
70.665
56.203
39.5445
69.0679
-654321
53.8676
66.4271
85.6473
89.2109
100.511
103.446
104.074
103.011
98.3075
40.9074
-654321
68.5559
84.0578
97.9149
100.304
105.991
105.53
102.561
100.255
39.8188
53.6642
-654321
81.9174
92.1374
100.49
104.886
101.678
104.503
100.147
55.1354
40.8906
69.2756
-654321
94.7234
96.6542
101.878
105.621
99.7278
94.0041
70.0498
53.2657
40.0641
82.5894
-654321
101.646
103.549
103.509
100.773
97.3555
84.2116
69.0195
52.8337
40.9707
94.2554
-654321
103.571
103.109
99.8432
97.4959
96.8642
81.8112
70.3201
54.4532
40.4286
103.306
-654321
104.996
103.831
99.9063
103.711
88.4461
81.3854
67.6257
54.0232
40.9807
105.603
-654321
101.118
99.895
103.874
101.475
93.5872
82.3954
70.2396
55.5178
40.9562
102.868
-654321
95.7119
102.366
102.247
104.264
89.6699
77.0688
66.675
56.112
42.0207
102.398
-654321
102.005
104.163
106.706
104.934
95.7231
82.396
71.054
53.3787
40.6542
98.8065
-654321
55.8687
66.8189
82.8434
93.6815
105.105
119.276
122.91
121.645
122.586
40.6098
-654321
68.1443
85.1254
87.8692
108.598
117.448
117.441
127.083
120.867
42.2296
54.5867
-654321
81.6722
89.734
111.002
113.417
121.219
120.141
121.5
54.3447
41.1719
69.6367
-654321
97.4881
114.747
118.764
121.32
116.902
116.699
67.0998
52.483
40.4252
80.5266
-654321
109.456
115.874
121.508
120.769
124.905
85.0543
64.4607
54.4522
41.3549
100.795
-654321
114.688
115.813
124.879
119.818
97.4237
83.239
70.0787
57.5254
40.8368
106.674
-654321
117.928
118.012
119.914
109.9
94.6729
83.2364
68.3942
54.0803
40.3609
107.543
-654321
115.825
122.025
115.668
113.226
97.2363
80.0996
70.6443
52.3267
41.3203
121.978
-654321
122.102
118.417
117.049
105.82
94.5222
80.4527
66.3965
53.7454
40.6724
121.524
-654321
120.853
118.623
113.675
110.519
98.1523
85.344
69.0373
53.3553
41.0294
121.452
-654321
52.7216
70.3563
86.4925
89.0317
116.567
125.767
128.783
135.614
138.75
39.3344
-654321
70.6641
86.6456
98.6331
104.257
126.973
134.015
132.64
133.247
39.517
56.4404
-654321
86.1586
93.5028
109.973
114.669
130.661
135.774
142.65
55.836
40.8344
70.9541
-654321
100.282
116.243
127.163
133.679
139.147
139.632
68.9076
54.4986
40.3542
77.917
-654321
107.508
122.589
130.256
139.494
138.131
81.339
68.3188
52.5847
39.2147
100.793
-654321
120.049
126.455
138.296
139.04
101.532
81.1824
70.307
54.9908
40.2453
112.877
-654321
123.188
128.222
135.214
110.753
99.4752
83.8432
66.6767
56.4105
42.4643
123.252
-654321
127.938
137.095
114.294
116.739
105.202
86.3471
66.4875
54.5138
42.5609
135.233
-654321
141.707
129.062
122.384
108.714
98.5514
81.1364
69.8959
52.7788
40.0688
136.487
-654321
135.638
130.832
126.019
111.371
99.1184
83.5088
69.3847
54.1022
40.4403
137.802
-654321
56.127
70.3309
81.2854
89.2768
113.047
130.304
134.378
146.469
150.615
41.8646
-654321
67.932
82.7723
92.8234
102.641
128.052
133.624
153.683
152.776
40.5263
54.7546
-654321
83.0283
98.2692
112.724
119.824
130.27
143.135
150.929
55.3297
40.5928
64.3548
-654321
95.8902
108.107
126.673
143.216
157.117
149.194
66.2736
51.7553
40.896
85.5137
-654321
107.395
124.793
133.322
150.085
157.656
83.4229
65.8043
58.3961
41.1795
104.774
-654321
122.162
135.043
155.222
151.972
98.7397
81.769
63.6995
55.3424
40.2875
115.487
-654321
136.24
150.141
148.469
111.216
99.4218
82.8962
71.4829
53.6002
41.1119
136.238
-654321
155.457
146.787
126.651
111.988
95.7768
81.3637
69.1923
53.5831
40.4979
132.448
-654321
148.44
135.266
122.369
108.184
88.1741
84.5455
67.453
55.4236
40.4723
151.512
-654321
152.687
133.183
124.68
110.569
97.4959
80.7096
69.0923
54.4972
41.6419
154.034
-654321
57.2281
65.5071
81.2964
99.7675
111.465
123.521
136.397
142.117
162.523
40.6257
-654321
68.4738
81.3266
89.9144
109.356
121.173
136
155.102
158.464
39.8653
57.1774
-654321
78.7466
98.3664
108.635
121.204
127.88
144.574
159.964
57.3775
40.4259
69.9419
-654321
95.3832
109.269
128.118
145.299
152.847
159.062
70.458
56.5032
40.8167
81.1821
-654321
115.047
120.68
138.208
150.768
159.88
80.8216
71.5019
54.2914
39.9414
105.561
-654321
125.37
140.011
149.647
160.232
91.9293
83.073
70.2322
54.3157
40.0704
116.767
-654321
153.196
144.232
162.048
107.826
98.3541
87.3582
69.625
55.1143
41.3016
116.808
-654321
158.105
156.013
127.055
104.664
98.9961
78.0056
66.911
53.8254
40.0963
132.275
-654321
161.774
143.453
126.361
113.877
96.3295
80.1238
64.2663
55.3705
41.1744
147.048
-654321
148.995
140.663
127.249
109.004
97.2284
83.8651
69.0687
55.4612
40.1054
167.048
-654321
46.2557
53.0821
65.2288
73.7058
83.1653
92.023
98.951
109.465
118.956
35.7867
-654321
53.1024
65.4581
69.4295
79.5328
100.733
98.7114
107.442
120.728
36.2456
46.8296
-654321
64.0458
72.8706
81.4353
87.6621
105.393
106.706
123.229
45.9623
35.4333
51.3134
-654321
70.1464
83.111
89.0942
102.605
103.28
116.926
56.3067
44.5648
36.5517
65.2713
-654321
79.9912
89.5175
94.3983
110.487
118.148
63.342
56.593
46.3289
35.9608
75.7721
-654321
92.2717
91.1702
110.784
121.164
69.7506
62.5638
56.7141
45.229
35.7332
83.0046
-654321
94.2119
107.931
116.379
88.3711
73.42
62.4689
57.527
46.6585
35.3394
94.4046
-654321
111.032
120.842
92.7263
87.0161
79.2894
69.018
54.6244
44.3476
36.4381
102.383
-654321
120.856
105.392
95.0259
75.1287
71.6599
60.146
54.1645
45.8853
36.1824
114.28
-654321
111.82
98.0708
90.9691
80.5745
72.7304
65.1056
53.7761
45.8358
36.0624
151.915
-654321
