166.258
166.807
-654321
162.847
166.789
166.271
-654321
159.089
166.677
162.88
-654321
155.012
163.009
158.973
-654321
151.202
159.042
155.112
-654321
146.901
155.092
150.859
-654321
142.857
150.982
147.1
-654321
139.287
169.341
143.089
-654321
135.227
143.08
139.382
-654321
158.895
139.1
135.172
-654321
126.871
165.129
130.873
-654321
123.014
130.926
127.005
-654321
119.175
153.315
123.013
-654321
114.86
147.256
118.9
-654321
111.669
119.161
114.578
-654321
130.986
114.911
110.794
-654321
102.704
111.004
106.415
-654321
99.4608
106.798
103.631
-654321
94.8667
102.822
99.6161
-654321
90.5374
99.0586
124.83
-654321
120.274
95.1854
91.1315
-654321
118.313
90.5159
86.3475
-654321
116.364
120.397
83.4977
-654321
114.033
83.2845
115.29
-654321
112.638
116.84
116.124
-654321
111.151
115.306
70.6716
-654321
108.093
113.939
65.8407
-654321
58.3468
111.269
111.416
-654321
105.246
109.377
108.287
-654321
102.243
108.604
101.429
-654321
100.299
104.533
105.281
-654321
99.393
101.883
102.575
-654321
97.4112
99.6929
99.5557
-654321
94.9613
40.9345
94.8234
-654321
94.128
94.2489
93.2055
-654321
92.9863
93.6054
92.2711
-654321
90.468
94.3667
93.3352
-654321
86.0929
27.2772
22.5257
-654321
83.9372
89.3608
89.7346
-654321
81.7037
86.7733
86.0333
-654321
80.0288
83.7447
82.267
-654321
78.5997
81.8155
79.8814
-654321
0.612244
80.335
77.5998
-654321
73.5869
80.8815
75.929
-654321
76.1356
77.0364
71.852
-654321
68.9894
77.1618
69.3706
-654321
67.2693
70.0471
69.3941
-654321
64.255
68.8109
65.6432
-654321
161.369
65.8086
64.0125
-654321
161.369
161.369
-654321
184.198
175.608
-654321
184.685
175.711
183.974
-654321
181.164
184.439
184.903
-654321
175.517
184.624
181.021
-654321
169.881
180.791
175.655
-654321
164.014
175.163
169.737
-654321
157.866
169.674
163.842
-654321
151.967
164.234
157.63
-654321
145.603
157.902
151.811
-654321
139.589
151.659
146.038
-654321
133.484
145.585
139.482
-654321
127.824
139.494
133.452
-654321
122.258
133.641
127.408
-654321
116.336
128.078
121.985
-654321
110.133
122.037
115.267
-654321
103.707
115.359
109.004
-654321
98.0374
109.988
102.83
-654321
91.5353
103.659
97.2483
-654321
105.609
98.4013
108.567
-654321
102.549
92.1172
86.1501
-654321
96.5346
86.6657
78.5115
-654321
94.2629
79.5762
73.9009
-654321
127.754
132.231
66.0835
-654321
128.515
71.1349
129.142
-654321
125.581
103.019
58.7746
-654321
121.261
97.0727
81.1986
-654321
72.9208
81.1461
121.533
-654321
117.096
77.4508
71.6027
-654321
63.9954
83.5031
117.975
-654321
114.726
71.1011
118.268
-654321
60.1291
115.41
112.686
-654321
65.982
70.9676
113.241
-654321
106.469
112.733
106.402
-654321
161.369
108.922
106.212
-654321
103.161
161.369
161.369
-654321
49.1908
104.212
106.225
-654321
161.369
104.261
101.288
-654321
94.4024
161.369
161.369
-654321
36.31
161.369
161.369
-654321
92.2121
101.242
161.369
-654321
94.1763
26.8973
95.0221
-654321
90.0131
93.3336
90.6828
-654321
87.4243
92.0857
87.2924
-654321
86.3938
86.4024
87.6492
-654321
13.0052
161.369
88.173
-654321
79.2961
10.0673
81.4667
-654321
161.369
0
80.3026
-654321
81.7679
83.6542
161.369
-654321
161.369
82.6983
161.369
-654321
161.369
161.369
-654321
189.556
177.336
-654321
200.962
175.007
190.914
-654321
204.288
192.422
197.888
-654321
202.266
201.338
203.829
-654321
198.768
203.974
201.498
-654321
193.885
201.172
198.357
-654321
187.882
198.412
193.444
-654321
182.482
192.364
187.271
-654321
176.448
188.327
181.575
-654321
170.314
182.05
176.474
-654321
164.108
175.883
170.12
-654321
158.503
170.033
164.429
-654321
152.069
164.024
158.203
-654321
145.625
157.762
151.698
-654321
139.603
152.114
146.042
-654321
135.086
145.898
140.955
-654321
127.228
140.634
133.221
-654321
122.801
133.695
128.489
-654321
125.489
132.845
122.574
-654321
110.258
120.753
118.728
-654321
117.847
117.289
143.756
-654321
138.909
111.414
142.003
-654321
137.251
103.53
139.123
-654321
85.4511
138.416
138.297
-654321
100.989
108.119
137.614
-654321
97.7636
134.004
132.897
-654321
128.289
135.896
93.4728
-654321
85.8089
131.909
90.43
-654321
87.0954
130.672
126.916
-654321
125.145
131.138
126.08
-654321
85.4942
89.2578
123.247
-654321
120.732
161.369
73.4728
-654321
80.4531
121.818
125.032
-654321
113.7
120.079
118.982
-654321
114.078
161.369
161.369
-654321
112.107
116.068
161.369
-654321
111.953
69.4942
116.399
-654321
61.0141
115.765
161.369
-654321
109.765
112.514
109.282
-654321
104.79
110.514
161.369
-654321
101.798
58.2281
104.068
-654321
98.2839
42.4982
102.07
-654321
99.8958
97.9801
30.2334
-654321
161.369
100.711
98.0701
-654321
99.0325
161.369
161.369
-654321
26.6462
99.765
90.5477
-654321
91.8958
96.5144
92.0742
-654321
87.468
95.1376
90.6722
-654321
84.2839
84.8621
161.369
-654321
83.9801
83.121
-654321
191.994
178.953
-654321
209.992
171.155
186.875
-654321
216.87
188.208
204.591
-654321
220.47
201.382
215.503
-654321
220.29
215.283
219.295
-654321
219.092
218.628
220.039
-654321
215.335
221.013
218.835
-654321
209.418
218.649
214.255
-654321
203.888
213.945
210.025
-654321
197.639
209.371
204.124
-654321
192.891
204.424
199.097
-654321
186.759
196.707
191.513
-654321
181.497
193.522
186.314
-654321
174.842
186.495
180.724
-654321
169.113
181.037
174.581
-654321
162.052
175.379
168.732
-654321
151.771
169.897
155.812
-654321
151.442
163.022
157.405
-654321
144.419
157.219
151.836
-654321
139.465
152.569
143.437
-654321
136.521
144.693
140.834
-654321
132.71
138.776
152.28
-654321
139.909
136.491
127.623
-654321
143.421
133.637
129.013
-654321
117.713
129.615
122.327
-654321
143.859
134.629
144.252
-654321
140.054
145.868
141.587
-654321
136.733
120.64
108.7
-654321
137.589
136.963
109.517
-654321
132.934
138.918
107.287
-654321
128.963
135.285
161.369
-654321
100.931
161.369
161.369
-654321
128.919
136.292
66.2417
-654321
127.587
132.493
126.27
-654321
161.369
130.935
161.369
-654321
120.926
161.369
121.614
-654321
122.935
129.658
122.919
-654321
82.5482
126.292
161.369
-654321
116.089
123.952
115.614
-654321
114.485
118.267
115.587
-654321
58.3075
117.587
110.318
-654321
59.9605
113.587
110.94
-654321
102.397
114.26
113.612
-654321
161.369
161.369
161.369
-654321
161.369
161.369
161.369
-654321
104.265
161.369
161.369
-654321
97.9446
106.26
100.49
-654321
98.2508
161.369
28.6996
-654321
98.9397
161.369
161.369
-654321
100.935
101.658
-654321
196.444
176.229
-654321
204.019
177.138
193.205
-654321
219.001
189.808
207.729
-654321
231.659
200.577
212.693
-654321
235.115
221.823
229.476
-654321
239.208
230.985
236.279
-654321
239.207
235.075
240.828
-654321
235.504
238.625
239.247
-654321
232.727
238.316
236.253
-654321
228.44
236.405
232.915
-654321
219.815
231.562
227.1
-654321
218.28
225.715
221.46
-654321
213.008
221.669
219.307
-654321
205.291
218.389
212.586
-654321
200.543
212.367
206.664
-654321
177.659
206.44
200.811
-654321
188.441
200.305
194.239
-654321
168.882
195.087
190.806
-654321
176.072
173.147
183.06
-654321
160.745
168.529
164.068
-654321
157.753
164.245
161.716
-654321
154.337
161.468
157.687
-654321
162.295
165.776
165.603
-654321
157.192
155.245
152.184
-654321
139.324
152.796
153.032
-654321
152.498
152.343
157.276
-654321
132.712
141.405
136.016
-654321
147.103
150.762
136.88
-654321
145.801
149.105
128.707
-654321
161.369
148.036
161.369
-654321
138.343
161.369
150.765
-654321
141.534
123.149
144.114
-654321
138.034
142.957
137.721
-654321
138.405
138.411
144.765
-654321
134.49
141.626
139.973
-654321
131.103
135.796
131.721
-654321
126.343
161.369
129.72
-654321
90.7899
161.369
161.369
-654321
123.031
105.192
131.974
-654321
161.369
126.411
161.369
-654321
161.369
161.369
161.369
-654321
121.882
161.369
161.369
-654321
118.496
125.276
84.1566
-654321
114.07
77.5782
115.72
-654321
63.4859
116.764
116.498
-654321
161.369
115.103
114.49
-654321
161.369
161.369
161.369
-654321
114.765
161.369
161.369
-654321
105.796
115.369
106.411
-654321
108.502
107.882
-654321
192.551
171.566
-654321
211.881
176.702
192.14
-654321
217.965
193.249
211.627
-654321
228.771
207.243
212.703
-654321
247.83
217.144
232.433
-654321
248.853
234.989
248.302
-654321
256.013
246.388
249.852
-654321
256.216
253.287
255.786
-654321
256.722
258.785
257.467
-654321
249.209
253.418
256.181
-654321
246.357
252.135
245.004
-654321
244.695
252.766
246.148
-654321
238.41
247.248
245.899
-654321
234.634
244.089
238.418
-654321
224.334
241.109
235.913
-654321
223.056
234.663
229.056
-654321
218.018
229.313
224.079
-654321
188.418
196.982
217.69
-654321
206.893
191.817
188.083
-654321
180.573
211.082
185.014
-654321
193.574
185.154
180.17
-654321
173.547
180.003
178.655
-654321
170.14
189.518
171.875
-654321
166.044
170.239
180.628
-654321
161.926
183.204
165.724
-654321
158.067
163.81
158.765
-654321
155.397
162.506
160.856
-654321
152.62
162.801
156.067
-654321
161.369
161.396
161.369
-654321
152.857
160.672
161.369
-654321
152.763
148.244
152.16
-654321
150.596
154.932
151.749
-654321
146.857
139.623
153.708
-654321
144.16
132.154
139.235
-654321
161.369
148.699
147.633
-654321
161.369
146.943
161.369
-654321
161.369
143.553
161.369
-654321
161.369
140.16
161.369
-654321
161.369
161.369
161.369
-654321
161.369
161.369
161.369
-654321
161.369
161.369
161.369
-654321
161.369
161.369
161.369
-654321
125.114
161.369
127.463
-654321
123.81
92.1591
126.856
-654321
124.943
128.942
120.671
-654321
125.708
128.327
126.328
-654321
125.081
126.673
94.1585
-654321
124.447
122.943
161.369
-654321
161.369
119.553
116.16
-654321
161.369
161.369
-654321
195.902
175.947
-654321
204.33
172.69
190.95
-654321
219.192
188.798
208.079
-654321
229.611
206.002
224.816
-654321
247.693
222.509
234.008
-654321
263.247
231.293
243.042
-654321
267.519
249.582
261.994
-654321
271.933
263.1
263.004
-654321
272.324
267.136
266.401
-654321
270.373
269.779
268.829
-654321
270.167
270.147
271.771
-654321
267.822
272.926
273.209
-654321
261.748
272.09
267.9
-654321
257.185
267.564
267.992
-654321
246.291
267.095
262.72
-654321
251.73
262.125
258.443
-654321
247.36
257.756
213.374
-654321
240.185
251.003
246.378
-654321
234.2
211.702
206.952
-654321
200.492
209.088
204.252
-654321
196.771
204.033
199.236
-654321
191.864
199.727
224.018
-654321
200.81
180.496
194.143
-654321
175.635
204.683
188.058
-654321
174.468
191.486
184.633
-654321
172.009
183.016
175.472
-654321
173.81
194.756
174.413
-654321
168.154
177.162
185.886
-654321
176.462
170.256
166.479
-654321
159.765
170.902
165.148
-654321
161.369
169.776
169.457
-654321
158.812
162.672
163.131
-654321
155.458
161.59
157.126
-654321
146.814
159.596
160.798
-654321
153.151
161.977
158.47
-654321
161.369
156.488
161.369
-654321
161.369
161.369
161.369
-654321
161.369
161.369
161.369
-654321
161.369
161.369
161.369
-654321
161.369
161.369
161.369
-654321
161.369
161.369
161.369
-654321
161.369
161.369
161.369
-654321
161.369
161.369
161.369
-654321
139.125
161.369
161.369
-654321
134.775
139.813
161.369
-654321
127.765
135.483
111.488
-654321
161.369
99.8383
161.369
-654321
126.479
98.1778
132.47
-654321
125.146
129.787
101.468
-654321
129.787
128.469
-654321
189.157
171.61
-654321
204.951
176.004
193.62
-654321
219.06
191.378
204.609
-654321
240.172
203.716
218.79
-654321
251.973
221.541
236.002
-654321
261.848
235.209
244.809
-654321
275.827
244.149
268.161
-654321
280.532
253.189
282.569
-654321
282.914
275.695
280.079
-654321
290.175
277.211
289.398
-654321
290.231
285.746
290.501
-654321
289.769
281.878
291.171
-654321
289.664
290.053
287.589
-654321
283.854
291.987
289.002
-654321
278.474
289.714
279.098
-654321
281.777
289.303
238.116
-654321
229.583
278.075
278.688
-654321
226.733
281.133
278.361
-654321
222.449
275.54
228.637
-654321
221.571
270.891
264.638
-654321
254.625
224.87
251.525
-654321
188.857
220.742
216.155
-654321
208.613
216.902
213.297
-654321
237.391
249.249
187.685
-654321
200.498
188.773
205.764
-654321
198.298
236.526
184.656
-654321
220.42
184.923
201.601
-654321
177.444
180.964
183.618
-654321
177.461
178.684
176.843
-654321
173.523
182.191
200.096
-654321
196.196
177.427
181.041
-654321
161.369
174.217
172.028
-654321
168.428
161.369
171.271
-654321
162.658
170.649
161.369
-654321
163.457
163.066
163.921
-654321
163.865
162.342
163.136
-654321
163.296
162.843
165.228
-654321
164.427
163.842
161.369
-654321
161.369
161.369
161.369
-654321
161.369
161.369
161.369
-654321
161.369
161.369
161.369
-654321
161.369
161.369
161.369
-654321
161.369
161.369
161.369
-654321
161.369
161.369
161.369
-654321
147.028
161.369
146.671
-654321
142.066
138.305
133.505
-654321
140.609
147.888
144.217
-654321
109.754
145.039
140.221
-654321
132.658
140.369
136.529
-654321
107.921
161.369
-654321
186.704
177.636
-654321
203.258
176.297
193.303
-654321
222.745
189.047
203.508
-654321
234.671
208.781
222.828
-654321
244.222
224.973
233.419
-654321
260.603
232.047
245.98
-654321
279.533
250.026
261.113
-654321
294.174
265.32
268.311
-654321
296.731
278.469
293.161
-654321
301.042
283.722
287.763
-654321
305.386
291.494
302.546
-654321
307.488
301.25
307.478
-654321
310.158
305.608
308.46
-654321
304.916
304.073
309.552
-654321
309.895
306.553
300.199
-654321
297.775
311.784
310.44
-654321
290.363
299.491
305.164
-654321
295.858
299.365
301.82
-654321
243.536
301.144
245.467
-654321
239.379
297.639
294.452
-654321
232.446
240.339
285.321
-654321
199.093
236.523
236.431
-654321
224.364
283.843
254.222
-654321
221.402
194.354
225.665
-654321
218.336
224.115
192.224
-654321
223.673
191.264
196.699
-654321
212.248
193.376
250.476
-654321
189.25
215.788
188.566
-654321
186.598
190.874
188.97
-654321
184.878
190.975
186.908
-654321
182.516
161.369
183.597
-654321
181.2
199.955
179.824
-654321
204.976
161.369
174.759
-654321
161.369
184.336
184.024
-654321
161.369
161.369
161.369
-654321
161.369
161.369
161.369
-654321
161.369
161.369
161.369
-654321
161.369
161.369
161.369
-654321
174.849
164.759
172.766
-654321
166.119
167.614
166.57
-654321
162.826
168.758
166.99
-654321
161.093
165.578
162.601
-654321
158.102
161.369
161.369
-654321
155.341
161.369
156.566
-654321
152.498
155.509
156.601
-654321
138.84
153.626
155.161
-654321
149.597
159.196
161.369
-654321
149.796
146.759
146.424
-654321
138.946
150.968
148.255
-654321
151.144
149.891
-654321
181.506
170.978
-654321
192.824
171.792
180.209
-654321
201.76
180.568
190.943
-654321
208.011
193.414
194.026
-654321
216.223
199.243
216.126
-654321
226.351
210.741
219.965
-654321
232.973
218.961
226.226
-654321
246.68
223.413
239.528
-654321
258.949
238.6
255.594
-654321
260.993
282.604
252.365
-654321
288.707
254.775
263.629
-654321
266.293
283.23
293.124
-654321
265.667
264.488
266.538
-654321
267.777
267.076
269.007
-654321
265.369
267.785
289.088
-654321
267.799
266.294
268.185
-654321
267.215
266.166
268.272
-654321
267.31
270.157
264.659
-654321
259.475
265.896
263.618
-654321
247.477
253.325
258.294
-654321
211.311
250.593
256.152
-654321
242.594
259.179
248.721
-654321
243.144
206.153
242.49
-654321
237.183
201.462
247.917
-654321
206.3
251.043
244.764
-654321
190.946
204.563
200.406
-654321
201.329
233.669
198.642
-654321
200.048
203.976
201.374
-654321
197.125
202.892
200.547
-654321
195.46
200.464
226.531
-654321
195.951
227.718
197.126
-654321
192.354
197.596
194.041
-654321
189.609
194.005
190.395
-654321
185.68
190.692
184.821
-654321
185.688
191.335
187.147
-654321
161.369
188.192
161.369
-654321
161.369
161.369
161.369
-654321
161.369
161.369
161.369
-654321
186.978
161.369
177.352
-654321
176.082
178.113
186.599
-654321
173.583
177.672
175.061
-654321
171.764
176.014
174.23
-654321
170.75
174.24
172.596
-654321
167.406
172.802
169.325
-654321
167.879
169.206
169.335
-654321
167.016
170.659
161.369
-654321
162.521
169.094
166.887
-654321
159.107
164.364
160.104
-654321
157.843
161.383
152.108
-654321
158.976
158.229
-654321
