200.967
211.209
193.359
222.09
216.617
181.469
208.524
173.464
169.474
208.573
-654321
216.361
194.089
190.161
186.072
181.92
178.181
202.804
169.988
166.157
201.548
201.49
-654321
193.735
189.604
185.664
181.548
201.364
173.7
169.664
165.587
161.722
201.284
201.606
197.664
-654321
189.541
185.496
181.694
177.523
173.592
169.618
165.538
161.661
157.607
197.596
201.07
201.305
193.449
-654321
223.49
181.509
177.415
173.701
169.846
165.673
161.501
157.263
153.749
193.807
197.526
200.896
201.441
189.521
-654321
181.434
177.696
173.586
169.431
165.673
161.626
157.542
153.629
149.518
189.709
193.198
197.527
200.945
201.188
185.674
-654321
177.487
173.577
169.864
165.493
161.554
157.476
153.483
149.542
145.402
185.642
189.678
193.556
197.486
200.671
201.177
217.658
-654321
173.77
169.831
165.65
161.652
157.601
153.625
149.446
145.723
141.378
200.659
185.575
204.775
193.604
197.512
201.166
201.291
177.771
-654321
199.659
165.857
161.773
181.287
153.753
149.603
145.416
141.883
137.596
177.95
181.629
185.772
189.567
193.696
197.593
200.725
201.423
173.809
-654321
165.822
161.584
157.583
153.374
149.193
145.505
141.55
137.528
133.875
173.771
177.676
181.881
185.282
213.665
193.622
197.607
201.25
201.496
169.575
-654321
161.882
181.737
153.434
149.875
145.74
141.686
137.453
133.279
129.428
169.717
173.567
177.625
181.658
185.897
189.693
193.636
197.512
201.399
165.54
-654321
157.645
153.597
149.532
145.703
141.71
137.516
133.757
129.605
125.881
193.168
169.406
173.405
208.709
181.742
185.441
189.665
193.757
197.527
161.645
-654321
175.742
149.63
145.603
141.076
137.367
133.848
129.74
125.292
127.211
161.751
165.355
190.674
173.623
177.524
181.425
185.793
189.21
193.577
157.601
-654321
149.494
145.368
141.759
137.943
133.567
129.746
125.26
121.957
117.763
157.229
161.496
165.276
169.425
173.102
177.482
181.795
185.542
189.673
153.639
-654321
145.922
141.469
137.508
133.414
129.42
125.443
121.347
118.136
113.492
153.555
157.413
161.872
165.38
169.682
173.735
177.546
181.737
185.509
149.383
-654321
141.822
138.116
133.682
129.642
133.882
121.559
117.315
113.524
109.791
149.628
153.347
157.564
161.567
165.46
169.781
205.587
177.197
181.44
145.527
-654321
137.338
133.238
129.648
125.121
121.573
117.449
113.857
109.59
105.452
145.749
149.681
153.626
157.629
187.496
165.878
169.398
173.398
177.679
141.399
-654321
133.775
129.802
124.996
121.878
117.559
113.134
109.778
105.763
101.599
141.058
145.509
149.3
153.734
157.418
161.373
164.982
169.491
173.653
137.729
-654321
129.285
125.537
121.837
117.804
113.143
109.628
105.693
101.874
97.3279
137.797
141.725
145.397
149.663
153.84
157.779
161.45
166.126
169.553
133.539
-654321
125.324
121.617
117.843
113.607
109.617
105.627
101.819
97.7084
93.5386
133.799
137.336
141.26
145.293
149.529
153.502
157.643
161.15
165.42
129.371
-654321
121.255
117.591
113.752
109.584
105.673
101.588
97.7595
93.4102
89.0372
129.749
133.823
137.082
141.749
145.559
149.581
153.703
157.401
173.171
125.836
-654321
118.133
113.772
109.227
106.005
101.798
97.3833
93.9315
89.3772
85.8008
125.936
128.918
133.937
137.203
141.802
145.184
149.503
153.358
157.675
121.391
-654321
113.732
109.767
105.911
101.648
97.5199
93.6833
90.0291
85.9115
81.5903
121.611
125.403
129.775
133.805
137.093
141.765
146.025
149.649
153.62
117.553
-654321
109.312
105.489
102.001
98.0573
93.7102
89.8293
73.2197
81.4203
78.0395
117.781
121.584
126.085
129.242
134.09
137.497
141.886
146.31
149.444
114.163
-654321
105.386
101.752
97.6251
93.2245
89.7245
85.5942
81.2071
78.0335
73.4513
112.913
117.742
120.934
125.411
129.408
133.129
136.864
141.414
145.447
109.448
-654321
101.466
96.6877
94.3632
89.3254
85.9158
80.9821
77.7548
73.3753
69.2494
109.205
113.394
117.061
121.692
125.547
129.845
161.471
137.536
141.672
105.601
-654321
97.0485
94.0205
89.7896
85.6002
82.0593
77.9367
73.5377
69.8621
65.9494
105.074
110.034
114.275
117.799
122.36
125.38
129.563
133.88
137.789
101.8
-654321
93.2776
89.2812
85.5804
82.0029
132.799
131.155
69.0559
65.6712
61.4878
101.939
105.239
109.734
113.958
118.445
122.273
126.464
129.261
133.76
98.0554
-654321
89.9582
85.5809
82.3259
77.8992
73.7906
69.4889
66.1147
61.911
57.0748
99.2587
101.981
105.716
109.815
113.711
117.095
121.379
125.447
129.695
133.272
-654321
85.3532
81.4115
78.0864
130.682
69.9259
65.4804
61.1164
57.4734
53.8738
93.2772
97.2989
101.358
105.854
109.224
151.568
117.537
121.731
125.594
89.7151
-654321
80.9505
77.8626
74.0973
69.3335
64.5109
61.2325
57.1443
54.1628
49.926
89.3681
94.5497
97.3415
100.724
105.734
109.521
113.721
118.173
121.648
85.7651
-654321
77.006
73.0605
68.7029
65.325
62.0692
57.7209
53.328
20.099
85.9013
89.9886
140.519
97.682
102.05
147.609
109.068
114.041
121.617
81.3163
-654321
73.595
69.3603
65.3494
62.3596
57.8239
53.7141
50.3505
81.2436
86.0005
88.9064
93.5849
97.4658
101.335
105.674
109.996
113.59
132.683
-654321
129.316
65.6293
61.466
57.228
53.9513
48.5675
133.243
81.0738
84.968
89.4786
93.8142
143.034
101.84
105.878
109.553
73.8681
-654321
65.7326
61.5796
57.7283
53.4355
49.5793
73.3076
77.6127
81.6578
136.832
88.219
94.6179
97.3995
101.878
105.362
129.02
-654321
61.4305
58.1645
52.9469
50.0794
68.7768
73.9185
77.4687
82.0803
136.279
89.0606
94.2784
97.2859
101.972
66.2071
-654321
57.3087
53.7166
118.539
66.18
69.8255
74.0945
77.4997
82.6603
86.2398
89.8757
93.5037
97.7786
62.0175
-654321
53.5886
48.4731
126.002
64.7544
49.1677
72.8206
77.8596
81.5639
85.8846
89.6767
93.9397
122.867
-654321
49.9971
57.5352
61.918
65.1176
70.1667
73.6706
78.4888
82.548
86.403
79.203
121.265
-654321
53.5237
57.7544
61.215
64.8331
129.314
73.8144
77.7024
82.1656
85.0154
49.8048
-654321
217.763
218.596
214.481
209.915
203.768
197.747
191.988
185.868
179.791
209.431
-654321
218.694
215.19
209.83
204.425
198.283
192.452
186.544
180.347
174.522
209.565
218.838
-654321
215.361
209.721
204.071
198.462
192.278
186.345
180.18
174.455
168.708
217.779
209.602
217.329
-654321
210.264
204.709
199.27
193.097
187.314
181.092
174.654
169.165
162.833
219.503
218.889
209.27
215.569
-654321
204.152
198.502
192.505
186.474
180.481
174.7
168.418
162.495
156.627
215.299
218.848
218.672
209.143
209.968
-654321
198.351
192.811
186.45
180.527
174.057
168.58
162.698
156.66
150.195
209.928
215.364
218.745
217.926
208.924
204.53
-654321
192.257
186.684
180.476
174.289
168.699
162.425
156.521
150.403
144.387
204.058
209.757
215.258
219.742
217.586
209.657
198.364
-654321
186.198
180.442
174.435
168.754
162.471
156.469
150.643
144.431
138.402
198.723
204.221
209.798
215.642
218.529
218.551
209.87
192.665
-654321
180.589
174.671
168.763
162.573
156.583
151.082
144.336
138.255
132.309
192.342
198.404
204.445
209.822
215.03
218.197
218.281
209.685
186.36
-654321
174.263
168.443
162.709
156.454
150.332
144.392
137.911
132.33
126.505
186.8
192.438
198.19
204.168
210.587
215.714
219.388
218.452
210.566
180.819
-654321
168.2
162.957
156.826
150.302
144.521
138.984
132.476
126.112
120.654
180.82
186.655
192.698
198.418
203.953
210.265
215.068
218.473
218.225
174.7
-654321
162.171
156.67
150.784
144.443
138.772
132.626
126.419
120.931
114.143
174.18
180.864
186.523
192.83
198.636
204.724
209.752
215.626
218.827
168.54
-654321
156.296
150.215
144.309
138.299
132.361
126.233
120.759
114.911
108.353
169.013
174.715
180.309
186.306
192.83
198.613
204.22
210.692
215.299
162.715
-654321
150.507
144.745
138.859
132.843
126.385
120.718
114.369
108.598
103.033
162.911
168.308
173.967
180.649
186.866
192.058
198.461
204.441
209.833
156.568
-654321
144.908
138.315
131.941
126.641
120.747
114.856
108.821
102.46
96.4293
156.551
162.477
168.674
174.487
180.234
187.139
192.402
198.3
204.317
150.335
-654321
138.504
132.113
126.626
120.519
113.884
108.464
102.039
96.8695
90.7121
150.307
156.143
162.269
168.478
174.493
180.017
186.687
192.598
198.298
144.555
-654321
132.521
126.724
120.21
114.451
108.749
102.117
96.5282
90.4264
84.3048
144.824
150.706
156.631
163.044
168.336
174.845
179.99
186.698
192.468
138.547
-654321
127.029
120.381
114.375
108.468
102.153
96.9988
90.4415
84.4941
78.2738
138.478
144.358
150.005
156.553
162.507
168.523
174.991
180.208
186.285
132.412
-654321
120.309
114.704
108.575
102.024
96.8319
90.5961
84.4557
78.4785
72.1994
132.421
138.497
145.081
149.607
156.568
162.358
168.212
174.426
180.362
126.344
-654321
115.227
108.713
102.824
96.2444
89.9387
84.0454
78.1058
72.714
66.2103
125.996
132.582
138.982
144.346
150.77
156.748
162.219
168.098
174.46
120.384
-654321
108.224
102.565
96.1702
90.1196
84.1727
78.2745
72.794
66.5798
60.9752
120.964
126.412
132.937
138.562
144.361
150.451
156.589
162.833
168.238
114.831
-654321
102.194
96.6121
90.7151
85.4095
78.3006
72.3315
66.1423
59.8908
54.5819
114.469
120.237
127.41
132.23
138.843
144.252
150.111
156.138
162.415
108.398
-654321
123.954
90.6946
83.2109
79.1133
72.5178
66.5236
60.0472
54.1005
48.5131
108.134
114.261
120.21
127.364
131.932
138.309
144.596
151.415
156.568
103.436
-654321
90.9215
84.7564
78.7664
73.201
66.7248
59.4905
55.04
48.1837
42.6373
101.274
108.47
115.095
120.695
126.257
131.331
138.258
144.888
150.44
96.2263
-654321
83.7583
78.2711
71.6681
67.4141
60.569
54.9739
48.4394
42.9965
36.9583
95.4934
102.881
108.474
114.916
120.141
126.566
132.017
137.682
144.299
91.1661
-654321
78.2915
71.9049
66.1065
60.9301
54.4689
47.6863
41.8015
37.0453
31.6271
89.7599
96.6951
101.599
107.588
115.519
120.292
125.942
132.44
138.206
84.4456
-654321
73.5127
67.1434
60.2093
54.4855
49.0362
42.688
36.8949
30.1523
24.0419
83.4226
91.1075
96.0082
102.985
109.432
115.098
121.554
126.425
132.336
79.1324
-654321
66.1364
111.183
54.846
48.2
43.1144
37.2429
30.9515
24.7006
18.0799
78.864
84.4846
90.5114
95.9094
103.024
108.966
115.323
120.553
126.476
72.6466
-654321
61.0161
53.0029
48.2013
42.8635
35.9839
29.9139
24.7776
72.0988
13.0207
72.5733
78.7662
85.0888
90.1997
96.4981
102.51
109.331
114.657
120.779
66.4629
-654321
54.1302
48.8004
42.4783
36.854
30.9068
23.8239
18.9165
11.4369
5.79094
67.007
72.8034
77.8648
115.665
90.449
96.1285
102.526
107.36
114.126
61.1379
-654321
46.9413
42.7513
36.1591
30.3385
24.3995
18.8244
11.9675
7.37822
0.0115166
59.7706
66.6894
119.286
77.7642
84.4057
90.7717
96.0791
102.269
108.23
54.852
-654321
42.2621
36.2293
31.0705
24.7053
83.4275
13.6863
5.76358
0
95.9192
60.861
66.922
107.094
78.5078
84.1232
91.0963
97.1008
102.28
47.1297
-654321
36.2782
32.1426
23.7982
18.3567
12.8203
7.7251
0.102627
48.7454
54.3648
60.5853
67.2438
72.0969
79.8563
84.7446
91.3046
96.2907
41.979
-654321
29.6302
25.0778
82.5245
67.8732
5.97116
0.16264
42.9466
49.8808
54.6841
61.4017
65.7251
73.1069
78.0559
84.9829
90.3002
35.6181
-654321
24.2872
17.7424
77.6098
6.74147
0.249969
37.6124
42.7691
49.154
53.4357
99.8227
66.918
71.809
78.6242
84.8343
30.795
-654321
17.2247
13.0041
5.9094
1.19307
31.4856
83.683
41.9222
103.464
54.062
61.3078
66.745
71.845
78.8126
23.3984
-654321
11.9286
63.7679
0.451965
24.553
31.3191
36.1547
143.674
103.731
54.3455
60.2228
67.7253
71.8623
18.8951
-654321
6.52514
1.58608
18.8059
24.1869
80.1131
82.2408
87.4395
47.2247
54.0243
111.134
66.5533
67.6448
-654321
0.571148
12.7551
18.0898
25.8337
29.3206
35.9904
42.6358
48.8232
54.9465
59.926
6.48087
-654321
5.35846
13.4645
18.7205
26.3717
31.0283
34.7398
100.904
48.3834
54.1164
0.526699
-654321
224.861
234.72
237.616
236.78
233.837
227.728
223.134
217.322
211.157
209.329
-654321
236.426
237.254
236.659
232.949
227.666
221.83
216.502
210.221
204.712
210.328
223.744
-654321
238.477
236.283
232.662
228.141
222.24
216.443
211.3
205.211
198.939
224.716
210.748
236.37
-654321
236.626
233.224
228.747
222.714
217.408
211.432
205.243
199.239
193.405
235.12
222.869
209.728
238.034
-654321
233.317
228.24
222.977
217.224
211.239
205.176
199.574
193.035
187.533
238.5
234.811
221.732
209.761
235.487
-654321
227.367
223.027
217.264
211.573
205.507
199.336
193.451
187.963
181.686
237.257
237.612
230.665
224.762
209.131
233.269
-654321
223.148
216.497
211.029
205.634
200.303
193.278
187.333
181.363
175.57
232.297
234.86
236.765
234.225
223.517
211.224
228.612
-654321
216.542
211.335
205.533
199.53
193.255
186.906
181.456
174.896
169.372
227.107
231.657
237.192
237.917
238.622
224.211
210.122
223.115
-654321
211.216
205.202
199.591
193.647
186.903
181.303
174.869
169.168
163.322
222.611
227.975
233.099
236.948
235.011
235.535
222.542
210.439
217.173
-654321
205.413
199.407
193.466
187.285
181.071
175.37
169.436
163.653
156.697
216.764
222.68
228.451
232.829
237.57
238.11
235.24
224.447
210.398
210.63
-654321
198.909
193.455
187.267
181.409
175.036
169.426
163.612
157.242
151.323
211.817
217.278
223.211
228.946
232.931
235.319
238.582
232.237
223.351
205.017
-654321
192.897
187.536
181.022
175.69
168.99
163.903
157.158
151.645
145.492
205.107
211.25
217.267
222.073
228.27
233.475
235.928
237.159
234.687
198.729
-654321
187.447
181.808
175.537
168.967
163.01
157.541
151.383
145.282
139.401
199.407
205.62
211.313
217.297
222.609
227.607
234.174
237.622
237.787
192.985
-654321
181.953
175.014
168.87
162.861
157.477
151.296
145.403
139.367
133.279
193.334
199.043
205.399
211.13
217.171
221.632
227.864
233.326
236.489
187.365
-654321
175.162
168.616
163.052
157.241
151.364
144.945
139.819
133.237
127.756
187.768
193.196
199.578
204.801
211.078
217.104
222.294
228.772
232.474
180.882
-654321
168.873
163.166
157.259
151.782
145.917
139.003
133.336
127.489
121.433
180.396
187.647
193.278
199.556
205.433
211.676
217.417
222.613
228.409
175.795
-654321
162.764
157.196
151.006
145.193
138.355
133.092
127.481
122.121
114.632
174.923
180.761
186.999
193.134
199.009
205.778
210.942
217.442
222.681
169.022
-654321
157.204
151.222
144.773
138.91
133.323
126.584
121.105
115.018
109.057
169.621
175.376
180.9
188.28
193.283
199.014
204.714
210.798
216.976
162.935
-654321
151.579
144.95
138.976
133.273
126.376
120.579
115.371
109.395
103.625
163.596
168.994
175.309
181.618
186.992
192.93
198.534
205.693
211.128
157.352
-654321
144.339
139.517
133.455
127.911
121.827
115.159
108.566
103.898
98.2531
157.248
162.646
168.832
174.854
181.141
186.991
193.779
199.447
205.413
152.015
-654321
138.343
133.247
126.64
120.476
114.873
109.033
103.932
97.0509
91.5487
150.959
156.718
163.1
168.6
176
181.191
186.885
193.247
199.342
145.602
-654321
133.748
126.47
121.874
115.513
109.009
102.704
97.1994
91.9581
84.3647
144.812
151.391
157.331
162.947
168.447
175.853
181.321
187.368
193.278
139.306
-654321
126.181
121.49
116.949
110.146
102.536
97.2404
89.9566
85.2702
79.6465
139.097
144.89
151.202
157.436
162.132
169.804
175.659
181.175
187.271
133.966
-654321
121.101
114.966
109.185
102.582
97.7421
92.2834
86.0165
79.8013
73.13
133.478
140.422
145.401
150.501
156.412
163.786
169.103
175.392
181.202
127.857
-654321
115.397
108.999
103.112
97.0242
91.9203
85.9654
79.0437
72.4144
67.6791
127.775
132.955
139.366
144.346
150.532
163.366
163.303
169.117
175.129
122.099
-654321
109.01
103.503
97.9112
91.4278
84.6117
78.0372
74.2359
67.1328
60.8853
121.839
127.057
132.601
137.718
145.417
150.634
156.477
162.088
169.558
115.406
-654321
102.484
97.5233
90.3955
85.1689
78.9755
73.9015
68.2532
61.761
55.2504
115.085
120.429
126.653
133.63
138.912
145.336
150.88
156.101
162.785
108.964
-654321
97.7586
91.6469
128.406
112.449
73.3148
66.9845
61.1354
55.0216
48.6712
109.125
115.537
120.986
126.965
132.496
139.365
145.575
151.445
156.912
102.851
-654321
91.3746
85.3592
80.4243
73.0307
67.2143
60.2702
54.4705
48.5602
42.2716
103.248
108.942
115.446
120.858
142.445
132.469
139.131
144.652
151.34
96.8837
-654321
86.0442
78.3511
72.4369
67.1968
60.9529
55.4863
49.514
42.9717
38.2054
97.7756
128.249
108.148
136.261
121.496
127.097
135.165
151.402
144.874
89.9778
-654321
112.338
72.4731
66.8222
60.9678
56.133
49.6827
42.4764
83.433
31.4031
91.5722
97.2367
104.394
110.425
113.777
120.995
128.977
133.226
139.09
85.9575
-654321
73.2001
67.7223
60.5157
55.038
49.4382
44.8196
38.0881
29.4357
85.4954
90.4049
97.5766
103.479
142.758
114.577
121.464
127.168
132.935
79.333
-654321
67.377
59.7242
54.2523
48.948
43.2764
39.3271
30.7744
80.6597
84.985
90.8377
97.2227
103.021
131.964
114.389
120.603
127.566
72.1106
-654321
60.5647
55.2574
49.783
43.9056
95.9065
29.9273
74.0574
112.574
85.6528
92.0304
98.1542
103.199
143.802
113.322
121.684
67.7759
-654321
55.9567
48.8907
43.54
36.6948
79.3493
68.0322
73.7793
79.4469
86.0455
89.9211
98.2761
103.068
108.684
115.624
63.137
-654321
47.5617
99.8562
36.8421
29.7481
60.6956
104.084
72.4821
78.8716
84.0978
92.5998
134.57
104.396
108.343
54.1606
-654321
43.5407
36.437
30.9582
55.164
100.978
66.2747
72.2873
121.757
128.037
118.301
96.8128
102.729
48.8901
-654321
37.6056
80.0073
46.5954
56.1362
99.6291
116.262
109.512
111.387
85.1331
91.1236
96.5502
41.2896
-654321
91.7351
101.264
47.8049
108.055
59.4464
66.1621
72.4787
80.4602
86.2227
90.6798
37.2614
-654321
38.872
42.2186
91.0041
55.2308
60.9917
66.2967
73.2493
78.9609
84.8395
30.1775
-654321
225.807
236.68
248.017
254.251
256.709
251.209
245.458
244.296
239.416
210.866
-654321
236.33
249.082
250.997
254.83
252.87
249.002
244.793
239.85
232.496
210.107
222.078
-654321
246.242
253.937
253.525
253.863
250.969
244.01
239.138
234.101
227.234
225.858
209.912
235.175
-654321
255.108
254.115
251.713
249.853
244.479
238.937
233.898
227.002
221.612
233.575
224.362
210.22
246.19
-654321
254.764
252.957
249.004
244.366
239.288
233.594
227.582
221.987
216.208
248.739
236.939
222.885
210.327
256.073
-654321
251.858
247.863
243.343
239.188
233.551
227.228
222.142
215.543
210.056
255.249
245.913
236.569
223.048
209.668
254.18
-654321
247.604
244.771
239.204
233.231
227.891
222.057
216.4
210.532
203.889
251.571
255.252
249.348
240.568
223.998
209.504
253.466
-654321
244.783
238.985
233.937
228.263
222.165
216.026
210.065
204.36
198.303
253.258
255.971
255.248
245.722
238.62
222.224
210.345
246.2
-654321
239.698
233.124
227.749
222.293
215.852
210.279
204.418
198.298
192.1
249.483
251.688
254.363
250.967
247.856
241.206
224.169
210.484
245.983
-654321
232.684
227.603
222.151
215.831
209.867
204.407
198.772
191.945
186.097
242.912
247.655
253.353
256.04
255.634
247.025
239.327
223.606
209.084
238.971
-654321
227.86
222.153
215.774
210.19
204.529
198.666
192.051
186.43
180.459
237.628
244.316
247.125
253.518
254.029
257.573
245.77
239.246
224.533
233.441
-654321
221.415
216.463
209.93
203.985
198.106
192.067
186.811
180.35
174.707
234.03
239.505
244.374
249.485
251.504
253.287
253.049
251.354
242.748
227.894
-654321
216.038
210.216
204.254
197.458
192.458
186.281
180.113
174.366
168.053
228.336
232.984
238.651
243.554
249.573
253.321
255.47
255.459
248.106
221.871
-654321
210.17
204.232
198.238
192.463
185.889
180.472
173.941
168.332
162.205
222.218
226.697
232.876
239.274
244.854
248.081
251.456
255.16
254
216.14
-654321
204.906
197.665
191.679
186.493
180.133
173.897
167.633
162.333
156.215
216.076
222.106
228.072
234.025
238.685
244.788
250.965
254.668
255.305
210.107
-654321
198.363
192.316
185.855
179.423
174.218
168.127
161.468
155.333
149.595
210.469
215.774
221.929
228.366
233.831
239.625
245.402
247.351
251.049
204.064
-654321
192.338
187.068
180.463
173.608
168.561
162.49
156.023
149.909
144.615
204.422
210.538
216.017
221.278
227.509
232.779
238.911
243.779
248.869
198.668
-654321
186.68
179.831
173.942
167.9
162.055
155.447
150.176
143.116
138.803
197.844
204.338
209.521
216.675
221.741
228.995
234.472
238.429
244.029
191.864
-654321
179.296
174.054
168.15
162.505
155.901
150.113
144.413
136.276
132.685
192.508
198.323
203.907
210.132
216.29
222.489
228.116
232.31
238.359
185.757
-654321
173.179
168.075
161.656
156.65
150.647
144.232
139.085
131.597
126.092
185.159
190.853
198.209
204.64
209.754
215.945
222.295
227.567
233.475
178.899
-654321
168.057
162.388
157.176
150.239
144.007
138.447
131.83
125.162
120.338
180.019
186.139
192.201
198.242
204.181
209.886
215.289
221.281
227.672
173.851
-654321
162.002
156.698
150.952
143.904
137.76
132.434
125.568
120.368
114.806
174.223
179.844
186.467
192.415
197.748
204.292
208.987
216.254
221.962
167.464
-654321
156.631
149.241
142.748
136.6
132.829
126.336
120.097
114.208
108.187
169.095
173.34
178.822
185.409
191.824
197.224
203.835
210.085
215.999
162.134
-654321
151.165
143.543
136.87
132.434
125.848
118.738
113.825
108.116
101.485
161.558
167.533
173.481
179.915
186.423
191.38
198.434
203.199
209.938
155.314
-654321
144.011
137.984
131.96
125.559
120.742
115.238
107.357
101.564
97.3264
156.331
161.672
168.525
174.372
179.51
185.699
191.126
198.527
204.018
149.89
-654321
136.752
133.006
126.183
120.222
112.794
107.268
101.019
95.9378
90.8492
151.053
156.919
161.094
168.782
173.001
180.545
185.23
191.58
197.966
143.934
-654321
132.087
124.952
119.786
113.967
108.215
100.08
95.9775
89.5132
83.7397
144.229
150.464
154.837
161.56
168.903
172.575
179.922
184.671
192.316
138.725
-654321
126.39
120.129
113.536
108.502
100.192
97.7408
90.2773
83.842
77.4693
136.889
144.498
149.434
154.855
161.961
167.62
173.197
178.938
185.877
131.279
-654321
120.328
115.119
109.166
103.325
95.883
88.7922
81.9818
77.8221
71.3507
132.093
137.385
144.086
150.15
157.305
161.796
168.93
174.056
180.411
126.193
-654321
113.327
108.968
101.876
96.4682
89.9061
82.0311
77.8266
119.67
66.043
127.237
131.397
137.462
168.761
150.28
156.157
180.359
168.731
173.551
119.61
-654321
108.336
101.189
95.534
89.3647
83.6573
77.6103
70.8273
64.5349
59.9503
119.7
126.956
133.478
137.52
145.014
150.754
154.344
162.252
168.181
113.643
-654321
101.957
95.118
90.1659
85.7801
111.175
72.5009
65.8484
62.2256
113.885
120.236
127.113
130.534
137.363
144.071
149.432
175.122
162.344
108.216
-654321
123.604
89.6231
116.268
77.9023
72.6685
101.536
59.8468
108.049
134.012
119.738
125.37
131.324
150.811
155.893
148.071
156.092
102.98
-654321
91.2734
83.7871
78.0167
72.082
66.1844
59.2625
103.008
166.436
113.89
118.888
126.267
146.434
137.998
143.779
149.242
95.9768
-654321
84.465
78.4553
72.1825
101.427
98.3302
94.6354
104.483
107.026
114.314
120.693
125.596
133.445
139.423
144.203
90.7928
-654321
78.2534
119.91
64.1425
58.9168
89.0833
96.4082
126.356
107.588
113.052
121.228
125.698
132.262
138.072
82.7678
-654321
72.4302
103.596
60.4791
84.4553
119.623
96.1522
100.165
130.86
113.16
139.974
124.989
132.741
124.534
-654321
65.1144
61.0248
78.2284
83.636
89.7019
94.9322
102.156
107.747
113.561
121.126
126.341
74.1038
-654321
59.933
71.603
77.8378
83.5329
90.3228
121.055
126.719
131.103
114.694
120.024
65.8828
-654321
66.219
72.8666
76.5554
84.0823
159.726
95.0134
102.066
108.151
113.28
58.9431
-654321
224.375
239.019
254.777
257.435
269.195
272.357
274.491
273.364
269.31
209.724
-654321
239.713
250.678
263.346
270.266
270.957
271.912
272.086
266.162
264.498
209.82
222.774
-654321
248.303
266.9
278.809
272.782
272.546
272.634
269.329
262.784
258.791
222.925
209.607
238.493
-654321
268.355
269.455
272.424
273.606
271.631
264.976
263.513
257.89
253.597
240.593
224.463
209.691
255.683
-654321
271.224
276.534
273.218
271.442
269.516
262.119
257.742
253.125
247.49
253.016
236.839
224.965
210.554
267.821
-654321
272.567
274.691
268.897
265.771
261.999
258.782
253.358
246.463
241.866
269.968
252.439
235.751
223.628
210.201
272.078
-654321
273.203
270.73
267.647
264.665
258.18
253.492
247.269
241.784
235.991
272.915
265.453
249.959
235.994
222.739
209.441
273.034
-654321
270.211
268.7
262.652
258.934
253.729
247.827
241.505
236.392
230.09
272.215
270.976
268.594
251.166
237.293
222.903
210.447
274.196
-654321
268.351
263.306
259.318
253.719
247.144
242.006
235.766
230.225
224.319
274.263
274.525
269.538
267.518
252.826
238.385
224.442
209.476
271.494
-654321
262.706
258.025
252.484
248.183
241.699
236.128
230.06
223.799
218.621
273.453
272.491
274.321
271.205
265.356
252.325
239.412
225.248
210.513
268.684
-654321
259.536
253.12
247.945
241.553
235.743
229.625
224.591
218.296
211.733
267.048
271.853
274.131
271.913
274.23
263.13
255.474
238.248
223.913
263.619
-654321
254.062
246.345
242.493
235.65
229.977
224.105
218.327
211.854
206.422
264.183
266.755
271.299
273.679
267.155
270.839
266.263
248.606
236.142
258.424
-654321
247.857
241.818
235.784
229.754
224.017
217.999
212.229
206.229
200.256
257.427
264.228
268.138
271.839
273.101
269.941
269.968
270.343
250.047
252.984
-654321
242.222
235.615
230
224.1
218.461
212.276
205.977
199.692
194.084
252.932
258.788
263.189
269.957
265.852
272.878
272.601
267.769
261.089
247.615
-654321
235.893
229.846
223.819
218.208
212.512
207.168
200.307
194.237
188.183
247.943
252.46
258.138
264.115
267.855
271.201
274.299
273.25
271.78
241.589
-654321
230.215
224.498
218.456
211.393
205.84
200.096
194.345
188.461
182.356
241.86
247.909
253.174
258.992
264.869
266.859
272.193
274.288
271.567
235.494
-654321
223.912
217.631
211.902
205.967
199.458
194.04
187.986
182.311
176.403
236.193
241.965
246.408
252.794
257.178
264.042
270.036
272.347
273.733
230.208
-654321
218.633
211.778
207.056
199.826
194.334
188.521
182.593
176.071
170.65
231.07
235.588
242.158
247.032
252.659
259.088
262.84
268.159
269.115
223.733
-654321
212.067
206.013
200.973
194.273
187.364
181.473
175.972
170.682
163.281
223.992
230.287
235.903
240.872
246.88
253.412
258.377
264.517
265.872
217.995
-654321
205.299
199.984
194.05
187.163
182.426
176.661
170.605
164.436
158.041
217.448
223.911
230.698
234.814
241.78
246.456
253.718
258.345
262.226
212.52
-654321
200.208
194.877
188.355
182.186
176.387
169.684
164.245
158.118
152.414
211.147
217.517
223.986
230.34
236.143
242.804
246.625
251.54
258.031
206.139
-654321
193.723
188.027
182.965
175.959
170.561
164.273
157.983
152.345
146.344
206.179
212.417
218.483
223.588
230.694
236.164
242.753
248.42
253.114
199.983
-654321
187.695
181
176.673
170.227
164.558
157.641
152.035
145.335
140.833
199.92
206.241
212.289
218.566
223.874
230.046
234.064
241.395
247.447
195.023
-654321
181.671
176.041
170.641
164.918
158.064
151.957
145.179
140.36
133.846
193.537
201.448
205.623
212.011
218.615
224.484
230.128
235.049
241.58
186.716
-654321
175.6
170.077
164.72
157.595
150.907
146.601
139.881
133.679
128
187.986
193.818
201.163
206.281
212.781
217.925
224.233
228.804
235.723
182.493
-654321
169.17
164.385
157.77
151.236
145.641
139.336
134.194
127.135
122.852
183.258
189.018
193.413
200.625
205.6
211.369
217.869
223.896
229.946
175.504
-654321
163.718
158.104
151.706
144.82
140.944
134.345
128.87
120.782
115.451
175.824
182.84
189.54
193.273
200.422
205.455
212.32
218.57
223.763
169.815
-654321
159.45
153.172
145.63
141.133
135.333
129.342
122.282
117.394
110.429
169.549
176.272
182.113
189.137
194.101
200.633
206.681
211.806
217.82
167.627
-654321
153.74
143.961
139.469
133.584
127.628
122.068
117.13
109.953
103.361
164.11
171.282
175.984
181.15
187.728
194.296
199.329
205.603
211.773
158.447
-654321
145.487
139.678
132.605
125.885
121.495
115.436
110.346
104.076
98.1962
156.895
163.559
169.394
176
181.267
187.865
192.461
200.082
206.443
152.232
-654321
139.778
134.701
127.179
122.568
135.079
110.029
103.671
98.3085
92.1532
152.74
159.114
163.502
169.367
177.387
180.907
190.145
192.588
199.819
145.721
-654321
159.774
127.428
121.263
117.673
110.834
104.461
98.006
91.5137
145.669
151.203
159.723
165.189
168.684
176.597
180.594
187.695
194.139
140.172
-654321
158.829
121.361
115.208
111.802
127.435
97.6992
90.6261
177.999
148.029
150.515
156.861
164.271
170.473
175.601
183.212
187.893
135.108
-654321
122.445
115.862
110.848
103.863
96.8442
92.0536
133.172
165.066
146.234
151.61
156.754
164.01
170.88
176.985
181.848
127.118
-654321
115.255
144.816
105.009
98.7425
90.8718
126.93
133.269
138.639
145.102
151.27
163.645
163.28
170.102
176.127
119.388
-654321
111.379
127.091
98.8226
92.5696
122.69
127.794
133.825
140.407
147.135
153.381
158.65
165.077
170.317
115.462
-654321
104.788
98.7979
92.9753
149.563
122.787
126.994
135.234
164.659
145.655
153.26
156.917
164.07
110.295
-654321
123.04
92.6873
110.168
115.792
121.534
128.064
133.925
140.297
147.126
159.247
158.833
103.013
-654321
91.1386
127.997
131.54
136.788
140.076
128.928
132.996
140.612
146.419
151.451
97.9438
-654321
96.4383
140.393
109.753
114.998
123.677
128.149
132.719
140.274
147.366
90.6904
-654321
222.891
240.9
248.824
270.557
274.109
283.086
289.045
289.814
285.135
210.224
-654321
235.502
250.564
269.744
277.321
284.339
288.666
291.889
290.328
291.743
209.782
225.245
-654321
251.299
264.652
273.01
290.525
286.955
295.46
290.31
291.053
285.195
224.061
210.163
239.927
-654321
266.572
278.233
287.994
289.212
291.4
288.65
289.641
286.434
277.534
239.636
221.984
210.8
253.818
-654321
283.665
292.703
289.161
292.201
292.722
287.305
281.393
280.598
274.627
254.204
241.557
224.541
209.041
264.699
-654321
285.523
290.37
294.126
284.744
289.41
284.276
279.415
274.284
268.174
268.594
248.977
236.553
225.378
209.893
277.959
-654321
290.877
291.266
287.475
285.926
281.667
279.662
274.98
268.249
264.353
278.202
270.439
255.324
237.13
224.249
209.583
285.632
-654321
290.415
289.19
287.08
284.627
278.35
274.291
268.694
263.377
258.19
286.372
275.7
268.423
250.375
236.944
225.68
209.778
290.968
-654321
291.302
287.086
285.67
280.662
274.563
270.052
264.287
258.674
253.382
288.848
288.777
280.913
268.226
251.521
239.222
223.703
210.366
290.689
-654321
286.864
280.944
279.011
275.71
268.943
264.627
258.13
253.199
247.139
287.007
290.843
286.72
278.365
264.957
254.548
237.224
222.707
210.378
290.684
-654321
284.182
279.095
271.241
269.235
265.465
259.062
252.143
247.845
241.552
288.368
284.88
289.626
279.737
273.826
266.237
256.36
235.131
225.689
288.095
-654321
278.139
275.313
269.565
265.502
258.585
253.612
247.924
240.811
235.747
289.85
290.089
291.421
288.394
283.987
276.877
260.049
251.738
239.632
286.562
-654321
273.812
268.291
265.078
257.166
252.68
247.874
241.124
234.212
229.253
281.427
289.427
290.659
290.269
293.975
277.669
281.085
263.755
250.925
280.227
-654321
270.454
265.763
257.953
253.857
247.58
240.849
235.839
228.981
223.194
279.67
285.036
290.087
289.761
290.278
287.578
278.931
275.438
266.373
273.261
-654321
265.164
256.827
254.085
246.789
241.56
235.424
229.919
223.065
217.883
275.466
275.059
285.155
289.945
290.107
285.582
287.442
280.377
277.724
269.373
-654321
258.212
253.127
246.217
241.769
235.779
230.096
223.983
217.689
211.353
269.612
272.73
280.936
284.59
283.679
292.293
292.321
292.904
288.833
263.629
-654321
254.006
246.692
240.606
235.532
228.583
222.996
217.556
211.933
205.858
261.776
271.126
273.398
281.262
282.094
287.778
291.778
289.905
291.622
257.991
-654321
247.439
240.745
235.775
229.753
222.893
217.378
210.718
204.722
199.513
258.028
264.324
270.329
273.737
279.625
286.561
288.013
287.214
284.023
253.606
-654321
241.264
235.673
229.691
223.601
217.301
211.228
206.009
199.594
193.38
253.128
259.28
261.914
268.515
275.335
281.665
285.343
287.675
291.228
246.718
-654321
235.085
228.653
223.529
217.753
212.055
205.471
199.277
192.828
187.783
246.609
252.175
258.616
264.089
269.794
276.171
280.482
285.969
285.954
242.173
-654321
229.316
223.348
217.055
211.04
205.162
199.444
192.637
187.816
182.201
241.705
248.003
252.775
259.612
264.848
271.025
274.254
272.107
285.841
236.255
-654321
223.722
217.359
210.721
205.261
200.378
193.449
186.374
181.691
175.204
235.86
242.129
246.897
252.069
258.671
264.813
270.313
276.135
280.187
229.148
-654321
217.252
212.092
205.599
199.1
193.282
187.641
181.471
175.238
169.603
229.582
235.659
241.056
247.678
251.204
258.968
264.628
270.478
275.066
224.439
-654321
211.284
206.539
197.725
192.235
187.795
181.467
175.909
169.614
163.538
223.198
229.212
235.492
240.67
247.031
253.98
258.643
261.957
269.509
217.08
-654321
204.903
198.209
192.693
187.637
180.849
174.984
169.226
163.927
157.58
216.47
222.857
228.712
236.03
241.903
245.691
253.713
258.533
264.708
211.397
-654321
199.039
192.983
187.697
180.218
175.623
169.866
161.928
157.413
151.75
212.326
217.673
223.664
228.758
235.774
240.929
247.83
253.256
258.238
205.621
-654321
193.97
185.95
181.423
175.661
169.903
162.825
157.909
152.469
144.822
203.991
211.57
216.052
224.06
229.473
234.548
241.484
247.19
253.502
198.614
-654321
188.482
181.778
175.156
167.866
162.753
157.008
150.668
144.729
139.552
198.726
204.676
211.291
216.91
223.841
230.275
234.98
219.638
246.76
193.452
-654321
181.345
175.226
170.117
164.016
162.874
151.374
144.35
138.683
132.674
187.906
198.559
204.809
212.208
216.04
222.097
229.886
235.226
241.173
187.913
-654321
174.973
170.201
163.958
158.394
150.034
145.888
140.152
133.934
127.664
188.652
187.902
197.857
194.651
211.567
217.422
222.445
228.398
234.719
180.079
-654321
169.314
162.747
158.571
151.424
145.28
140.109
133.537
127.498
120.932
180.413
188.614
193.299
199.266
206.056
198.966
217.144
222.489
229.583
174.965
-654321
161.278
157.814
152.223
145.957
139.344
133.069
127.101
123.247
175.358
179.84
187.319
194.017
199.694
204.501
212.19
203.446
223.801
168.576
-654321
156.47
171.624
146.47
151.315
134.109
127.492
121.421
171.288
174.66
181.042
185.809
193.798
197.645
204.185
211.443
217.231
162.789
-654321
152.318
145.623
138.73
133.126
127.89
122.445
163.438
168.332
174.617
181.445
186.863
192.512
198.083
205.995
210.901
157.203
-654321
146.668
152.614
132.653
143.218
120.143
156.68
163.705
170.488
174.73
179.824
186.921
192.225
201.505
205.017
152.305
-654321
151.784
132.645
144.462
122.027
151.198
156.904
163.332
170.062
174.604
180.007
187.213
192.484
198.733
144.282
-654321
130.865
157.798
122.377
145.607
152.676
156.216
162.949
168.667
176.097
179.937
187.553
193.265
140.522
-654321
126.497
121.034
139.875
145.667
151.591
156.985
166.746
187.181
174.613
180.883
187.134
132.3
-654321
121.387
146.312
141.176
145.246
151.789
157.734
163.813
169.999
174.656
181.806
145.572
-654321
127.785
132.148
140.145
145.465
159.156
157.106
161.831
168.837
175.853
120.954
-654321
224.338
235.506
251.676
269.004
278.882
292.353
305.49
310.853
310.908
209.706
-654321
239
254.077
271.089
281.944
285.839
302.102
301.772
305.832
309.966
210.09
223.252
-654321
250.27
270.548
280.031
287.982
300.495
307.508
304.263
309.24
303.832
224.412
210.91
237.671
-654321
264.348
286.23
287.723
304.443
303.678
310.703
306.512
307.437
304.391
239.619
223.59
209.735
253.72
-654321
284.379
287.381
298.099
306.139
308.081
308.85
308.504
306.249
299.64
251.237
239.32
225.165
210.107
261.308
-654321
297.881
298.978
310.385
306.673
307.813
308.497
306.211
297.479
296.481
266.567
249.794
236.528
223.94
210.451
274.645
-654321
305.915
303.464
308.905
308.139
307.319
304.859
301.162
294.751
290.678
282.71
260.868
252.597
237.086
223.599
208.863
286.52
-654321
308.179
311.92
305.974
306.243
302.502
302.397
295.811
290.419
286.824
292.955
285.965
269.069
251.641
239.658
223.978
210.162
303.129
-654321
309.262
308.123
304.099
302.934
299.948
293.724
290.2
285.657
280.268
298.189
297.607
280.164
269.627
251.61
236.145
223.94
209.767
304.306
-654321
305.886
304.715
306.378
300.759
296.058
290.733
285.504
280.575
274.605
303.692
305.213
292.275
281.263
266.078
253.193
238.774
222.373
210.392
307.644
-654321
305.851
303.389
301.645
297.101
290.658
283.989
280.259
276.156
269.494
304.664
305.208
300.737
292.199
281.552
269.268
251.459
240.121
222.809
308.055
-654321
300.341
297.441
293.646
289.425
286.282
280.095
275.278
268.678
263.775
308.976
300.251
306.188
306.405
295.924
280.022
268.119
249.525
233.098
307.233
-654321
298.833
294.46
290.525
285.964
280.83
275.84
270.023
264.5
257.683
304.491
304.242
306.416
308.449
297.562
282.467
283.078
262.781
251.624
303.065
-654321
294.834
289.162
285.892
280.944
274.111
268.521
262.663
258.204
252.834
302.552
305.351
304.027
305.613
303.243
293.479
287.115
278.493
270.311
300.232
-654321
291.778
286.429
281.638
274.086
270.055
263.949
257.486
252.026
246.481
302.383
303.585
305.348
302.97
305.547
301.878
301.427
291.876
276.433
292.507
-654321
287.474
279.514
275.765
270.314
263.476
258.64
250.766
245.737
240.333
295.75
298.347
302.738
304.362
307.233
305.842
305.083
301.113
293.749
287.97
-654321
279.23
276.126
270.325
263.394
258.159
251.579
246.743
240.248
234.567
291.099
293.318
298.277
301.433
306.157
311.285
305.619
303.26
301.706
285.352
-654321
275.7
270.588
264.203
258.19
251.679
246.328
240.215
234.297
228.143
285.825
292.336
294.178
301.944
301.292
307.071
308.007
303.122
305.55
280.266
-654321
270.333
263.835
258.09
251.27
245.734
240.167
234.349
228.166
221.371
281.632
284.744
290.419
294.136
303.789
303.302
302.084
307.644
312.388
275.259
-654321
263.455
257.886
252.666
247.065
239.63
234.597
227.91
222.026
216.185
272.653
281.757
287.307
292.558
294.279
300.538
306.683
310.215
310.753
269.346
-654321
257.61
252.014
246.634
240.208
234.661
227.769
221.566
216.567
210.327
267.832
273.339
279.13
284.558
287.846
293.642
303.772
305.829
306.43
262.011
-654321
250.4
246.241
240.071
234.163
229.211
222.097
216.214
209.545
203.979
261.873
269.92
275.038
280.739
283.659
286.796
294.399
301.409
306.355
256.961
-654321
246.333
240.093
234.681
227.738
222.44
215.567
210.081
204.345
198.251
258.335
264.415
268.671
275.87
280.14
282.34
286.613
299.106
301.093
251.401
-654321
239.774
234.786
228.623
222.371
216.132
210.117
204.664
198.319
191.687
252.137
257.508
264.226
268.898
276.709
279.03
285.851
286.525
295.163
245.844
-654321
233.863
228.354
221.646
215.913
210.949
202.513
199.062
191.572
186.14
245.877
252.433
255.96
264.127
268.443
275.401
278.548
284.93
292.067
240.178
-654321
228.082
221.806
215.823
209.66
203.636
198.732
191.488
185.936
179.95
239.358
246.12
252.124
257.178
264.185
270.42
273.982
281.178
285.417
234.608
-654321
221.695
215.472
209.695
204.952
198.298
191.331
186.185
179.062
173.205
233.768
241.306
246.591
251.602
258.441
264.539
269.21
275.61
280.954
228.174
-654321
215.575
210.96
205.087
197.768
191.372
186.572
180.433
173.357
167.889
228.462
233.339
238.558
246.023
251.437
258.324
264.012
269.702
274.462
221.808
-654321
209.463
202.609
199.057
191.295
187.083
180.237
173.603
167.838
163.12
221.696
228.116
234.651
239.621
245.594
251.128
258.202
263.859
267.489
216.52
-654321
203.802
197.874
192.559
186.746
179.602
173.987
170.985
161.284
156.294
217.198
222.199
227.668
234.769
238.926
245.242
252.328
257.227
263.82
209.328
-654321
197.53
192.263
184.43
178.985
173.577
166.701
161.92
156.44
150.192
198.751
215.431
221.693
228.962
232.117
240.081
221.845
253.221
258.543
204.653
-654321
192.375
186.234
180.695
174.692
168.595
165.997
155.936
149.302
204.346
211.527
214.936
219.131
227.04
233.761
240.155
246.204
252.163
197.685
-654321
186.764
180.309
173.669
166.425
162.395
155.45
149.793
198.012
195.428
210.355
216.331
222.208
227.663
235.144
240.442
246.258
193.224
-654321
193.955
173.002
168.289
161.456
156.881
149.149
191.918
196.611
202.852
210.593
216.247
222.881
227.071
233.597
239.683
186.323
-654321
174.156
167.668
161.674
155.198
150.995
187.204
191.478
196.605
196.375
199.01
203.224
221.811
228.602
233.931
179.256
-654321
168.24
161.693
155.909
151.344
180.148
182.984
191.112
198.87
203.976
209.692
215.865
223.421
227.965
173.815
-654321
161.373
155.299
151.739
173.902
180.53
186.405
192.571
197.014
202.034
209.855
215.582
221.86
167.619
-654321
156.903
160.232
166.456
173.372
179.659
187.132
191.413
198.74
202.717
209.994
215.321
161.842
-654321
149.528
162.595
170.111
173.481
181.228
186.037
190.519
197.18
203.316
209.864
155.504
-654321
154.705
162.099
185.207
174.676
177.997
185.47
192.519
203.583
203.799
148.64
-654321
225.188
237.383
253.62
264.126
283.164
292.318
317.226
307.642
322.02
210.456
-654321
238.7
256.228
266.015
276.664
291.406
312.618
312.226
317.158
322.848
209.944
225.73
-654321
254.369
269.36
286.342
290.285
288.777
312.205
326.242
329.128
327.63
223.637
210.785
239.802
-654321
268.32
280.233
284.095
312.073
315.586
324.611
326.032
323.552
327.61
234.818
222.779
210.732
249.596
-654321
286.658
291.894
312.65
304.339
323.256
328.397
324.244
326.58
319.642
252.749
240.824
224.854
210.356
260.178
-654321
283.171
310.476
317.361
322.308
330.279
324.943
324.703
327.091
323.379
266.104
251.693
237.696
225.339
209.842
280.487
-654321
306.046
317.512
312.606
321.821
323.686
323.122
320.813
321.185
320.597
270.636
261.325
252.885
241.793
223.742
210.303
286.758
-654321
322.474
322.42
324.486
325.574
321.416
328.099
319.596
317.347
308.532
295.193
285.886
263.841
252.276
243.59
224.506
210.281
310.264
-654321
322.12
321.435
326.782
321.764
320.664
324.517
309.74
304.68
311.69
300.748
292.214
278.845
262.75
249.32
240.17
222.626
209.211
313.097
-654321
321.373
323.327
326.212
323.56
322.96
319.142
311.163
310.159
303.344
316.92
307.11
291.374
272.495
264.573
256.046
239.096
222.035
210.056
325.844
-654321
328.005
324.264
323.221
322.945
319.62
314.905
309.398
304.811
300.206
322.28
313.106
313.539
295.338
280.262
263.373
251.925
240.951
222.883
325.054
-654321
323.419
325.014
321.629
321.595
311.546
310.648
303.837
298.199
292.297
321.791
320.925
311.229
308.246
296.511
284.809
260.727
252.293
237.159
325.554
-654321
325.985
321.85
314.372
313.59
312.153
305.01
300.188
293.279
289.637
326.559
324.275
321.245
318.415
314.88
297.091
279.485
266.115
250.589
324.854
-654321
320.323
316.797
312.783
309.178
306.027
298.962
294.374
288.739
283.275
325.939
323.008
325.102
324.318
319.641
307.539
306.217
282.248
263.193
322.179
-654321
319.835
313.399
309.206
302.826
299.76
293.449
288.408
282.473
277.251
320.286
328.562
325.784
328.764
317.083
316.322
304.977
292.875
274.491
322.825
-654321
312.85
306.897
306.562
298.55
294.282
289.002
282.776
276.787
271.366
317.364
316.698
326.316
323.506
317.956
326.653
321.279
306.739
289.376
319.139
-654321
305.905
301.976
301.404
293.827
289.669
282.37
277.368
270.262
264.879
318.988
322.316
310.695
326.569
311.99
322.974
319.768
309.818
318.888
311.549
-654321
301.436
300.299
293.832
288.854
283.618
277.049
270.773
265.709
260.443
309.568
319.461
318.504
325.08
318.319
323.269
319.048
317.144
315.535
309.758
-654321
300.477
295.908
284.814
283.407
276.358
272.066
265.53
259.746
253.416
309.578
313.472
319.395
326.765
325.394
329.229
331.213
321.286
314.176
304.409
-654321
292.813
288.521
282.943
277.991
271.69
265.254
259.871
254.213
247.513
306.653
311.732
317.049
320.792
322.827
328.784
331.802
326.934
317.47
297.931
-654321
288.303
283.554
276.665
271.905
265.148
259.577
254.179
247.374
241.26
299.07
302.148
309.936
311.189
317.868
318.953
321.032
317.084
322.855
294.579
-654321
283.41
277.535
271.913
265.332
260.144
254.251
248.239
242.324
235.875
289.991
299.9
302.868
306.067
317.723
319.705
315.782
323.699
327.766
289.245
-654321
277.533
271.221
265.179
259.53
253.961
248.173
241.042
236.326
230.431
288.834
293.652
300.113
305.9
307.011
314.239
321.122
317.768
324.486
281.796
-654321
273.27
266.423
259.68
253.491
247.98
242.616
235.47
230.469
223.61
282.846
288.655
292.234
294.781
304.224
312.834
316.363
316.055
319.211
273.345
-654321
266.317
260.34
254.469
247.248
241.311
235.296
228.907
223.144
217.873
277.296
282.216
291.139
292.798
299.412
301.641
312.363
313.003
315.676
271.542
-654321
260.193
254.136
247.255
241.299
235.315
230.065
223.93
217.812
211.835
271.404
278.825
283.704
288.32
295.465
302.096
304.136
310.839
308.975
266.219
-654321
254.431
248.08
241.932
236.067
229.146
223.409
216.964
212.579
205.989
265.62
270.559
276.697
282.386
289.961
293.365
299.408
300.801
307.915
260.609
-654321
247.245
241.034
235.822
228.723
223.951
217.559
211.367
205.277
199.769
260.207
265.673
272.082
276.93
281.81
289.756
293.633
300.753
305.738
254.054
-654321
241.285
236.081
228.916
223.233
218.449
212.867
205.608
199.162
194.807
254.285
259.849
265.414
271.198
277.248
284.224
288.087
288.562
298.429
247.944
-654321
236.1
229.389
223.509
217.61
212.133
206.501
200.782
194.71
188.131
248.288
253.628
260.589
266.066
272.555
277.525
283.802
289.066
293.515
241.185
-654321
230.19
222.45
217.31
211.313
205.937
199.562
194.645
187.859
181.385
241.809
248.765
254.832
260.8
265.655
271.476
277.85
283.35
286.674
236.615
-654321
224.125
217.061
210.863
205.319
199.753
193.637
187.267
182.689
235.767
241.991
248.395
253.147
259.075
265.576
271.729
278.201
282.586
229.815
-654321
218.141
210.197
208.368
198.971
188.573
187.873
181.893
229.424
236.434
241.097
247.138
253.555
259.164
265.527
271.264
277.556
224.277
-654321
211.996
204.332
199.757
192.954
188.968
182.707
223.534
229.988
236.075
242.713
247.792
253.936
259.331
265.33
270.413
218.438
-654321
206.022
204.516
193.979
188.124
181.465
217.5
224.549
229.536
235.218
241.161
248.777
253.715
260.095
264.621
212.651
-654321
199.342
194.27
186.959
180.55
199.117
218.232
207.101
228.566
235.343
242.666
246.021
253.716
258.065
206.427
-654321
192.51
187.682
183.013
205.056
212.279
217.934
225.552
228.946
234.741
242.467
246.984
253.521
199.41
-654321
188.122
181.732
198.573
205.388
212.01
219.018
224.371
229.968
236.555
241.374
247.669
194.343
-654321
180.585
194.703
201.651
204.178
213.685
216.752
222.314
212.269
236.457
241.664
187.156
-654321
187.583
194.354
199.051
206.767
211.659
202.579
222.942
211.557
235.298
179.951
-654321
225.492
244.874
253.498
266.758
283.592
287.664
315.789
320.146
330.571
211.271
-654321
233.934
254.102
266.641
279.67
295.598
308.713
315.388
325.423
336.114
209.956
223.777
-654321
252.525
272.9
282.929
298.438
311.74
311.921
328.942
334.687
346.399
223.828
210.369
236.892
-654321
266.694
278.158
309.88
306.282
312.431
334.511
331.973
338.963
344.503
240.538
221.859
209.64
253.554
-654321
283.727
287.541
297.983
317.315
330.635
339.19
331.483
346.958
343.725
253.684
236.726
223.816
210.961
261.941
-654321
299.435
307.899
309.479
339.064
320.973
343.091
337.914
342.449
333.78
267.185
252.778
242.023
229.019
209.205
278.872
-654321
302.06
323.593
331.748
325.377
342.648
342.612
343.07
341.967
341.591
282.015
267.351
251.81
233.804
226.012
209.145
298.15
-654321
328.465
330.344
333.051
339.514
341.709
343.313
342.763
346.055
343.91
298.123
275.926
264.576
258.174
234.715
220.994
210.993
310.451
-654321
338.016
330.169
339.838
332.444
341.61
332.437
340.753
336.293
335.241
310.636
294.443
280.505
274.424
253.096
237.782
223.745
210.447
305.409
-654321
331.132
335.538
345.666
341.632
345.217
337.914
338.705
333.908
333.302
306.611
309.33
289.098
276.519
258.75
252.173
239.859
223.169
209.594
332.684
-654321
342.677
340.396
337.812
336.144
334.189
340.483
328.054
331.175
323.84
328.724
329.412
302.211
287.372
282.769
268.314
257.052
238.591
222.622
332.993
-654321
342.211
340.687
339.077
342.957
340.118
333.598
330.731
325.611
317.359
339.163
336.352
323.522
299.113
295.355
280.495
268.341
251.684
237.984
339.327
-654321
343.026
342.77
342.028
337.679
336.248
331.347
326.911
320.133
315.037
333.943
335.813
330.13
321.683
303.316
302.42
282.659
266.603
252.105
344.436
-654321
342.438
340.741
336.115
333.53
330.931
324.945
319.86
317.277
310.861
338.232
340.128
327.996
335.471
323.023
302.885
291.269
276.965
263.407
342.265
-654321
342.705
336.138
333.61
330.305
324.95
320.893
313.035
307.137
304.654
341.684
341.845
340.737
339.438
334.313
318.014
303.527
294.237
275.789
345.286
-654321
336.63
331.054
329.155
325.047
317.115
314.43
311.93
306.022
300.485
338.874
342.871
344.746
335.964
346.556
322.797
325.562
311.149
302.618
331.61
-654321
337.261
330.611
318.732
317.463
317.109
310.796
303.124
299.115
291.622
340.479
344.583
343.103
332.074
330.651
334.773
340.235
319.801
298.785
337.335
-654321
333.73
325.204
320.314
317.854
310.053
305.349
300.344
292.39
288.404
340.457
341.282
345.794
341.735
342.632
341.808
343.343
328.499
328.36
330.404
-654321
318.679
321.752
311.351
310.034
305.311
299.716
294.452
288.438
281.951
335.253
331.845
343.099
338.632
342.31
342.355
345.782
317.794
326.083
333.277
-654321
323.16
315.743
309.653
305.087
299.613
294.007
288.508
282.941
277.154
328.897
331.19
340.788
339.182
340.379
342.387
350.146
328.071
328.702
323.245
-654321
315.451
312.628
296.761
299.973
294.536
287.426
282.916
276.616
271.118
324.122
325.366
324.684
338.748
340.771
346.875
332.08
343.892
344.838
318.295
-654321
312.718
304.41
299.192
292.566
286.124
282.999
276.123
271.458
264.995
311.401
324.36
330.005
334.233
331.996
337.863
343.62
336.798
340.259
314.052
-654321
306.341
297.958
294.135
288.619
281.255
277.098
270.705
265.109
258.87
317.741
321.516
322.992
328.639
333.669
343.155
342.67
323.329
343.365
307.752
-654321
298.568
293.963
289.117
283.225
276.505
270.72
265.572
259.348
252.864
307.216
315.29
319.666
325.077
328.53
338.139
334.957
338.31
343.299
306.441
-654321
295.324
289.05
283.911
277.522
270.299
265.895
259.29
253.211
247.862
306.308
311.925
319.079
322.211
320.928
331.255
337.397
337.826
342.095
297.896
-654321
288.646
283.717
276.268
271.85
265.214
258.637
253.891
246.554
240.338
301.071
305.634
310.457
316.257
325.398
329.737
331.377
337.291
338.703
293.5
-654321
283.291
276.68
271.472
265.637
258.514
252.932
247.84
241.515
234.545
294.989
300.348
306.159
309.447
316.332
318.606
323.853
326.525
336.382
289.534
-654321
276.252
270.843
265.354
259.417
252.964
247.053
240.969
235.407
229.063
288.213
294.848
300.796
307.028
306.837
314.135
319.059
328.833
329.963
283.135
-654321
270.445
264.98
259.401
253.488
246.283
241.056
234.503
229.372
222.496
282.956
289.841
292.97
300.614
303.785
306.792
317.834
324.199
326.498
277.873
-654321
264.998
258.516
252.872
247.909
240.925
234.629
228.546
224.199
216.655
277.395
282.866
285.018
292.688
301.028
302.145
311.566
313.047
322.753
269.69
-654321
258.469
253.29
247.382
241.023
235.378
229.187
223.324
216.454
211.342
270.425
275.614
282.094
289.747
295.208
300.565
304.484
309.206
316.074
264.909
-654321
252.765
246.524
241.972
235.02
229.708
223.135
217.085
211.038
265.036
271.122
277.539
282.423
251.958
295.739
299.77
306.361
310.976
259.278
-654321
246.836
241.636
235.214
228.675
223.347
217.367
211.227
260.786
265.018
271.087
276.191
281.956
284.944
294.024
300.543
305.213
253.801
-654321
241.13
235.253
230.005
222.864
217.519
211.611
253.361
258.209
265.53
270.094
276.206
283.098
288.288
295.246
296.777
247.339
-654321
234.533
229.085
223.094
217.412
211.455
247.08
252.125
258.929
264.707
271.327
274.627
283.041
280.853
294.277
241.493
-654321
229.888
224.362
216.835
211.157
240.352
247.453
251.204
259.647
266.83
271.421
274.456
282.541
288.516
234.807
-654321
223.951
217.065
210.443
216.234
241.442
247.316
252.655
232.134
265.475
270.052
243.174
282.612
230.04
-654321
217.339
210.53
229.054
234.173
241.456
247.493
252.901
259.561
265.126
270.12
276.796
222.717
-654321
210.313
223.186
206.52
215.505
241.535
247.383
250.863
258.631
263.838
271.358
216.75
-654321
216.91
208.789
229.953
234.947
240.545
247.139
253.178
259.144
264.289
211.152
-654321
213.302
224.53
235.15
242.548
252.991
258.238
266.262
281.899
280.566
205.209
-654321
224.653
233.254
249.271
258.322
254.657
277.409
280.747
286.861
292.321
205.348
214.964
-654321
228.413
240.203
248.088
254.742
269.945
275.561
278.936
310.992
303.058
212.438
204.734
223.092
-654321
244.902
254.69
261.028
266.764
278.798
286.784
296.905
298.83
298.766
221.833
214.939
205.05
231.422
-654321
246.788
263.725
278.258
271.065
296.891
287.106
297.314
302.302
299.669
231.416
226
215.167
203.563
247.988
-654321
253.716
266.605
281.992
299.766
291.664
293.821
302.621
305.317
303.917
243.463
235.586
224.062
215.453
206.143
251.932
-654321
269.429
280.633
277.431
288.694
305.943
303.432
294.471
300.394
303.823
255.014
244.848
230.574
222.124
214.459
204.186
258.857
-654321
279.756
291.239
299.54
290.733
300.657
305.09
305.397
296.47
303.12
256.77
250.917
241.113
231.18
225.463
214.258
204.631
280.397
-654321
279.682
295.185
306.01
301.483
299.73
300.93
300.637
301.488
299.835
275.651
262.571
251.913
249.342
231.09
226.395
213.332
206.229
281.119
-654321
286.773
300.903
301.057
325.292
301.625
298.792
300.404
297.966
298.793
281.74
272.32
263.499
255.682
247.575
235.226
224.596
213.994
206.335
286.322
-654321
300.57
301.221
304.817
303.883
303.961
301.555
299.088
299.513
297.294
282.423
279.153
265.964
265.958
257.057
241.462
234.18
224.218
214.871
292.477
-654321
301.735
300.856
304.022
302.443
301.748
301.632
300.405
298.312
290.931
299.469
290.818
276.832
268.657
264.222
249.669
242.998
235.625
222.999
287.55
-654321
302.614
306.227
296.491
304.394
300.746
299.151
293.408
291.585
291.28
304.075
292.966
282.215
286.212
267.547
262.978
250.76
239.993
233.653
301.853
-654321
300.047
301.7
300.892
301.884
299.296
293.725
294.727
288.332
285.411
296.637
289.599
288.58
286.839
281.444
270.359
253.035
252.776
243.003
296.709
-654321
303.516
304.086
301.662
295.578
295.729
294.672
289.123
287.011
282.966
300.171
301.318
301.596
297.156
290.856
282.843
272.326
258.777
253.326
300.496
-654321
302.333
303.548
299.069
297.578
291.665
290.195
290.413
283.464
279.3
304.84
303.272
301.701
291.427
295.564
289.842
282.466
271.193
264.631
304.732
-654321
300.671
298.391
297.261
292.798
290.786
286.762
283.769
279.382
276.857
301.379
299.508
298.316
301.303
303.078
292.659
287.052
281.302
272.876
298.043
-654321
298.799
293.785
290.503
289.406
286.733
283.303
279.106
276.84
272.847
302.064
301.773
304.079
303.821
323.745
292.734
296.883
287.665
278.939
301.859
-654321
295.08
293.027
286.541
286.7
283.433
279.765
276.492
273.179
268.954
299.215
298.702
304.062
304.692
299.975
306.884
294.831
298.407
280.055
300.714
-654321
291.547
291.134
287.971
282.829
280.598
275.132
272.874
268.939
265.349
292.361
301.343
300.455
302.017
297.892
302.809
303.099
301.258
279.669
295.481
-654321
289.726
286.076
283.096
276.896
276.401
273.016
269.083
265.178
261.594
294.911
302.624
298.741
301.415
301.241
303.523
300.744
301.691
301.659
294.917
-654321
284.313
283.259
280.925
277.115
273.172
269.082
265.298
260.889
257.647
292.885
296.19
296.675
298.479
300.809
302.147
307.135
306.083
299.045
289.466
-654321
284.045
280.328
276.124
270.65
269.115
264.959
261.191
257.695
253.44
290.392
290.69
295.395
298.186
302.831
298.963
304.435
302.722
307.849
287.108
-654321
278.647
275.718
272.546
269.062
265.056
261.03
257.817
253.57
249.775
286.163
286.242
293.791
298.226
299.192
293.594
299.32
304.943
305.037
283.385
-654321
276.916
273.26
268.858
265.453
260.713
257.569
253.861
249.835
246.229
284.615
284.299
288.314
290.864
294.672
302.003
302.306
304.25
305.69
280.325
-654321
272.995
269.121
265.444
261.363
257.943
253.728
249.527
245.911
241.697
279.931
285.018
288.264
291.452
294.233
293.335
290.322
302.439
301.407
276.451
-654321
268.896
265.475
261.238
256.568
253.933
249.582
245.891
241.857
237.637
276.698
281.252
282.595
285.433
290.36
292.455
287.075
299.026
302.506
272.217
-654321
264.994
261.376
258.288
253.224
250.221
245.832
242.098
237.478
233.693
272.365
275.448
279.342
283.949
287.673
291.418
294.377
294.722
299.287
268.778
-654321
261.473
257.539
253.934
249.94
245.768
241.921
237.623
234.095
229.727
269.036
271.576
276.666
280.58
283.607
285.612
292.939
292.916
295.601
264.442
-654321
257.894
252.977
249.848
245.778
241.627
237.918
233.515
229.234
225.771
264.889
269.168
270.712
276.85
277.743
283.665
286.937
290.756
292.772
261.819
-654321
253.537
250.173
224.871
241.663
237.975
233.539
230.273
225.211
222.366
260.765
265.692
269.134
272.536
276.449
281.25
283.799
287.735
295.534
257.654
-654321
249.709
245.712
241.874
237.16
234.123
230.143
226.064
222.059
258.021
261.931
266.169
269.171
273.02
277.152
280.444
284.176
285.584
253.102
-654321
245.931
241.518
238.525
234.188
229.324
225.557
222.745
253.392
257.617
260.42
265.125
268.939
272.685
277.154
280.649
283.201
249.267
-654321
241.778
237.857
234.363
230.223
225.626
221.978
250.37
253.814
257.564
261.82
265.469
268.652
273.336
277.831
280.786
245.468
-654321
237.652
233.749
230.438
225.421
221.622
246.082
249.819
253.561
257.863
261.627
264.445
235.77
273.077
275.659
241.823
-654321
233.294
230.022
226.984
220.816
241.698
245.937
249.463
254.224
257.968
261.236
265.254
269.375
272.399
238.2
-654321
229.705
225.508
222.006
238.001
241.829
246.104
249.44
253.916
258.434
262.131
265.495
268.91
233.047
-654321
225.509
222.513
234.063
237.929
242.365
245.406
250.506
253.52
258.275
261.803
264.518
229.954
-654321
221.246
229.198
232.972
238.021
242.143
245.889
250.06
253.327
257.979
261.602
225.737
-654321
225.535
230.52
234.378
237.722
242.481
225.177
249.712
253.543
257.861
222.2
-654321
