81.0063
77.3464
73.3064
69.5665
65.4354
61.434
119.534
53.475
49.4733
83.1942
-654321
78.0892
74.0009
69.9847
65.9145
61.7957
58.1386
82.8355
49.9823
46.4202
81.6122
80.9769
-654321
74.1994
69.7087
65.778
61.7506
57.6651
53.7431
49.7395
45.914
41.8793
80.8747
82.1188
77.9138
-654321
69.4327
65.5773
61.708
57.4509
53.676
49.5105
45.5654
41.5888
37.5203
86.7858
81.435
81.2851
73.1693
-654321
65.6597
61.5752
57.5
53.6804
49.5716
45.4861
41.8854
37.3927
33.6259
73.48
77.5708
81.0997
81.521
69.6442
-654321
61.5297
57.564
53.7884
49.3914
45.7194
41.7136
37.6292
33.5761
29.2988
69.65
73.5785
77.8185
81.0776
81.6949
65.6054
-654321
57.5938
53.7348
49.6829
45.5418
41.8435
37.4999
33.6383
29.4088
25.7983
65.762
84.536
73.6554
77.4826
80.9947
81.3014
61.6691
-654321
54.0803
49.4997
45.405
41.5937
37.7631
33.6653
29.4837
25.4421
21.4638
61.9106
65.3514
69.9595
73.6542
77.8181
81.0096
81.2567
57.5293
-654321
49.6839
45.7536
41.7894
61.5501
33.6826
29.2913
25.9248
21.8934
17.7118
57.7789
61.9831
65.8473
69.9081
73.7189
77.6771
81.5344
82.2792
53.8047
-654321
45.5376
67.8274
37.66
33.6806
29.265
25.4332
21.631
17.8174
13.5032
85.8318
57.5873
61.1489
65.351
93.6262
73.5538
77.4257
81.2433
80.9716
49.463
-654321
41.8524
37.9412
33.531
29.4621
26.0152
22.0759
17.856
13.3178
19.4954
49.7424
54.0017
57.5171
61.333
65.8473
69.3301
73.9825
77.7628
81.4804
45.4432
-654321
37.533
33.3124
29.7309
25.7354
21.4448
17.5844
14.0517
10.0587
45.7117
49.1696
53.7347
57.8863
61.7738
65.5479
69.579
74.1478
77.5111
42.157
-654321
56.1021
29.9911
25.7611
21.4836
17.2189
14.0046
9.59126
41.2239
45.7573
49.5841
85.7047
57.5073
61.7053
65.8306
69.486
85.3751
37.9397
-654321
30.2856
25.6083
21.5864
17.5965
14.1168
9.51386
37.9336
41.6387
45.5119
49.1852
53.6157
57.7054
61.8043
96.0871
69.6224
33.7377
-654321
25.3664
21.7092
17.6603
13.8707
9.41249
34.18
37.6648
41.1689
45.4632
49.1246
53.4497
57.7426
61.8978
65.6157
50.0392
-654321
21.2405
17.9078
13.8999
9.78512
28.9961
33.3843
61.6368
41.4387
45.6065
49.784
54.2047
57.2984
61.7332
25.5233
-654321
17.1922
13.5807
9.32354
25.5197
29.6111
33.618
38.2212
41.3875
45.8869
49.7925
53.2608
57.6158
21.6382
-654321
13.9503
9.55808
21.3608
25.8529
29.5427
33.5129
38.5468
41.9345
45.8274
49.9149
53.6538
17.9551
-654321
9.27271
17.7136
21.6534
25.5553
29.7477
33.4583
37.5583
41.7169
45.9222
49.5964
13.7831
-654321
13.9355
17.7718
21.6044
25.3711
30.0619
33.7647
38.1111
41.6679
45.6819
9.96159
-654321
98.2472
99.7215
94.5131
90.1417
83.78
77.6251
72.5789
65.8462
59.7765
88.8517
-654321
99.2376
95.0444
89.7746
84.3986
78.1297
72.6073
66.3056
60.5136
54.5555
89.5453
99.1278
-654321
95.3319
89.9233
84.189
78.2133
72.7254
66.0754
60.5304
54.386
48.2148
97.6959
89.3388
98.2641
-654321
90.1828
84.2022
79.448
72.8821
66.8383
60.6688
54.8079
49.3833
42.5735
99.2362
98.0866
89.556
94.7902
-654321
83.9466
78.7895
72.5922
66.9591
60.3451
54.7056
48.784
42.3436
36.712
95.8994
99.6225
98.8322
89.8015
89.7306
-654321
78.4162
72.9271
66.7186
59.9713
53.5981
48.5465
42.6733
36.5224
30.682
89.7171
95.4533
99.09
98.2693
90.4886
85.0162
-654321
72.0628
66.6483
60.6322
54.8662
48.8296
42.6089
35.9178
30.146
24.4518
84.4365
89.9682
94.6292
99.2361
98.5779
89.8141
78.4937
-654321
66.5506
60.466
54.4292
48.6928
42.2959
36.384
30.4296
24.8679
18.5526
78.5209
84.1606
90.5222
95.6365
99.345
98.0274
89.624
72.7355
-654321
59.8694
54.3617
48.7955
42.5413
36.397
31.4692
24.4516
18.2649
12.873
72.3723
78.6468
84.7574
89.0182
95.2831
99.3028
97.7004
89.6774
66.9499
-654321
54.2777
48.6123
42.543
36.4633
30.5253
24.2444
18.4249
12.6236
6.49703
66.8363
72.9061
78.3836
84.1072
89.221
95.0976
99.7995
98.9503
90.0636
60.6171
-654321
48.5019
42.5912
36.5726
30.8704
24.4137
19.2302
12.7336
6.71816
0.913475
60.4732
66.8944
72.5773
78.9857
84.4891
89.5193
94.2243
100.227
98.0058
54.8231
-654321
42.7079
36.9818
30.2149
24.5812
19.0534
13.3415
6.92511
0
54.6095
60.0939
66.4895
72.4341
78.243
84.8629
89.9416
95.4537
99.3969
48.7229
-654321
36.3207
30.4285
24.6335
19.0279
12.5006
6.3802
1.1004
49.1404
54.3426
60.716
67.1526
72.0315
78.3229
84.5276
90.3971
95.244
42.8802
-654321
30.9293
24.3589
18.4989
12.4384
6.78411
0.829151
42.1029
48.2866
54.6612
60.3077
67.1554
72.5549
78.5068
84.2755
90.083
36.5392
-654321
24.0114
18.6532
12.5197
6.87248
0.87167
36.6866
42.9389
48.3994
54.7424
60.9233
66.7313
72.6191
78.0114
84.2939
30.9443
-654321
18.4857
12.1404
6.33389
0.245272
30.5639
35.8762
42.7884
48.3248
54.7146
60.8629
66.4054
72.9539
78.1912
24.9749
-654321
12.8453
6.50045
0.543968
24.0438
30.9883
36.1843
42.8545
48.8797
54.8711
61.2204
66.9237
72.505
18.6491
-654321
6.66743
0.896688
18.1952
24.8117
30.9109
36.2714
42.9671
48.5509
54.3965
60.4336
66.0832
12.0435
-654321
0.539137
12.2075
18.1935
24.9986
30.3106
36.4507
41.8357
48.7269
54.8775
60.5042
5.97078
-654321
6.2438
12.4617
19.3458
25.145
30.161
55.3317
43.4095
48.773
54.3274
0.0232086
-654321
105.75
113.759
116.819
117.043
113.956
106.78
102.395
97.588
91.667
88.9838
-654321
116.541
117.752
118.197
112.209
106.919
102.475
96.9201
90.5564
84.7111
89.8217
102.045
-654321
117.05
113.127
113.158
108.816
102.725
96.9158
91.1133
85.4112
78.5323
105.186
90.2044
112.579
-654321
116.388
112.918
108.877
102.91
97.1911
91.2505
85.6456
79.3028
73.5867
112.979
102.337
90.2772
118.335
-654321
113.052
108.745
102.706
97.1859
91.3055
85.7899
79.2212
73.2594
67.2804
117.837
116.014
102.717
90.3972
116.875
-654321
108.164
102.689
96.3135
91.4025
85.5298
79.5888
73.4868
68.1169
61.6347
116.099
116.702
111.011
104.323
89.1467
112.927
-654321
102.274
97.6722
90.8503
85.9269
79.556
72.7668
67.2277
61.6183
54.9838
114.212
115.588
117.418
114.412
103.812
91.3968
109.084
-654321
97.0795
91.0561
85.7303
79.1918
73.4915
67.4045
61.866
55.1282
49.8417
109.304
113.229
116.652
117.79
116.97
103.888
90.2189
102.604
-654321
91.1676
85.4092
79.3125
73.356
67.6253
61.2897
55.2622
49.2186
43.3729
103.105
108.8
112.891
116.286
118.938
112.702
102.433
91.256
97.327
-654321
85.0637
78.7392
74.3529
67.1592
60.7768
55.8147
49.6323
42.8504
37.5964
96.9402
102.819
108.099
112.265
117.356
117.845
112.876
101.849
90.0364
90.783
-654321
79.2951
73.2013
67.1469
61.3782
55.0446
49.9763
43.4245
37.3713
31.5268
91.8507
97.2322
102.78
108.983
111.641
116.861
118.508
114.529
103.041
85.3962
-654321
73.6608
67.2276
61.4943
55.6813
48.8022
43.6046
37.2354
31.1237
85.2857
90.9494
97.4314
102.785
109.513
113.264
116.463
115.795
111.243
79.0535
-654321
67.6662
61.3786
55.633
49.2921
43.5667
38.0426
31.5169
79.6308
85.0396
91.6593
97.4651
101.798
108.609
111.931
117.021
117.383
73.7266
-654321
61.6669
55.3229
49.1895
43.1046
37.5857
31.4185
74.0136
79.4532
85.8446
91.2297
97.4206
103.221
107.937
112.643
115.055
67.0306
-654321
55.052
48.8522
43.2863
37.9497
31.5464
67.5454
73.6963
78.5799
85.3376
91.0329
96.6902
102.6
108.563
112.492
60.5071
-654321
48.6788
42.1663
38.2406
31.9301
62.1694
67.4173
72.6876
79.0496
85.0661
91.0802
96.3552
103.312
108.41
55.3317
-654321
43.1995
37.8039
31.5571
54.9656
60.7542
67.3044
73.0852
78.7158
86.1052
90.8135
97.3805
101.991
49.1605
-654321
37.5938
30.92
48.3609
55.0618
61.449
67.3591
73.344
79.4077
85.1813
91.1969
96.8913
42.8655
-654321
31.5648
43.4563
48.8127
54.9051
61.0333
67.4188
73.1939
79.7218
85.6634
91.08
37.7859
-654321
36.9761
43.5621
49.6302
56.077
61.2016
67.3363
72.867
79.2326
85.3118
31.3257
-654321
105.439
120.262
126.521
134.423
135.472
129.028
125.256
124.557
119.226
90.3726
-654321
113.428
129.865
134.328
131.805
132.231
128.925
125.039
119.669
112.572
90.1901
98.3168
-654321
126.893
136.635
134.683
131.181
129.948
123.78
119.554
113.822
107.13
106.928
90.4472
116.836
-654321
135.502
135.318
133.719
129.237
124.821
117.98
114.626
108.131
101.849
115.904
104.189
90.2085
130.689
-654321
132.215
131.153
129.175
124.224
119.293
113.928
107.51
101.604
96.1609
128.44
119.012
102.966
90.0878
134.52
-654321
131.517
129.537
123.819
119.691
113.715
107.778
102.087
95.8313
90.2329
134.142
126.784
118.082
102.776
91.0241
135.858
-654321
128
124.011
119.333
113.892
107.849
101.685
96.1873
90.4018
83.7436
135.077
136.007
127.175
118.449
101.371
90.4017
130.584
-654321
123.56
118.827
113.769
108.039
102.648
96.566
90.1791
83.9911
78.1672
133.353
135.276
134.49
128.712
118.792
104.373
90.1082
127.777
-654321
120.589
113.638
107.751
102.419
96.1086
90.2188
84.7091
78.7842
72.1979
130.932
132.065
137.648
134.279
134.789
117.105
101.4
89.503
125.531
-654321
114.236
108.016
101.089
95.8781
90.1134
83.9002
78.5961
72.3229
66.255
126.486
130.332
132.673
137.839
130.991
128.079
118.799
104.819
90.0689
119.878
-654321
106.957
102.19
96.5465
90.8198
84.1229
78.4925
72.0014
66.1294
60.1877
119.484
124.99
129.405
132.551
135.141
135.413
125.677
114.492
106.254
113.671
-654321
102.114
96.4105
90.6343
84.4342
78.3484
71.4968
65.666
59.9719
113.666
116.038
121.936
127.114
133.735
132.806
133.115
128.763
117.655
107.377
-654321
95.7953
90.4471
84.1667
77.6073
72.1477
65.3201
59.5906
107.221
114.295
119.98
123.708
129.137
130.94
134.307
136.838
128.987
101.757
-654321
90.5174
84.7468
78.4179
72.0115
66.4371
59.4165
101.997
107.311
113.908
119.723
125.751
128.379
132.62
134.067
133.478
95.867
-654321
84.3906
77.9537
71.4252
66.0884
59.8396
95.4752
101.207
107.346
113.281
118.242
124.764
129.705
133.607
130.661
89.9063
-654321
77.2135
71.9274
65.8179
59.2425
90.0626
95.3451
102.217
107.742
114.134
119.515
123.507
131.165
132.312
84.0211
-654321
71.2185
67.1141
60.6123
83.2774
89.5244
96.3888
102.244
107.741
113.934
119.49
125.769
128.407
78.4599
-654321
65.9036
60.1321
77.3665
84.8243
89.7569
95.9476
101.865
107.157
115.405
119.936
124.557
72.3786
-654321
60.7927
72.3274
78.2384
82.9089
90.0407
96.3904
101.687
108.138
113.379
118.545
66.041
-654321
65.6898
72.73
78.364
83.4724
89.831
95.5773
101.802
108
113.274
59.4475
-654321
101.374
120.035
135.963
138.085
145.909
149.05
156.488
152.846
150.198
88.4572
-654321
113.773
134.607
144.726
148.345
152.887
148.015
152.761
147.888
143.903
89.8307
100.99
-654321
131.207
149.47
155.402
157.895
148.104
152.568
149.559
141.739
139.761
103.683
88.1862
119.01
-654321
139.168
152.827
150.955
155.794
153.859
144.957
141.688
137.717
134.403
121.68
102.975
90.4617
132.797
-654321
149.686
154.381
149.693
152.08
149.824
143.302
139.408
132.932
127.146
128.575
119.723
103.881
89.8606
143.92
-654321
154.106
154.917
151.344
146.331
142.248
137.684
133.8
127.729
121.103
147.739
131.853
118.807
102.826
90.7918
148.892
-654321
153.191
151.015
148.723
143.636
137.987
132.889
127.329
121.854
116.049
150.317
140.704
134.805
114.251
105.394
89.2056
154.105
-654321
152.541
142.423
142.327
137.519
133.762
127.81
120.875
116.317
110.631
148.797
150.743
143.027
132.551
117.46
103.99
90.0538
155.702
-654321
149.943
141.781
138.74
134.052
127.571
122.261
116.206
110.143
104.313
152.087
154.422
151.527
147.833
134.363
115.402
104.888
90.6623
153.868
-654321
143.498
139.297
133.885
127.707
121.626
116.57
110.652
103.915
98.9028
151.998
152.076
152.825
151.205
146.752
128.422
120.596
104.872
89.3654
149.63
-654321
139.536
131.58
125.475
121.592
115.757
109.306
103.599
98.4332
92.5568
145.783
151.902
153.086
153.362
151.124
135.406
134.182
118.783
104.315
143.828
-654321
133.454
127.832
121.702
114.889
110.206
103.487
97.9267
92.5857
141.982
146.19
151.734
157.396
149.711
150.75
143.273
132.327
115.11
139.681
-654321
128.076
121.526
115.179
109.726
104.112
98.2662
92.6192
138.793
145.621
149.219
151.184
153.356
152.534
150.478
146.055
133.019
129.301
-654321
122.266
116.505
110.006
104.248
98.0179
91.9125
133.356
136.902
143.548
148.332
154.785
151.531
154.522
153.295
143.14
126.611
-654321
115.902
110.294
104.275
98.5151
91.9042
128.349
133.048
137.728
141.446
147.753
151.31
150.001
150.434
148.824
122.134
-654321
110.669
103.981
97.9922
92.9128
122.41
128.563
130.478
138.133
143.858
146.014
150.521
152.154
153.259
115.85
-654321
104.469
98.123
91.8
116.326
122.058
128.507
129.786
136.399
142.155
145.778
151.994
155.346
109.813
-654321
97.9733
92.6201
110.525
116.718
121.856
128.733
134.389
138.005
144.246
148.982
151.378
103.725
-654321
92.2845
104.422
110.833
115.147
121.76
127.494
133.866
135.908
142.938
147.543
98.4721
-654321
98.5514
104.392
110.016
116.083
121.761
125.592
133.941
140.442
141.755
91.9558
-654321
102.67
119.349
131.355
149.518
151.232
163.105
170.997
172.48
161.694
91.0992
-654321
117.347
126.492
144.111
159.353
161.847
170.595
171.408
165.035
170.959
90.0656
106.729
-654321
138.58
145.666
147.789
165.248
164.198
173.763
167.737
172.574
165.031
103.38
90.8695
115.554
-654321
145.716
147.428
162.839
169.372
172.278
169.594
168.198
166.639
158.326
119.745
101.865
91.6702
130.974
-654321
170.761
166.364
166.948
168.305
171.63
169.526
161.072
160.362
155.207
131.824
120.602
105.911
89.6787
146.932
-654321
168.504
173.032
168.593
167.417
169.789
161.816
155.606
154.798
148.182
146.029
128.173
115.386
104.778
90.809
155.067
-654321
162.634
168.257
161.002
165.748
159.014
159.168
153.32
149.217
141.579
156.855
141.708
134.391
114.738
104.654
92.3506
168.2
-654321
168.688
169.47
169.83
164.735
158.554
155.128
147.49
143.549
137.74
162.081
161.665
149.126
131.991
118.561
104.618
90.6993
172.457
-654321
167.154
164.926
164.5
159.328
155.215
150.199
144.734
138.488
133.956
165.832
163.703
154.967
145.139
129.723
120.653
104.669
90.8355
169.826
-654321
164.513
163.979
160.279
153.344
146.11
144.557
140.03
133.344
126.682
172.762
171.146
165.215
158.643
137.162
129.906
117.211
102.607
90.5962
172.254
-654321
166.112
161.841
154.203
150.196
143.331
140.236
133.474
127.375
121.127
171.301
171.655
169.251
163.717
152.115
144.819
135.45
117.345
103.158
168.922
-654321
161.725
155.581
150.046
141.273
139.163
133.988
126.831
120.462
165.952
171.607
169.436
169.52
162.378
154.33
150.346
132.446
121.86
167.349
-654321
152.656
148.584
145.166
138.086
134.031
127.234
122.039
164.684
166.019
173.676
164.155
172.466
164.902
158.101
139.883
138.905
161.043
-654321
148.286
144.17
138.067
133.133
127.812
121.737
157.483
165.874
163.872
171.252
169.021
169.309
162.989
162.212
144.464
154.567
-654321
143.118
137.626
133.136
127.511
121.147
155.546
161.208
164.314
166.411
171.959
170.781
170.015
167.481
160.936
148.858
-654321
139.068
133.212
125.745
121.701
149.795
155.361
154.884
166.09
169.975
165.068
175.066
164.693
166.473
143.371
-654321
131.999
128.2
121.774
144.164
151.498
156.54
161.609
164.714
170.567
169.945
173.423
165.514
136.53
-654321
127.457
120.852
137.607
144.658
149.101
154.606
159.119
164.831
170.5
166.149
174.576
134.094
-654321
120.458
132.797
138.327
142.929
150.529
155.771
158.35
162.246
166.786
167.323
126.246
-654321
126.452
133.159
135.782
143.421
150.553
153.764
160.347
163.127
168.005
121.574
-654321
100.955
119.349
132.84
144.369
159.197
181.271
186.327
185.47
187.908
90.4698
-654321
117.129
134.979
153.399
161.242
176.097
178.041
186.112
187.372
188.248
89.3561
101.277
-654321
127.199
145.243
159.942
173.429
175.148
193.353
188.095
187.569
185.258
104.406
90.2566
121.965
-654321
143.168
157.165
170.194
181.27
183.2
188.503
181.198
189.75
185.861
120.367
103.288
90.7339
134.035
-654321
161.013
159.4
182.68
189.673
192.307
185.196
182.851
183.979
180.446
130.385
117.973
105.079
90.0224
143.051
-654321
177.701
176.784
180.538
186.125
188.133
181.313
178.524
182.981
176.355
144.665
136.177
119.644
99.6184
90.33
164.53
-654321
185.961
184.738
188.882
182.852
183.325
181.314
183.607
175.326
167.735
171.019
143.723
140.114
115.534
103.871
88.3155
166.705
-654321
185.933
187.284
184.35
187.225
179.789
178.003
175.051
169.986
165.044
176.81
154.934
145.02
129.834
118.734
104.335
92.1532
180.139
-654321
191.362
188.248
189.357
182.645
178.558
174.868
172.24
166.87
160.213
184.801
164.305
160.104
149.86
128.655
119.306
103.884
89.9597
190.022
-654321
189.551
188.282
183.683
179.686
176.554
171.043
165.531
160.264
155.735
182.379
179.433
176.608
159.473
142.621
134.594
119.645
104.559
91.3777
185.933
-654321
188.733
184.383
181.18
174.884
171.137
165.953
160.464
156.565
149.683
186.015
183.461
185.719
171.629
151.694
148.427
132.182
115.566
103.27
188.786
-654321
181.508
177.245
170.418
168.994
165.984
159.454
154.182
149.126
190.194
184.711
183.315
185.272
168.317
164.118
138.201
130.016
116.276
185.736
-654321
180.942
176.69
169.548
165.262
161.952
154.551
150.725
185.7
176.784
186.904
189.339
181.28
175.379
158.246
146.171
133.445
183.27
-654321
173.535
173.373
167.484
161.482
153.565
150.26
186.804
186.486
188.089
181.329
193.92
177.038
174.197
163.102
147.283
177.222
-654321
173.106
167.178
157.742
152.514
150.204
177.058
183.663
188.818
192.542
185.208
179.048
182.855
179.687
162.554
172.472
-654321
161.184
159.599
154.138
149.727
175.899
181.343
183.991
176.331
189.136
180.745
186.09
170.295
177.556
169.954
-654321
159.996
154.247
148.253
173.354
177.548
175.487
184.694
183.041
185.21
182.444
183.87
182.239
165.882
-654321
156.469
148.664
165.595
172.212
178.803
177.539
181.827
187.124
186.008
186.389
182.346
159.965
-654321
148.503
160.266
163.992
172.349
176.541
180.148
183.579
188.556
183.866
186.868
155.589
-654321
156.57
159.968
164.521
166.991
173.581
179.307
182.901
185.64
190.38
149.473
-654321
106.513
115.65
128.616
154.151
159.345
187.473
190.138
199.027
203.62
90.6379
-654321
112.298
140.364
136.777
160.655
165.701
193.286
194.665
199.135
200.907
89.3945
104.324
-654321
127.241
144.961
155.117
157.857
166.457
196.856
195.224
200.329
207.772
107.156
90.2073
116.541
-654321
154.439
153.911
182.664
196.187
199.518
197.855
208.784
205.785
205.915
120.186
103.411
91.1221
132.917
-654321
162.639
175.815
186.773
196.152
196.776
208.367
198.638
206.312
199.815
134.036
118.576
106.873
89.9571
147.24
-654321
167.989
180.173
205.657
196.892
211.334
210.824
209.725
202.649
198.975
144.245
134.265
122.432
102.075
89.9356
161.351
-654321
188.603
201.419
203.757
206.909
206.456
196.174
202.407
201.87
201.353
167.478
139.83
130.952
122.611
104.456
89.5078
169.472
-654321
199.123
211.474
203.227
205.947
201.764
202.471
199.923
196.049
193.264
176.901
163.26
141.735
132.959
120.112
103.515
88.3247
203.344
-654321
203.358
199.1
207.58
206.921
204.351
202.504
193.047
194.296
185.337
182.045
169.41
161.323
150.649
133.985
116.363
101.59
89.9724
201.189
-654321
206.883
209.291
209.331
206.265
204.26
200.989
193.946
188.558
186.439
192.331
179.586
176.784
163.831
140.333
134.716
119.096
103.527
90.0024
205.232
-654321
204.337
206.624
197.484
203.147
198.993
192.841
187.737
183.743
178.413
206.664
192.591
184.22
170.573
162.087
151.131
138.42
115.527
103.971
205.023
-654321
201.27
201.462
200.308
195.15
196.991
190.043
182.894
179.052
202.461
203.287
198.756
185.136
173.623
156.529
153.035
135.361
118.005
203.259
-654321
205.565
202.892
198.588
193.246
188.164
182.95
179.328
206.55
209.14
199.087
195.815
187.512
170.799
159.356
146.047
134.273
208.67
-654321
204.191
196.485
193.742
191.333
184.61
180.918
206.492
202.645
207.715
199.076
192.439
198.278
179.716
163.562
144.183
203.574
-654321
195.571
190.843
192.277
184.731
179.898
209.22
204.35
206.62
208.31
202.991
193.532
182.367
177.294
168.476
202.862
-654321
193.571
188.364
186.231
179.683
204.515
201.28
193.766
201.867
207.666
199.625
195.917
190.683
174.609
200.632
-654321
186.412
185.023
174.268
199.865
201.247
205.979
203.463
205.798
202.438
193.399
180.073
187.061
196.026
-654321
186.468
178.673
194.432
202.608
203.272
206.672
200.506
204.658
196.524
199.751
192.851
189.595
-654321
180.49
187.656
190.279
199.476
203.813
206.446
206.489
203.886
198.275
203.54
181.527
-654321
185.291
191.445
191.656
197.667
205.254
202.973
206.122
210.494
195.691
181.303
-654321
104.461
118.024
136.65
146.128
158.183
169.053
188.834
190.509
200.696
91.0288
-654321
122.445
128.853
145.719
163.747
171.288
199.008
195.877
209.852
217.949
90.7233
103.309
-654321
129.895
140.081
170.897
172.3
184.427
196.765
218.505
201.895
228.556
102.919
90.8539
114.886
-654321
146.163
161.548
164.848
192.614
192.036
215.545
224.164
220.105
220.868
120.849
101.774
91.0407
136.056
-654321
173.073
162.557
185.257
192.312
206.993
216.967
206.692
222.087
226.07
128.822
115.421
104.061
92.3456
140.762
-654321
183.405
191.353
199.513
212.229
218.782
221.939
220.413
227.169
218.642
146.603
131.265
118.804
106.092
91.1446
154.447
-654321
188.394
202.7
205.414
220.191
219.66
229.727
225.661
224.722
224.054
154.854
139.141
133.387
117.084
104.724
91.1259
182.641
-654321
202.991
208.055
210.857
223.021
220.297
214.741
220.645
216.413
217.424
172.926
158.639
146.978
137.293
116.093
102.164
89.4865
183.132
-654321
218.062
216.148
217.425
216.715
219.822
220.508
226.396
214.919
213.597
190.455
177.852
160.563
149.257
134.787
114.559
103.801
89.7161
214.209
-654321
211.768
220.818
209.807
223.847
221.606
227.547
215.412
211.497
212.411
207.982
201.951
182.655
158.507
149.156
131.46
114.631
105.987
89.5099
197.322
-654321
223.898
214.779
222.862
218.38
224.748
216.096
216.91
211.342
207.871
204.318
211.333
184.56
170.746
159.664
149.972
138.618
117.31
102.275
218.63
-654321
220.297
221.727
225.113
219.62
212.14
215.376
213.93
206.617
222.042
205.475
198.126
180.365
178.783
164.638
150.315
130.6
120.614
218.641
-654321
222.875
224.282
217.888
222.407
214.196
211.771
206.69
216.67
224.771
210.903
206.754
184.949
172.337
163.731
141.705
134.213
225.39
-654321
223.889
223.727
219.376
212.14
213.503
201.452
225.897
214.92
219.979
215.956
208.44
188.493
176.33
160.611
149.138
219.144
-654321
218.699
220.125
214.085
215.583
205.973
224.647
223.469
207.59
215.992
213.258
206.971
190.299
172.565
161.319
220.917
-654321
215.722
213.651
205.512
208.291
220.657
221.09
220.261
215.06
212.526
205.251
206.694
189.317
169.988
215.876
-654321
216.164
206.6
205.874
222.982
230.25
222.893
219.819
220.064
210.951
211.222
204.378
194.762
220.402
-654321
211.454
209.091
217.472
220.893
223.1
224.483
223.747
215.966
210.72
224.177
195.545
214.27
-654321
208.085
218.433
211.134
223.667
225.72
223.437
221.179
225.136
215.371
215.688
211.633
-654321
205.236
217.149
219.34
217.18
220.863
226.956
222.691
219.889
213.945
206.705
-654321
93.3896
100.975
119.907
122.288
135.163
128.25
149.801
166.658
162.402
86.2156
-654321
106.829
111.006
123.235
128.626
144.321
159.663
154.721
168.867
181.062
85.4325
93.8858
-654321
111.574
126.944
123.341
149.465
139.066
165.174
174.934
184.153
177.826
93.6951
84.8877
103.082
-654321
122.48
128.379
158.359
163.631
161.088
172.676
189.988
181.186
179.754
105.156
93.3984
83.854
112.108
-654321
129.678
141.616
150.631
164.041
165.842
176.222
178.104
186.171
185.659
111.152
100.949
94.5665
85.6451
127.512
-654321
139.88
149.509
159.453
169.458
181.187
179.752
181.46
181.023
177.467
128.335
109.979
101.834
93.8959
85.7789
129.277
-654321
152.594
168.464
160.933
174.545
182.213
177.162
178.099
181.729
183.839
139.832
118.48
115.052
104.35
94.792
84.4909
142.14
-654321
158.321
177.424
176.979
176.42
187.729
180.065
181.32
183.534
181.647
136.447
119.942
129.401
115.184
102.918
92.2928
86.0672
154.976
-654321
169.526
174.968
176.095
180.988
178.668
178.27
180.83
183.042
177.281
149.524
134.921
132.57
121.964
114.017
105.311
94.1597
85.0116
159.791
-654321
166.92
175.727
173.209
187.34
182.323
183.245
181.227
180.563
174.825
155.928
150.741
139.044
136.514
123.05
112.134
103.97
96.14
85.8448
165.626
-654321
181.193
185.195
205.613
186.489
186.066
180.165
177.318
175.013
175.672
166.893
158.124
152.117
142.807
132.199
117.215
114.039
106.365
97.4384
170.918
-654321
185.135
184.569
184.095
186.826
180.08
181.396
181.941
178.009
167.885
159.118
155.368
147.699
142.475
134.71
122.289
117.56
104.38
171.57
-654321
184.232
183.509
176.593
180.819
180.715
185.926
178.016
182.064
174.915
165.996
161.129
151.28
142.3
135.532
121.55
113.863
183.104
-654321
183.242
184.682
182.813
180.989
177.81
176.455
184.079
182.116
169.68
162.203
165.999
156.043
138.7
130.388
125.945
182.912
-654321
181.501
183.076
181.109
180.209
173.58
181.073
189.708
181.538
174.3
166.048
159.094
150.038
141.096
131.31
182.573
-654321
181.275
180.996
178.365
178.572
180.851
177.728
180.313
181.336
171.784
175.941
161.805
147.398
144.113
183.524
-654321
176.846
179.906
176.035
185.666
183.135
185.892
180.714
172.243
167.14
168.302
159.917
154.13
182.57
-654321
176.701
178.313
184.366
183.126
186.839
182.074
180.051
180.457
171.875
171.765
155.065
179.186
-654321
174.44
178.706
179.202
179.008
184.996
182.809
182.279
175.054
178.187
170.274
180.194
-654321
180.712
179.99
182.19
182.411
178.825
183.193
177.057
177.322
172.831
177.822
-654321
