141.12
151.346
133.471
162.228
125.55
121.529
148.633
113.558
109.625
143.255
-654321
138.273
134.097
130.111
125.863
122.089
118.217
142.823
109.9
106.421
141.744
141.355
-654321
133.882
129.804
125.858
121.893
141.476
113.759
109.923
105.869
101.935
141.378
141.978
137.853
-654321
129.708
125.598
121.81
117.74
113.508
109.659
105.688
101.892
97.59
137.637
141.6
141.385
133.444
-654321
163.607
121.677
117.471
113.894
110.082
105.8
101.58
97.4453
93.9664
134.026
137.458
141.09
141.477
129.881
-654321
121.693
117.789
113.56
109.604
105.784
101.544
97.6334
93.8537
89.7417
129.914
133.266
137.483
141.1
141.681
125.682
-654321
117.7
113.7
109.769
105.539
101.713
97.6227
93.4736
89.76
85.6099
125.877
129.921
133.927
137.76
140.743
141.162
121.899
-654321
145.821
109.812
105.537
101.388
97.7529
93.6404
89.5734
85.5942
81.4511
121.866
125.767
144.952
133.712
137.751
141.011
141.539
117.788
-654321
109.767
105.75
102.055
121.412
93.8604
89.5833
85.5847
81.921
78.0258
117.884
121.567
125.785
129.765
133.558
137.871
141.157
141.337
113.816
-654321
105.899
101.863
97.5439
93.5956
89.3953
85.7507
81.5592
77.8925
73.9385
113.897
117.694
121.937
125.191
153.725
133.75
137.819
141.076
141.48
109.846
-654321
102.265
121.857
93.8377
89.8233
85.6543
81.8671
77.6084
73.3822
69.5925
110.037
113.894
117.378
121.851
125.983
130.279
134.047
137.687
141.332
105.645
-654321
97.5661
93.4525
89.5398
85.8019
81.6488
77.7508
73.6508
69.6987
65.9037
133.545
109.836
113.345
117.709
121.673
125.618
130.133
133.896
137.599
101.881
-654321
116.106
89.7995
85.848
81.4495
77.9936
73.9456
70.0902
65.6965
67.3552
101.705
105.367
139.656
113.857
117.569
121.488
125.731
129.822
145.302
97.7861
-654321
89.5536
85.4455
81.9623
77.9099
85.6905
70.1369
65.6031
61.7332
57.7472
97.752
102.047
105.772
109.585
113.638
117.691
122.077
125.942
129.772
94.0007
-654321
85.873
81.4833
77.8521
73.631
69.9659
65.5504
61.4361
58.0683
53.6689
93.7151
97.5895
101.739
105.092
109.539
113.526
117.403
121.96
125.757
89.4788
-654321
81.9063
77.81
73.6519
69.5142
66.1785
61.226
57.464
53.7599
49.6335
90.0576
93.5698
113.335
101.262
105.222
110.107
113.684
117.054
121.599
85.4245
-654321
77.4096
73.5925
69.8375
65.8302
61.5722
58.1029
53.6246
49.624
45.5311
85.6823
89.9839
93.8847
97.5107
101.753
105.703
139.476
113.362
117.699
81.6168
-654321
73.4351
69.8903
65.6096
62.4256
57.7767
53.7304
49.9839
45.5979
41.5666
81.7918
85.3313
89.4459
94.0365
97.9203
101.774
105.999
109.813
113.757
77.5375
-654321
69.0924
65.5326
61.2149
58.005
53.3852
49.576
45.7952
41.9698
37.4523
78.1144
81.8979
85.6316
89.625
94.5077
97.8387
101.47
105.747
109.799
73.5205
-654321
65.4217
62.356
57.9309
53.5402
49.9569
45.2596
41.9284
37.7502
33.9312
73.8378
77.3248
81.6528
85.2953
89.8214
94.2142
97.777
101.873
105.546
69.5974
-654321
61.7538
58.2101
53.1498
50.2748
45.656
41.6715
37.7091
34.3138
29.3443
69.6179
73.8509
77.5183
81.61
85.7754
90.0013
93.4329
97.7291
113.26
66.136
-654321
57.7376
53.6966
49.3338
45.9031
42.032
37.3712
33.714
29.7609
65.9394
69.0643
73.1775
91.7951
81.8023
85.5481
90.1142
93.2345
121.671
61.858
-654321
54.3713
50.1552
46.0253
41.8613
38.0476
33.6765
30.1589
61.2843
65.1685
69.0687
73.2491
78.0136
81.5158
85.6542
90.1961
93.5949
58.0905
-654321
49.0925
45.9446
42.5576
37.586
34.0228
30.0637
57.5059
61.6222
65.4054
69.897
74.2133
77.6668
104.871
86.1032
89.9179
54.07
-654321
45.9193
42.2396
36.9933
33.7043
29.2162
54.0259
57.908
61.0855
66.0629
69.408
74.3642
77.4441
81.5279
85.6148
49.7396
-654321
41.7013
37.269
33.7178
29.0591
48.9851
53.9145
57.2673
61.9613
65.6938
70.3238
74.3987
78.0073
81.7757
46.1536
-654321
37.617
33.5989
79.1235
45.9434
49.5179
53.3779
57.0686
62.1697
65.9648
70.2767
74.1686
77.7555
42.5329
-654321
33.7653
29.7049
40.7379
45.5889
49.9102
91.288
58.1486
61.1596
66.6514
70.1207
73.7973
37.6135
-654321
29.4421
36.769
41.7705
46.114
50.3686
53.8385
57.1658
61.7477
65.4561
69.8672
33.5797
-654321
33.6491
37.9625
42.1798
45.4009
51.0344
53.7289
57.4587
61.9372
65.5542
69.271
-654321
157.615
158.555
154.521
150.107
143.961
137.825
132.245
125.892
119.864
149.736
-654321
158.961
155.248
149.899
144.395
138.211
132.623
126.656
120.271
114.601
149.322
158.793
-654321
155.498
149.758
144.577
138.425
132.533
126.408
120.276
114.398
108.607
157.91
149.895
159.009
-654321
150.094
144.887
139.251
133.173
127.341
121.178
115.106
109.186
102.848
159.697
157.781
149.476
156.559
-654321
144.239
138.57
132.699
127.121
120.337
114.869
108.65
103.035
96.7294
155.998
157.861
159.024
149.511
150.329
-654321
138.659
132.644
126.82
120.491
113.824
108.822
102.685
96.3634
90.5087
150.038
155.207
159.179
159.054
149.621
144.775
-654321
132.355
126.571
120.73
114.666
108.998
102.503
96.5362
90.3372
84.2927
144.415
150.224
155.133
158.693
157.969
149.455
138.833
-654321
126.583
120.661
114.398
108.89
102.484
96.3328
90.5691
84.5417
78.2555
138.95
144.515
149.692
155.839
158.278
158.383
150.139
132.893
-654321
120.645
114.721
108.824
102.619
96.5613
90.7831
84.5863
78.8772
72.7762
132.277
138.794
144.226
149.64
156.011
157.606
158.57
149.317
126.864
-654321
114.596
108.572
102.648
96.2336
90.5033
84.7154
78.1421
72.8047
66.699
126.902
132.462
137.855
144.368
150.359
155.345
159.258
158.774
149.968
120.676
-654321
108.508
102.891
96.8644
90.9825
84.3448
78.8751
72.7963
66.5014
60.6629
121.046
127.019
133.005
138.645
144.064
149.744
155.52
157.66
158.15
115.132
-654321
102.395
96.8233
91.1279
84.5563
78.8198
73.037
66.9506
61.081
54.3501
114.337
120.398
126.544
132.752
138.698
144.523
150.245
155.991
159.347
108.591
-654321
96.0488
90.6641
84.7013
78.6057
72.8268
66.3886
60.5079
55.1519
48.4815
109.26
115.019
120.681
126.333
132.912
138.434
143.935
150.758
155.022
103.052
-654321
90.4525
84.9971
78.6122
73.1724
66.0963
61.3157
54.8408
49.1722
42.9806
102.558
108.742
113.748
120.787
126.658
131.841
138.446
144.95
150.214
96.4739
-654321
85.0438
77.8595
72.562
66.7257
60.2298
54.8566
49.2933
43.2967
36.1507
96.7354
102.603
108.451
114.489
120.645
126.734
133.279
138.359
144.351
90.4893
-654321
78.8883
72.0403
66.8895
60.4397
54.7333
48.8284
42.1538
36.3236
30.6947
90.4497
96.2067
102.329
108.313
114.347
120.293
126.175
132.566
138.462
84.4738
-654321
73.2169
67.3517
60.4185
54.7039
48.5755
42.1407
36.4471
30.8357
25.0094
85.2954
90.9833
96.4344
103.132
108.428
114.994
120.067
126.469
132.56
78.6627
-654321
66.7781
60.891
55.1607
48.5326
42.5513
37.2093
30.1026
24.1497
18.6389
78.7731
84.2348
90.47
96.5892
102.984
109.295
115.441
119.701
126.527
72.762
-654321
60.4326
54.0998
48.5449
42.2331
36.4581
30.9531
24.5723
18.5924
12.8744
72.5346
78.2991
84.832
90.6918
96.6187
102.535
109.3
114.607
120.667
66.2645
-654321
55.2499
48.3127
43.1128
36.5905
30.6929
24.8206
18.6829
12.9035
6.26235
66.439
73.041
78.0839
84.1423
91.3205
96.9071
102.508
108.342
114.499
59.959
-654321
47.6634
42.6323
35.7651
30.3179
24.241
18.6243
12.8084
6.10965
0.388096
60.4176
66.7723
72.9177
79.348
84.3876
89.5718
96.2128
102.654
108.315
55.2907
-654321
42.3912
36.1658
30.6718
24.9631
18.2928
12.6776
6.79996
0.870247
54.523
60.4593
66.7702
73.2397
78.483
85.4841
89.4309
97.6309
102.314
48.2016
-654321
36.7791
30.1813
23.7691
19.432
12.2094
6.39922
1.62452
49.6566
54.156
60.4361
66.7865
73.8469
79.7413
84.2573
90.6185
96.2743
42.4568
-654321
30.1676
24.8683
18.1406
12.2114
6.85525
0.992214
43.4552
48.5069
54.7029
60.3323
66.9149
71.8897
79.1909
84.4531
90.2074
36.2721
-654321
23.7531
63.2469
13.3736
6.64393
0.147213
36.7857
42.7605
48.219
54.8552
61.0558
66.6314
72.9395
78.2445
84.6174
30.5733
-654321
17.7667
11.8169
6.85318
0
31.2028
36.4417
42.2198
48.1142
53.9048
60.5139
66.2398
73.3862
78.2014
24.7802
-654321
12.2538
6.03123
0.687572
24.6604
31.4197
35.8968
41.3269
49.1441
55.4902
61.5279
66.9552
72.4408
18.2362
-654321
6.06658
0.835464
19.2552
24.8488
30.7697
36.587
42.8291
48.2711
54.589
61.7217
66.1365
12.6844
-654321
0.568996
12.02
19.8829
24.7281
59.6153
36.4144
41.6512
47.5098
56.141
60.5906
6.66167
-654321
6.80716
12.5568
18.5813
25.2012
29.9042
36.8923
43.3824
49.6155
54.3012
0.680588
-654321
164.848
174.795
177.47
176.502
173.104
166.961
163.283
157.523
151.552
148.455
-654321
176.226
178.584
176.888
173.417
167.778
161.633
156.921
150.477
144.777
150.134
162.994
-654321
178.687
175.266
173.252
168.597
162.766
157.009
150.922
145.552
139.16
163.45
149.769
174.509
-654321
176.664
173.769
168.591
163.108
157.481
151.544
145.602
139.43
133.542
174.076
162.511
150.081
177.956
-654321
172.92
168.005
163.268
157.266
151.283
145.543
139.137
133.146
127.639
178.327
173.95
161.506
150.559
176.146
-654321
167.757
163.083
157.516
151.786
145.628
139.609
133.444
128.216
121.837
176.906
177.396
173.488
167.123
148.923
173.326
-654321
161.304
156.721
150.845
145.75
139.261
133.218
127.507
121.44
115.299
172.703
176.643
176.45
173.835
165.12
151.475
168.747
-654321
156.803
151.487
145.529
139.397
133.538
127.357
122.094
115.972
109.517
167.643
173.487
176.614
178.104
178.247
163.506
149.608
163.278
-654321
151.419
145.292
139.537
134.113
126.911
121.166
115.253
109.004
103.184
163.536
166.986
173.235
177.414
176.584
178.264
166.12
149.954
157.211
-654321
145.7
140.077
133.638
127.14
121.157
115.023
109.883
103.254
96.993
156.99
163.12
168.476
173.188
178.527
177.04
171.869
159.992
149.903
151.216
-654321
139.447
133.416
127.598
121.501
115.2
109.298
103.258
97.4704
91.4181
151.84
157.335
163.091
168.98
173.074
175.443
178.505
171.837
162.361
145.182
-654321
133.481
127.826
121.719
115.762
109.234
103.671
97.3553
91.8617
85.9047
145.534
151.644
157.262
161.76
168.098
174.685
176.879
176.465
172.128
139.089
-654321
127.344
121.25
115.468
109.004
103.049
98.6728
91.5292
85.2044
79.9363
138.769
145.566
151.233
157.107
163.059
167.457
173.563
178.747
178.252
132.904
-654321
122.018
114.231
108.97
103.085
97.1438
91.2545
84.0413
79.5004
72.9793
133.462
139.627
145.708
151.47
157.32
162.552
168.547
174.672
176.864
127.416
-654321
115.673
109.201
103.253
97.5435
90.9979
85.4099
79.5941
73.4383
68.1507
127.928
133.173
139.462
144.906
150.496
157.538
162.112
166.782
172.449
121.214
-654321
109.413
103.087
97.172
92.4783
85.4765
79.2224
73.5874
67.7078
61.3844
121.181
127.631
132.54
139.74
145.122
151.251
157.138
163.181
169.114
115.831
-654321
102.507
97.5984
91.3668
85.6064
79.2727
72.8576
67.3575
62.0361
54.7645
115.243
120.946
127.19
132.849
138.821
145.376
152.047
156.895
162.759
109.13
-654321
97.0249
91.2549
84.5407
78.6078
73.6642
67.3392
61.67
54.6102
49.0861
108.992
115.026
121.455
127.222
132.721
139.445
144.349
150.756
156.837
103.81
-654321
91.8063
84.7792
79.1772
73.7894
66.8549
60.8849
54.9259
50.2752
43.6387
104.396
108.886
114.599
121.581
126.86
133.651
138.992
145.503
151.204
98.2192
-654321
85.8297
78.4229
73.3581
67.144
62.0213
55.0917
49.6454
42.3254
38.2866
98.1501
103.685
109.147
114.902
121.023
127.013
133.623
139.128
145.45
92.0776
-654321
78.6415
72.2964
68.1541
60.6703
55.2693
48.7337
44.1103
37.6023
31.1662
92.1436
97.064
103.469
109.906
115.398
121.832
126.655
133.531
139.281
85.2488
-654321
73.1903
66.8968
61.6593
56.3442
48.4844
43.8928
38.2008
32.4197
85.3496
91.2524
97.7499
104.768
109.544
115.618
121.108
126.888
133.349
79.2862
-654321
66.9392
62.3373
56.383
49.8454
43.9969
37.1905
30.591
79.7243
84.9817
90.679
97.0512
102.835
108.881
114.043
120.379
127.187
74.1211
-654321
61.2991
55.3011
50.0098
43.4244
37.9892
32.2341
73.0764
79.4212
85.6869
91.7536
96.8925
102.34
109.223
115.281
121.056
67.6925
-654321
56.1265
49.3666
43.7552
37.2855
31.7823
68.3888
72.7078
79.4264
84.8483
92.3674
98.179
102.762
109.201
115.783
61.4703
-654321
49.2518
42.8936
37.2155
72.2971
61.898
66.6967
72.9875
79.7409
84.8956
90.215
96.4331
104.209
109.113
76.1728
-654321
43.8886
37.4121
31.0574
55.2515
61.8099
66.6593
72.8017
78.213
85.8286
91.7202
96.4547
103.309
49.517
-654321
36.2305
31.4787
49.7324
55.5568
61.4091
66.8293
73.2647
79.43
84.6852
90.8487
97.1183
43.5533
-654321
31.4083
67.9514
49.3743
55.6044
60.8974
67.1259
73.735
79.4344
85.9254
90.9366
36.9764
-654321
76.5152
67.2845
49.5543
54.0825
62.5154
66.9097
72.4652
78.4524
85.6574
72.0511
-654321
164.91
176.142
188.925
194.094
196.333
191.39
186.421
183.659
179.44
150.11
-654321
175.972
190.329
192.96
194.031
191.802
188.063
184.705
179.859
172.772
149.823
161.434
-654321
186.213
194.563
191.485
193.394
190.272
184.163
180.037
174.083
167.491
166.307
151.002
174.85
-654321
194.751
193.575
193.243
189.958
183.49
178.883
174.874
167.653
162.101
174.606
163.669
150.603
190.138
-654321
195.467
191.156
189.743
183.392
178.771
173.553
167.522
162.183
156.201
189.22
178.4
163.036
149.978
191.756
-654321
192.046
189.125
183.957
179.83
173.834
167.956
162.501
155.707
150.094
194.529
189.236
176.888
162.522
150.316
195.608
-654321
188.705
185.262
179.521
173.826
168.092
162.222
156.502
150.281
144.302
195.794
194.649
188.228
179.453
164.413
150.879
193.778
-654321
184.87
179.167
173.729
168.21
162.498
156.033
150.315
144.737
137.697
194.407
196.154
196.292
188.446
181.031
162.828
150.193
189.362
-654321
178.42
173.194
167.519
162.044
156.204
150.555
144.093
138.404
132.074
189.599
191.184
191.997
193.902
189.664
181.466
163.505
150.471
185.457
-654321
173.548
167.453
162.039
156.294
150.194
144.32
139.372
131.871
126.389
184.056
189.371
192.824
195.071
191.58
190.825
178.984
163.92
149.474
179.318
-654321
167.661
162.295
155.858
150.136
143.867
138.807
132.003
126.346
119.949
178.421
183.073
189.842
192.142
194.927
197.336
188.821
175.428
162.669
173.939
-654321
162.497
155.804
149.745
144.64
138.366
132.106
126.339
119.981
114.428
173.279
178.612
185.247
190.998
192.335
191.664
196.278
193.229
181.308
168.49
-654321
156.435
150.865
144.036
137.991
132.364
126.356
120.604
114.492
108.264
168.15
172.806
179.387
182.849
188.329
195.423
194.921
193.148
190.018
162.364
-654321
149.614
143.939
138.446
132.211
126.125
120.528
113.789
108.836
102.958
162.455
167.339
172.374
178.593
184.388
189.023
191.074
193.901
195.967
156.211
-654321
144.671
137.901
131.886
125.747
120.138
113.528
107.713
101.581
96.6191
156.307
162.503
167.751
174.374
177.889
184.638
188.868
192.481
195.646
150.086
-654321
138.252
132.429
126.33
118.223
113.869
107.917
101.951
96.0787
90.4287
150.545
155.041
161.71
168.058
173.982
180.013
184.656
186.972
192.695
145.213
-654321
132.667
126.282
120.347
113.915
108.234
102.597
96.2953
89.9411
85.1799
144.043
149.773
155.997
161.483
167.989
173.612
179.461
184.112
188.787
138.177
-654321
126.811
119.629
114.704
108.724
102.245
96.1806
91.0707
84.0921
78.8697
137.699
144.115
149.452
156.154
161.494
168.374
172.658
180.686
183.276
131.911
-654321
119.569
114.249
107.879
102.064
96.378
89.5976
84.3033
76.8282
72.9232
132.557
137.194
143.483
150.907
156.388
161.964
168.191
173.049
178.891
126.182
-654321
113.745
108.041
101.42
96.4741
90.0902
84.3952
78.2884
72.4389
66.0901
126.379
130.99
138.821
144.193
149.918
155.688
162.996
168.007
173.635
119.68
-654321
107.934
102.739
96.3437
90.5222
84.4375
77.9753
71.6615
65.3057
59.8544
120.067
125.046
132.316
137.811
144.466
149.579
155.856
161.917
167.641
114.782
-654321
101.913
97.4474
112.236
85.3481
78.577
71.4921
65.25
60.1049
114.834
119.511
127.236
131.807
138.357
144.216
150.106
155.983
161.797
107.064
-654321
95.6047
89.9452
84.0442
78.3515
72.1219
65.4937
59.5928
107.869
113.557
119.675
125.319
132.163
138.74
144.184
150.226
156.358
101.3
-654321
89.9101
83.6784
78.6149
72.0401
65.8652
58.8875
102.241
107.271
115.152
119.668
126.379
132.505
138.65
143.468
149.899
95.8685
-654321
83.994
78.7682
71.682
66.5014
58.7814
96.3731
101.835
108.039
114.826
119.86
126.161
132.868
138.044
144.4
90.1209
-654321
77.5228
71.6561
65.6523
59.904
89.2741
96.353
101.859
111.359
114.114
121.071
126.909
131.359
138.579
84.4002
-654321
72.4309
66.1558
60.3154
83.6993
90.3398
95.8267
102.407
107.587
114.179
120.995
126.097
132.183
77.7586
-654321
66.6616
60.7851
78.3228
83.3318
89.6068
96.5891
102.389
107.705
114.266
121.847
125.406
71.5937
-654321
60.14
72.6817
78.3895
83.8193
90.0306
95.2227
101.536
106.889
112.728
120.161
66.9041
-654321
67.238
72.1775
77.1785
83.4466
110.892
94.9153
101.596
108.657
114.094
58.963
-654321
162.835
179.538
195.989
198.728
212.989
212.725
215.477
214.969
208.358
149.839
-654321
176.482
192.21
209.449
206.947
211.63
212.95
213.421
208.658
203.618
150.081
161.317
-654321
192.035
204.232
213.074
215.2
213.452
212.338
209.227
202.268
199.736
163.755
148.985
177.248
-654321
203.521
209.084
212.802
216.597
210.551
208.837
205.26
198.76
194.527
183.348
162.915
150.863
195.772
-654321
216.258
214.984
211.554
212.157
208.483
201.854
199.089
193.623
187.961
192.718
177.016
164.975
150.745
203.653
-654321
212.783
212.618
207.993
205.343
203.359
197.593
191.875
186.25
181.323
214.612
191.66
175.606
163.494
150.282
209.206
-654321
213.131
209.19
208.051
204.608
197.446
192.99
187.646
181.69
176.095
212.59
203.029
193.62
175.729
164.379
150.299
216.219
-654321
212.362
206.958
204.748
198.51
193.469
188.545
181.857
176.631
170.533
214.49
210.603
208.007
190.086
176.769
164.678
150.183
211.969
-654321
206.699
202.938
198.065
193.766
188.234
182.252
175.985
170.677
164.78
214.143
214.958
209.903
206.149
193.864
179.933
164.928
149.528
211.411
-654321
203.181
198.533
194.057
187.625
181.643
176.371
170.059
163.987
158.546
212.9
210.951
213.215
216.193
202.283
187.129
176.697
165.938
150.136
207.776
-654321
198.801
193.968
187.796
180.801
175.677
170.058
164.84
157.921
152.235
207.963
208.017
213.854
212.485
212.653
202.207
193.803
179.303
164.024
205.162
-654321
194.558
186.456
181.501
176.129
170.281
164.448
158.349
152.672
146.243
203.917
204.153
213.69
214.154
211.276
203.829
208.799
196.261
179.26
198.864
-654321
187.66
181.505
175.992
169.98
163.547
158.14
151.821
146.209
140.185
199.264
204.904
208.966
211.131
214.53
212.996
211.014
205.583
190.157
193.098
-654321
182.302
176.452
170.786
164.503
158.286
152.347
146.34
140.068
134.35
192.821
199.352
204.754
209.239
212.866
215.29
211.661
207.975
195.767
185.861
-654321
176.042
170.796
164.449
158.573
152.789
146.885
140.442
134.084
128.759
188.021
192.857
198.855
202.042
210.164
211.455
210.627
214.16
210.564
180.605
-654321
169.4
162.907
158.557
152.069
146.637
140.034
135.054
128.027
122.905
181.83
187.809
194.335
200.061
203.726
207.871
210.183
210.512
208.825
176.069
-654321
163.965
157.918
151.76
145.424
140.08
134.214
129.401
122.284
115.628
174.871
182.207
187.769
191.483
197.599
202.351
207.642
212.301
214.654
169.567
-654321
158.251
152.909
146.044
139.389
133.546
128.198
122.648
116.541
110.509
169.942
175.214
183.012
186.129
192.017
199.738
204.674
210.579
210.919
164.257
-654321
152.284
145.809
139.839
134.147
128.201
122.081
115.735
109.99
103.521
164.218
170.549
177.356
182.535
186.155
191.984
199.584
203.832
206.03
157.438
-654321
145.798
139.994
134.457
127.539
121.958
116.34
110.939
103.659
98.2122
157.655
163.796
170.687
174.926
182.025
188.08
194.196
198.568
204.408
152.528
-654321
140.591
133.484
128.725
122.823
116.467
111.392
104.075
98.8289
91.8542
152.043
157.636
162.888
169.705
176.559
182.459
188.281
191.016
197.355
146.36
-654321
133.477
128.719
122.416
117.115
109.678
104.949
99.0732
91.6188
146.08
153.06
157.541
164.707
170.555
176.719
182.342
188.535
192.312
140.478
-654321
128.13
121.496
116.838
110.313
103.925
98.2268
90.4214
140.979
146.268
152.125
158.441
163.808
170.639
175.431
180.884
188.318
134.559
-654321
121.626
116.789
110.774
104.759
98.5051
92.2772
133.784
139.71
146.706
152.123
158.334
163.875
170.475
175.406
181.454
128.147
-654321
115.607
111.141
104.926
97.9392
91.7292
129.347
133.319
139.299
147.83
151.965
159.252
163.808
169.524
176.117
122.382
-654321
110.386
103.744
96.9985
91.8817
122.162
127.925
134.39
146.074
146.683
152.045
159.652
164.676
169.655
116.036
-654321
104.415
98.9171
93.7145
116.605
123.053
129.213
134.627
141.294
146.059
153.244
157.71
164.48
109.769
-654321
97.4641
91.9249
109.699
115.713
121.032
129.129
135.146
140.879
146.708
152.653
158.273
103.998
-654321
92.3112
105.188
109.696
116.461
121.658
128.588
133.986
138.866
146.082
151.262
98.0436
-654321
97.6149
103.831
109.178
117.209
122.556
127.565
134.073
139.961
146.313
91.2963
-654321
161.913
178.744
186.758
210.581
211.218
226.736
229.302
231.545
221.694
150.537
-654321
176.265
193.263
209.888
214.336
223.777
233.489
231.609
230.763
229.819
149.195
168.27
-654321
193.291
205.977
212.374
229.954
232.011
232.906
229.326
227.668
224.312
164.328
150.367
180.556
-654321
198.947
214.93
224.205
229.368
232.406
230.045
228.162
226.924
219.41
178.502
162.992
151.938
190.773
-654321
221.775
227.769
232.858
226.691
233.16
229.492
226.862
221.912
214.483
194.398
180.968
165.87
149.299
201.381
-654321
231.534
229.542
226.679
226.999
232.669
223.756
219.706
212.852
208.731
206.364
194.689
178.817
167.719
150.128
207.2
-654321
229.299
232.611
226.439
226.005
221.145
219.847
216.025
209.53
203.372
220.716
206.58
189.86
175.478
164.8
149.134
231.585
-654321
230.63
228.774
229.763
224.992
220.642
214.106
208.301
202.864
197.747
228.201
219.693
208.684
186.112
177.089
164.231
149.953
227.261
-654321
229.5
224.851
225.478
220.205
213.731
209.991
203.922
198.481
193.482
224.364
225.294
222.658
207.832
188.992
181.6
164.52
150.538
230.861
-654321
226.677
223.402
221.293
214.475
208.307
204.137
198.271
192.85
187.714
230.745
225.344
222.025
215.1
205.608
198.182
179.237
163.816
150.265
231.115
-654321
227.225
222.101
213.074
210.426
203.7
199.667
193.599
187.905
181.621
229.949
227.42
228.599
218.402
218.888
204.373
195.082
176.258
167.762
229.049
-654321
221.215
212.475
209.458
203.845
199.238
193.839
187.724
181.222
175.829
230.423
230.765
235.198
231.056
225.147
219.321
201.436
192.993
179.031
223.92
-654321
214.669
209.225
204.343
198.748
193.406
187.948
180.83
175.148
169.67
224.165
225.386
229.77
231.276
226.421
225.852
224.263
203.284
188.335
219.758
-654321
210.477
204.448
198.51
192.563
187.485
181.121
176.187
168.475
163.362
220.066
226.817
229.992
231.425
230.06
229.311
226.408
213.699
205.381
214.119
-654321
204.995
199.334
193.235
186.84
181.428
175.298
169.371
163.97
157.214
212.74
218.752
224.195
230.891
230.498
231.692
230.703
224.36
220.887
208.729
-654321
198.174
192.758
186.185
181.755
175.041
169.381
163.6
156.743
151.189
208.015
214.451
221.156
223.481
225.145
230.283
232.497
228.454
231.725
203.836
-654321
193.516
186.459
181.219
176.077
170.041
162.929
157.566
151.84
146.236
203.203
210.881
215.851
220.574
223.348
225.802
231.158
227.719
233.794
196.81
-654321
187.203
180.098
175.423
169.596
162.837
157.859
151.323
145.586
139.47
199.258
202.24
207.737
212.667
219.137
221.561
226.51
231.691
230.304
193.671
-654321
181.23
175.352
169.669
163.886
157.876
151.088
145.592
139.68
132.777
194.338
198.909
205.394
208.99
215.636
220.617
222.735
229.111
229.065
188.365
-654321
175.916
169.161
163.064
158.482
151.92
145.745
138.601
134.073
128.4
185.33
194.045
198.18
201.389
209.685
215.547
218.742
224.399
228.885
182.784
-654321
168.936
164
157.53
151.502
145.027
139.327
133.369
127.957
122.441
182.022
187.783
190.809
198.811
204.217
211.338
214.055
219.973
225.58
175.323
-654321
162.723
156.914
151.579
145.82
139.654
132.795
127.973
121.843
175.552
180.532
188.277
191.567
200.171
202.196
210.608
215.062
217.993
169.176
-654321
157.488
152.237
145.163
139.283
134.541
128.431
121.597
168.943
175.662
180.567
187.691
193.002
199.208
204.455
209.935
215.163
164.272
-654321
151.401
144.589
138.627
133.236
128.399
121.497
163.181
169.312
176.221
181.797
186.054
193.696
199.553
205.491
209.187
156.673
-654321
145.951
138.458
133.933
127.093
122.417
158.207
163.919
170.116
175.03
181.296
188.493
192.485
199.06
203.808
152.33
-654321
139.206
134.091
128.395
120.694
151.993
157.533
162.397
169.757
175.585
181.788
188.083
192.454
198.716
143.797
-654321
133.108
128.616
120.59
145.991
151.781
157.228
162.735
169.66
175.071
181.116
187.237
193.818
138.873
-654321
128.081
121.423
139.422
145.425
152.4
156.873
162.446
169.043
174.507
180.726
186.545
132.609
-654321
121.797
134.512
140.265
145.391
152.019
157.289
162.904
169.916
174.532
182.383
127.566
-654321
125.751
134.302
139.596
146.121
151.363
156.771
162.661
168.411
175.293
121.458
-654321
163.09
178.853
192.725
203.547
220.859
236.541
245.8
247.359
250.698
150.848
-654321
181.02
192.416
209.368
223.364
227.902
237.745
243.519
251.057
241.832
150.813
162.991
-654321
189.415
207.279
215.878
230.986
240.184
246.164
243.171
249.024
246.899
166.513
151.066
175.423
-654321
204.47
222.184
237.32
237.112
247.195
249.204
250.336
247.095
243.936
177.342
165.458
150.621
195.214
-654321
213.278
228.115
235.401
246.072
245.659
244.76
248.929
244.158
238.194
190.307
176.321
160.737
151.19
201.137
-654321
237.53
232.253
249.883
243.421
243.934
248.263
243.23
239.997
235.823
204.462
193.32
178.563
165.224
150.756
219.852
-654321
243.999
245.284
248.13
243.996
244.975
246.86
243.621
237.284
229.131
222.039
202.174
193.558
172.275
165.344
150.187
223.648
-654321
246.586
252.356
248.798
249.269
244.927
241.5
236.247
231.423
225.172
237.691
219.769
202.721
194.43
177.28
164.045
149.77
246.13
-654321
250.51
247.218
247.781
246.229
239.559
235.989
232.239
227.444
220.743
239.631
229.738
226.135
208.65
192.581
177.885
163.859
150.447
244.019
-654321
247.908
245.395
242.87
239.88
236.307
230.801
227.574
218.773
216.047
243.851
246
234.676
224.251
200.047
196.419
178.164
160.815
150.461
249.822
-654321
244.575
246.54
240.037
234.472
231.467
225.087
219.733
216.081
208.253
245.045
241.529
244.182
233.497
223.278
207.693
191.842
180.732
161.786
248.161
-654321
240.515
235.684
235.992
232.004
226.287
220.902
213.81
210.554
203.723
246.676
245.445
246.691
245.893
230.22
214.483
204.748
192.975
178.173
247.427
-654321
241.536
236.599
227.782
225.485
222.446
215.634
209.709
203.985
198.468
246.672
244.953
247.887
249.697
242.018
232.578
226.91
206.75
193.545
244.712
-654321
233.52
232.234
224.563
222.095
215.991
209.774
204.314
198.872
192.121
239.446
247.918
249.741
245.065
242.216
225.903
218.572
212.119
203.089
242.588
-654321
231.757
224.889
221.024
214.202
208.189
204.607
198.337
192.026
186.745
234.778
241.272
245.342
248.711
250.728
245.537
242.264
230.578
218.677
234.97
-654321
225.776
221.872
215.67
209.935
203.252
198.621
191.696
186.646
180.233
235.6
232.458
241.042
247.487
249.847
244.167
248.568
231.155
238.724
229.344
-654321
221.842
214.845
209.846
203.637
198.64
191.686
185.414
179.59
174.09
232.03
236.254
234.007
240.683
242.572
248.696
242.037
240.843
239.213
227.421
-654321
214.515
208.767
204.543
199.105
192.418
186.515
180.396
173.654
167.645
225.236
230.099
234.207
240.644
236.197
247.912
251.486
247.167
242.466
218.387
-654321
209.478
204.984
198.685
192.099
184.371
179.995
174.261
168.48
161.98
221.779
224.101
233.642
233.534
238.193
243.205
248.975
245.877
250.217
216.183
-654321
201.59
198.809
192.986
186.079
180.107
174.379
167.841
162.457
156.225
213.073
221.089
226.614
226.207
236.219
237.241
245.874
246.38
251.846
206.119
-654321
197.857
192.412
187.854
180.09
173.742
169.264
161.794
156.701
150.399
205.098
212.772
219.996
226.869
228.984
236.524
237.638
245.047
246.456
203.247
-654321
192.522
186.033
180.534
173.685
169.198
162.769
155.412
151.116
202.918
210.427
215.69
219.654
218.636
233.871
236.201
237.075
241.427
197.896
-654321
185.639
181.387
173.814
168.517
162.128
156.182
150.364
198.97
201.221
208.848
215.802
215.382
226.807
227.004
237.883
240.1
191.818
-654321
180.881
173.75
168.826
162.514
156.028
151.237
190.941
197.084
205.122
208.634
215.563
218.246
223.905
231.144
237.723
186.675
-654321
174.365
168.057
161.227
156.595
150.494
185.289
192.377
197.73
203.698
210.656
215.714
219.61
225.323
231.333
180.234
-654321
168.413
162.459
155.908
151.435
180.485
185.941
191.169
198.042
203.36
209.642
215.99
220.977
225.618
174.625
-654321
161.557
156.131
149.38
174.322
179.299
186.412
192.28
196.565
203.698
208.817
215.964
220.044
167.521
-654321
155.964
139.081
167.559
173.558
178.925
184.956
191.764
198.798
204.05
209.401
214.629
161.535
-654321
150.127
161.741
168.802
173.856
179.789
184.793
190.965
196.865
204.178
209.058
155.952
-654321
155.889
162.572
167.375
174.219
179.89
185.427
191.518
197.505
204.679
149.796
-654321
167.798
178.183
192.04
205.418
216.822
237.336
253.666
254.274
262.733
151.123
-654321
176.044
194.921
204.939
218.241
230.571
247.652
250.671
255.131
264.708
150.788
168.775
-654321
189.042
208.332
219.919
226.081
239.899
255.702
264.868
263.047
271.041
163.885
151.06
178.953
-654321
212.624
222.226
230.993
237.125
250.114
260.773
263.965
267.936
266.342
176.847
161.336
150.733
190.065
-654321
227.375
227.04
245.112
257.995
258.43
257.93
260.294
266.442
262.528
195.458
176.459
167.699
149.691
204.362
-654321
237.84
251.251
253.431
255.005
268.801
267.941
266.54
262.551
266.422
207.091
190.663
181.249
161.198
149.794
220.451
-654321
251.824
247.395
259.341
261.138
269.135
260.362
253.206
259.679
256.171
217.52
208.643
193.082
179.868
165.394
150.471
234.524
-654321
262.075
264.096
272.562
259.362
264.589
265.622
258.408
260.036
250.603
234.902
215.741
196.87
194.126
180.222
162.033
149.44
252.634
-654321
263.052
266.339
265.401
268.101
265.532
255.622
253.685
256.267
251.534
253.076
231.825
228.695
208.326
191.826
176.411
164.525
149.726
261.812
-654321
263.333
265.789
262.978
264.07
263.167
257.953
252.996
247.864
241.815
265.998
238.671
231.53
221.253
206.827
191.935
183.823
162.226
150.067
262.126
-654321
268.469
263.707
263.227
262.362
257.4
254.991
249.291
244.254
240.231
262.796
250.44
245.079
236.614
219.588
210.398
187.256
177.207
166.034
264.16
-654321
267.4
266.513
260.614
258.782
255.46
249.14
245.602
238.419
233.793
262.001
266.817
253.292
247.974
239.664
222.822
205.985
192.08
180.232
269.873
-654321
263.159
259.395
257.229
254.728
250.285
244.816
239.573
233.518
228.299
268.589
267.363
265.58
254.16
250.06
230.92
221.003
208.868
188.72
267.176
-654321
261.506
257.348
255.539
249.986
245.041
239.291
233.438
228.191
223.668
266.53
264.99
267.971
254.75
254.009
252.813
234.023
219.668
200.191
257.377
-654321
255.74
256.109
252.427
244.279
238.607
234.621
229.98
222.569
216.444
262.544
261.014
266.321
264.367
254.479
256.157
249.946
230.03
210.332
264.737
-654321
248.203
247.521
247.502
239.317
234.224
229.487
222.649
216.896
211.916
260.107
260.57
267.848
260.688
265.765
259.512
261.226
246.491
231.534
259.198
-654321
247.114
246.104
236.046
235.441
228.559
222.043
217.406
211.588
204.908
256.55
263.458
259.793
270.78
260.842
264.542
264.648
258.878
239.177
254.16
-654321
242.322
239.479
232.482
227.763
222.642
215.922
211.59
205.262
200.201
254.62
259.08
266.013
261.178
265.202
264.544
252.806
255.978
256.653
248.304
-654321
239.034
235.602
230.044
223.305
216.923
211.772
205.763
199.011
194.434
249.724
253.148
260.789
265.59
262.154
263.333
261.153
259.369
260.234
244.755
-654321
233.447
229.25
224.088
217.293
211.799
206.163
199.506
194.481
187.575
240.594
248.093
253.504
255.025
259.773
265.359
267.893
267.701
271.443
239.397
-654321
229.988
223.929
215.237
211.573
205.996
200.082
194.153
187.279
182.328
238.704
244.327
251.626
252.605
257.481
264.584
257.888
266.848
268.793
234.821
-654321
223.761
215.949
211.348
205.706
199.577
194.904
187.598
181.408
233.53
238.819
243.901
248.103
257.304
263.507
261.249
270.585
275.942
230.106
-654321
217.697
211.316
204.655
199.655
194.376
188.051
182.609
228.34
234.287
241.149
245.972
246.733
253.928
259.441
262.965
265.231
222.249
-654321
212.239
204.899
200.229
192.547
188.428
181.672
219.687
229.668
235.787
239.391
243.202
253.633
248.654
251.753
261.207
213.304
-654321
205.964
199.661
194.232
187.62
181.829
218.041
223.055
230.712
235.812
235.641
243.394
251.655
251.767
249.49
212.606
-654321
199.859
193.149
187.899
180.753
210.942
217.62
223.063
230.023
235.705
239.07
246.048
246.063
251.111
206.429
-654321
194.066
188.102
183.128
205.471
212.123
217.754
223.236
226.825
234.177
241.674
242.464
252.074
200.672
-654321
187.725
181.778
199.539
205.265
211.861
216.931
221.684
229.834
229.527
240.382
244.391
193.964
-654321
181.57
193.872
199.723
206.26
211.508
217.983
223.514
227.045
234.802
235.56
188.212
-654321
187.494
194.142
199.543
206.508
211.204
216.534
222.989
229.65
235.655
181.837
-654321
164.768
183.315
196.749
208.179
218.681
228.161
245.088
247.254
267.999
150.545
-654321
177.701
189.114
203.74
230.605
224.781
255.482
258.442
274.404
280.443
150.269
161.445
-654321
195.186
208.022
222.133
233.637
231.327
259.195
268.611
278.85
275.376
165.036
151.29
180.087
-654321
204.421
208.76
239.644
239.661
264.106
270.856
277.812
276.36
283.435
180.597
160.382
149.793
191.163
-654321
218.736
242.83
244.057
276.077
250.27
270.675
269.163
279.661
286.976
193.203
182.168
165.014
151.361
214.49
-654321
242.804
253.549
243.255
268.025
277.402
278.313
276.647
283.487
273.549
206.637
190.776
181.845
165.799
148.707
210.891
-654321
247.458
249.707
276.456
274.652
281.808
283.049
288.438
285.883
279.674
222.89
201.264
192.378
180.219
164.953
151.248
241.034
-654321
267.181
267.941
277.537
277.568
287.656
283.864
283.271
284.09
277.607
236.275
214.699
204.435
198.899
177.307
163.067
150.177
245.968
-654321
264.848
272.231
282.744
268.176
285.111
280.327
281.27
279.45
271.99
245.3
231.844
218.442
198.134
193.247
171.15
163.147
149.478
249.188
-654321
275.887
282.006
281.133
286.395
280.053
283.892
277.73
276.478
266.399
248.183
259.945
229.249
222.134
204.505
187.366
176.722
159.473
149.865
285.611
-654321
275.15
280.951
285.243
280.19
279.177
278.902
274.397
270.083
265.926
257.2
265.893
252.529
240.578
220.465
211.723
194.044
178.014
162.37
272.466
-654321
281.942
281.709
278.487
284.702
279.708
273.717
269.056
266.101
260.638
279.406
273.647
258.492
243.68
240.655
217.856
205.09
190.501
180.655
281.792
-654321
285.76
281.942
283.091
274.982
277.993
270.232
263.117
262.488
255.432
272.703
272.157
268.124
261.913
248.955
234.35
223.965
210.64
190.107
284.366
-654321
283.419
280.118
273.239
273.127
269.022
264.129
261.973
255.397
249.766
283.922
278.597
264.754
272.537
262.515
246.839
238.15
214.896
204.022
285.136
-654321
281.399
276.579
276.811
269.012
265.148
259.104
252.674
248.185
245.248
283.262
279.486
283.607
274.526
266.575
262.06
255.238
237.664
222.685
280.777
-654321
280.322
274.806
269.378
267.539
262.338
256.896
252.43
245.378
241.1
276.479
286.686
283.763
276.662
279.865
265.057
269.124
247.872
231.595
279.287
-654321
274.78
272.052
262.709
259.909
256.435
249.262
244.258
240.238
232.634
281.845
279.24
283.507
275.117
274.902
269.411
278.761
265.268
250.622
269.843
-654321
273.339
266.696
262.447
258.608
249.651
245.727
240.826
232.47
229.243
279.879
277.942
287.209
283.956
277.144
288.909
269.434
282.168
258.279
277.982
-654321
261.946
259.654
255.061
251.229
244.002
240.887
234.254
228.959
221.33
274.343
283.554
279.543
282.877
284.359
280.077
283.867
278.824
261.902
271.039
-654321
261.929
257.218
248.289
244.93
238.126
234.447
226.851
223.01
217.633
269.656
278.135
283.32
282.412
279.631
282.891
275.221
280.493
273.796
260.494
-654321
255.437
251.978
245.766
238.126
234.717
225.798
222.825
216.767
211.555
266.787
267.482
267.94
277.544
282.586
279.411
270.313
277.534
275.869
262.354
-654321
250.584
243.864
239.581
234.071
229.17
223.447
217.114
211.51
263.391
262.654
274.337
275.783
280.806
286.157
281.843
274.636
284.064
257.575
-654321
246.119
239.062
234.269
229.041
220.278
217.352
211.196
256.042
263.544
259.539
273.359
279.133
278.227
283.938
285.129
288.335
252.492
-654321
236.923
234.107
229.128
223.463
218.139
211.696
251.251
254.305
262.282
269.529
271.553
280.443
283.532
281.081
286.916
246.619
-654321
234.148
229.491
223.229
217.328
210.668
245.836
248.687
257.426
262.78
265.789
271.216
270.96
271.501
283.359
237.978
-654321
225.565
223.258
217.619
211.272
241.471
243.753
252.386
256.663
263.709
264.668
267.921
274.833
276.478
234.959
-654321
222.57
217.139
211.013
234.985
236.556
243.188
250.876
253.97
257.214
263.649
273.482
272.591
228.811
-654321
217.408
210.85
229.732
234.31
240.449
246.863
252.731
254.416
253.108
262.819
273.434
223.741
-654321
210.407
222.768
228.452
235.819
241.148
245.942
251.496
258.142
262.843
266.218
217.183
-654321
216.778
223.524
227.804
232.674
236.857
246.832
247.671
247.498
261.847
210.754
-654321
153.36
163.291
175.648
181.042
189.615
187.918
208.176
221.586
224.514
145.824
-654321
164.311
171.171
182.817
200.329
198.16
219.93
223.532
231.244
234.363
145.32
153.502
-654321
170.693
184.766
181.931
190.744
203.988
227.961
227.677
239.991
240.977
156.171
145.646
166.908
-654321
183.92
189.045
204.436
217.015
214.353
226.033
232.135
236.368
244.635
162.876
154.933
144.186
168.552
-654321
193.952
202.074
217.445
228.25
223.652
238.113
238.075
239.2
240.742
174.152
164.887
155.391
144.291
184.963
-654321
196.262
217.456
220.144
230.121
236.167
235.029
243.661
245.293
247.168
185.136
184.823
164.796
155.603
146.195
192.279
-654321
201.807
226.631
228.247
221.244
243.732
241.879
242.396
244.229
243.051
187.788
184.574
173.631
163.194
154.362
145.321
194.677
-654321
221.197
226.731
238.863
225.77
244.668
235.114
240.115
243.765
244.334
199.26
187.306
182.401
173.728
163.265
155.093
145.28
216.684
-654321
226.889
232.39
245.913
241.971
240.057
247.304
246.674
244.119
241.089
211.524
198.346
186.233
186.347
172.491
163.508
154.175
146.231
213.63
-654321
238.509
234.943
241.562
245.162
247.687
260.425
242.476
238.793
236.913
219.962
211.49
203.031
190.298
185.531
170.184
163.732
154.904
145.388
243.67
-654321
239.833
244.007
242.067
245.279
245.266
241.112
240.893
238.9
235.148
225.288
218.786
204.446
209.929
196.397
186.299
172.973
163.025
157.115
227.266
-654321
237.665
236.222
240.186
245.34
242.073
244.131
232.773
238.61
234.304
232.387
231.161
227.923
207.577
205.307
190.692
177.817
171.783
165.625
235.069
-654321
244.313
246.749
244.385
240.885
242.594
237.164
232.792
234.679
232.53
240.184
244.764
215.78
223.2
213.581
203.408
193.218
185.204
175.014
235.962
-654321
241.984
244.574
243.547
239.383
236.664
238.343
232.491
229.866
226.411
239.223
229.852
233.18
234.645
215.786
211.985
202.785
193.858
181.459
240.51
-654321
240.135
243.243
239.978
240.59
237.885
233.962
235.509
225.99
222.251
243.471
236.894
234.524
234.612
227.489
220.312
207.074
202.485
197.423
237.23
-654321
243.39
241.756
236.911
233.86
234.36
227.341
226.994
223.766
218.764
244.132
242.143
240.421
240.768
235.302
227.36
214.912
207.508
202.107
244.121
-654321
239.34
238.253
233.658
231.74
231.884
227.374
223.012
220.283
217.136
241.846
246.305
238.323
241.338
246.529
226.969
234.076
216.375
212.638
240.638
-654321
239.567
235.924
230.975
231.609
227.211
223.59
220.352
217.198
212.471
239.855
243.429
240.366
230.428
239.216
238.061
230.587
229.974
218.395
239.824
-654321
237.798
232.431
229.618
226.459
220.842
220.508
216.316
212.916
209.121
236.948
233.753
241.594
244.051
241.273
250.842
245.505
226.98
223.868
239.37
-654321
232.076
232.036
224.085
223.48
220.175
217.109
212.852
209.086
205.528
236.762
239.17
240.63
241.56
234.775
246.27
245.945
242.882
240.915
236.542
-654321
230.923
226.333
224.803
220.364
216.894
212.828
209.508
204.643
201.553
234.187
239.521
242.347
242.433
244.855
243.892
244.796
239.898
239.466
233.715
-654321
227.952
224.331
221.26
217.057
212.387
208.731
205.553
201.784
233.253
235.854
238.415
240.496
243.762
242.287
242.531
243.853
237.164
230.089
-654321
222.354
219.124
217.361
211.437
208.155
205.568
201.995
228.766
235.115
233.24
240.1
242.988
242.132
243.753
241.261
249.846
228.096
-654321
220.601
216.701
213.026
208.663
205.259
201.439
227.883
230.365
230.231
235.342
240.959
240.969
238.726
242.514
244.015
223.982
-654321
215.266
213.168
209.929
205.728
200.633
221.068
224.573
229.767
234.116
235.73
236.941
243.962
243.833
242.364
220.012
-654321
213.148
209.257
205.712
201.775
221.083
222.398
226.182
230.165
231.661
239.008
238.699
239.544
243.398
217.208
-654321
208.927
205.51
201.682
215.825
220.978
224.086
227.655
232.212
229.835
236.941
238.513
239.444
212.269
-654321
205.454
202.013
211.458
216.447
220.721
225.139
226.124
228.196
235.742
235.856
238.176
208.81
-654321
201.254
208.829
213.672
216.002
220.648
223.766
227.37
231.35
232.636
235.601
205.16
-654321
206.002
208.803
213.621
216.2
220.929
223.604
226.358
229.288
234.604
201.938
-654321
