261.167
286.939
253.532
282.2
276.785
241.608
299.753
233.648
229.621
268.594
-654321
276.48
253.981
250.095
246.046
242.024
238.151
262.897
230.129
226.147
266.654
261.481
-654321
254.033
250.046
245.907
241.912
261.805
233.917
230.144
225.994
222.028
261.583
261.998
257.904
-654321
249.784
245.701
241.885
237.663
233.72
229.837
225.62
221.861
217.834
257.857
261.215
261.313
253.563
-654321
283.749
241.591
237.584
233.886
229.956
225.882
221.713
217.534
235.9
253.892
257.688
260.914
261.495
249.568
-654321
241.749
237.779
265.676
229.662
225.795
221.72
217.639
213.884
209.609
289.351
253.557
257.803
260.823
261.369
245.823
-654321
237.698
233.811
230
225.792
221.835
217.693
213.739
209.533
205.761
245.778
249.84
253.651
257.63
261.167
261.322
277.77
-654321
233.77
229.9
225.9
221.921
217.879
213.87
209.617
205.793
201.75
261.027
279.817
264.863
253.741
257.665
261.329
261.579
237.945
-654321
259.855
225.933
221.878
217.561
213.71
209.848
205.647
201.997
197.747
237.982
241.885
245.943
249.732
254.002
257.777
261.108
261.634
233.869
-654321
225.947
221.698
217.669
213.582
209.639
205.745
201.731
197.717
193.917
234.017
237.748
242.109
245.378
273.821
253.872
257.717
261.213
261.702
229.715
-654321
221.838
217.815
213.62
210.093
205.664
201.8
197.749
193.577
199.594
229.768
233.942
237.685
241.822
245.791
249.921
253.842
257.73
261.552
225.753
-654321
217.862
235.696
209.635
223.7
202.148
197.754
194.025
189.864
186.017
253.512
229.456
233.677
237.914
241.831
245.76
249.742
254.115
257.744
222.173
-654321
213.963
209.715
205.866
201.371
197.643
193.896
189.843
185.438
181.429
221.973
225.468
229.583
233.719
237.524
242
245.887
249.426
253.799
217.608
-654321
229.632
205.554
202.224
197.9
193.735
190.04
185.548
181.928
178.127
217.387
221.968
225.706
229.741
233.605
237.647
241.945
245.682
249.766
213.783
-654321
206.029
217.905
197.944
193.596
189.575
185.729
181.578
178.18
173.628
213.877
217.663
222.031
225.748
229.834
233.973
237.739
241.887
245.745
209.445
-654321
201.896
198.24
193.573
189.889
193.931
181.718
177.55
173.535
169.816
209.754
213.366
217.866
221.666
225.461
229.779
233.614
237.817
241.669
205.391
-654321
197.772
193.64
189.761
185.55
181.619
177.864
173.733
169.778
165.689
205.893
209.94
213.826
217.482
247.768
226.282
259.868
233.657
237.957
201.63
-654321
193.889
189.85
185.642
182.214
177.532
173.674
170.264
165.655
161.744
202.182
205.829
209.79
214.139
217.703
221.787
225.798
229.723
233.904
197.813
-654321
189.865
185.87
182.147
177.946
173.543
169.876
165.722
161.722
157.43
198.198
201.705
205.482
209.975
214.132
217.961
221.576
225.957
229.605
193.753
-654321
185.827
181.757
178.163
173.509
169.505
165.48
161.975
157.692
154.145
193.747
197.515
201.857
205.75
209.547
213.209
218.006
221.257
225.618
189.691
-654321
181.637
178.108
173.743
169.774
165.628
161.757
157.698
153.638
149.088
189.785
194.126
211.34
202.184
205.862
209.746
214.13
217.736
233.334
185.907
-654321
177.989
173.886
169.878
166.209
162.067
157.986
153.874
149.432
145.712
186.225
189.132
194.001
197.69
202.354
205.454
209.539
213.529
217.851
181.786
-654321
173.733
169.654
165.788
161.824
157.521
153.893
150.104
146.296
142.028
181.665
185.662
189.541
193.676
197.839
201.705
206.348
209.659
235.86
177.838
-654321
169.866
165.827
161.86
158.166
153.978
150.005
145.697
141.748
137.897
177.876
181.198
185.655
199.806
193.933
197.922
201.621
206.215
209.657
173.757
-654321
165.392
161.956
151.767
153.122
149.836
145.69
141.649
138.017
133.542
173.195
177.247
181.44
185.6
189.688
193.202
197.715
201.737
205.656
169.391
-654321
161.785
156.974
153.994
149.858
145.512
140.746
137.993
133.727
129.499
169.274
173.653
177.046
181.962
185.713
189.66
194.139
197.75
201.981
166.154
-654321
157.164
153.921
149.615
145.791
142.167
138.021
133.736
129.677
126.614
165.469
170.329
174.104
178.562
181.966
185.954
189.342
194.254
197.697
162.287
-654321
153.757
150.181
145.883
141.858
138.135
133.33
109.718
125.727
122.172
161.572
165.954
169.423
174.209
178.76
182.197
185.868
189.334
193.714
157.704
-654321
149.659
146.164
141.946
137.792
134.266
129.268
125.713
121.802
117.069
158.648
161.47
165.745
170.207
174.027
177.63
181.727
185.741
189.497
153.103
-654321
145.835
141.358
137.381
133.36
129.433
125.694
121.619
117.678
113.917
153.888
158.43
161.212
166.515
169.889
173.949
177.393
181.606
186.131
139.992
-654321
141.005
138.302
134.109
129.638
125.203
121.959
117.727
113.927
109.822
150.096
153.713
158.102
161.495
166.411
169.911
174.027
178.08
181.841
146.055
-654321
138.135
133.597
130.135
125.252
121.802
117.806
114.217
109.523
74.5197
146.165
149.749
153.751
157.185
205.024
166.015
169.669
211.19
177.752
141.733
-654321
133.581
129.744
126.008
122.235
117.478
114.193
110.041
106.149
101.8
142.004
146.114
150.795
153.394
157.71
161.878
165.289
168.97
173.835
136.942
-654321
130.103
126.09
121.7
118.072
114.033
109.511
105.029
101.838
97.7563
137.583
141.191
144.814
149.334
201.327
158.109
161.918
165.29
169.792
134.229
-654321
125.066
121.98
183.094
114.387
109.288
106.419
101.51
98.6586
92.7476
133.72
193.063
141.028
146.425
150.195
154.45
157.447
162.069
165.809
129.978
-654321
122.543
117.554
114.131
109.761
106.353
101.66
97.6318
171.265
89.4743
129.859
133.726
137.488
141.74
145.723
150.265
153.902
157.921
161.81
126.68
-654321
117.447
113.219
110.174
106.184
102.21
97.9739
94.0496
90.7831
86.0969
125.984
130.344
134.099
193.232
142.854
196.985
149.115
153.519
157.916
121.631
-654321
113.862
110.378
177.289
101.654
173.349
94.192
89.5426
86.5289
81.6495
121.446
125.821
130.052
191.493
137.178
141.956
145.672
149.98
153.242
117.587
-654321
110.05
177.225
101.477
98.8242
93.409
89.4416
85.2749
82.0054
78.263
183.247
121.412
125.576
189.374
134.418
193.744
142.381
146.035
150.238
113.079
-654321
177.288
174.105
98.2156
93.525
169.369
85.3512
81.2926
163.402
72.9851
114.477
118.551
122.54
125.62
130.673
134.513
193.268
142.096
145.65
179.148
-654321
174.94
98.8466
93.5062
168.966
85.3975
82.411
78.5313
160.998
68.7338
109.448
113.888
117.106
185.207
187.411
130.365
133.72
193.234
141.547
105.764
-654321
97.5481
170.764
89.7847
166.86
83.2427
162.595
160.327
69.6689
104.536
109.539
180.634
182.644
122.519
186.696
189.246
191.702
121.927
101.828
-654321
94.3023
90.4397
167.62
82.6823
163.866
161.257
70.5359
102.172
104.946
110.487
180.812
116.996
121.189
125.414
129.234
134.082
173.638
-654321
169.214
85.6474
81.1231
77.5321
73.2539
68.6831
97.6668
101.274
177.003
110.256
113.584
118.4
121.654
125.314
129.867
93.6705
-654321
85.5938
164.161
77.8411
73.7293
69.4419
93.6785
172.585
102.193
177.534
178.987
113.512
118.166
184.64
125.866
169.757
-654321
164.444
77.3295
161.55
69.0598
169.288
93.1621
97.9309
101.076
105.291
108.874
114.747
182.834
122.144
167.178
-654321
163.282
73.1561
70.5882
85.9106
89.0577
170.615
97.6999
102.194
106.413
109.641
181.013
117.981
165.347
-654321
160.704
159.214
166.032
167.456
129.484
172.149
172.762
102.848
177.3
110.665
113.449
78.1947
-654321
159.212
77.2848
81.2795
84.8184
89.7166
171.226
97.4796
175.346
177.141
109.312
73.631
-654321
161.345
77.6621
165.077
167.1
169.8
93.6929
172.189
101.494
106.23
69.3084
-654321
277.022
278.78
274.468
269.846
263.872
258.086
252.156
246.007
239.782
269.453
-654321
279.347
275.392
269.931
264.606
258.58
252.515
246.647
240.436
234.746
269.923
278.786
-654321
274.983
270.099
264.41
258.928
252.412
246.747
240.651
234.574
228.787
278.7
269.411
278.512
-654321
270.544
264.623
259.358
253.41
247.095
241.203
234.704
229.212
223.038
279.69
278.536
269.59
275.478
-654321
264.498
258.805
252.903
246.736
240.759
234.981
228.596
222.679
217.107
275.739
278.952
278.754
269.733
270.138
-654321
258.352
252.457
247.011
240.586
234.384
228.677
222.747
216.633
210.414
270.163
275.871
279.163
278.505
269.358
264.713
-654321
252.318
246.814
240.583
234.798
228.583
222.223
216.707
210.556
204.725
264.412
270.019
275.258
280.684
278.135
270.437
258.765
-654321
246.425
240.564
234.715
228.787
222.499
216.801
210.776
204.594
198.832
258.699
264.252
270.374
275.987
277.313
278.844
270.123
252.635
-654321
240.74
234.526
228.878
222.917
216.932
211.068
204.413
198.487
192.452
252.675
258.251
264.373
269.618
274.963
278.686
278.212
270.093
246.791
-654321
234.578
228.921
222.657
216.718
210.559
204.531
198.348
192.912
186.502
247.013
252.765
258.444
264.253
270.507
275.549
278.53
278.908
269.752
240.781
-654321
228.663
222.885
217.132
210.775
204.435
198.835
192.524
186.714
180.88
240.904
246.851
252.613
258.816
264.213
270.385
275.561
278.432
278.42
234.899
-654321
222.333
216.987
211.236
204.657
198.788
192.698
186.606
180.881
174.733
234.524
240.935
246.914
252.782
259.468
264.898
269.949
275.749
278.99
228.793
-654321
216.529
210.527
204.242
198.584
192.332
186.741
180.849
175.161
168.77
228.787
234.943
240.774
246.668
253.042
258.946
264.408
270.72
275.329
222.944
-654321
210.678
205.288
199.014
192.833
186.794
181.004
174.44
168.695
163.202
223.042
228.738
234.118
240.784
246.726
252.815
258.464
264.911
269.992
216.375
-654321
204.623
198.656
192.197
186.711
180.451
174.758
168.293
162.781
156.528
217.115
222.839
228.593
234.606
240.318
247.221
252.438
258.717
264.383
211.124
-654321
198.593
193.014
186.378
180.648
174.375
168.648
162.42
156.594
150.772
210.129
216.642
222.734
228.933
234.72
240.379
246.675
252.495
258.595
204.561
-654321
192.387
186.606
180.938
174.442
168.927
162.475
157.101
150.633
144.688
205.218
211.121
216.628
223.453
228.903
234.609
240.209
246.545
252.688
199.001
-654321
186.516
181.133
174.869
168.827
163.175
157.052
150.674
144.446
138.244
198.798
204.685
210.298
216.557
222.561
228.477
234.993
240.304
246.578
192.546
-654321
180.484
174.745
168.786
162.715
156.823
150.356
144.78
139.078
132.445
192.693
198.305
205.176
210.476
216.461
222.858
229.009
234.572
240.44
186.928
-654321
174.914
168.454
162.882
156.421
150.721
144.775
138.65
132.499
126.517
186.826
192.742
198.622
204.621
211.004
216.809
222.76
228.388
234.671
180.933
-654321
168.409
163.282
155.791
150.377
144.688
139.149
132.683
127.196
120.853
181.25
186.916
192.857
198.741
204.652
210.068
216.69
222.979
228.519
175.368
-654321
163.021
156.381
150.705
145.187
137.603
132.576
126.218
120.145
114.937
175.143
180.314
187.746
192.785
198.805
204.819
211.69
216.052
222.566
168.829
-654321
157.382
150.669
143.602
139.436
132.028
126.472
120.494
114.694
109.034
168.719
174.734
180.175
187.425
192.012
198.429
204.945
211.815
216.546
162.977
-654321
150.831
144.881
139.171
132.891
126.794
120.556
115.202
107.976
102.661
161.82
167.884
175.456
180.197
186.513
192.805
198.734
204.746
210.446
156.424
-654321
144.209
138.528
132.814
127.718
120.645
114.618
108.894
103.172
96.3134
155.75
163.236
169.099
175.223
180.412
186.59
192.506
198.457
204.643
151.181
-654321
138.838
132.401
126.047
120.785
115.118
107.501
102.32
96.2148
90.8724
151.075
156.761
161.869
168.095
175.318
181.036
187.074
193.382
198.59
144.19
-654321
132.532
127.309
120.424
114.195
108.541
147.784
96.1356
90.5859
84.4316
186.94
150.041
155.866
163.292
192.531
174.5
181.464
185.656
192.767
138.132
-654321
125.854
120.364
114.006
109.484
103.134
95.9693
91.4532
84.2189
78.6032
138.884
144.813
150.655
156.162
162.589
168.991
175.232
180.645
186.212
168.396
-654321
121.054
114.883
108.446
102.254
96.1258
89.8719
84.8482
78.786
73.3377
132.256
138.88
144.779
150.216
156.723
163.132
168.251
174.495
180.666
126.84
-654321
114.873
108.353
102.497
97.0333
90.2875
85.2297
78.3281
139.731
65.3088
127.093
132.961
139.012
144.397
150.447
156.164
162.87
167.164
174.803
120.632
-654321
108.066
101.158
95.938
90.0108
84.5657
78.9043
71.8896
66.5301
60.7057
120.274
126.601
132.135
138.478
144.091
150.436
156.45
162.583
168.234
114.629
-654321
102.273
96.307
90.8745
85.5618
79.1332
72.1505
66.902
60.7543
115.981
114.757
159.679
126.859
131.864
138.038
177.201
151.02
156.885
162.714
109.055
-654321
95.695
91.5878
84.3168
78.7781
71.6086
65.6162
191.215
53.577
48.9204
108.7
114.887
121.184
125.958
133.16
138.181
143.519
149.941
156.512
102.285
-654321
91.0491
83.8271
78.0355
72.9173
66.4835
60.9789
55.5163
47.7508
43.3298
102.069
109.736
115.707
119.38
126.021
131.964
138.462
145.498
150.43
96.0528
-654321
147.34
78.3472
72.6522
66.4415
59.6385
53.8807
47.8473
43.129
37.7401
156.635
102.43
108.425
114.621
160.47
127.021
132.616
172.054
144.433
90.333
-654321
78.5281
72.5174
66.1431
60.6592
116.84
49.5341
42.2637
104.668
30.5693
90.0603
96.7736
101.233
107.532
167.097
121.268
126.716
168.513
138.838
135.596
-654321
73.0869
65.8586
59.8028
56.7376
48.6455
42.7655
36.342
31.1557
24.5488
83.2645
150.513
96.5556
103.531
109.354
156.006
160.518
126.124
131.797
78.274
-654321
67.6077
60.4347
54.4066
49.2525
42.3085
114.234
30.4791
96.0341
92.3971
78.6977
85.3591
151.794
95.9566
102.993
152.287
154.807
120.939
126.448
73.1453
-654321
60.8973
189.234
112.104
43.4499
36.247
99.4636
25.6704
92.2446
11.806
72.3005
76.8323
135.366
91.513
96.403
102.217
109.631
155.201
120.448
66.9596
-654321
54.4013
48.6013
119.438
182.463
179.989
25.3181
176.021
89.0804
82.516
123.996
72.9392
78.6329
136.531
90.6016
96.6871
103.121
108.343
114.465
60.1759
-654321
47.5495
43.1887
37.8122
30.2146
25.1938
91.7037
15.1916
83.3323
1.25185
120.367
66.9924
128.68
79.8461
84.8703
200.091
97.1775
147.388
108.818
55.2744
-654321
42.901
103.608
99.7981
23.9598
92.0615
13.732
5.02361
1.12683
54.1794
130.456
137.096
128.094
79.6621
84.096
90.1505
96.8825
102.344
123.86
-654321
113.775
110.516
25.6184
17.812
176.1
85.3208
171.233
124.584
116.223
129.992
68.2396
194.244
133.121
148.566
91.3171
97.0062
185.457
-654321
111.506
24.8247
18.5474
14.5664
95.3706
78.8506
42.906
48.3765
189.098
61.1714
67.0536
74.6804
196.737
137.051
90.3718
182.648
-654321
24.1845
20.1203
97.4535
84.4105
1.62339
114.955
40.9727
123.185
115.756
131.307
65.4115
72.403
77.8141
84.6992
100.155
-654321
92.1257
88.5915
96.049
79.2853
31.0546
35.6308
117.256
111.788
54.4508
61.6056
135.531
73.8495
79.0464
95.5348
-654321
13.1241
95.1058
0
23.8903
111.837
105.484
118.288
50.2797
54.5193
61.756
124.204
72.0804
19.0564
-654321
97.645
171.491
19.0153
96.8048
32.2908
117.17
110.35
49.2664
54.9476
191.034
65.9378
174.824
-654321
1.06544
99.1276
102.406
179.66
111.85
35.033
119.889
113.371
115.201
59.8531
85.5659
-654321
95.3371
11.9464
104.005
23.8544
31.7445
34.7616
44.5312
48.4669
55.0063
170.825
-654321
285.267
294.503
296.258
296.481
293.503
288.203
283.224
277.181
271.549
269.625
-654321
296.282
298.181
295.661
292.685
287.673
282.103
276.739
270.889
264.513
270.894
284.244
-654321
298.045
296.199
293.588
288.509
281.667
276.957
271.183
264.918
259.025
284.558
270.746
295.61
-654321
296.935
293.496
288.731
283.023
277.614
271.367
265.523
259.677
253.624
294.817
283.511
270.011
298.178
-654321
293.238
288.575
282.968
277.349
271.498
265.753
259.818
253.257
247.631
297.851
295.146
280.552
270.216
296.245
-654321
288.146
283.443
277.596
272.008
265.575
259.547
253.704
247.93
241.628
297.142
296.803
294.391
285.212
269.65
294.134
-654321
283.641
276.762
271.531
266.145
260.02
253.259
247.244
241.731
235.529
292.936
295.768
297.872
292.129
283.161
271.064
288.469
-654321
276.93
271.795
265.416
259.714
253.783
247.365
241.877
235.496
229.787
286.641
291.846
296.159
297.716
297.195
282.256
270.586
282.758
-654321
271.192
265.503
259.543
253.541
247.316
241.525
235.467
229.68
223.485
283.102
288.299
293.679
297.03
298.003
294.846
284.551
269.704
277.669
-654321
265.876
259.525
253.54
247.081
241.472
235.486
229.773
223.515
217.338
277.22
282.769
288.543
293.647
297.514
298.334
296.238
283.556
270.542
271.092
-654321
259.12
253.365
247.378
241.595
235.471
229.756
223.293
217.592
211.551
271.419
277.285
283.09
288.603
293.02
295.185
299.283
293.047
284.42
265.312
-654321
253.297
247.641
240.665
235.723
229.231
223.799
217.263
212.174
205.726
266.048
271.404
277.246
282.897
288.997
293.889
296.845
297.199
293.586
258.626
-654321
247.985
241.61
235.353
229.329
223.251
217.593
211.822
205.031
199.761
259.486
266.069
271.447
277.383
283.069
288.032
293.65
297.435
296.842
253.307
-654321
242.287
235.518
229.734
222.997
217.538
211.91
205.236
199.235
193.571
253.643
259.615
265.556
271.665
277.302
281.975
287.729
292.663
296.213
247.33
-654321
235.102
229.479
223.205
217.81
211.259
204.912
199.99
193.743
187.757
247.573
253.402
259.509
265.103
270.858
276.896
282.984
288.866
292.986
241.669
-654321
229.661
223.693
216.93
211.506
206.121
198.655
193.613
187.881
180.917
242.101
247.738
253.315
259.823
265.134
271.062
277.632
282.628
288.53
235.721
-654321
222.752
217.361
211.452
205.262
198.925
192.985
188.02
182.123
175.179
234.788
240.952
247.366
253.784
259.788
264.985
271.538
276.906
282.82
229.355
-654321
217.833
211.24
205.364
199.038
193.73
187.367
181.979
174.799
169.257
229.35
235.322
241.376
248.134
254.257
259.571
265.252
271.414
277.231
223.66
-654321
211.577
205.484
199.196
193.378
187.363
181.806
175.58
169.372
163.514
224.017
229.454
236.01
241.601
246.937
253.695
259.285
265.65
271.396
217.476
-654321
205.401
198.731
193.554
187.661
181.692
174.988
169.514
163.017
158.009
217.685
223.042
229.277
235.357
241.069
247.272
253.875
259.918
265.809
211.811
-654321
198.627
192.797
186.593
181.158
175.159
168.747
163.729
156.855
151.954
210.894
217.367
223.134
229.46
235.635
241.116
247.427
253.382
259.415
204.729
-654321
193.32
186.909
181.911
175.937
169.672
162.928
157.495
151.818
145.553
205.272
211.591
217.745
223.612
229.648
236.386
240.536
247.421
253.266
199.854
-654321
187.671
180.946
176.719
169.656
162.646
157.312
150.896
145.004
139.677
199.626
204.777
211.589
217.252
222.605
229.736
235.823
241.106
247.357
193.943
-654321
181.497
174.875
169.835
162.596
157.516
151.741
145.246
139.577
132.942
193.335
200.163
205.815
210.922
217.723
223.382
229.426
235.271
241.423
187.254
-654321
175.652
169.31
162.678
157.446
151.694
145.124
140.081
132.441
127.607
187.684
192.538
199.527
205.004
210.895
217.601
223.467
229.207
235.204
181.315
-654321
169.39
163.729
156.723
150.899
145.804
139.46
132.785
128.51
121.522
181.439
187.103
194.376
198.391
204.839
210.891
216.853
222.458
229.474
176.336
-654321
162.796
157.536
151.542
145.491
138.335
132.992
127.684
122.271
113.92
176.676
180.723
187.694
193.399
199.518
205.306
211.246
217.418
223.851
169.589
-654321
157.635
151.506
145.55
139.66
132.656
127.826
122.028
115.489
110.601
169.262
175.378
180.245
187.139
192.734
199.7
205.247
211.041
217.549
163.921
-654321
150.59
145.904
140.276
133.526
127.656
121.445
115.74
109.478
102.177
163.526
170.104
174.255
179.948
186.782
192.243
199.019
204.246
210.736
156.582
-654321
146.52
139.288
133.234
127.9
121.184
168.103
109.51
103.435
98.0662
157.506
162.631
168.717
174.923
181.739
187.397
194.602
198.508
205.182
151.399
-654321
139.318
134.208
127.458
121.828
115.66
165.296
102.647
97.4684
92.0296
151.542
157.04
162.611
169.937
208.381
181.135
186.953
193.33
198.982
143.853
-654321
167.315
127.381
122.334
114.892
165.128
103.355
142.443
139.436
86.5969
146.374
151.237
157.211
162.827
168.115
176.381
181.066
186.686
193.203
138.89
-654321
127.544
120.159
155.931
163.49
102.021
97.406
90.3273
86.3568
78.6677
137.725
144.403
150.605
156.168
163.032
170.375
175.739
181.37
187.192
133.199
-654321
121.208
115.469
109.25
104.289
145.315
151.955
135.093
79.046
126.879
135.312
140.132
145.374
152.869
156.372
186.972
169.859
174.352
181.276
128.174
-654321
168.447
109.875
102.781
97.6311
92.8962
86.0805
78.1868
74.9843
137.514
127.619
133.568
139.275
144.785
150.953
156.642
162.259
169.515
175.585
121.692
-654321
149.427
101.418
97.0633
91.5148
84.213
131.695
71.837
125.422
62.3539
121.796
164.295
132.744
139.936
144.465
151.444
156.799
163.084
169.298
114.864
-654321
103.594
97.1883
90.7771
86.9094
78.3202
138.995
68.6407
59.9899
56.1116
114.088
121.312
127.671
132.018
171.844
145.225
151.406
158.053
162.557
109.486
-654321
97.3135
89.9067
84.6963
131.092
127.4
124.322
60.8114
55.2899
49.9456
108.791
207.922
161.059
164.169
133.588
183.865
145.048
150.527
157.235
103.387
-654321
139.961
148.085
79.6588
126.598
68.515
63.6931
115.639
49.3268
41.5836
103.831
109.517
114.383
119.573
164.178
134.45
138.144
145.304
150.949
95.6256
-654321
86.3845
195.588
140.319
66.2643
61.5419
58.0886
50.7073
184.06
38.0782
143.097
103.359
109.619
116.67
122.67
127.659
133.17
140.274
144.388
139.862
-654321
80.464
126.257
67.2635
118.854
54.7134
125.186
43.1291
36.2324
31.1598
139.267
96.9738
104.399
110.22
114.431
118.663
175.912
167.322
138.769
84.2695
-654321
140.705
66.5081
60.3411
188.639
123.013
185.351
38.2497
29.769
85.1752
91.4877
154.559
101.687
108.072
114.664
122.836
163.308
133.414
130.786
-654321
69.2515
192.665
55.8872
50.6512
42.7698
183.801
110.386
77.8491
83.8481
91.7132
95.5636
103.265
151.181
114.656
121.568
126.984
194.862
-654321
61.5981
54.6336
51.4814
43.8348
38.1986
30.4703
74.1331
143.698
84.7307
90.4152
99.6161
205.209
207.479
157.216
122.139
65.852
-654321
128.976
48.3582
43.6883
103.27
30.1186
134.791
74.5973
81.229
134.836
151.831
98.836
101.957
109.213
115.185
61.8491
-654321
124.787
119.997
183.352
111.028
61.4381
123.549
72.235
132.623
197.028
141.404
157.669
148.243
109.704
56.4058
-654321
43.0758
37.9574
33.709
189.389
61.1739
123.816
71.8116
131.777
135.828
151.329
97.6939
103.809
112.332
-654321
101.876
100.344
109.039
189.428
119.23
136.222
140.523
145.74
136.883
201.129
96.9051
41.8969
-654321
33.6986
43.8158
48.308
55.4336
59.475
68.5931
72.7106
131.151
148.691
91.7151
39.0595
-654321
41.2572
120.381
47.9751
128.889
59.482
122.646
127.015
196.626
83.9479
30.8781
-654321
286.466
298.13
307.497
314.475
316.729
312.867
306.586
304.279
299.668
270.458
-654321
295.255
308.661
314.056
316.538
312.927
309.233
305.234
299.969
293.055
270.39
283.499
-654321
305.793
313.847
312.968
313.551
310.838
304.067
299.309
294.059
287.276
286.941
270.653
294.03
-654321
315.805
314.22
313.051
310.175
304.365
298.874
293.62
287.094
281.886
295.367
283.663
270.254
308.113
-654321
314.617
312.767
308.665
304.595
299.475
293.618
287.796
282.147
276.066
308.301
297.43
283.839
270.271
312.654
-654321
312.597
309.152
304.48
298.721
293.753
287.524
282.25
275.974
270.448
315.223
306.275
298.367
284.052
270.362
314.909
-654321
308.255
305.182
299.512
293.634
288.206
282.281
276.241
270.695
264.563
313.93
313.938
309.4
297.95
284.055
270.042
313.999
-654321
305.359
299.388
294.008
288.121
282.508
276.052
270.501
264.546
258.423
312.929
312.085
315.657
307.027
300.492
283.781
269.863
307.307
-654321
300.295
294.12
287.865
282.314
276.153
270.528
264.512
258.573
252.024
308.636
311.714
315.818
314.804
311.058
297.768
282.727
269.229
305.133
-654321
292.581
288.023
282.063
276.019
270.047
264.865
258.806
252.209
246.503
303.726
307.805
313.892
316.058
314.442
308.863
300.061
286.245
270.205
298.523
-654321
288.396
281.831
276.081
270.591
264.73
258.777
252.39
246.745
240.37
298.841
304.99
307.611
312.588
312.694
316.05
308.802
299.106
283.598
292.844
-654321
282.298
276.648
270.352
264.525
258.228
252.553
246.578
240.346
234.896
293.465
299.982
304.787
309.174
312.339
314.316
313.627
310.199
300.287
287.621
-654321
276.522
270.137
264.149
257.94
252.39
246.353
240.164
234.392
228.582
288.188
292.943
299.332
305.429
310.634
313.705
315.134
316.223
307.747
282.366
-654321
270.19
264.414
258.634
251.854
246.74
240.482
234.502
228.101
222.458
282.422
288.513
293.024
298.931
304.222
308.764
312.142
314.819
314.507
275.892
-654321
264.877
258.016
252.177
246.53
240.15
234.06
228.04
222.303
216.146
276.292
281.743
287.254
293.981
299.684
303.372
310.213
313.151
316.416
270.15
-654321
258.306
252.358
246.262
240.1
234.753
228.028
222.226
215.645
210.566
270.792
276.049
282.138
287.866
294.131
298.8
304.713
307.711
312.464
265.046
-654321
252.553
246.514
240.721
234.01
228.487
222.712
215.824
209.852
204.483
264.611
269.93
276.673
281.766
287.44
293.461
298.134
304.498
309.239
258.167
-654321
246.937
239.614
234.539
228.642
222.472
215.968
210.177
203.896
197.8
258.907
263.898
270.6
276.579
281.356
288.515
294.149
298.226
302.964
252.588
-654321
239.866
234.254
227.989
221.637
216.375
209.884
203.817
197.498
193.296
251.81
258.835
264.451
270.173
276.482
283.11
288.432
291.848
298.769
245.828
-654321
233.325
228.647
222.375
216.713
210.22
203.981
198.407
191.763
186.096
245.993
250.944
258.31
264.283
270.451
275.9
282.77
287.228
293.449
239.899
-654321
229.091
222.163
216.055
209.779
204.819
198.583
192.432
185.689
181.08
239.854
246.527
251.573
258.138
264.59
269.412
275.598
281.985
288.079
233.309
-654321
221.943
216.654
210.199
204.363
197.635
192.387
185.927
180.664
174.048
234.091
240.006
246.729
252.572
258.104
264.065
269.371
275.744
281.973
228.504
-654321
216.139
210.142
203.726
197.962
192.71
187.085
179.91
173.927
168.272
229.08
233.615
238.881
246.505
251.528
258.454
264.773
270.285
276.341
221.504
-654321
211.022
203.763
197.614
193.092
186.167
180.017
173.922
168.787
162.847
221.448
227.697
234.314
239.81
245.629
251.222
258.109
264.849
269.956
216.218
-654321
204.917
197.986
192.232
186.723
180.659
174.402
167.144
161.518
156.822
215.579
221.384
227.516
233.945
240.044
246.75
251.533
258.996
264.247
210.119
-654321
198.295
192.255
186.385
179.559
207.629
168.301
160.838
156.731
150.433
210.308
216.039
222.34
227.736
233.242
240.645
245.472
252.043
258.164
204.586
-654321
191.329
186.428
180.066
174.377
168.607
160.775
156.325
149.644
144.462
205.346
210.422
216.413
222.75
229.011
233.049
239.193
245.859
252.525
197.854
-654321
186.798
180.074
174.231
169.143
161.303
154.488
149.239
144.614
136.884
198.149
203.838
210.029
214.917
222.214
229.688
233.246
240.481
246.238
191.859
-654321
179.297
173.939
169.027
162.791
156.133
149.751
143.822
138.435
132.812
190.699
198.577
203.928
209.409
216.511
221.666
228.975
233.733
240.401
186.15
-654321
173.089
169.381
162.749
156.551
150.045
142.859
138.389
132.096
126.438
185.79
191.887
197.928
204.088
207.991
216.61
220.612
228.543
234.476
179.338
-654321
170.202
162.948
156.379
150.989
142.97
136.921
131.882
125.444
119.99
180.891
186.512
192.873
197.773
204.284
210.069
215.96
227.351
228.273
173.933
-654321
162.068
155.683
150.096
144.365
138.464
131.148
125.108
119.327
114.308
173.392
180.958
186.884
192.4
199.098
205.255
210.957
216.876
222.079
169.334
-654321
155.969
191.32
145.226
137.985
167.868
126.166
119.872
115.464
107.428
167.941
174.037
180.242
185.736
192.83
198.902
203.085
209.149
216.273
198.971
-654321
150.792
144.76
138.291
131.906
124.868
120.636
113.2
108.777
101.335
162.228
169.181
173.855
180.022
185.828
190.663
197.444
203.573
210.016
155.932
-654321
145.48
184.48
132.282
125.961
120.047
113.979
108.856
101.788
96.5698
155.046
162.983
168.459
207.77
179.25
186.677
191.827
198.232
203.768
150.461
-654321
139.911
132.307
125.506
120.03
114.427
108.064
102.09
96.4486
90.717
149.948
156.032
160.354
168.355
209.407
180.377
184.985
193.272
198.734
145.121
-654321
167.401
127.856
211.627
115.741
108.222
100.638
95.7392
89.857
84.2166
142.749
220.512
154.925
160.136
169.821
173.861
199.885
184.697
191.599
137.814
-654321
125.572
119.742
114.689
106.421
100.847
97.4586
90.0136
84.5281
78.1563
170.297
142.564
150.399
182.817
160.863
202.576
174.829
182.013
185.939
132.443
-654321
121.756
114.501
106.757
158.66
95.4059
91.0297
83.0842
132.414
73.3806
132.567
171.202
188.492
150.597
155.157
163.957
168.213
174.088
180.307
124.588
-654321
113.211
108.523
159.696
97.833
89.0892
133.722
77.9595
72.2997
66.2607
211.544
131.255
139.737
144.181
150.255
157.688
199.467
167.592
173.526
171.899
-654321
108.647
101.605
144.024
91.9281
85.0512
76.9714
125.734
190.931
60.6091
171.491
176.496
133.089
138.419
144.906
151.019
183.495
201.109
169.015
113.122
-654321
102.905
95.783
151.514
84.8753
78.2822
72.6579
66.8706
60.9079
113.452
157.817
162.55
166.71
139.763
144.067
149.001
222.719
163.012
107.537
-654321
95.3873
90.0007
82.5648
143.226
126.222
63.8055
60.6498
152.225
209.101
119.934
163.087
132.837
139.041
145.004
150.444
155.938
145.913
-654321
153.559
148.651
79.359
72.3974
122.215
62.1736
100.189
151.774
154.194
159.58
126.062
132.84
138.562
144.74
150.676
155.956
-654321
83.1015
77.4197
139.092
66.7619
58.5867
95.3702
205.359
166.103
165.754
121.32
126.128
130.694
137.221
143.658
151.921
-654321
141.489
71.6489
66.4076
60.9681
88.9335
98.3555
102.709
163.062
153.862
119.961
163.133
132.722
170.999
146.624
-654321
70.4351
123.267
62.2196
82.7084
90.9841
143.406
160.511
107.018
114.201
169.549
126.808
132.318
130.444
-654321
67.3254
61.5192
143.168
135.626
151.169
156.544
102.892
149.737
155.309
159.386
126.059
127.222
-654321
60.5005
71.5649
196.813
135.168
90.5423
96.279
146.434
108.381
155.459
119.731
65.2397
-654321
65.642
138.677
77.6548
199.875
200.332
94.8577
146.947
107.965
113.671
129.558
-654321
284.808
299.831
312.79
319.86
330.207
335.61
334.37
333.533
328.853
269.607
-654321
298.866
312.787
326.784
326.489
332.239
333.689
333.308
327.009
324.533
270.274
284.246
-654321
312.799
322.757
332.234
334.037
334.203
333.02
327.04
322.81
319.556
283.984
270.099
301.01
-654321
327.757
329.039
334.03
333.994
330.017
328.319
322.997
318.169
314.484
300.171
283.038
270.414
315.07
-654321
333.841
336.14
332.079
331.774
330.292
323.381
318.498
312.715
306.965
317.455
296.266
285.738
269.76
322.601
-654321
332.294
332.276
329.232
322.366
322.395
319.297
313.447
306.554
301.392
326.757
309.551
298.734
284.435
270.594
329.724
-654321
333.04
332.82
328.217
324.514
318.296
313.127
307.917
301.429
296.17
332.61
322.483
309.633
297.098
283.386
270.418
332.667
-654321
332.947
328.257
322.982
318.704
313.634
307.108
302.114
296.52
290.783
334.069
332.459
329.351
311.437
297.138
283.529
270.043
335.454
-654321
327.443
321.667
319.995
313.769
308.39
302.645
296.285
290.489
284.528
333.148
333.87
329.408
324.274
314.505
297.661
283.232
269.931
331.562
-654321
322.022
319.656
313.456
308.518
302.312
295.916
290.568
284.083
278.847
332.263
331.993
334.583
329.295
320.439
311.923
301.169
284.788
270.729
328.792
-654321
318.877
312.879
308.357
302.541
296.225
290.093
284.739
278.076
272.509
328.262
330.741
329.786
331.463
331.962
323.6
319.224
299.777
283.162
324.691
-654321
313.732
306.27
301.711
296.504
289.904
283.885
278.254
272.713
266.624
321.839
328.328
332.413
332.893
334.225
331.418
321.378
311.075
298.294
318.266
-654321
307.447
301.711
296.126
290.164
284.291
278.443
272.758
265.984
260.59
318.878
322.919
328.638
328.674
332.738
332.216
327.201
325.573
307.821
313.689
-654321
302.546
296.122
290.614
284.234
278.878
272.538
266.362
260.269
254.316
313.071
319.517
323.333
329.009
332.684
333.581
333.384
332.991
319.073
307.587
-654321
296.076
290.126
284.496
278.69
272.68
266.68
260.577
254.499
248.82
307.892
311.275
317.888
325.003
327.749
333.123
334.185
336.844
330.053
301.907
-654321
290.683
284.986
278.029
272.36
266.252
259.816
254.67
248.902
243.092
302.064
308.209
313.718
319.104
325.098
328.2
332.344
332.979
334.879
295.82
-654321
284.33
277.67
272.215
266.104
259.912
254.255
248.91
242
236.61
296.157
302.324
307.37
313.707
319.055
323.211
329.216
327.512
333.321
289.871
-654321
278.561
272.315
266.313
259.746
253.38
248.423
241.864
236.158
230.265
290.444
296.515
302.288
306.971
314.15
318.432
323.385
327.047
331.443
284.006
-654321
272.414
265.798
260.655
254.073
248.161
242.53
236.402
230.274
223.972
284.577
290.787
296.457
301.013
305.5
313.349
318.738
323.218
327.67
278.28
-654321
266.128
259.65
253.716
247.628
242.298
235.818
230.674
224.589
217.817
278.391
284.152
290.657
295.951
302.688
303.46
313.392
318.66
323.624
272.655
-654321
259.898
254.203
248.189
242.816
236.772
230.511
223.599
217.849
212.664
272.396
278.655
284.461
289.259
296.296
302.389
307.358
311.687
318.384
266.612
-654321
253.666
248.957
242.824
235.883
230.713
224.65
217.807
212.536
205.92
265.936
272.384
278.935
283.729
290.291
296.67
301.72
306.267
313.285
260.08
-654321
248.453
241.736
236.753
230.036
224.631
217.309
212.48
206.418
200.592
261.019
265.717
272.311
277.84
283.6
290.97
295.548
302.288
307.584
255.249
-654321
242.254
236.44
230.691
224.032
217.687
212.358
205.597
199.919
193.831
253.467
260.631
266.261
272.378
278.246
284.268
290.568
295.841
301.623
247.809
-654321
235.477
229.837
224.861
218.403
211.676
207.32
200.167
194.464
187.614
247.752
254.72
259.786
265.657
273.368
277.881
283.753
289.784
296.314
241.697
-654321
230.903
223.87
217.814
211.65
206.957
199.501
193.655
187.041
182.702
242.287
248.825
253.395
259.554
265.015
272.319
277.703
283.408
290.293
236.193
-654321
223.956
218.105
212.172
206.12
200.277
194.075
186.793
182.176
175.444
236.274
242.385
249.322
253.871
260.037
265.317
271.855
277.971
284.354
229.161
-654321
218.62
212.596
206.112
199.799
194.273
187.905
182.373
176.193
170.465
230.378
236.942
243.034
247.868
255.01
260.524
267.424
272.783
278.254
223.404
-654321
214.431
205.595
200.075
207.297
187.977
182.178
176.982
171.481
164.885
223.607
232.12
235.975
241.747
247.565
254.798
259.252
265.445
272.263
223.113
-654321
205.625
200.355
194.251
185.678
182.475
177.387
169.725
164.076
158.257
218.796
224.784
230.193
235.775
242.679
249.051
254.022
259.971
266.082
212.29
-654321
199.729
194.658
188.862
181.447
177.197
169.074
165.056
157.768
152.813
212.089
218.53
224.348
230.064
235.039
240.213
248.032
253.716
260.677
206.288
-654321
192.794
187.969
180.483
177.61
169.889
163.876
158.796
153.053
147.307
205.365
212.23
219.201
224.097
230.156
235.014
241.865
248.58
254.544
199.901
-654321
188.135
182.281
176.651
170.373
165.334
157.766
153.732
147.2
139.306
201.468
205.483
211.537
218.066
224.857
231.139
234.672
243.562
248.183
194.344
-654321
180.372
176.085
192.445
166.091
158.179
152.348
145.752
140.181
134.132
195.577
200.597
206.27
220.672
218.119
225.17
231.666
236.702
241.941
186.527
-654321
177.816
192.23
164.428
158.271
152.372
145.4
138.24
133.56
127.007
186.439
192.253
201.585
205.578
213.006
216.656
223.994
231.414
236.148
182.634
-654321
192.257
164.669
222.311
150.565
147.459
140.692
134.573
127.562
121.952
181.942
188.808
208.143
199.834
229.662
212.649
217.822
224.737
230.538
176.255
-654321
164.939
197.611
151.722
146.059
184.156
135.858
128.336
122.412
115.631
176.328
182.551
186.209
220.936
212.261
217.016
210.954
218.744
224.086
171.013
-654321
159.354
150.743
147.323
139.786
134.704
129.569
123.118
116.02
109.079
169.488
175.079
182.948
188.125
194.912
201.995
205.718
211.87
218.625
163.751
-654321
152.337
144.781
139.236
133.171
128.413
120.825
116.37
109.914
105.74
201.801
170.503
175.322
181.542
187.055
196.206
201.01
207.192
212.331
160.451
-654321
146.596
184.22
179.388
130.424
122.451
157.329
110.532
104.194
96.8627
158.291
164.406
169.372
195.37
182.286
188.046
222.407
201.305
206.923
151.423
-654321
139.167
134.009
127.346
121.131
114.416
153.283
103.304
203.104
92.9217
180.853
159.441
166.539
170.064
176.231
199.466
189.685
193.384
199.783
144.924
-654321
180.267
125.995
120.757
156.354
111.002
102.852
154.914
201.918
176.574
152.392
184.717
225.29
170.581
195.301
182.827
188.011
193.874
140.765
-654321
176.577
119.925
115.387
162.796
105.629
143.494
139.641
184.849
146.094
150.897
158.864
188.738
192.775
174.515
213.632
187.738
133.555
-654321
123.169
167.975
112.015
148.386
97.0449
200.963
134.811
141.133
142.493
180.047
156.879
164.939
189.153
175.965
182.1
177.625
-654321
170.205
110.657
106.096
98.4984
138.986
129.215
214.527
173.612
177.133
150.569
157.419
164.281
190.067
176.101
121.67
-654321
110.142
103.256
99.1847
153.427
123.324
126.804
134.29
216.793
187.579
220.297
160.11
164.502
170.512
156.252
-654321
103.091
144.656
90.5323
116.41
123.409
214.105
166.83
174.98
176.223
193.696
198.606
163.415
163.834
-654321
156.182
92.0465
207.746
115.76
159.342
177.84
180.534
184.732
176.134
193.492
158.711
103.663
-654321
139.164
104.453
152.909
155.907
172.967
165.134
179.158
170.921
175.625
151.083
97.7184
-654321
96.0377
163.29
150.396
168.922
121.757
165.137
133.076
140.729
176.057
90.8661
-654321
284.572
299.522
310.271
328.977
332.377
340.715
347.282
348.596
349.677
270.252
-654321
293.173
310.094
332.766
339.779
345.918
350.207
349.334
353.294
350.901
270.173
284.331
-654321
312.798
323.756
333.755
350.743
347.604
348.954
352.359
347.841
346.289
284.573
270.272
299.326
-654321
328.613
334.393
348.975
342.43
350.451
348.48
347.464
345.887
338.236
299.806
282.611
269.407
312.376
-654321
336.165
349.141
349.06
351.571
350.242
349.143
343.279
341.239
335.668
311.06
299.683
285.984
269.863
323.448
-654321
344.917
348.989
352.413
347.661
349.643
343.134
340.809
334.439
329.394
329.623
312.325
298.613
285.71
270.855
333.552
-654321
345.717
346.179
351.157
347.718
342.648
341.305
336.938
329.596
324.292
339.924
326.947
315.544
294.726
283.95
270.56
348.16
-654321
348.142
350.041
348.289
342.515
339.835
334.69
329.016
323.148
318.124
345.749
340.472
333.268
312.638
295.537
286.256
269.757
349.405
-654321
349.937
347.84
345.118
341.452
334.486
330.072
324.772
318.656
313.253
349.42
347.625
336.535
326.113
311.952
301.396
283.776
270.382
351.816
-654321
345.801
343.791
339.479
335.356
329.046
324.062
318.308
313.036
307.764
351.067
351.285
343.434
339.929
324.162
310.438
298.074
284.519
270.63
350.957
-654321
343.883
341.634
334.576
330.175
324.573
319.041
313.151
307.433
301.98
350.522
346.576
351.733
344.405
341.237
320.958
315.502
297.651
285.306
348.022
-654321
340.235
334.314
330.254
324.767
319.086
313.123
307.524
301.565
295.503
348.801
350.05
350.558
351.04
347.361
335.672
320.132
311.772
295.881
346.817
-654321
335.358
329.947
324.405
319.237
312.834
307.521
301.442
294.915
290.003
345.623
344.659
352.019
353.233
352.064
344.765
339.093
323.509
311.488
339.95
-654321
330.234
324.356
318.678
312.842
307.501
301.583
295.78
289.712
283.233
341.406
342.588
346.205
351.467
351.696
351.577
347.457
332.23
327.46
331.545
-654321
325.297
319.217
313.633
307.882
301.412
295.457
290.094
283.332
277.841
335.294
340.122
345.127
346.669
346.467
351.601
349.263
350.29
340.142
329.854
-654321
319.123
312.566
306.321
301.013
295.335
289.882
283.796
277.245
271.621
329.411
333.571
340.324
345.051
345.454
347.595
352.031
351.978
348.23
324.101
-654321
313.685
306.387
301.447
296.191
289.224
283.051
277.508
271.306
265.56
323.125
330.887
334.422
340.084
334.771
348.945
350.366
349.838
350.931
318.05
-654321
307.869
299.465
295.242
289.597
283.753
277.618
271.527
265.03
259.557
318.267
323.674
331.374
336.188
341.94
346.002
351.379
350.175
351.056
313.61
-654321
300.43
295.416
289.938
284.112
277.752
271.361
265.588
259.756
254.123
313.864
319.656
325.496
328.135
335.664
339.58
344.368
346.648
350.276
307.042
-654321
296.143
289.341
283.505
277.85
271.732
266.395
259.124
253.548
247.962
307.041
312.53
317.957
324.626
330.2
336.815
340.062
343.649
348.089
301.895
-654321
289.678
284.03
277.527
270.879
265.306
259.577
253.216
247.691
241.523
301.328
307.531
313.354
318.756
324.218
330.7
334.751
337.484
343.461
295.824
-654321
283.35
277.332
270.82
265.619
259.64
252.972
247.366
241.482
235.724
295.573
301.93
307.029
313.213
317.957
323.95
330.253
332.617
340.723
289.762
-654321
277.082
271.146
265.498
260.259
254.173
248.146
241.747
235.904
229.381
289.446
295.448
301.132
307.152
313.105
319.383
324.98
330.906
334.493
284.038
-654321
271.443
265.74
258.743
253.847
247.623
241.303
234.704
229.946
223.368
282.906
289.673
295.7
301.122
307.728
313.48
320.075
324.076
329.717
276.718
-654321
265.273
259.569
252.936
247.802
241.684
234.87
229.922
223.607
218.139
276.551
283.706
289.182
295.49
301.601
307.31
313.304
319.013
324.909
271.582
-654321
260.317
253.607
247.388
242.041
234.64
229.018
222.877
217.82
211.508
271.068
277.346
283.262
289.153
295.121
301.512
307.197
313.266
319.074
265.52
-654321
252.949
246.693
242
234.867
230.036
223.198
217.971
211.653
205.406
264.52
271.785
277.928
283.6
289.044
295.632
300.717
307.662
313.317
259.066
-654321
248.423
241.061
234.202
229.041
223.391
218.08
211.301
205.314
199.425
259.129
266.545
271.649
277.67
284.012
289.335
296.154
301.607
307.096
252.633
-654321
241.974
234.745
229.62
223.62
217.327
211.653
206.108
198.876
193.793
253.806
258.836
265.296
272.058
277.69
284.007
288.344
295.715
301.108
246.861
-654321
235.561
229.49
224.25
217.528
211.068
205.077
199.737
193.052
187.998
246.582
253.31
259.046
265.91
271.895
277.265
283.879
289.48
295.432
240.663
-654321
230.44
223.728
218.173
212.811
205.501
200.259
193.516
187.761
180.832
242.392
247.45
252.411
257.824
265.448
270.334
277.492
282.498
289.081
235.432
-654321
222.254
217.56
212.479
205.808
199.634
194.799
187.409
181.673
177.933
235.473
242.276
246.685
253.683
259.369
264.075
259.192
278.608
283.457
229.775
-654321
216.611
231.85
206.29
199.435
193.416
187.679
180.923
176.425
168.405
229.641
237.053
240.317
247.559
247.479
258.031
265.943
272.498
277.396
227.289
-654321
210.789
204.789
199.825
193.913
186.989
182.395
176.483
169.648
164.123
222.746
229.797
234.403
240.926
247.195
254.407
259.336
266.568
271.388
217.407
-654321
205.503
198.552
192.859
203.85
181.128
174.927
169.865
163.808
156.364
218.266
223.393
229.595
234.672
241.268
247.644
254.721
258.669
264.774
232.876
-654321
200.105
192.998
187.543
182.509
194.617
169.635
162.37
156.796
151.616
212.119
217.042
224.512
229.552
235.006
240.545
246.841
253.468
259.962
205.654
-654321
193.277
187.114
183.18
177.572
170.411
202.38
158.816
150.132
144.571
204.295
212.102
222.027
223.061
230.608
235.989
241.976
246.897
253.786
199.899
-654321
188.354
182.79
175.722
170.467
162.356
158.853
152.717
145.145
171.079
198.803
205.771
210.809
219.325
223.275
229.585
234.398
242.175
247.31
194.823
-654321
181.488
174.412
168.22
163.374
183.843
180.515
145.308
138.504
133.344
194.064
199.413
205.635
232.464
218.499
227.462
228.482
235.619
241.446
185.988
-654321
208.671
168.924
199.349
158.607
152.048
174.993
141.078
134.424
128.306
187.497
194.771
198.832
205.512
232.836
216.633
224.052
227.389
235.245
181.804
-654321
203.783
161.795
197.783
151.497
146.019
186.341
133.21
128.829
121.499
184.277
203.807
193.315
213.025
205.446
210.351
216.358
222.561
229.72
175.835
-654321
161.935
184.786
223.356
176.197
137.646
133.303
127.691
119.6
195.575
180.621
204.076
194.377
212.687
204.11
213.165
217.488
223.982
168.886
-654321
183.578
194.731
145.416
137.538
168.963
127.075
171.782
191.951
176.018
180.623
186.326
191.096
200.847
214.824
210.785
217.143
164.64
-654321
150.541
217.581
185.844
131.398
162.856
121.707
163.705
167.994
195.967
182.712
187.941
190.755
199.902
216.863
210.718
157.565
-654321
146.241
173.194
130.911
165.464
159.57
156.348
163.056
170.881
175.117
181.695
187.792
192.691
225.655
205.446
151.715
-654321
138.112
215.461
161.974
211.49
181.151
157.348
186.716
204.363
176.551
180.855
187.245
233.58
199.051
145.146
-654321
134.315
128.617
173.666
177.877
179.957
157.068
163.205
191.669
177.746
181.156
204.707
193.234
171.825
-654321
127.244
118.465
139.966
143.756
150.503
185.196
224.271
167.481
174.774
181.523
186.29
132.827
-654321
212.076
166.038
138.627
187.34
150.495
156.388
186.969
225.778
174.8
198.528
164.061
-654321
128.701
133.316
173.062
142.902
152.491
155.492
162.144
169.112
176.456
172.967
-654321
283.567
301.048
310.256
329.121
337.553
354.36
365.442
371.219
369.416
269.118
-654321
297.664
311.184
327.964
340.108
346.431
355.296
364.4
369.806
364.854
270.907
283.064
-654321
311.796
326.987
339.053
352.27
361.181
362.979
368.5
367.836
363.782
285.699
268.899
297.98
-654321
326.848
338.834
353.565
363.042
366.966
365.741
371.523
364.892
366.57
298.806
285.072
270.149
316.305
-654321
343.994
352.092
359.554
367.418
367.089
369.642
368.632
365.607
360.525
310.54
297.587
284.004
269.479
322.23
-654321
354.7
363.449
370.276
368.977
369.95
365.562
362.321
358.864
355.129
326.626
312.514
298.653
284.192
270.32
338.51
-654321
365.826
362.786
363.597
364.744
369.168
365.734
362.342
355.892
351.167
343.26
324.612
317.183
294.269
284.93
269.502
356.07
-654321
365.629
368.419
368.25
367.589
366.628
359.717
356.602
353.421
345.508
349.899
336.327
324.138
306.948
299.69
282.882
269.333
362.41
-654321
367.987
367.941
368.298
364.218
361.341
356.422
351.443
346.877
341.41
356.041
350.505
340.462
330.496
311.372
300.418
285.795
269.863
365.504
-654321
366.461
367.934
365.536
360.142
354.9
350.265
345.782
340.407
335.129
363.678
362.007
352.942
339.991
330.331
314.279
298.752
284.241
270.409
367.988
-654321
364.559
362.798
359.741
357.474
349.657
345.586
339.357
336.158
329.385
368.243
366.791
358.085
353.476
343.044
329.165
310.821
297.808
283.922
367.844
-654321
362.363
357.837
354.838
351.465
347.01
339.773
334.831
328.942
324.043
364.122
364.435
367.093
366.339
351.201
340.837
328.864
312.647
296.467
366.021
-654321
360.452
356.559
352.279
344.352
341.973
335.056
329.629
324.346
318.767
366.523
365.849
367.6
363.503
356.173
356.08
341.674
327.771
310.821
365.654
-654321
355.233
351.132
344.754
340.99
334.896
330.222
324.175
318.957
312.592
363.923
362.573
368.45
368.089
361.369
357.694
354.199
336.728
328.731
356.893
-654321
352.424
345.087
341.019
334.225
330.207
324.346
318.534
312.285
306.4
361.496
364.248
363.556
365.651
366.762
363.759
360.929
357.111
343.224
352.297
-654321
347.333
339.791
334.498
330.713
323.97
318.499
310.451
306.695
300.432
356.535
357.046
363.309
366.495
363.416
369.587
360.382
357.34
354.118
350.589
-654321
338.967
335.005
329.875
323.694
317.584
312.291
306.555
299.727
293.624
351.732
354.583
355.241
362.982
366.195
369.568
363.74
361.135
359.793
347.977
-654321
333.747
330.201
324.229
318.377
312.389
306.518
300.506
294.424
288.677
344.958
351.925
354.013
355
365.014
365.144
369.266
372.385
364.915
340.359
-654321
329.118
324.552
318.768
311.521
305.47
300.248
295.194
288.565
282.227
340.177
346.051
352.815
353.593
361.348
366.546
364.099
370.93
368.658
336.191
-654321
323.794
318.192
312.217
306.346
300.284
294.394
287.996
281.949
276.087
334.88
340.771
345.461
351.592
355.305
356.842
364.713
370.132
370.465
329.047
-654321
317.058
311.64
306.496
299.496
294.741
288.732
282.583
276.668
270.48
328.516
334.292
339.423
344.177
348.392
353.305
362.474
366.847
367.539
322.052
-654321
311.888
306.353
299.475
293.993
288.765
282.937
276.525
270.562
264.427
325.168
330.272
335.614
340.427
346.419
346.871
354.802
358.19
366.622
318.327
-654321
306.306
299.872
294.824
288.653
282.625
275.905
269.716
263.782
258.254
316.261
325.574
329.299
336.088
340.975
346.247
348.017
357.465
359.529
311.596
-654321
300.436
294.494
289.246
282.145
276.35
269.104
264.689
258.495
251.497
311.952
318.384
323.419
326.912
332.873
341.869
343.99
350.055
357.185
306.916
-654321
294.223
289.385
282.206
276.185
271.223
263.778
257.116
251.909
246.352
306.582
312.345
316.634
324.247
328.694
336.262
338.164
339.419
349.099
299.903
-654321
288.311
282.478
276.175
270.41
264.13
258.946
253.316
245.503
239.704
300.777
306.803
310.277
317.739
324.367
330.021
333.587
340.62
345.772
295.134
-654321
282.05
276.826
270.348
265.435
259.037
252.326
246.443
240.438
234.323
294.578
301.23
306.328
312.395
318.693
324.044
330.209
336.496
340.429
287.848
-654321
275.927
270.741
264.337
258.266
251.892
246.066
240.449
234.047
226.969
287.1
292.454
299.452
305.925
312.316
317.133
323.957
330.473
335.692
282.399
-654321
269.555
263.261
258.127
252.63
246.615
239.729
234.635
227.608
221.768
281.199
288.114
294.603
300.458
304.57
311.742
318.894
323.898
329.665
276.057
-654321
264.802
257.593
251.365
246.636
239.812
233.958
228.456
222.772
217.574
276.709
281.533
288.257
294.34
299.418
306.197
312.279
317.891
323.781
269.411
-654321
256.55
251.649
246.238
239.511
234.232
228.902
222.022
215.952
211.38
271.219
275.176
281.355
288.95
293.702
299.676
305.17
311.987
319.016
263.799
-654321
253.029
246.566
240.199
234.749
229.223
222.231
216.123
208.912
205.429
265.455
270.948
275.977
281.849
289.157
294.177
300.172
306.469
311.245
258.914
-654321
245.777
239.394
234.465
228.01
220.704
215.183
210.676
204.413
197.495
258.119
263.668
269.913
263.252
281.942
287.876
293.576
301.806
305.915
251.822
-654321
239.767
234.154
227.742
223.009
215.943
208.798
203.704
198.464
191.672
250.661
259.218
264.447
270.222
276.063
266.303
287.687
293.972
300.137
247.222
-654321
232.848
228.9
221.675
215.982
209.499
204.174
198.81
193.121
185.074
246.686
252.314
259.176
255.471
269.794
276.039
282.597
288.612
293.704
240.294
-654321
227.725
223.114
214.545
209.247
205.621
210.763
193.036
185.741
180.014
238.929
246.105
252.817
257.487
263.1
269.923
276.411
282.717
288.437
234.3
-654321
221.819
223.265
219.223
201.206
198.185
191.174
186.17
180.533
173.284
234.001
240.319
256.684
250.836
258.882
264.255
269.306
263.491
282.054
227.944
-654321
216.127
219.633
205.456
199.975
191.062
186.404
180.713
173.391
169.605
229.855
234.662
241.485
246.2
246.4
258.007
263.434
269.02
276.264
227.88
-654321
209.292
204.047
199.569
207.077
203.972
181.776
174.027
168.859
187.603
221.878
227.545
246.194
239.499
246.147
251.979
256.94
255.081
270.242
216.374
-654321
227.746
197.829
192.171
186.909
179.889
174.144
190.684
160.46
155.566
217.201
221.337
231.509
234.927
238.403
242.923
250.491
259.343
264.36
219.616
-654321
196.22
191.597
186.256
199.957
174.025
190.3
200.237
183.592
149.416
218.717
223.408
220.815
228.556
235.739
241.457
245.014
251.165
258.298
203.552
-654321
207.668
186.254
181.33
172.189
168.064
162.029
184.688
149.537
201.403
210.409
215.909
239.786
227.666
234.024
251.29
246.471
251.298
198.599
-654321
184.22
199.272
174.021
167.569
163.337
182.501
190.786
197.58
203.145
209.984
217.382
222.339
228.646
236.659
252.028
246.376
191.776
-654321
182.036
171.851
190.603
164.745
157.629
179.711
206.213
222.431
204.375
211.11
217.641
244.823
243.249
246.2
239.157
185.057
-654321
174.8
168.226
161.405
222.151
148.506
187.02
193.45
198.136
204.364
219.897
224.036
244.912
231.881
235.128
179.028
-654321
169.781
161.201
222.785
190.204
230.614
215.371
194.38
199.085
204.001
210.767
217.888
227.901
228.063
174.639
-654321
226.007
156.102
151.532
173.184
180.372
203.171
208.382
210.267
238.164
210.569
215.044
221.261
169.072
-654321
155.886
177.813
168.611
176.111
181.007
234.586
192.666
210.943
213.325
210.788
216.956
224.03
-654321
178.492
188.09
202.032
195.019
179.962
186.892
191.947
209.134
204.426
209.097
153.843
-654321
154.619
199.261
170.422
174.297
180.489
203.26
206.723
198.916
204.488
150.265
-654321
284.225
299.943
310.429
321.24
338.714
356.452
368.916
366.216
383.397
270.135
-654321
299.871
315.653
326.026
336.041
349.871
378.261
375.683
375.979
382.34
270.111
286.834
-654321
312.165
325.502
344.883
351.69
367.349
375.33
386.473
386.725
388.223
284.636
270.112
297.028
-654321
336.651
334.343
354.172
376.797
381.06
387.718
383.561
386.836
383.289
299.696
283.948
271.168
310.705
-654321
342.726
353.314
367.745
370.856
392.97
385.868
388.207
384.962
382.839
313.306
299.069
285.878
271.435
324.954
-654321
346.725
365.982
381.817
386.612
378.345
384.772
388.857
384.98
382.446
325.076
307.778
303.32
285.852
270.232
341.48
-654321
363.987
370.213
387.12
387.821
384.791
383.034
382.123
381.17
376.839
350.069
327.722
316.516
299.103
284.283
270.334
347.623
-654321
381.079
381.125
386.741
383.274
386.841
389.252
373.459
377.992
375.602
361.664
337.855
321.086
313.056
300.609
283.313
269.619
359.847
-654321
385.517
385.414
384.981
384.348
384.406
382.521
377.227
368.773
370.207
363.571
354.663
340.976
321.566
311.281
299.18
283.495
269.215
381.778
-654321
386.009
382.17
386.797
385.809
384.112
378.45
373.653
368.293
364.032
366.201
369.229
356.377
338.882
324.626
317.544
299.096
283.548
271.645
380.715
-654321
385.885
385.042
386.192
381.95
375.912
375.788
369.19
364.261
359.909
385.027
370.146
369.24
356.925
339.153
324.696
310.76
297.642
281.428
384.918
-654321
385.963
383.174
380.042
378.223
374.936
368.495
362.733
359.179
354.159
383.775
379.353
373.959
364.945
356.431
342.606
328.307
309.126
299.215
386.778
-654321
384.117
381.886
375.914
375.55
370.287
365.459
359.115
353.828
348.382
384.723
386.471
384.72
379.344
367.51
353.749
340.089
327.46
308.523
386.21
-654321
383.593
378.562
372.12
370.529
365.033
359.821
354.473
348.989
343.901
386.872
386.244
379.427
384.749
380.896
369.41
365.9
340.385
327.717
385.017
-654321
382.449
374.946
369.505
365.639
361.039
353.544
347.234
342.572
337.401
382.805
385.731
386.297
387.557
384.594
379.686
364.95
358.411
337.019
379.789
-654321
370.409
370.787
365.425
360.979
353.958
349.406
342.055
336.786
332.197
382.583
375.756
376.756
384.044
382.847
374.743
377.166
364.192
352.69
373.292
-654321
368.552
363.905
357.542
353.659
348.221
343.191
338.031
331.825
325.979
378.258
380.009
384.315
383.447
382.711
382.214
378.314
374.639
371.414
374.879
-654321
362.327
360.765
355.748
347.749
342.961
336.545
331.991
325.694
320.25
373.099
377.051
380.373
385.324
387.317
391.721
378.605
383.114
386.555
365.479
-654321
358.716
354.863
346.019
342
337.656
331.008
326.023
319.594
314.273
371.197
375.962
381.109
384.953
382.335
386.893
387.652
387.438
376.512
365.613
-654321
354.698
349.414
344.27
338.09
332.433
325.826
319.34
314.141
308.461
364.859
370.129
371.647
380.692
379.879
381.822
381.55
385.483
384.172
357.7
-654321
349.237
343.612
337.59
331.977
325.667
319.98
314.554
308.095
301.36
357.505
363.465
370.119
373.734
381.642
383.081
381.561
384.016
386.905
354.725
-654321
343.693
337.516
332.354
326.278
320.104
314.879
307.123
301.557
295.84
349.882
361.721
365.446
368.443
378.149
379.416
380.463
381.385
382.558
348.486
-654321
338.056
332.144
325.306
318.979
313.81
308.216
302.018
295.733
290.621
349.178
355.019
357.34
361.725
371.432
370.644
380.479
383.599
382.407
341.772
-654321
332.665
326.341
317.49
313.276
307.909
302.446
295.883
290.195
284.055
344.211
346.773
353.642
354.184
364.335
365.827
377.82
364.545
383.984
337.169
-654321
325.964
320.249
314.836
307.177
301.995
296.191
290.218
283.814
277.966
337.677
342.713
349.81
352.501
358.338
365.253
367.501
370.234
376.337
331.519
-654321
320.148
314.3
307.823
300.92
296.058
289.98
284.482
277.416
272.326
331.824
337.094
343.817
349.12
356.394
360.254
365.427
367.169
372.545
326.66
-654321
314.254
307.484
301.552
295.817
289.48
284.011
278.119
271.939
265.904
326.661
330.86
335.675
340.88
349.464
355.31
360.552
365.901
367.494
320.752
-654321
308.271
302.328
295.278
289.969
284.692
277.776
271.719
265.779
259.605
320.582
324.405
332.432
337.846
339.716
349.986
350.077
359.979
364.832
314.764
-654321
301.958
296.122
290.822
283.389
278.218
272.433
266.243
259.596
253.722
313.634
320.274
325.528
331.016
337.835
344.167
346.03
355.404
357.663
308.844
-654321
295.336
289.437
282.907
278.011
272.031
265.63
260.19
254.327
248.828
307.225
313.154
320.436
325.285
331.7
338.38
338.828
343.84
353.065
302.329
-654321
290.594
283.083
277.001
271.709
265.527
259.149
253.568
248.616
241.716
302.302
307.954
314.655
319.599
326.025
331.443
337.525
344.36
349.135
296.567
-654321
284.47
277.336
271.686
265.733
259.357
254.442
248.811
241.504
236.092
295.709
302.355
307.98
314.008
320.047
326.357
332.11
332.141
341.733
290.195
-654321
278.384
272.311
265.501
259.511
254.211
248.562
241.652
236.725
229.691
289.776
296.695
301.864
308.052
314.091
319.359
324.635
330.986
337.69
283.692
-654321
272.109
265.075
258.408
253.042
248.692
241.705
236.289
230.192
224.412
284.209
290.097
296.168
303.161
308.359
313.169
320.274
325.762
331.299
277.298
-654321
266.591
259.886
254.259
255.89
243.064
235.738
229.185
223.588
217.945
277.595
284.674
290.673
295.514
303.415
296.786
313.479
319.9
324.675
271.328
-654321
259.951
254.647
243.237
242.694
236.176
231.815
223.835
217.34
220.725
271.999
278.438
283.694
290.88
295.905
302.042
309.035
288.518
319.77
264.846
-654321
254.903
249.537
243.608
237.088
230.483
223.015
217.343
211.369
205.842
265.671
270.38
264.566
282.961
271.817
295.916
301.827
306.328
313.837
259.145
-654321
243.48
241.639
235.02
229.779
223.63
216.646
211.88
216.468
200.485
261.985
266.886
272.09
278.766
285.292
289.693
296.409
302.614
308.289
254.834
-654321
239.111
235.693
229.967
222.788
236.67
221.541
205.627
200.768
194.784
253.065
257.43
263.704
261.662
277.688
280.569
270.812
295.506
302.489
246.655
-654321
236.85
230.903
223.747
216.987
219.795
205.866
200.103
193.67
188.285
248.773
254.566
265.11
265.203
273.492
277.861
283.859
272.252
295.886
241.906
-654321
229.746
239.942
217.402
212.849
217.524
199.03
193.617
187.29
182.607
241.374
243.803
254.519
252.006
266.99
271.003
277.3
283.582
289.269
236.264
-654321
223.671
218.464
221.845
204.341
200.55
193.685
188.042
182.758
235.88
241.427
245.942
248.517
251.856
267.404
273.131
277.491
283.454
229.281
-654321
219.25
210.485
204.608
198.919
195.004
188.227
182.015
229.615
234.516
242.605
247.031
261.361
259.292
256.715
270.704
276.974
228.839
-654321
232.732
203.619
200.474
192.288
186.81
183.143
228.902
229.898
235.84
242.362
248.655
254.814
256.467
266.394
271.575
242.97
-654321
204.592
211.839
195.137
204.763
182.269
217.731
222.918
231.243
248.101
242.106
246.107
252.402
259.18
265.889
212.916
-654321
197.47
235.433
188.061
201.733
219.656
216.032
224.356
229.405
235.361
241.262
246.156
254.622
259.398
205.959
-654321
192.211
203.486
200.561
215.403
211.203
244.643
245.369
228.264
236.265
242.862
246.971
253.213
225.222
-654321
204.254
182.257
199.041
228.216
212.246
225.442
223.314
229.735
236.402
242.84
248.101
193.627
-654321
183.636
194.321
200.658
215.616
212.222
224.214
228.001
230.778
236.621
241.397
187.652
-654321
187.31
208.835
199.08
215.298
212.893
224.071
225.036
228.839
235.83
180.349
-654321
284.146
303.225
315.965
327.832
340.85
350.936
376.935
376.789
390.228
271.476
-654321
293.729
310.585
328.936
345.687
354.022
367.065
383.5
392.859
398.114
270.789
283.957
-654321
314.197
332.763
345.786
347.232
366.394
381.164
381.275
388.019
408.091
284.736
269.045
298.681
-654321
324.274
340.09
365.01
376.976
386.972
397.006
389.064
394.853
405.206
298.125
282.057
269.986
312.63
-654321
343.327
359.337
359.67
381.491
400.588
388.435
401.231
402.76
404.247
316.447
300.673
283.98
270.268
329.598
-654321
354.225
366.391
374.396
399.138
393.601
391.855
393.584
401.873
399.53
328.481
308.323
300.336
284.388
271.346
336.239
-654321
364.77
377.492
388.614
387.299
396.175
396.16
405.282
401.454
399.322
340.435
323.566
316.746
296.628
286.734
269.784
356.802
-654321
385.947
395.086
393.936
393.812
403.788
404.936
404.527
401.843
399.495
348.44
339.138
321.245
316.743
297.781
285.239
271.044
370.795
-654321
397.475
399.412
399.332
399.461
400.064
401.239
404.244
405.517
394.68
376.232
361.524
339.768
323.031
312.582
298.628
284.057
268.851
369.345
-654321
405.519
395.07
401.747
409.433
401.081
398.311
397.755
392.464
390.375
367.321
372.821
351.191
345.819
328.711
312.629
298.526
282.939
270.758
398.015
-654321
399.155
402.071
398.347
399.196
394.544
394.525
385.775
388.784
382.643
393.733
383.47
369.957
349.135
339.365
329.567
310.146
295.552
283.502
400.546
-654321
403.742
402.906
401.964
400.612
403.762
393.679
387.918
386.369
380.802
393.822
389.4
380.947
366.193
355.999
345.212
326.879
312.364
299.301
394.295
-654321
402.325
401.377
403.046
396.836
392.913
392.039
385.635
379.344
375.212
393.928
392.165
393.028
379.567
364.34
353.838
340.961
327.793
313.25
402.975
-654321
404.701
398.056
394.09
393.286
387.046
384.317
381.487
376.266
370.502
404.509
399.244
392.779
389.373
382.349
360.143
354.079
342.078
325.862
406.079
-654321
403.221
396.475
394.737
389.97
387.94
380.924
375.767
371.385
364.884
403.614
403.88
402.449
396.83
392.747
380.091
370.003
355.874
337.343
404.934
-654321
395.757
395.45
391.999
384.47
380.465
375.939
371.127
364.617
358.481
400.389
403.964
404.038
394.986
401.667
392.769
386.816
363.412
358.597
396.198
-654321
392.613
388.609
383.425
378.356
373.202
370.248
365.633
357.759
354.34
397.056
402.275
399.365
406.498
394.735
396.123
398.902
390.667
359.918
389.774
-654321
392.592
382.482
378.858
377.826
370.287
366.604
360.902
353.907
348.82
395.865
401.675
404.485
396.834
400.619
408.178
401.696
378.642
381.276
389.86
-654321
386.021
381.877
373.863
372.15
365.658
360.384
352.275
349.195
342.924
392.515
399.765
404.58
395.278
403.283
403.695
402.154
384.7
388.241
388.546
-654321
383.744
376.094
371.2
364.42
360.256
354.061
348.1
342.42
336.72
391.256
396.19
399.606
399.116
403.19
408.351
408.472
397.354
392.106
388.914
-654321
376.029
371.048
361.871
361.508
353.984
347.888
343.216
337.075
331.54
384.945
385.318
390.381
394.842
398.711
403.015
393.427
400.929
398.33
378.583
-654321
371.922
364.916
359.695
354.07
347.471
342.988
337.365
331.184
325.336
382.511
383.951
393.476
398.028
396.908
402.751
392.805
405.795
396.952
374.262
-654321
366.979
360.695
352.938
348.84
342.376
337.285
331.268
324.926
319.037
371.647
377.458
385.373
391.298
392.052
401.686
402.894
403.521
395.151
370.799
-654321
360.285
353.016
349.272
342.799
337.492
331.191
325.638
319.566
312.981
370.247
377.455
383.519
386.098
387.048
396.132
401.527
398.336
404.828
363.87
-654321
355.814
347.325
343.27
336.737
331.265
325.161
319.208
313.275
307.225
367.034
369.657
377.008
382.338
386.158
392.143
398.734
399.109
401.073
359.618
-654321
348.757
342.932
337.251
332.25
324.419
319.514
313.953
307.388
300.983
358.873
367.372
372.071
376.111
381.638
385.213
390.991
393.463
402.602
352.572
-654321
341.248
337.322
331.313
325.696
318.728
312.798
307.698
301.211
295.063
354.897
359.834
366.894
372.815
375.167
381.721
383.782
392.79
395.488
349.189
-654321
337.378
331.351
325.374
320.268
313.616
307.096
301.815
295.478
289.341
348.318
355.082
360.601
361.409
371.21
378.713
380.713
386.776
391.103
343.601
-654321
330.524
325.23
319.896
314.157
307.695
302.084
294.561
289.455
283.239
342.133
349.25
354.108
359.435
366.281
360.338
378.677
381.838
383.334
337.406
-654321
324.977
318.838
314.503
308.044
300.606
295.086
289.692
283.382
277.284
337.05
342.799
347.663
351.681
356.821
366.418
372.592
378.439
380.839
330.643
-654321
319.204
313.028
306.714
301.163
295.041
289.455
282.762
278.265
271.015
331.281
337.404
342.632
349.415
352.145
355.579
360.972
368.369
376.315
325.46
-654321
313.631
307.513
301.408
295.447
288.834
283.415
277.012
272.243
265.401
324.552
331.416
336.585
343.357
349.28
353.491
361.665
366.291
369.764
318.922
-654321
306.5
301.098
295.699
290.055
283.925
278.322
271.695
266
259.178
319.625
325.168
331.423
337.49
341.764
349.025
353.876
362.027
364.775
312.92
-654321
301.778
296.063
289.805
282.107
276.16
271.555
265.309
259.422
252.772
312.667
318.618
324.149
330.34
336.685
343.492
349.645
355.284
360.192
306.685
-654321
294.898
272.615
282.598
276.96
270.554
265.399
258.945
254.134
246.312
307.226
313.801
318.883
323.859
330.528
335.095
342.474
349.791
353.623
300.791
-654321
289.038
283.213
276.464
271.95
264.335
258.602
251.635
246.507
240.891
302.193
285.342
313.176
319.985
326.005
331.095
336.625
343.585
347.928
295.623
-654321
268.005
277.375
271.093
265.883
259.092
252.791
247.847
242.255
235.337
295.404
301.8
308.088
274.112
317.813
324.76
330.659
337.744
342.103
288.656
-654321
277.425
270.973
265.696
260.121
252.34
247.09
239.24
235.4
228.868
287.605
294.697
292.983
308.201
287.146
318.938
325.559
331.33
336.976
280.284
-654321
271.127
265.754
259.425
253.099
247.15
241.423
234.439
229.14
223.627
284.658
288.907
294.324
301.022
307.098
288.718
291.259
325.527
331.684
278.004
-654321
265.891
259.312
252.941
247.886
239.727
249.055
229.245
239.975
217.01
278.266
284.078
289.118
296.237
301.44
306.728
313.621
318.513
325.383
270.823
-654321
259.722
253.373
247.546
240.827
235.244
229.026
240.257
217.638
210.946
270.606
275.141
268.48
285.108
295.319
301.299
284.853
313.333
319.245
264.324
-654321
253.508
247.768
240.204
235.393
228.541
223.734
237.054
209.287
263.39
260.854
276.602
282.835
289.852
295.294
301.07
306.82
313.036
251.154
-654321
244.454
241.035
236.207
229.361
245.455
217.754
210.08
258.582
265.664
268.374
263.947
282.8
288.708
294.948
280.514
306.153
261.155
-654321
241.153
249.468
232.446
222.685
216.922
211.838
253.58
264.822
257.744
271.273
263.807
284.042
289.494
275.9
300.803
248.586
-654321
235.368
230.365
223.236
217.694
210.345
247.691
252.226
258.959
265.848
259.66
278.19
284.501
289.459
295.353
240.904
-654321
230.984
226.586
224.38
232.15
241.328
247.468
253.805
259.612
264.639
271.137
275.091
282.961
288.539
236.353
-654321
222.618
217.064
219.335
234.933
251.734
246.149
247.005
263.89
264.988
260.953
265.047
282.592
247.059
-654321
236.466
220.907
243.824
232.871
251.642
247.676
252.193
257.886
263.846
271.998
276.773
224.424
-654321
212.463
224.547
227.852
234.89
251.492
255.582
252.886
264.849
255.749
270.508
242.779
-654321
216.946
223.175
231.9
247.726
239.456
248.057
259.427
259.161
256.508
219.665
-654321
274.339
285.058
292.98
302.517
312.941
321.384
340.129
340.88
345.109
265.698
-654321
285.302
289.44
307.589
313.711
318.382
333.715
339.908
349.727
349.19
265.305
274.814
-654321
288.881
307.325
315.758
312.914
330.032
337.329
341.693
356.788
360.424
271.013
265.187
283.016
-654321
305.277
314.055
314.552
328.567
333.429
351.361
360.309
354.5
361.412
283.687
275.986
264.751
290.5
-654321
308.051
326.669
334.943
339.573
346.619
349.932
358.536
359.141
363.185
293.186
286.364
274.194
264.494
304.742
-654321
317.598
330.996
338.159
346.894
359.994
352.599
360.182
356.913
365.625
301.65
294.696
285.325
275.521
264.867
308.453
-654321
326.819
340.77
347.463
351.453
369.641
364.532
362.343
363.557
362.388
310.528
301.928
294.528
282.401
275.216
265.255
324.102
-654321
334.652
346.338
355.716
350.001
363.485
357.818
361.474
364.264
363.9
318.646
312.547
302.139
294.357
285.312
275.747
265.36
331.828
-654321
350.536
349.863
353.05
362.102
361.493
365.607
364.193
359.43
358.314
331.666
320.359
311.733
303.037
290.535
285.94
272.272
266.306
338.719
-654321
356.011
361.286
357.55
361.69
363.848
357.837
362.638
360.308
362.03
343.612
337.943
324.986
314.399
306.842
294.937
286.249
274.39
266.282
353.398
-654321
352.428
353.232
361.976
365.989
364.866
362.226
359.697
362.524
353.766
346.069
337.876
327.382
324.274
311.945
302.48
293.42
282.017
275.542
357.902
-654321
364.42
367.886
362.317
382.564
362.841
362.92
357.801
357.03
355.141
363.454
343.909
341.754
333.743
319.589
308.628
302.947
294.053
284.464
357.726
-654321
357.854
364.303
360.906
362.8
361.528
358.303
367.588
352.605
349.82
359.809
354.639
340.926
343.5
330.927
324.836
310.726
303.737
288.436
362.119
-654321
365.334
364.153
361.445
360.879
357.392
356.85
351.611
351.138
347.326
359.941
353.151
349.553
347.041
371.091
331.69
321.989
310.168
305.05
359.728
-654321
363.727
362.347
362.472
358.265
353.356
352.941
351.384
345.15
341.912
360.253
358.824
358.225
357.317
346.609
340.153
329.997
321.536
309.118
363.655
-654321
362.996
362.563
359.277
356.033
354.732
349.027
345.045
341.829
339.276
361.735
363.948
358.004
359.713
356.746
351.246
341.028
327.205
326.871
364.122
-654321
362.773
358.451
356.818
354.173
351.03
346.633
342.815
338.557
336.496
364.404
363.605
359.319
360.3
363.461
352.23
350.39
342.879
334.475
360.799
-654321
354.954
357.809
348.258
349.721
345.265
342.995
340.193
337.019
333.251
361.929
364.309
362.712
355.067
359.092
359.833
354.332
352.181
337.266
360.036
-654321
355.323
354.948
351.405
345.612
344.603
340.662
335.986
331.784
328.635
359.49
360.729
364.296
357.724
361.561
360.972
363.405
355.843
345.593
358.963
-654321
352.227
349.582
345.098
343.816
339.529
336.894
332.775
329.066
325.36
358.527
363.298
361.507
362.885
360.983
367.272
366.223
357.475
349.853
356.007
-654321
350.243
345.165
344.284
340.006
336.423
332.835
329.539
325.306
321.123
355.28
360.233
359.074
362.755
357.962
365.014
356.668
357.861
359.399
353.712
-654321
346.77
343.313
339.746
335.801
332.675
329.344
324.591
321.303
317.85
355.607
355.21
355.889
359.772
353.617
361.007
368.105
364.748
359.157
349.207
-654321
343.983
340.495
336.198
330.444
329.329
325.175
321.82
317.504
313.564
350.734
351.378
354.184
358.523
362.371
364.343
363.168
363.515
359.674
345.597
-654321
340.035
336.952
332.943
329.063
324.909
321.523
317.532
314.156
309.971
347.28
347.935
353.218
357.85
358.005
352.036
360.704
363.655
365.396
342.377
-654321
336.266
333.67
329.715
325.508
321.92
317.935
314.007
310.232
306.194
343.381
347.437
350.463
349.991
359.163
359.427
355.621
365.389
363.551
339.986
-654321
333.276
329.603
325.162
321.073
317.995
314.061
309.983
305.736
301.666
339.694
340.299
348.188
351.147
355.428
355.623
358.624
361.823
362.602
335.653
-654321
328.871
325.643
322.078
317.667
314.195
309.972
306.077
302.047
298.211
337.148
339.044
343.472
348.738
350.341
352.324
352.357
360.531
360.065
333.747
-654321
325.314
321.357
318.031
313.913
309.863
306.107
301.79
297.959
293.938
332.44
337.707
339.267
344.226
346.958
351.802
353.232
356.805
358.843
329.009
-654321
320.937
317.198
313.833
309.611
306.084
301.813
298.081
294.12
290.401
329.361
332.505
336.604
340.978
343.832
344.682
349.937
351.973
356.188
325.424
-654321
317.677
313.932
310.129
305.939
301.912
297.378
293.827
289.796
285.969
324.655
329.328
330.455
334.101
340.09
344.93
344.421
357.609
353.299
321.507
-654321
313.574
310.119
306.408
302.64
297.887
293.866
289.597
285.455
281.979
321.503
325.254
327.268
333.05
335.413
341.2
344.558
346.02
349.942
317.393
-654321
310.109
305.883
301.748
297.777
293.621
290.478
286.119
281.725
278.282
316.875
322.011
326.214
329.257
332.482
336.207
340.256
343.523
346.606
313.533
-654321
305.835
301.369
298.054
293.695
290.301
286.068
282.077
278.004
274.47
314.077
317.886
321.923
324.899
329.531
333.491
337.107
340.701
344.342
309.521
-654321
301.686
297.829
294.186
290.599
286.207
281.595
278.122
273.82
269.734
310.369
314.075
318.139
321.787
325.667
329.808
333.546
334.599
339.789
305.428
-654321
297.974
293.682
290.088
285.477
282.25
277.856
273.552
269.763
265.699
305.969
310.141
314.309
317.236
321.488
325.364
329.091
332.847
336.578
301.094
-654321
293.78
289.64
285.981
281.281
277.673
268.769
270.488
266.743
261.454
301.415
306.07
310.278
314.268
316.783
321.42
325.498
329.667
333.163
298.324
-654321
276.221
285.783
281.427
278.049
273.631
269.885
265.598
262.227
258.227
297.37
302.067
306.388
310.218
313.808
318.318
321.736
326.825
328.863
293.457
-654321
285.174
282.096
278.782
273.759
269.696
265.511
262.172
257.873
254.215
294.573
298.006
302.108
305.709
309.944
313.753
317.964
322.587
324.783
289.659
-654321
281.7
277.553
273.811
270.787
265.977
261.475
258.91
253.432
249.883
290.911
294.013
298.4
301.912
306.487
309.348
313.974
317.809
321.5
286.354
-654321
277.961
274.397
270.539
265.263
263.285
258.603
253.958
249.918
246.691
286.278
289.947
293.187
298.004
302.101
304.937
309.234
313.614
317.852
282.318
-654321
273.231
266.959
266.693
263.338
258.205
253.967
250.625
255.329
243.11
273.348
286.383
290.08
294.652
296.973
301.493
306.15
310.242
313.743
277.873
-654321
269.243
265.65
262.051
258.193
255.084
249.432
246.151
242.437
277.159
282.248
285.417
289.431
294.515
281.142
301.514
305.974
309.905
273.857
-654321
266.35
261.893
261.005
254.955
249.577
245.872
242.362
273.435
278.535
282.399
286.228
289.77
294.469
281.499
301.657
305.846
269.543
-654321
262.756
258.827
254.118
251.169
247.496
242.421
271.098
274.452
278.573
281.965
285.502
277.479
294.732
280.587
302.145
265.229
-654321
257.482
254.333
257.137
245.822
240.937
266.022
269.421
274.733
277.346
282.423
286.659
290.573
293.819
297.982
263.464
-654321
253.447
250.438
246.788
253.104
262.34
265.94
270.259
273.447
278.81
272.899
286.313
276.556
293.91
258.481
-654321
250.23
245.657
241.693
256.895
262.089
266.228
269.227
269.092
277.941
282.189
285.469
289.795
253.412
-654321
246.282
252.953
254.071
257.235
262.7
265.121
269.189
273.656
270.82
281.576
286.155
249.909
-654321
241.991
257.217
258.774
257.955
262.005
265.017
269.586
274.188
277.555
282.203
254.925
-654321
244.839
256.841
257.912
258.963
263.37
264.965
269.239
274.668
278.238
242.139
-654321
