0.955706 1
0.0442943 11
-123456
0.958854 2
0.0411462 12
-123456
0.960465 3
0.0395349 13
-123456
0.953198 4
0.0468019 14
-123456
0.951601 5
0.0483991 15
-123456
0.962394 6
0.0368381 16
0.00076746 46
-123456
0.955642 7
0.0428016 17
0.00155642 47
-123456
0.957854 8
0.0421456 18
-123456
0.958107 9
0.0418929 19
-123456
0.961255 0
0.0387446 10
-123456
-654321
0.957965 2
0.0420354 12
-123456
0.956916 3
0.0430839 13
-123456
0.963218 4
0.0367816 14
-123456
0.958525 5
0.0414747 15
-123456
0.954198 6
0.0458015 16
-123456
0.965665 7
0.0343348 17
-123456
0.95 8
0.05 18
-123456
0.965686 9
0.0318627 19
0.00245098 59
-123456
0.963186 0
0.0368139 10
-123456
0.962687 1
0.0373134 11
-123456
-654321
0.972414 3
0.0275862 13
-123456
0.961071 4
0.0389294 14
-123456
0.973105 5
0.0268949 15
-123456
0.97733 6
0.02267 16
-123456
0.959079 7
0.0409207 17
-123456
0.948529 8
0.0514706 18
-123456
0.96134 9
0.0386598 19
-123456
0.962617 1
0.0373832 11
-123456
0.954767 0
0.0452331 10
-123456
0.968599 2
0.031401 12
-123456
-654321
0.959036 4
0.0409639 14
-123456
0.941327 5
0.0586735 15
-123456
0.946602 6
0.0533981 16
-123456
0.953425 7
0.0465753 17
-123456
0.944304 8
0.0531646 18
0.00253165 48
-123456
0.96063 9
0.0393701 19
-123456
0.948655 2
0.0513447 12
-123456
0.950617 1
0.0493827 11
-123456
0.941435 0
0.0585652 10
-123456
0.955556 3
0.0444444 13
-123456
-654321
0.974874 5
0.0251256 15
-123456
0.946882 6
0.0531178 16
-123456
0.94697 7
0.0530303 17
-123456
0.96144 8
0.0385604 18
-123456
0.962175 9
0.0378251 19
-123456
0.968504 3
0.0314961 13
-123456
0.97561 2
0.0243902 12
-123456
0.965517 1
0.0344828 11
-123456
0.956393 0
0.0436068 10
-123456
0.973684 4
0.0263158 14
-123456
-654321
0.957179 6
0.0428212 16
-123456
0.973684 7
0.0263158 17
-123456
0.973404 8
0.0265957 18
-123456
0.95756 9
0.0424403 19
-123456
0.951531 4
0.0484694 14
-123456
0.972772 3
0.0272277 13
-123456
0.962779 2
0.0372208 12
-123456
0.958128 1
0.0418719 11
-123456
0.953333 0
0.0466667 10
-123456
0.969267 5
0.0307329 15
-123456
-654321
0.962121 7
0.0378788 17
-123456
0.965116 8
0.0348837 18
-123456
0.953545 9
0.0464548 19
-123456
0.984375 5
0.015625 15
-123456
0.969267 4
0.0307329 14
-123456
0.956416 3
0.0435835 13
-123456
0.956072 2
0.0439276 12
-123456
0.972973 1
0.027027 11
-123456
0.959573 0
0.0404272 10
-123456
0.941026 6
0.0589744 16
-123456
-654321
0.960836 8
0.0365535 18
0.00261097 48
-123456
0.977612 9
0.0223881 19
-123456
0.957286 6
0.0427136 16
-123456
0.938462 5
0.0589744 15
0.0025641 55
-123456
0.974811 4
0.0251889 14
-123456
0.955614 3
0.0443864 13
-123456
0.942408 2
0.0575916 12
-123456
0.966408 1
0.0335917 11
-123456
0.95827 0
0.0417299 10
-123456
0.941504 7
0.0584958 17
-123456
-654321
0.962264 9
0.0377358 19
-123456
0.969697 7
0.030303 17
-123456
0.969194 6
0.0308057 16
-123456
0.947222 5
0.0527778 15
-123456
0.956072 4
0.0439276 14
-123456
0.953608 3
0.0438144 13
0.00257732 53
-123456
0.953995 2
0.0460048 12
-123456
0.96114 1
0.0388601 11
-123456
0.957014 0
0.0422323 10
0.000754148 50
-123456
0.95942 8
0.0405797 18
-123456
-654321
0.967419 8
0.0325815 18
-123456
0.941176 7
0.0588235 17
-123456
0.962264 6
0.0377358 16
-123456
0.949622 5
0.0503778 15
-123456
0.977273 4
0.0227273 14
-123456
0.952632 3
0.0473684 13
-123456
0.949398 2
0.0506024 12
-123456
0.954802 1
0.0451977 11
-123456
0.952555 0
0.0474453 10
-123456
0.957747 9
0.0422535 19
-123456
-654321
0.0769231 1
0.825549 11
0.0975275 21
-123456
0.0748899 2
0.859031 12
0.0660793 22
-123456
0.0954545 3
0.845455 13
0.0590909 23
-123456
0.0786026 4
0.834061 14
0.0873362 24
-123456
0.056701 5
0.871134 15
0.0721649 25
-123456
0.0577778 6
0.862222 16
0.08 26
-123456
0.03 7
0.905 17
0.065 27
-123456
0.0848214 8
0.839286 18
0.0758929 28
-123456
0.0666667 9
0.844444 19
0.0888889 29
-123456
0.0717949 0
0.846154 10
0.0820513 20
-123456
-654321
0.0927644 2
0.792208 12
0.115028 22
-123456
0.109557 3
0.79021 13
0.100233 23
-123456
0.128272 4
0.751309 14
0.120419 24
-123456
0.118056 5
0.789352 15
0.0925926 25
-123456
0.103211 6
0.795872 16
0.100917 26
-123456
0.103194 7
0.781327 17
0.115479 27
-123456
0.108312 8
0.780856 18
0.110831 28
-123456
0.129032 9
0.75914 19
0.111828 29
-123456
0.0988235 0
0.785882 10
0.115294 20
-123456
0.113194 1
0.784427 11
0.102379 21
-123456
-654321
0.114286 3
0.8 13
0.0857143 23
-123456
0.131206 4
0.79078 14
0.0780142 24
-123456
0.0894942 5
0.805447 15
0.105058 25
-123456
0.0769231 6
0.815385 16
0.107692 26
-123456
0.103448 7
0.796935 17
0.0996169 27
-123456
0.113281 8
0.796875 18
0.0898438 28
-123456
0.082397 9
0.820225 19
0.0973783 29
-123456
0.0980392 1
0.799564 11
0.102397 21
-123456
0.0756972 0
0.820717 10
0.103586 20
-123456
0.104651 2
0.790698 12
0.104651 22
-123456
-654321
0.0677966 4
0.830508 14
0.101695 24
-123456
0.0552764 5
0.839196 15
0.105528 25
-123456
0.13369 6
0.802139 16
0.0641711 26
-123456
0.104972 7
0.828729 17
0.0662983 27
-123456
0.0846561 8
0.851852 18
0.0634921 28
-123456
0.13198 9
0.746193 19
0.121827 29
-123456
0.0869565 2
0.837945 12
0.0750988 22
-123456
0.0901899 1
0.802215 11
0.107595 21
-123456
0.0568182 0
0.852273 10
0.0909091 20
-123456
0.09375 3
0.802083 13
0.104167 23
-123456
-654321
0.079602 5
0.885572 15
0.0348259 25
-123456
0.0732984 6
0.858639 16
0.0680628 26
-123456
0.0913979 7
0.833333 17
0.0752688 27
-123456
0.0714286 8
0.841837 18
0.0867347 28
-123456
0.0722892 9
0.855422 19
0.0722892 29
-123456
0.1 3
0.833333 13
0.0666667 23
-123456
0.089141 2
0.834684 12
0.076175 22
-123456
0.0984456 1
0.834197 11
0.0673575 21
-123456
0.141361 0
0.769634 10
0.0890052 20
-123456
0.111765 4
0.823529 14
0.0647059 24
-123456
-654321
0.0886076 6
0.848101 16
0.0632911 26
-123456
0.0696203 7
0.841772 17
0.0886076 27
-123456
0.0645161 8
0.795699 18
0.139785 28
-123456
0.0939227 9
0.823204 19
0.0828729 29
-123456
0.0852273 4
0.835227 14
0.0795455 24
-123456
0.0828729 3
0.828729 13
0.0883978 23
-123456
0.12381 2
0.77619 12
0.1 22
-123456
0.103131 1
0.80663 11
0.0902394 21
-123456
0.0810811 0
0.772973 10
0.145946 20
-123456
0.0765027 5
0.808743 15
0.114754 25
-123456
-654321
0.0677966 7
0.841808 17
0.0903955 27
-123456
0.10582 8
0.809524 18
0.0846561 28
-123456
0.0935673 9
0.812865 19
0.0935673 29
-123456
0.0742857 5
0.805714 15
0.12 25
-123456
0.0698925 4
0.827957 14
0.102151 24
-123456
0.108434 3
0.76506 13
0.126506 23
-123456
0.0902613 2
0.831354 12
0.0783848 22
-123456
0.0793651 1
0.822222 11
0.0984127 21
-123456
0.135417 0
0.760417 10
0.104167 20
-123456
0.0632911 6
0.848101 16
0.0886076 26
-123456
-654321
0.111801 8
0.745342 18
0.142857 28
-123456
0.075 9
0.83 19
0.095 29
-123456
0.0659341 6
0.835165 16
0.0989011 26
-123456
0.0882353 5
0.805882 15
0.105882 25
-123456
0.114754 4
0.79235 14
0.0928962 24
-123456
0.0877193 3
0.795322 13
0.116959 23
-123456
0.0902394 2
0.808471 12
0.101289 22
-123456
0.132597 1
0.79558 11
0.0718232 21
-123456
0.0734463 0
0.824859 10
0.101695 20
-123456
0.0961538 7
0.871795 17
0.0320513 27
-123456
-654321
0.0714286 9
0.824675 19
0.103896 29
-123456
0.0902778 7
0.868056 17
0.0416667 27
-123456
0.111111 6
0.753086 16
0.135802 26
-123456
0.0952381 5
0.791667 15
0.113095 25
-123456
0.114943 4
0.804598 14
0.0804598 24
-123456
0.0960452 3
0.830508 13
0.0734463 23
-123456
0.0914286 2
0.828571 12
0.08 22
-123456
0.098546 1
0.82391 11
0.0775444 21
-123456
0.0893855 0
0.821229 10
0.0893855 20
-123456
0.0662983 8
0.850829 18
0.0828729 28
-123456
-654321
0.0857143 8
0.805714 18
0.108571 28
-123456
0.103627 7
0.782383 17
0.11399 27
-123456
0.10303 6
0.763636 16
0.133333 26
-123456
0.0977011 5
0.775862 15
0.126437 25
-123456
0.139394 4
0.775758 14
0.0848485 24
-123456
0.11399 3
0.803109 13
0.0829016 23
-123456
0.132979 2
0.787234 12
0.0797872 22
-123456
0.09839 1
0.792487 11
0.109123 21
-123456
0.0777778 0
0.822222 10
0.1 20
-123456
0.105263 9
0.8 19
0.0947368 29
-123456
-654321
0.171429 11
0.764286 21
0.0642857 31
-123456
0.102041 12
0.789116 22
0.108844 32
-123456
0.114286 13
0.775238 23
0.110476 33
-123456
0.10625 14
0.825 24
0.06875 34
-123456
0.109589 15
0.712329 25
0.178082 35
-123456
0.113772 16
0.808383 26
0.0778443 36
-123456
0.0985916 17
0.767606 27
0.133803 37
-123456
0.0902256 18
0.75188 28
0.157895 38
-123456
0.150376 19
0.766917 29
0.0827068 39
-123456
0.0735294 10
0.867647 20
0.0588235 30
-123456
-654321
0.0867052 12
0.797688 22
0.115607 32
-123456
0.0477816 13
0.866894 23
0.0853242 33
-123456
0.106931 14
0.774257 24
0.118812 34
-123456
0.0851064 15
0.856383 25
0.0585106 35
-123456
0.0987654 16
0.802469 26
0.0987654 36
-123456
0.0882353 17
0.841176 27
0.0705882 37
-123456
0.110429 18
0.809816 28
0.0797546 38
-123456
0.103261 19
0.847826 29
0.048913 39
-123456
0.0934066 10
0.846154 20
0.0604396 30
-123456
0.0958084 11
0.838323 21
0.0658683 31
-123456
-654321
0.139175 13
0.78866 23
0.0721649 33
-123456
0.124498 14
0.771084 24
0.104418 34
-123456
0.115854 15
0.786585 25
0.097561 35
-123456
0.0819672 16
0.781421 26
0.136612 36
-123456
0.126437 17
0.793103 27
0.0804598 37
-123456
0.117021 18
0.797872 28
0.0851064 38
-123456
0.155556 19
0.722222 29
0.122222 39
-123456
0.121053 11
0.763158 21
0.115789 31
-123456
0.105882 10
0.788235 20
0.105882 30
-123456
0.0719178 12
0.821918 22
0.106164 32
-123456
-654321
0.131791 14
0.725352 24
0.142857 34
-123456
0.119048 15
0.738095 25
0.142857 35
-123456
0.137705 16
0.740984 26
0.121311 36
-123456
0.108696 17
0.757764 27
0.13354 37
-123456
0.115942 18
0.782609 28
0.101449 38
-123456
0.124138 19
0.724138 29
0.151724 39
-123456
0.147799 12
0.748428 22
0.103774 32
-123456
0.119298 11
0.761404 21
0.119298 31
-123456
0.177778 10
0.695238 20
0.126984 30
-123456
0.160714 13
0.717857 23
0.121429 33
-123456
-654321
0.0836653 15
0.812749 25
0.103586 35
-123456
0.140078 16
0.727626 26
0.132296 36
-123456
0.154676 17
0.705036 27
0.140288 37
-123456
0.103175 18
0.77381 28
0.123016 38
-123456
0.120755 19
0.758491 29
0.120755 39
-123456
0.111973 13
0.762749 23
0.125277 33
-123456
0.137931 12
0.758621 22
0.103448 32
-123456
0.143396 11
0.735849 21
0.120755 31
-123456
0.121569 10
0.760784 20
0.117647 30
-123456
0.121311 14
0.786885 24
0.0918033 34
-123456
-654321
0.0875 16
0.8375 26
0.075 36
-123456
0.0756757 17
0.816216 27
0.108108 37
-123456
0.0769231 18
0.802198 28
0.120879 38
-123456
0.111801 19
0.745342 29
0.142857 39
-123456
0.0659631 14
0.844327 24
0.0897098 34
-123456
0.0637255 13
0.852941 23
0.0833333 33
-123456
0.127717 12
0.777174 22
0.0951087 32
-123456
0.10119 11
0.85119 21
0.047619 31
-123456
0.0807453 10
0.813665 20
0.10559 30
-123456
0.0670391 15
0.826816 25
0.106145 35
-123456
-654321
0.140127 17
0.77707 27
0.0828025 37
-123456
0.0855263 18
0.796053 28
0.118421 38
-123456
0.0914634 19
0.756098 29
0.152439 39
-123456
0.12963 15
0.722222 25
0.148148 35
-123456
0.107914 14
0.776978 24
0.115108 34
-123456
0.110151 13
0.786177 23
0.103672 33
-123456
0.134409 12
0.72043 22
0.145161 32
-123456
0.0700637 11
0.815287 21
0.11465 31
-123456
0.135135 10
0.716216 20
0.148649 30
-123456
0.108108 16
0.743243 26
0.148649 36
-123456
-654321
0.109756 18
0.731707 28
0.158537 38
-123456
0.0789474 19
0.796053 29
0.125 39
-123456
0.115152 16
0.8 26
0.0848485 36
-123456
0.10596 15
0.735099 25
0.15894 35
-123456
0.108696 14
0.76087 24
0.130435 34
-123456
0.0982659 13
0.774566 23
0.127168 33
-123456
0.0992908 12
0.822695 22
0.0780142 32
-123456
0.140845 11
0.760563 21
0.0985916 31
-123456
0.0854701 10
0.820513 20
0.0940171 30
-123456
0.141844 17
0.744681 27
0.113475 37
-123456
-654321
0.131579 19
0.719298 29
0.149123 39
-123456
0.0875912 17
0.773723 27
0.138686 37
-123456
0.0935252 16
0.827338 26
0.0791367 36
-123456
0.132948 15
0.768786 25
0.0982659 35
-123456
0.111111 14
0.808642 24
0.0802469 34
-123456
0.0938124 13
0.792415 23
0.113772 33
-123456
0.0785714 12
0.807143 22
0.114286 32
-123456
0.122581 11
0.767742 21
0.109677 31
-123456
0.0820896 10
0.813433 20
0.104478 30
-123456
0.151899 18
0.71519 28
0.132911 38
-123456
-654321
0.0780142 18
0.801418 28
0.120567 38
-123456
0.0980392 17
0.843137 27
0.0588235 37
-123456
0.130137 16
0.739726 26
0.130137 36
-123456
0.113208 15
0.805031 25
0.081761 35
-123456
0.0983607 14
0.786885 24
0.114754 34
-123456
0.119097 13
0.755647 23
0.125257 33
-123456
0.0886076 12
0.810127 22
0.101266 32
-123456
0.11811 11
0.826772 21
0.0551181 31
-123456
0.123377 10
0.772727 20
0.103896 30
-123456
0.100671 19
0.771812 29
0.127517 39
-123456
-654321
0.144068 21
0.720339 31
0.135593 41
-123456
0.101562 22
0.726562 32
0.171875 42
-123456
0.078125 23
0.789062 33
0.132812 43
-123456
0.173333 24
0.673333 34
0.153333 44
-123456
0.132075 25
0.735849 35
0.132075 45
-123456
0.125984 26
0.740157 36
0.133858 46
-123456
0.141844 27
0.730496 37
0.12766 47
-123456
0.0956522 28
0.8 38
0.104348 48
-123456
0.123188 29
0.753623 39
0.123188 49
-123456
0.0860927 20
0.794702 30
0.119205 40
-123456
-654321
0.122807 22
0.754386 32
0.122807 42
-123456
0.117117 23
0.801802 33
0.0810811 43
-123456
0.129794 24
0.743363 34
0.126844 44
-123456
0.127119 25
0.733051 35
0.139831 45
-123456
0.19469 26
0.681416 36
0.123894 46
-123456
0.11465 27
0.764331 37
0.121019 47
-123456
0.146552 28
0.715517 38
0.137931 48
-123456
0.0955882 29
0.75 39
0.154412 49
-123456
0.109489 20
0.729927 30
0.160584 40
-123456
0.115702 21
0.785124 31
0.0991736 41
-123456
-654321
0.137931 23
0.765517 33
0.0965517 43
-123456
0.109948 24
0.764398 34
0.125654 44
-123456
0.121951 25
0.741463 35
0.136585 45
-123456
0.2 26
0.707692 36
0.0923077 46
-123456
0.0725806 27
0.814516 37
0.112903 47
-123456
0.112782 28
0.819549 38
0.0676692 48
-123456
0.131387 29
0.759124 39
0.109489 49
-123456
0.0762712 21
0.779661 31
0.144068 41
-123456
0.0955882 20
0.794118 30
0.110294 40
-123456
0.130435 22
0.731884 32
0.137681 42
-123456
-654321
0.104575 24
0.797386 34
0.0980392 44
-123456
0.112648 25
0.782609 35
0.104743 45
-123456
0.117647 26
0.770588 36
0.111765 46
-123456
0.0860927 27
0.801324 37
0.112583 47
-123456
0.137255 28
0.732026 38
0.130719 48
-123456
0.100671 29
0.731544 39
0.167785 49
-123456
0.0769231 22
0.788462 32
0.134615 42
-123456
0.121387 21
0.763006 31
0.115607 41
-123456
0.159509 20
0.760736 30
0.0797546 40
-123456
0.075 23
0.77 33
0.155 43
-123456
-654321
0.131222 25
0.742081 35
0.126697 45
-123456
0.126168 26
0.724299 36
0.149533 46
-123456
0.137441 27
0.767772 37
0.0947867 47
-123456
0.103139 28
0.695067 38
0.201794 48
-123456
0.151376 29
0.738532 39
0.110092 49
-123456
0.120968 23
0.725806 33
0.153226 43
-123456
0.127273 22
0.772727 32
0.1 42
-123456
0.179612 21
0.713592 31
0.106796 41
-123456
0.160976 20
0.702439 30
0.136585 40
-123456
0.15 24
0.728571 34
0.121429 44
-123456
-654321
0.0842105 26
0.789474 36
0.126316 46
-123456
0.114815 27
0.759259 37
0.125926 47
-123456
0.19084 28
0.69084 38
0.118321 48
-123456
0.215328 29
0.656934 39
0.127737 49
-123456
0.138924 24
0.697121 34
0.163955 44
-123456
0.18 23
0.67 33
0.15 43
-123456
0.152482 22
0.705674 32
0.141844 42
-123456
0.160156 21
0.71875 31
0.121094 41
-123456
0.136719 20
0.714844 30
0.148438 40
-123456
0.135965 25
0.712719 35
0.151316 45
-123456
-654321
0.0792683 27
0.792683 37
0.128049 47
-123456
0.080292 28
0.79562 38
0.124088 48
-123456
0.0941176 29
0.758824 39
0.147059 49
-123456
0.177632 25
0.730263 35
0.0921053 45
-123456
0.109635 24
0.800664 34
0.089701 44
-123456
0.15894 23
0.761589 33
0.0794702 43
-123456
0.125786 22
0.767296 32
0.106918 42
-123456
0.109827 21
0.734104 31
0.156069 41
-123456
0.108808 20
0.772021 30
0.119171 40
-123456
0.133971 26
0.729665 36
0.136364 46
-123456
-654321
0.111111 28
0.785714 38
0.103175 48
-123456
0.0902778 29
0.840278 39
0.0694444 49
-123456
0.121795 26
0.737179 36
0.141026 46
-123456
0.0947631 25
0.805486 35
0.0997506 45
-123456
0.112903 24
0.770161 34
0.116935 44
-123456
0.0804598 23
0.798851 33
0.12069 43
-123456
0.143713 22
0.730539 32
0.125749 42
-123456
0.0656934 21
0.832117 31
0.10219 41
-123456
0.109589 20
0.760274 30
0.130137 40
-123456
0.114504 27
0.801527 37
0.0839695 47
-123456
-654321
0.146154 29
0.761538 39
0.0923077 49
-123456
0.0884956 27
0.752212 37
0.159292 47
-123456
0.138889 26
0.740741 36
0.12037 46
-123456
0.109023 25
0.744361 35
0.146617 45
-123456
0.135802 24
0.746914 34
0.117284 44
-123456
0.0986842 23
0.677632 33
0.223684 43
-123456
0.210145 22
0.688406 32
0.101449 42
-123456
0.0813008 21
0.813008 31
0.105691 41
-123456
0.261905 20
0.642857 30
0.0952381 40
-123456
0.140496 28
0.743802 38
0.115702 48
-123456
-654321
0.130081 28
0.699187 38
0.170732 48
-123456
0.165217 27
0.704348 37
0.130435 47
-123456
0.104167 26
0.756944 36
0.138889 46
-123456
0.121588 25
0.761787 35
0.116625 45
-123456
0.102564 24
0.764103 34
0.133333 44
-123456
0.117188 23
0.742188 33
0.140625 43
-123456
0.144068 22
0.788136 32
0.0677966 42
-123456
0.0844156 21
0.798701 31
0.116883 41
-123456
0.160305 20
0.725191 30
0.114504 40
-123456
0.12069 29
0.784483 39
0.0948276 49
-123456
-654321
0.114754 31
0.729508 41
0.155738 51
-123456
0.118519 32
0.777778 42
0.103704 52
-123456
0.121019 33
0.745223 43
0.133758 53
-123456
0.162602 34
0.731707 44
0.105691 54
-123456
0.0606061 35
0.836364 45
0.10303 55
-123456
0.10596 36
0.807947 46
0.0860927 56
-123456
0.126471 37
0.75 47
0.123529 57
-123456
0.145038 38
0.717557 48
0.137405 58
-123456
0.113924 39
0.78481 49
0.101266 59
-123456
0.15493 30
0.71831 40
0.126761 50
-123456
-654321
0.122137 32
0.748092 42
0.129771 52
-123456
0.113821 33
0.723577 43
0.162602 53
-123456
0.140496 34
0.743802 44
0.115702 54
-123456
0.0947867 35
0.753555 45
0.151659 55
-123456
0.123077 36
0.730769 46
0.146154 56
-123456
0.148352 37
0.725275 47
0.126374 57
-123456
0.140351 38
0.754386 48
0.105263 58
-123456
0.117647 39
0.772059 49
0.110294 59
-123456
0.145455 30
0.745455 40
0.109091 50
-123456
0.162162 31
0.720721 41
0.117117 51
-123456
-654321
0.112583 33
0.794702 43
0.0927152 53
-123456
0.162162 34
0.711712 44
0.126126 54
-123456
0.147287 35
0.705426 45
0.147287 55
-123456
0.13587 36
0.706522 46
0.157609 56
-123456
0.131034 37
0.731034 47
0.137931 57
-123456
0.122807 38
0.789474 48
0.0877193 58
-123456
0.135338 39
0.766917 49
0.0977444 59
-123456
0.1875 31
0.664062 41
0.148438 51
-123456
0.0839161 30
0.804196 40
0.111888 50
-123456
0.0915493 32
0.795775 42
0.112676 52
-123456
-654321
0.117647 34
0.772059 44
0.110294 54
-123456
0.145038 35
0.740458 45
0.114504 55
-123456
0.134078 36
0.72067 46
0.145251 56
-123456
0.0911271 37
0.76259 47
0.146283 57
-123456
0.136364 38
0.795455 48
0.0681818 58
-123456
0.144144 39
0.765766 49
0.0900901 59
-123456
0.132867 32
0.734266 42
0.132867 52
-123456
0.0942029 31
0.731884 41
0.173913 51
-123456
0.0743243 30
0.797297 40
0.128378 50
-123456
0.124088 33
0.788321 43
0.0875912 53
-123456
-654321
0.0584416 35
0.831169 45
0.11039 55
-123456
0.107438 36
0.785124 46
0.107438 56
-123456
0.107143 37
0.794118 47
0.0987395 57
-123456
0.0886076 38
0.835443 48
0.0759494 58
-123456
0.14881 39
0.708333 49
0.142857 59
-123456
0.13125 33
0.75625 43
0.1125 53
-123456
0.136 32
0.752 42
0.112 52
-123456
0.140187 31
0.738318 41
0.121495 51
-123456
0.102941 30
0.764706 40
0.132353 50
-123456
0.0808824 34
0.801471 44
0.117647 54
-123456
-654321
0.134375 36
0.7625 46
0.103125 56
-123456
0.114688 37
0.744467 47
0.140845 57
-123456
0.155556 38
0.733333 48
0.111111 58
-123456
0.112821 39
0.753846 49
0.133333 59
-123456
0.115942 34
0.753623 44
0.130435 54
-123456
0.11399 33
0.715026 43
0.170984 53
-123456
0.122807 32
0.741228 42
0.135965 52
-123456
0.104265 31
0.763033 41
0.132701 51
-123456
0.121693 30
0.751323 40
0.126984 50
-123456
0.156667 35
0.713333 45
0.13 55
-123456
-654321
0.171216 37
0.702233 47
0.126551 57
-123456
0.156863 38
0.691176 48
0.151961 58
-123456
0.131356 39
0.779661 49
0.0889831 59
-123456
0.140187 35
0.698598 45
0.161215 55
-123456
0.149254 34
0.696517 44
0.154229 54
-123456
0.189055 33
0.721393 43
0.0895522 53
-123456
0.170984 32
0.678756 42
0.150259 52
-123456
0.159204 31
0.696517 41
0.144279 51
-123456
0.168421 30
0.710526 40
0.121053 50
-123456
0.139344 36
0.758197 46
0.102459 56
-123456
-654321
0.145161 38
0.71371 48
0.141129 58
-123456
0.139013 39
0.704036 49
0.156951 59
-123456
0.135359 36
0.700276 46
0.164365 56
-123456
0.144404 35
0.707581 45
0.148014 55
-123456
0.0916667 34
0.741667 44
0.166667 54
-123456
0.152074 33
0.686636 43
0.16129 53
-123456
0.199187 32
0.654472 42
0.146341 52
-123456
0.139738 31
0.71179 41
0.148472 51
-123456
0.171206 30
0.692607 40
0.136187 50
-123456
0.13125 37
0.753125 47
0.115625 57
-123456
-654321
0.070922 39
0.808511 49
0.120567 59
-123456
0.141221 37
0.759542 47
0.0992366 57
-123456
0.149701 36
0.748503 46
0.101796 56
-123456
0.107143 35
0.778571 45
0.114286 55
-123456
0.120301 34
0.759399 44
0.120301 54
-123456
0.131783 33
0.736434 43
0.131783 53
-123456
0.12426 32
0.775148 42
0.100592 52
-123456
0.129032 31
0.664516 41
0.206452 51
-123456
0.108571 30
0.782857 40
0.108571 50
-123456
0.0888889 38
0.786667 48
0.124444 58
-123456
-654321
0.0848485 38
0.824242 48
0.0909091 58
-123456
0.0934579 37
0.813084 47
0.0934579 57
-123456
0.10241 36
0.819277 46
0.0783133 56
-123456
0.0813253 35
0.801205 45
0.11747 55
-123456
0.138728 34
0.734104 44
0.127168 54
-123456
0.0918919 33
0.837838 43
0.0702703 53
-123456
0.0933333 32
0.78 42
0.126667 52
-123456
0.121019 31
0.770701 41
0.10828 51
-123456
0.157233 30
0.735849 40
0.106918 50
-123456
0.106145 39
0.73743 49
0.156425 59
-123456
-654321
0.203704 41
0.648148 51
0.148148 61
-123456
0.11215 42
0.794393 52
0.0934579 62
-123456
0.172727 43
0.709091 53
0.118182 63
-123456
0.118182 44
0.772727 54
0.109091 64
-123456
0.165354 45
0.748031 55
0.0866142 65
-123456
0.20354 46
0.619469 56
0.176991 66
-123456
0.0958084 47
0.820359 57
0.0838323 67
-123456
0.121795 48
0.762821 58
0.115385 68
-123456
0.163793 49
0.701149 59
0.135057 69
-123456
0.0900901 40
0.801802 50
0.108108 60
-123456
-654321
0.154545 42
0.736364 52
0.109091 62
-123456
0.115702 43
0.743802 53
0.140496 63
-123456
0.0956522 44
0.773913 54
0.130435 64
-123456
0.148438 45
0.726562 55
0.125 65
-123456
0.145078 46
0.73057 56
0.124352 66
-123456
0.116071 47
0.723214 57
0.160714 67
-123456
0.135802 48
0.759259 58
0.104938 68
-123456
0.13738 49
0.715655 59
0.146965 69
-123456
0.131579 40
0.701754 50
0.166667 60
-123456
0.128205 41
0.709402 51
0.162393 61
-123456
-654321
0.177966 43
0.635593 53
0.186441 63
-123456
0.178295 44
0.697674 54
0.124031 64
-123456
0.206107 45
0.664122 55
0.129771 65
-123456
0.106383 46
0.744681 56
0.148936 66
-123456
0.170543 47
0.728682 57
0.100775 67
-123456
0.1 48
0.8 58
0.1 68
-123456
0.149367 49
0.726582 59
0.124051 69
-123456
0.0847458 41
0.79661 51
0.118644 61
-123456
0.117647 40
0.739496 50
0.142857 60
-123456
0.122951 42
0.795082 52
0.0819672 62
-123456
-654321
0.166667 44
0.698413 54
0.134921 64
-123456
0.165217 45
0.686957 55
0.147826 65
-123456
0.141104 46
0.705521 56
0.153374 66
-123456
0.142322 47
0.719101 57
0.138577 67
-123456
0.122807 48
0.777778 58
0.0994152 68
-123456
0.136792 49
0.731132 59
0.132075 69
-123456
0.150943 42
0.764151 52
0.0849057 62
-123456
0.102564 41
0.769231 51
0.128205 61
-123456
0.148148 40
0.718518 50
0.133333 60
-123456
0.0979021 43
0.79021 53
0.111888 63
-123456
-654321
0.175258 45
0.649485 55
0.175258 65
-123456
0.157143 46
0.678571 56
0.164286 66
-123456
0.132743 47
0.752212 57
0.115044 67
-123456
0.162304 48
0.706806 58
0.13089 68
-123456
0.128205 49
0.709402 59
0.162393 69
-123456
0.11811 43
0.795276 53
0.0866142 63
-123456
0.190476 42
0.730159 52
0.0793651 62
-123456
0.105769 41
0.788462 51
0.105769 61
-123456
0.0973451 40
0.734513 50
0.168142 60
-123456
0.1 44
0.775 54
0.125 64
-123456
-654321
0.119658 46
0.700855 56
0.179487 66
-123456
0.104575 47
0.777778 57
0.117647 67
-123456
0.14759 48
0.707831 58
0.144578 68
-123456
0.107317 49
0.726829 59
0.165854 69
-123456
0.16 44
0.712 54
0.128 64
-123456
0.131387 43
0.715328 53
0.153285 63
-123456
0.0863309 42
0.834532 52
0.0791367 62
-123456
0.0991736 41
0.77686 51
0.123967 61
-123456
0.128571 40
0.742857 50
0.128571 60
-123456
0.112069 45
0.689655 55
0.198276 65
-123456
-654321
0.133047 47
0.751073 57
0.11588 67
-123456
0.136364 48
0.75974 58
0.103896 68
-123456
0.102902 49
0.759894 59
0.137203 69
-123456
0.1 45
0.757143 55
0.142857 65
-123456
0.0921986 44
0.787234 54
0.120567 64
-123456
0.100671 43
0.771812 53
0.127517 63
-123456
0.174242 42
0.681818 52
0.143939 62
-123456
0.1 41
0.75 51
0.15 61
-123456
0.157895 40
0.721804 50
0.120301 60
-123456
0.113475 46
0.751773 56
0.134752 66
-123456
-654321
0.110429 48
0.797546 58
0.0920245 68
-123456
0.114068 49
0.718631 59
0.1673 69
-123456
0.154696 46
0.701657 56
0.143646 66
-123456
0.125786 45
0.748428 55
0.125786 65
-123456
0.110345 44
0.786207 54
0.103448 64
-123456
0.147059 43
0.729412 53
0.123529 63
-123456
0.0914634 42
0.780488 52
0.128049 62
-123456
0.0949367 41
0.803797 51
0.101266 61
-123456
0.135135 40
0.736486 50
0.128378 60
-123456
0.118644 47
0.79096 57
0.0903955 67
-123456
-654321
0.119048 49
0.761905 59
0.119048 69
-123456
0.175258 47
0.680412 57
0.14433 67
-123456
0.179775 46
0.679775 56
0.140449 66
-123456
0.139665 45
0.743017 55
0.117318 65
-123456
0.153846 44
0.74359 54
0.102564 64
-123456
0.152542 43
0.689266 53
0.158192 63
-123456
0.115607 42
0.739884 52
0.144509 62
-123456
0.171779 41
0.687117 51
0.141104 61
-123456
0.138554 40
0.668675 50
0.192771 60
-123456
0.146288 48
0.696507 58
0.157205 68
-123456
-654321
0.134361 48
0.711454 58
0.154185 68
-123456
0.132308 47
0.72 57
0.147692 67
-123456
0.156442 46
0.668712 56
0.174847 66
-123456
0.162162 45
0.72973 55
0.108108 65
-123456
0.140625 44
0.699219 54
0.160156 64
-123456
0.0996441 43
0.772242 53
0.128114 63
-123456
0.16129 42
0.691756 52
0.146953 62
-123456
0.172043 41
0.698925 51
0.129032 61
-123456
0.132867 40
0.723776 50
0.143357 60
-123456
0.150668 49
0.679222 59
0.170109 69
-123456
-654321
0.15625 51
0.734375 61
0.109375 71
-123456
0.211382 52
0.650406 62
0.138211 72
-123456
0.121429 53
0.785714 63
0.0928571 73
-123456
0.161765 54
0.757353 64
0.0808824 74
-123456
0.156716 55
0.708955 65
0.134328 75
-123456
0.112069 56
0.758621 66
0.12931 76
-123456
0.102041 57
0.761905 67
0.136054 77
-123456
0.16 58
0.728889 68
0.111111 78
-123456
0.134615 59
0.753205 69
0.112179 79
-123456
0.133858 50
0.771654 60
0.0944882 70
-123456
-654321
0.125 52
0.786765 62
0.0882353 72
-123456
0.0692308 53
0.815385 63
0.115385 73
-123456
0.148148 54
0.733333 64
0.118519 74
-123456
0.156522 55
0.730435 65
0.113043 75
-123456
0.0776699 56
0.786408 66
0.135922 76
-123456
0.128378 57
0.736486 67
0.135135 77
-123456
0.10137 58
0.758904 68
0.139726 78
-123456
0.11399 59
0.766839 69
0.119171 79
-123456
0.119658 50
0.786325 60
0.0940171 70
-123456
0.0693069 51
0.762376 61
0.168317 71
-123456
-654321
0.134328 53
0.753731 63
0.11194 73
-123456
0.0857143 54
0.764286 64
0.15 74
-123456
0.0902256 55
0.81203 65
0.0977444 75
-123456
0.107692 56
0.784615 66
0.107692 76
-123456
0.118519 57
0.762963 67
0.118519 77
-123456
0.117904 58
0.746725 68
0.135371 78
-123456
0.0953846 59
0.778462 69
0.126154 79
-123456
0.123077 51
0.769231 61
0.107692 71
-123456
0.12963 50
0.712963 60
0.157407 70
-123456
0.116438 52
0.773973 62
0.109589 72
-123456
-654321
0.107692 54
0.761538 64
0.130769 74
-123456
0.0869565 55
0.811594 65
0.101449 75
-123456
0.100671 56
0.785235 66
0.114094 76
-123456
0.088 57
0.792 67
0.12 77
-123456
0.10559 58
0.751553 68
0.142857 78
-123456
0.14742 59
0.727273 69
0.125307 79
-123456
0.1 52
0.753846 62
0.146154 72
-123456
0.113821 51
0.723577 61
0.162602 71
-123456
0.130081 50
0.723577 60
0.146341 70
-123456
0.168317 53
0.732673 63
0.0990099 73
-123456
-654321
0.122581 55
0.748387 65
0.129032 75
-123456
0.131944 56
0.75 66
0.118056 76
-123456
0.0714286 57
0.864286 67
0.0642857 77
-123456
0.125523 58
0.740586 68
0.133891 78
-123456
0.136808 59
0.736156 69
0.127036 79
-123456
0.196429 53
0.705357 63
0.0982143 73
-123456
0.12605 52
0.789916 62
0.0840336 72
-123456
0.104 51
0.808 61
0.088 71
-123456
0.145299 50
0.760684 60
0.0940171 70
-123456
0.0846154 54
0.815385 64
0.1 74
-123456
-654321
0.104895 56
0.783217 66
0.111888 76
-123456
0.123967 57
0.768595 67
0.107438 77
-123456
0.104762 58
0.738095 68
0.157143 78
-123456
0.130435 59
0.733696 69
0.13587 79
-123456
0.113636 54
0.75 64
0.136364 74
-123456
0.137405 53
0.755725 63
0.10687 73
-123456
0.126761 52
0.753521 62
0.119718 72
-123456
0.159664 51
0.722689 61
0.117647 71
-123456
0.163121 50
0.70922 60
0.12766 70
-123456
0.106061 55
0.810606 65
0.0833333 75
-123456
-654321
0.0869565 57
0.76087 67
0.152174 77
-123456
0.160584 58
0.722628 68
0.116788 78
-123456
0.140762 59
0.73607 69
0.123167 79
-123456
0.078125 55
0.796875 65
0.125 75
-123456
0.0827068 54
0.766917 64
0.150376 74
-123456
0.160839 53
0.748252 63
0.0909091 73
-123456
0.160256 52
0.711538 62
0.128205 72
-123456
0.125 51
0.701389 61
0.173611 71
-123456
0.0769231 50
0.769231 60
0.153846 70
-123456
0.11039 56
0.753247 66
0.136364 76
-123456
-654321
0.0653595 58
0.836601 68
0.0980392 78
-123456
0.109959 59
0.755187 69
0.134855 79
-123456
0.109589 56
0.787671 66
0.10274 76
-123456
0.131783 55
0.697674 65
0.170543 75
-123456
0.0708661 54
0.795276 64
0.133858 74
-123456
0.0977444 53
0.744361 63
0.157895 73
-123456
0.170543 52
0.651163 62
0.178295 72
-123456
0.146667 51
0.733333 61
0.12 71
-123456
0.124031 50
0.751938 60
0.124031 70
-123456
0.142077 57
0.73224 67
0.125683 77
-123456
-654321
0.152381 59
0.693651 69
0.153968 79
-123456
0.0963855 57
0.746988 67
0.156627 77
-123456
0.166667 56
0.722222 66
0.111111 76
-123456
0.119149 55
0.753191 65
0.12766 75
-123456
0.139175 54
0.721649 64
0.139175 74
-123456
0.12973 53
0.708108 63
0.162162 73
-123456
0.137339 52
0.733906 62
0.128755 72
-123456
0.117371 51
0.737089 61
0.14554 71
-123456
0.0947867 50
0.744076 60
0.161137 70
-123456
0.113445 58
0.756303 68
0.130252 78
-123456
-654321
0.132879 58
0.744463 68
0.122658 78
-123456
0.139053 57
0.739645 67
0.121302 77
-123456
0.148438 56
0.75 66
0.101562 76
-123456
0.125749 55
0.712575 65
0.161677 75
-123456
0.155763 54
0.707165 64
0.137072 74
-123456
0.160763 53
0.713896 63
0.125341 73
-123456
0.127907 52
0.752907 62
0.119186 72
-123456
0.154079 51
0.734139 61
0.111782 71
-123456
0.115979 50
0.768041 60
0.115979 70
-123456
0.134328 59
0.733333 69
0.132338 79
-123456
-654321
0.104478 61
0.820895 71
0.0746269 81
-123456
0.0897436 62
0.775641 72
0.134615 82
-123456
0.0962963 63
0.822222 73
0.0814815 83
-123456
0.156977 64
0.738372 74
0.104651 84
-123456
0.0945946 65
0.831081 75
0.0743243 85
-123456
0.0694444 66
0.8125 76
0.118056 86
-123456
0.133333 67
0.753333 77
0.113333 87
-123456
0.133803 68
0.760563 78
0.105634 88
-123456
0.103659 69
0.76626 79
0.130081 89
-123456
0.152778 60
0.75 70
0.0972222 80
-123456
-654321
0.119497 62
0.761006 72
0.119497 82
-123456
0.0887097 63
0.774194 73
0.137097 83
-123456
0.10828 64
0.764331 74
0.127389 84
-123456
0.10274 65
0.808219 75
0.0890411 85
-123456
0.1 66
0.815385 76
0.0846154 86
-123456
0.109589 67
0.760274 77
0.130137 87
-123456
0.136986 68
0.787671 78
0.0753425 88
-123456
0.0993657 69
0.790698 79
0.109937 89
-123456
0.0677966 60
0.79661 70
0.135593 80
-123456
0.102564 61
0.801282 71
0.0961538 81
-123456
-654321
0.152866 63
0.732484 73
0.11465 83
-123456
0.160584 64
0.708029 74
0.131387 84
-123456
0.161074 65
0.758389 75
0.0805369 85
-123456
0.12 66
0.777143 76
0.102857 86
-123456
0.155556 67
0.718518 77
0.125926 87
-123456
0.104167 68
0.791667 78
0.104167 88
-123456
0.115234 69
0.771484 79
0.113281 89
-123456
0.0666667 61
0.8 71
0.133333 81
-123456
0.106667 60
0.786667 70
0.106667 80
-123456
0.110236 62
0.787402 72
0.102362 82
-123456
-654321
0.124224 64
0.776398 74
0.0993789 84
-123456
0.107383 65
0.771812 75
0.120805 85
-123456
0.154472 66
0.707317 76
0.138211 86
-123456
0.117241 67
0.793103 77
0.0896552 87
-123456
0.0877193 68
0.824561 78
0.0877193 88
-123456
0.106576 69
0.795918 79
0.0975057 89
-123456
0.104167 62
0.8125 72
0.0833333 82
-123456
0.1 61
0.76 71
0.14 81
-123456
0.0740741 60
0.8 70
0.125926 80
-123456
0.125 63
0.783333 73
0.0916667 83
-123456
-654321
0.0738255 65
0.798658 75
0.127517 85
-123456
0.123188 66
0.753623 76
0.123188 86
-123456
0.115108 67
0.776978 77
0.107914 87
-123456
0.0826772 68
0.791339 78
0.125984 88
-123456
0.127315 69
0.775463 79
0.0972222 89
-123456
0.140845 63
0.739437 73
0.119718 83
-123456
0.116883 62
0.746753 72
0.136364 82
-123456
0.128378 61
0.743243 71
0.128378 81
-123456
0.0928571 60
0.771429 70
0.135714 80
-123456
0.120253 64
0.772152 74
0.107595 84
-123456
-654321
0.121212 66
0.765152 76
0.113636 86
-123456
0.1 67
0.8 77
0.1 87
-123456
0.131579 68
0.756579 78
0.111842 88
-123456
0.106212 69
0.771543 79
0.122244 89
-123456
0.102041 64
0.795918 74
0.102041 84
-123456
0.123377 63
0.727273 73
0.149351 83
-123456
0.136054 62
0.795918 72
0.0680272 82
-123456
0.115385 61
0.74359 71
0.141026 81
-123456
0.112676 60
0.760563 70
0.126761 80
-123456
0.123288 65
0.794521 75
0.0821918 85
-123456
-654321
0.12963 67
0.765432 77
0.104938 87
-123456
0.118852 68
0.754098 78
0.127049 88
-123456
0.0984043 69
0.773936 79
0.12766 89
-123456
0.144928 65
0.724638 75
0.130435 85
-123456
0.0758621 64
0.77931 74
0.144828 84
-123456
0.100719 63
0.71223 73
0.18705 83
-123456
0.120301 62
0.729323 72
0.150376 82
-123456
0.136054 61
0.727891 71
0.136054 81
-123456
0.0979021 60
0.79021 70
0.111888 80
-123456
0.0775194 66
0.829457 76
0.0930233 86
-123456
-654321
0.122977 68
0.776699 78
0.100324 88
-123456
0.097561 69
0.796748 79
0.105691 89
-123456
0.130137 66
0.726027 76
0.143836 86
-123456
0.113095 65
0.744048 75
0.142857 85
-123456
0.10303 64
0.787879 74
0.109091 84
-123456
0.128378 63
0.75 73
0.121622 83
-123456
0.114094 62
0.785235 72
0.100671 82
-123456
0.0967742 61
0.822581 71
0.0806452 81
-123456
0.12 60
0.773333 70
0.106667 80
-123456
0.136364 67
0.785714 77
0.0779221 87
-123456
-654321
0.076555 69
0.803828 79
0.119617 89
-123456
0.0824742 67
0.819588 77
0.0979381 87
-123456
0.108374 66
0.778325 76
0.1133 86
-123456
0.151685 65
0.702247 75
0.146067 85
-123456
0.0909091 64
0.828283 74
0.0808081 84
-123456
0.113861 63
0.777228 73
0.108911 83
-123456
0.0769231 62
0.810256 72
0.112821 82
-123456
0.109948 61
0.82199 71
0.0680628 81
-123456
0.114286 60
0.742857 70
0.142857 80
-123456
0.115385 68
0.778846 78
0.105769 88
-123456
-654321
0.117438 68
0.766904 78
0.115658 88
-123456
0.111579 67
0.8 77
0.0884211 87
-123456
0.111857 66
0.789709 76
0.098434 86
-123456
0.113786 65
0.792123 75
0.0940919 85
-123456
0.121951 64
0.738359 74
0.13969 84
-123456
0.12311 63
0.781857 73
0.0950324 83
-123456
0.144928 62
0.741201 72
0.113872 82
-123456
0.118834 61
0.79148 71
0.0896861 81
-123456
0.111364 60
0.777273 70
0.111364 80
-123456
0.105297 69
0.778424 79
0.116279 89
-123456
-654321
0.0962567 71
0.796791 81
0.106952 91
-123456
0.103448 72
0.793103 82
0.103448 92
-123456
0.0662651 73
0.86747 83
0.0662651 93
-123456
0.10582 74
0.804233 84
0.0899471 94
-123456
0.116564 75
0.803681 85
0.0797546 95
-123456
0.0993789 76
0.819876 86
0.0807453 96
-123456
0.076087 77
0.853261 87
0.0706522 97
-123456
0.0934066 78
0.840659 88
0.0659341 98
-123456
0.0971223 79
0.80036 89
0.102518 99
-123456
0.0855615 70
0.812834 80
0.101604 90
-123456
-654321
0.139241 72
0.778481 82
0.0822785 92
-123456
0.151079 73
0.776978 83
0.0719424 93
-123456
0.091954 74
0.827586 84
0.0804598 94
-123456
0.0736196 75
0.834356 85
0.0920245 95
-123456
0.0867052 76
0.815029 86
0.0982659 96
-123456
0.114865 77
0.858108 87
0.027027 97
-123456
0.0833333 78
0.82197 88
0.094697 98
-123456
0.0983936 79
0.785141 89
0.116466 99
-123456
0.128342 70
0.775401 80
0.0962567 90
-123456
0.0848485 71
0.824242 81
0.0909091 91
-123456
-654321
0.0820513 73
0.830769 83
0.0871795 93
-123456
0.119048 74
0.779762 84
0.10119 94
-123456
0.127517 75
0.778524 85
0.0939597 95
-123456
0.116959 76
0.795322 86
0.0877193 96
-123456
0.0994475 77
0.79558 87
0.104972 97
-123456
0.0894737 78
0.831579 88
0.0789474 98
-123456
0.104348 79
0.796522 89
0.0991304 99
-123456
0.0432099 71
0.839506 81
0.117284 91
-123456
0.0914634 70
0.823171 80
0.0853659 90
-123456
0.0634921 72
0.84127 82
0.0952381 92
-123456
-654321
0.10303 74
0.830303 84
0.0666667 94
-123456
0.0914286 75
0.845714 85
0.0628571 95
-123456
0.0611111 76
0.866667 86
0.0722222 96
-123456
0.101266 77
0.791139 87
0.107595 97
-123456
0.0963855 78
0.813253 88
0.0903614 98
-123456
0.0996678 79
0.815615 89
0.0847176 99
-123456
0.150327 72
0.771242 82
0.0784314 92
-123456
0.137725 71
0.742515 81
0.11976 91
-123456
0.151042 70
0.760417 80
0.0885417 90
-123456
0.0662983 73
0.861878 83
0.0718232 93
-123456
-654321
0.0961538 75
0.782051 85
0.121795 95
-123456
0.0947368 76
0.784211 86
0.121053 96
-123456
0.132653 77
0.806122 87
0.0612245 97
-123456
0.111702 78
0.776596 88
0.111702 98
-123456
0.0980392 79
0.828877 89
0.0730838 99
-123456
0.0700637 73
0.847134 83
0.0828025 93
-123456
0.0804598 72
0.810345 82
0.109195 92
-123456
0.110497 71
0.79558 81
0.0939227 91
-123456
0.140541 70
0.762162 80
0.0972973 90
-123456
0.109091 74
0.793939 84
0.0969697 94
-123456
-654321
0.0909091 76
0.807487 86
0.101604 96
-123456
0.116022 77
0.823204 87
0.0607735 97
-123456
0.0773196 78
0.804124 88
0.118557 98
-123456
0.108007 79
0.783985 89
0.108007 99
-123456
0.10596 74
0.84106 84
0.0529801 94
-123456
0.114458 73
0.819277 83
0.0662651 93
-123456
0.0736842 72
0.836842 82
0.0894737 92
-123456
0.0759494 71
0.803797 81
0.120253 91
-123456
0.0909091 70
0.818182 80
0.0909091 90
-123456
0.114286 75
0.788571 85
0.0971429 95
-123456
-654321
0.0481928 77
0.843373 87
0.108434 97
-123456
0.100559 78
0.798883 88
0.100559 98
-123456
0.0813743 79
0.819168 89
0.0994575 99
-123456
0.0815217 75
0.815217 85
0.103261 95
-123456
0.0880829 74
0.818653 84
0.0932643 94
-123456
0.115607 73
0.780347 83
0.104046 93
-123456
0.125654 72
0.764398 82
0.109948 92
-123456
0.107784 71
0.760479 81
0.131737 91
-123456
0.0564103 70
0.841026 80
0.102564 90
-123456
0.0754717 76
0.855346 86
0.0691824 96
-123456
-654321
0.0988372 78
0.796512 88
0.104651 98
-123456
0.0950872 79
0.808241 89
0.0966719 99
-123456
0.0971429 76
0.788571 86
0.114286 96
-123456
0.0797872 75
0.803191 85
0.117021 95
-123456
0.10582 74
0.767196 84
0.126984 94
-123456
0.0411765 73
0.870588 83
0.0882353 93
-123456
0.0804598 72
0.810345 82
0.109195 92
-123456
0.0877193 71
0.830409 81
0.0818713 91
-123456
0.0764331 70
0.834395 80
0.089172 90
-123456
0.10929 77
0.786885 87
0.103825 97
-123456
-654321
0.0739599 79
0.841294 89
0.0847458 99
-123456
0.0526316 77
0.842105 87
0.105263 97
-123456
0.0869565 76
0.826087 86
0.0869565 96
-123456
0.0645161 75
0.833333 85
0.102151 95
-123456
0.0722222 74
0.805556 84
0.122222 94
-123456
0.078125 73
0.817708 83
0.104167 93
-123456
0.0952381 72
0.820106 82
0.0846561 92
-123456
0.0689655 71
0.856322 81
0.0747126 91
-123456
0.111675 70
0.761421 80
0.126904 90
-123456
0.0828729 78
0.850829 88
0.0662983 98
-123456
-654321
0.0935961 78
0.799672 88
0.106732 98
-123456
0.0935484 77
0.814516 87
0.0919355 97
-123456
0.0830389 76
0.805654 86
0.111307 96
-123456
0.112847 75
0.779514 85
0.107639 95
-123456
0.0793651 74
0.828924 84
0.0917108 94
-123456
0.101786 73
0.803571 83
0.0946429 93
-123456
0.116814 72
0.79646 82
0.0867257 92
-123456
0.0883978 71
0.815838 81
0.0957643 91
-123456
0.100182 70
0.816029 80
0.0837887 90
-123456
0.09547 79
0.804189 89
0.100341 99
-123456
-654321
0.0623377 81
0.937662 91
-123456
0.0345679 82
0.965432 92
-123456
0.0296496 83
0.97035 93
-123456
0.0409091 84
0.959091 94
-123456
0.0533981 85
0.946602 95
-123456
0.025974 86
0.974026 96
-123456
0.0389908 87
0.961009 97
-123456
0.0409639 88
0.959036 98
-123456
0.049459 89
0.950541 99
-123456
0.0343137 80
0.965686 90
-123456
-654321
0.0475 82
0.9525 92
-123456
0.0447761 83
0.955224 93
-123456
0.033419 84
0.966581 94
-123456
0.0569948 85
0.943005 95
-123456
0.0352645 86
0.964736 96
-123456
0.0380711 87
0.961929 97
-123456
0.0310078 88
0.968992 98
-123456
0.0474777 89
0.952522 99
-123456
0.0421053 80
0.957895 90
-123456
0.0497382 81
0.950262 91
-123456
-654321
0.0348028 83
0.965197 93
-123456
0.0266667 84
0.973333 94
-123456
0.0417633 85
0.958237 95
-123456
0.0517711 86
0.948229 96
-123456
0.0455635 87
0.954436 97
-123456
0.0425056 88
0.957494 98
-123456
0.0430438 89
0.956956 99
-123456
0.0447368 81
0.955263 91
-123456
0.0277778 80
0.972222 90
-123456
0.0311751 82
0.968825 92
-123456
-654321
0.0354223 84
0.964578 94
-123456
0.049505 85
0.950495 95
-123456
0.0557029 86
0.944297 96
-123456
0.0280112 87
0.971989 97
-123456
0.0492611 88
0.950739 98
-123456
0.0451937 89
0.954806 99
-123456
0.0385604 82
0.96144 92
-123456
0.0321782 81
0.967822 91
-123456
0.0546448 80
0.945355 90
-123456
0.0508906 83
0.949109 93
-123456
-654321
0.0457666 85
0.954233 95
-123456
0.0427807 86
0.957219 96
-123456
0.0309278 87
0.969072 97
-123456
0.0512195 88
0.94878 98
-123456
0.0354505 89
0.964549 99
-123456
0.0575916 83
0.942408 93
-123456
0.0391645 82
0.960836 92
-123456
0.0522388 81
0.947761 91
-123456
0.0376884 80
0.962312 90
-123456
0.0628141 84
0.937186 94
-123456
-654321
0.0330789 86
0.966921 96
-123456
0.0445545 87
0.955446 97
-123456
0.043379 88
0.956621 98
-123456
0.0474106 89
0.952589 99
-123456
0.0444965 84
0.955504 94
-123456
0.0425 83
0.9575 93
-123456
0.0445026 82
0.955497 92
-123456
0.0405405 81
0.959459 91
-123456
0.0434783 80
0.956522 90
-123456
0.0475059 85
0.952494 95
-123456
-654321
0.0456853 87
0.954315 97
-123456
0.0402145 88
0.959786 98
-123456
0.0301432 89
0.969857 99
-123456
0.0230769 85
0.976923 95
-123456
0.0362694 84
0.963731 94
-123456
0.046875 83
0.953125 93
-123456
0.0534351 82
0.946565 92
-123456
0.0287958 81
0.971204 91
-123456
0.0323326 80
0.967667 90
-123456
0.0457666 86
0.954233 96
-123456
-654321
0.0442105 88
0.955789 98
-123456
0.0504386 89
0.949561 99
-123456
0.0536193 86
0.946381 96
-123456
0.0484262 85
0.951574 95
-123456
0.0395778 84
0.960422 94
-123456
0.0301508 83
0.969849 93
-123456
0.0412621 82
0.958738 92
-123456
0.0275 81
0.9725 91
-123456
0.0390625 80
0.960938 90
-123456
0.0245902 87
0.97541 97
-123456
-654321
0.042988 89
0.957012 99
-123456
0.0327456 87
0.967254 97
-123456
0.032419 86
0.967581 96
-123456
0.0233645 85
0.976636 95
-123456
0.0318627 84
0.968137 94
-123456
0.0392157 83
0.960784 93
-123456
0.0282353 82
0.971765 92
-123456
0.040404 81
0.959596 91
-123456
0.0462963 80
0.953704 90
-123456
0.0364465 88
0.963554 98
-123456
-654321
0.0469552 88
0.953045 98
-123456
0.0471499 87
0.95285 97
-123456
0.0383502 86
0.96165 96
-123456
0.0384326 85
0.961567 95
-123456
0.0378058 84
0.962194 94
-123456
0.0412214 83
0.958779 93
-123456
0.0463235 82
0.953676 92
-123456
0.039093 81
0.960907 91
-123456
0.0343567 80
0.965643 90
-123456
0.000215517 59
0.0398707 89
0.959914 99
-123456
-654321
