156.901
137.793
133.892
129.959
141.393
-654321
137.956
134.028
134.891
164.174
141.98
141.033
-654321
134.038
130.117
126.019
122.052
153.39
142.104
138.053
-654321
130.209
125.716
121.804
143.62
154.862
141.262
142.063
133.898
-654321
125.947
122.187
118.033
140.343
133.71
137.976
141.61
141.669
139.345
-654321
121.994
117.735
114.174
110.046
129.95
133.955
137.954
141.612
125.67
-654321
118.033
113.897
110.144
105.81
126.063
129.707
133.775
137.881
121.901
-654321
113.821
110.047
105.826
101.677
122.109
125.882
129.671
134.058
117.835
-654321
109.965
106.2
102.044
97.671
118.13
121.905
126.222
129.77
114.03
-654321
105.891
101.911
97.8799
116.064
114.154
118.012
122.159
126.011
110.166
-654321
101.571
98.1672
93.7102
89.9763
109.772
113.59
117.767
122.281
106.041
-654321
97.7838
94.0798
90.3614
85.4258
106.05
110.004
113.839
118.068
101.461
-654321
93.9115
89.41
85.8677
82.1954
102.296
105.585
110.225
114.127
97.6358
-654321
90.1166
86.4292
81.9165
78.1484
97.4562
101.85
106.963
109.986
93.9198
-654321
85.7903
81.9074
78.1599
73.7508
94.271
98.0712
101.687
105.989
90.0643
-654321
81.7818
78.3715
74.0616
99.5696
89.6016
94.0845
97.4409
101.898
86.0462
-654321
78.4121
74.2958
99.2252
66.125
86.4367
90.3834
94.5439
121.746
82.5638
-654321
73.6613
70.2623
66.3494
61.5629
81.9374
86.4734
90.076
94.3758
78.208
-654321
69.9095
65.4357
62.9424
57.7431
103.243
82.3187
85.7789
90.0912
101.451
-654321
73.7826
61.2054
57.4751
54.0818
101.495
102.844
82.2011
86.5243
99.2557
-654321
61.9698
58.2567
55.2007
50.1693
69.5883
101.741
103.717
98.4778
96.8531
-654321
58.1382
91.42
49.746
86.3347
66.8729
69.5831
73.6331
78.4634
95.1939
-654321
54.0351
89.2635
44.9276
42.6871
62.5246
66.2992
70.3541
73.9796
92.4338
-654321
49.5352
46.5075
42.6038
37.3051
57.2816
96.8017
67.3364
70.0408
91.3151
-654321
46.3662
43.3884
38.5628
34.2533
54.8149
94.0943
60.8411
65.7832
89.2755
-654321
85.3354
84.1804
32.7007
79.5287
50.3119
53.5918
57.2022
95.0012
87.3465
-654321
84.8976
82.5345
30.3557
46.7801
49.8182
55.245
58.15
41.773
-654321
33.1553
80.4907
41.8781
86.9197
48.965
54.0003
83.2332
-654321
78.3193
36.9411
43.0575
87.5804
50.1561
81.0285
-654321
82.6283
82.1703
87.4982
86.9605
30.5653
-654321
158.198
158.49
155.331
150.139
151.058
-654321
159.062
155.418
150.369
144.86
150.681
158.929
-654321
155.257
150.373
144.593
138.712
159.095
151.084
159.411
-654321
150.923
144.847
139.201
133.567
159.437
158.675
150.828
155.991
-654321
144.443
138.756
133.037
126.931
155.577
159.033
158.531
150.969
150.069
-654321
138.667
132.786
127.04
120.556
150.579
155.806
159.998
158.505
144.581
-654321
132.969
126.913
121.244
114.426
144.459
150.178
156.073
159.411
139.118
-654321
127.255
121.049
115.145
109.182
139.119
145.253
150.705
155.23
133.008
-654321
120.487
115.071
108.316
102.167
132.618
138.845
144.809
150.371
126.434
-654321
114.193
108.699
102.689
97.1241
126.911
132.838
138.488
144.788
120.546
-654321
108.979
102.868
96.8942
90.5218
121.014
125.833
133.133
138.946
115.213
-654321
102.658
97.3118
90.782
84.6886
115.05
120.719
126.873
132.833
108.814
-654321
96.839
91.4607
85.0177
78.9618
109.183
113.864
121.149
126.699
102.601
-654321
90.2271
84.546
79.3428
72.1168
103.029
108.871
114.205
120.688
95.9076
-654321
84.1887
78.7746
72.2397
67.1165
97.1966
103.175
108.911
115.323
90.582
-654321
78.6037
72.5462
66.3577
60.625
91.8464
96.6492
108.155
108.817
84.3485
-654321
72.9383
67.0876
61.2897
54.987
84.2274
91.0419
96.7637
102.676
78.3217
-654321
67.5058
60.3441
55.5326
48.3248
78.957
84.8003
90.2551
96.8404
71.7267
-654321
61.2468
54.5091
47.8023
42.0708
72.4654
78.9067
85.3233
90.2729
66.626
-654321
55.4727
72.2478
43.0349
36.0993
67.4041
72.4862
78.0027
85.2691
60.9296
-654321
48.5564
42.7079
38.3576
29.7059
61.2332
67.3589
88.1377
78.2443
76.9347
-654321
42.8293
102.688
60.1115
24.0471
75.7713
60.284
85.3685
72.9909
49.4991
-654321
36.938
57.6231
26.1456
18.1501
83.4016
76.5973
80.5785
83.9601
40.7754
-654321
30.3511
99.2647
51.2559
13.1094
42.1512
48.1982
55.3458
60.0626
65.2944
-654321
56.627
52.014
12.1867
44.9012
74.5692
41.538
72.6422
53.2506
30.0573
-654321
19.0084
48.5772
6.43733
90.3919
30.1486
35.4525
42.2264
72.2151
56.0841
-654321
48.7586
44.1127
39.271
25.7014
30.3808
36.2693
66.8131
17.9515
-654321
6.60714
0
17.4627
56.4444
59.7415
36.2905
11.9592
-654321
40.5625
96.4033
97.4171
55.5037
30.8213
45.2682
-654321
53.9214
93.9849
19.7661
54.8923
51.9298
-654321
165.677
176.048
179.51
177.696
151.012
-654321
176.631
178.711
176.966
172.786
150.753
166.153
-654321
176.447
176.209
171.965
168.75
165.074
150.453
176.276
-654321
176.12
173.959
169.106
163.46
174.017
165.784
149.804
177.602
-654321
173.687
169.265
163.957
157.621
177.549
174.674
165.933
150.122
177.067
-654321
168.132
163.719
157.277
151.718
175.9
178.677
176.851
163.246
173.82
-654321
163.412
157.534
152.063
145.68
173.63
177.238
177.8
173.546
169.316
-654321
157.592
152.358
145.525
139.823
169.296
173.473
178.359
177.821
163.641
-654321
151.27
145.253
139.551
133.379
162.698
169.532
172.726
177.852
157.057
-654321
145.363
139.323
133.278
128.136
157.186
163.07
168.487
173.556
151.299
-654321
139.312
133.285
127.356
121.177
150.872
157.266
162.361
168.453
145.969
-654321
132.767
127.019
121.717
116.216
144.825
151.757
157.235
163.349
139.668
-654321
128.018
121.225
115.566
109.226
138.99
145.656
151.464
156.831
133.175
-654321
121.967
115.485
109.592
103.654
133.713
139.363
144.772
151.412
126.494
-654321
115.186
108.521
102.476
96.6996
127.231
133.458
138.522
145.473
121.955
-654321
109.366
103.838
98.4135
91.9369
121.79
126.526
133.255
139.266
114.811
-654321
102.614
96.7058
99.3812
85.5742
114.801
122.261
126.787
132.829
109.558
-654321
97.0286
91.2436
84.66
78.1819
109.066
115.734
121.648
127.079
103.549
-654321
90.8511
85.3359
77.2759
73.9215
104.671
108.807
128.091
121.619
97.9369
-654321
85.4425
92.1817
74.6494
67.9522
96.8902
107.679
112.229
115.04
91.848
-654321
92.0775
74.2356
83.2087
61.2972
92.1266
96.3346
104.758
110.184
85.0015
-654321
73.1492
68.0993
61.0412
75.6599
84.9724
91.1378
104.834
102.459
79.5789
-654321
66.7378
79.1459
76.2181
70.5668
78.384
95.6637
99.3473
96.6097
72.4975
-654321
60.615
56.3841
49.8992
43.8515
113.61
91.7624
95.0578
91.6989
68.4825
-654321
55.3444
49.2716
43.1913
64.4681
83.8709
73.1542
76.7671
85.0404
91.3307
-654321
49.2231
68.9862
63.7635
72.0855
79.2916
66.6363
86.622
90.6157
74.8774
-654321
42.5882
63.9731
100.19
74.2193
62.1468
65.7068
87.4701
70.2559
-654321
37.6911
30.2209
83.316
77.1838
79.4157
68.4293
105.386
-654321
60.0408
42.4384
51.7418
54.4487
78.352
37.6704
-654321
64.3625
106.053
105.094
74.6565
31.1425
-654321
166.21
178.919
188.62
195.397
151.303
-654321
177.037
193.558
194.312
194.798
150.95
165.763
-654321
188.05
196.795
196.185
195.104
165.043
151.385
179.806
-654321
190.858
194.838
192.106
188.906
178.188
163.089
150.182
184.543
-654321
194.618
191.308
189.906
184.552
188.112
179.895
164.574
150.766
195.433
-654321
193.186
188.87
184.97
179.77
194.284
188.618
180.861
165.142
194.152
-654321
189.632
185.395
179.397
174.577
196.025
196.721
187.56
178.379
195.246
-654321
184.589
179.705
173.428
167.435
191.897
195.358
194.833
187.863
189.757
-654321
179.692
173.364
168.251
162.093
188.386
194.156
196.128
195.449
185.396
-654321
173.87
166.926
162.142
156.838
185.488
189.277
191.69
195.117
178.628
-654321
167.409
162.432
156.127
150.348
179.649
184.938
190.858
190.822
174.775
-654321
162.46
155.968
150.062
144.426
174.177
179.903
185.63
189.281
168.508
-654321
155.59
150.106
144.086
138.77
168.698
173.314
179.244
184.959
162.63
-654321
150.65
144.005
137.766
132.733
161.933
168.627
173.805
179.284
155.687
-654321
144.036
137.645
130.744
123.009
156.18
161.627
168.759
172.937
148.64
-654321
137.759
132.266
126.15
120.032
150.096
155.693
161.947
168.18
143.67
-654321
131.286
125.889
120.488
112.963
143.304
149.992
155.733
161.997
138.02
-654321
124.066
120.964
115.074
109.383
137.396
143.609
149.676
156.398
130.927
-654321
119.245
114.333
107.864
100.605
132.021
137.581
144.838
150.168
126.184
-654321
114.175
107.32
107.741
103.743
126.683
127.212
139.145
143.665
120.226
-654321
107.724
105.924
95.2712
90.8549
118.978
126.503
127.77
137.279
112.811
-654321
103.301
103.063
90.0195
118.616
113.169
120.083
127.707
131.833
110.613
-654321
94.8956
98.7378
117.804
78.0698
107.813
112.41
120.343
125.28
100.749
-654321
98.6322
93.1298
77.5575
70.0715
108.67
110.804
115.978
119.343
97.768
-654321
85.3331
91.5893
87.9486
81.8793
97.8287
107.491
123.239
114.308
112.005
-654321
79.0902
87.77
112.046
58.8984
89.0235
103.47
124.643
108.048
82.3658
-654321
73.6185
66.8114
58.853
105.981
122.063
102.888
100.659
92.6072
-654321
93.4839
59.0457
78.2318
93.3335
88.4265
102.235
100.131
-654321
61.1563
87.8348
77.7386
83.2823
98.9394
83.2744
-654321
110.914
86.0489
77.4359
95.0788
78.9945
-654321
164.981
179.336
188.85
204.944
150.623
-654321
179.233
192.573
203.912
215.936
151.466
168.485
-654321
193.054
206.419
209.532
217.701
165.036
149.821
179.99
-654321
198.226
213.516
208.714
215.194
176.951
165.671
151.25
187.065
-654321
212.827
216.175
213.454
212.21
195.811
175.594
163.183
150.898
202.04
-654321
211.944
209.775
212.141
209.306
205.728
193.752
178.004
164.183
212.033
-654321
213.332
212.476
209.649
204.489
210.77
202.517
194.453
180.996
214.208
-654321
212.624
206.945
204.419
198.343
211.849
211.875
208.456
190.388
212.084
-654321
206.086
203.246
199.525
192.817
215.224
215.085
210.951
205.029
211.196
-654321
203.931
195.827
192.141
187.815
213.528
214.572
215.427
210.025
206.776
-654321
198.954
192.777
186.834
181.759
209.832
213.605
213.954
212.381
200.723
-654321
192.371
187.108
182.395
176.099
205.213
204.301
213.893
211.618
199.723
-654321
188.068
182.723
176.773
170.435
199.439
202.882
206.222
211.144
193.977
-654321
182.077
176.797
170.662
164.531
191.377
196.593
203.774
207.24
186.189
-654321
175.295
169.593
164.765
158.519
186.655
193.535
199.413
203.269
179.816
-654321
169.504
163.478
158.266
152.007
182.503
184.935
194.056
198.952
176.304
-654321
163.674
158.161
152.197
147.682
173.616
181.979
186.448
192.926
170.15
-654321
156.9
151.209
145.721
139.025
170.924
176.493
181.272
188
165.078
-654321
150.867
135.853
140.29
134.864
162.743
169.586
176.881
180.994
157.784
-654321
147.025
139.866
134.248
128.03
158.204
163.446
168.373
175.294
151.852
-654321
141.261
133.975
126.374
121.948
151.244
158.225
163.336
170.841
143.915
-654321
128.277
128.349
119.74
114.896
135.468
141.17
158.952
163.904
139.749
-654321
127.332
120.716
116.495
111.398
132.658
146.004
151.774
157.708
135.616
-654321
122.732
116.834
111.089
103.598
134.229
131.394
136.41
152.046
135.943
-654321
115.425
109.289
107.651
97.4461
123.247
133.822
140.691
145.43
122.055
-654321
112.139
124.26
98.3575
99.6455
121.426
124.556
134.008
138.615
114.64
-654321
108.324
103.521
100.235
114.079
121.408
123.634
134.484
125.567
-654321
102.814
92.7446
109.176
115.213
121.267
127.638
107.121
-654321
98.8304
125.532
110.427
115.978
122.936
103.682
-654321
104.089
124.982
113.138
114.356
91.511
-654321
164.658
179.101
185.877
208.656
149.955
-654321
187.976
200.693
209.527
216.464
152.915
163.818
-654321
196.842
204.597
211.396
226.748
163.208
149.272
182.325
-654321
202.614
221.622
226.154
231.09
175.031
165.666
150.389
191.738
-654321
223.113
223.292
232.605
232.635
196.352
180.245
165.893
149.735
208.645
-654321
231.045
228.086
232.016
234.101
205.482
194.077
177.329
166.202
218.041
-654321
228.173
230.979
228.201
227.73
218.828
212.276
189.296
178.702
232.553
-654321
230.016
228.083
227.39
223.945
230.065
214.676
203.698
193.342
231.333
-654321
228.675
227.978
222.833
220.708
227.953
228.848
220.502
206.476
232.721
-654321
229.016
222.706
220.728
214.846
229.217
227.913
230.735
215.815
230.229
-654321
225.139
217.709
214.687
211.698
228.85
229.213
229.018
225.808
224.216
-654321
218.165
213.065
210.975
203.932
220.299
226.283
232.325
231.528
223.072
-654321
214.772
209.06
202.989
198.401
223.032
222.753
231.882
231.144
217.71
-654321
207.983
202.359
197.209
193.715
220.508
222.887
222.523
228.418
213.423
-654321
204.185
198.985
192.592
187.845
211.756
220.649
226.116
227.709
210.988
-654321
199.071
192.982
186.84
180.622
209.214
216.353
218.163
223.177
200.092
-654321
192.269
185.435
181.977
174.948
204.654
209.881
210.126
221.439
198.971
-654321
186.475
180.298
175.324
168.842
197.804
205.482
209.921
215.252
193.507
-654321
181.103
175.308
169.788
163.026
192.37
199.194
203.961
208.778
187.173
-654321
174.17
168.576
161.653
156.607
163.167
194.689
197.829
204.254
181.541
-654321
150.608
163.781
155.641
150.519
180.41
186.932
193.655
198.905
155.362
-654321
162.213
156.203
150.291
135.479
175.086
181.74
187.05
193.274
151.852
-654321
144.143
150.431
145.059
137.252
169.576
174.924
159.41
185.674
164.716
-654321
152.585
145.233
130.93
126.595
147.747
170.82
174.152
180.922
157.787
-654321
135.1
138.716
126.773
127.885
142.6
164.416
149.867
155.85
149.962
-654321
143.238
135.643
122.949
122.748
138.236
157.036
163.928
168.152
143.906
-654321
125.914
123.153
120.773
138.192
138.725
156.259
147.548
139.724
-654321
127.328
118.637
129.681
136.043
138.754
143.679
131.619
-654321
121.225
127.534
131.073
135.319
151.287
123.075
-654321
126.404
133.838
131.598
144.996
119.413
-654321
159.974
177.079
171.043
204.741
151.093
-654321
176.64
185.688
210.136
215.431
144.788
171.265
-654321
203.053
206.126
208.509
234.683
165.74
149.722
180.855
-654321
207.244
226.149
241.139
243.527
181.353
165.942
150.265
194.077
-654321
222.451
233.991
244.775
247.181
194.182
176.79
163.16
150.973
212.809
-654321
230.339
246.068
249.411
245.59
209.07
189.813
182.48
166.035
221.563
-654321
239.436
244.294
248.908
244.266
220.606
207.104
190.522
176.157
233.307
-654321
250.041
251.795
249.542
249.03
233.771
225.609
207.25
192.327
234.054
-654321
241.687
248.107
246.507
245.335
246.005
231.854
227.239
205.653
248.686
-654321
248.164
247.259
245.265
241.845
243.61
237.114
233.711
219.446
247.448
-654321
246.571
246.05
236.813
236.257
242.732
241.655
239.525
234.976
248.474
-654321
243.729
238.772
238.1
230.347
248.05
245.037
244.815
241.025
247.149
-654321
241.908
234.491
233.2
225.843
247.402
245.6
244.423
245.459
240.007
-654321
233.311
232.518
226.043
219.109
240.999
244.336
249.859
244.682
232.907
-654321
232.164
223.492
222.125
213.455
240.965
241.381
244.905
251.013
233.22
-654321
227.756
222.117
213.351
209.863
233.292
239.255
242.777
247.479
232.317
-654321
220.532
212.575
210.16
203.657
231.961
234.137
238.503
247.371
223.564
-654321
216.493
209.076
203.634
197.629
220.653
225.796
231.856
238.474
215.372
-654321
209.821
204.345
197.566
192.154
222.275
228.042
232.933
232.94
215.905
-654321
204.052
198.828
192.465
187.378
212.808
220.776
223.394
231.554
210.916
-654321
198.432
154.579
184.94
179.563
210.108
216.168
217.531
226.73
203.858
-654321
191.471
185.472
180.112
154.65
203.048
179.083
215.445
219.975
196.638
-654321
185.025
178.58
173.865
168.004
199.281
203.439
209.588
215.077
166.357
-654321
179.916
172.835
150.589
146.756
191.931
171.269
175.154
205.739
162.634
-654321
174.976
167.568
146.9
143.397
185.331
192.196
197.631
202.924
180.219
-654321
168.127
147.522
156.238
138.256
159.07
161.856
190.044
196.957
155.784
-654321
159.947
141.385
137.92
156.047
159.564
186.702
191.577
150.428
-654321
155.199
140.287
168.261
155.794
161.353
186.371
147.328
-654321
150.54
146.33
168.095
154.237
178.887
142.965
-654321
144.417
146.081
165.729
154.606
147.741
-654321
166.031
180.668
195.08
204.195
150.904
-654321
174.149
188.598
210.39
216.578
151.203
170.476
-654321
195.115
197.071
226.553
235.02
164.448
151.061
182.882
-654321
218.464
228.151
244.573
252.672
179.258
166.604
150.419
194.361
-654321
223.12
232.872
244.773
262.141
190.853
177.225
165.358
150.495
213.127
-654321
234.578
249.632
244.201
261.856
195.657
194.165
182.791
165.877
222.724
-654321
249.528
246.109
261.836
263.28
229.9
207.911
193.377
185.002
228.025
-654321
259.672
266.339
266.895
267.199
240.076
218.682
211.97
195.43
241.406
-654321
262.237
266.555
270.698
265.963
245.686
230.888
226.313
203.844
256.542
-654321
267.763
267.462
265.185
263.864
260.06
251.201
232.418
219.813
255.435
-654321
263.788
260.442
262.281
263.099
262.542
255.67
244.206
230.368
260.659
-654321
265.847
266.34
264.605
257.567
263.93
263.039
252.637
246.758
267.869
-654321
267.899
258.219
255.563
252.347
267.843
266.222
252.3
247.894
268.753
-654321
262.058
255.942
249.82
251.761
265.108
265.065
264.367
265.106
263.797
-654321
257.456
249.804
247.553
245.199
263.068
264.336
265.622
272.794
258.052
-654321
255.475
249.267
242.505
241.318
260.996
265.514
270.733
265.201
260.807
-654321
248.391
246.363
238.318
234.931
257.332
260.132
268.114
264.58
256.006
-654321
241.078
239.44
233.304
228.511
247.465
258.163
260.333
265.347
252.515
-654321
239.165
234.775
228.996
222.162
243.208
253.505
255.701
265.436
247.168
-654321
234.8
230.758
223.758
217.523
244.123
251.14
254.369
253.405
198.73
-654321
229.504
223.987
217.083
210.912
241.102
248.072
244.629
253.852
225.023
-654321
221.693
215.464
210.975
205.555
235.174
233.827
242.032
252.18
229.782
-654321
217.923
210.775
206.531
200.23
229.518
232.387
239.654
245.33
188.641
-654321
180.169
205.039
172.359
194.39
223.194
229.656
234.558
236.662
218.682
-654321
176.148
199.374
168.496
187.344
217.392
187.719
230.304
232.834
210.774
-654321
199.236
168.078
164.08
181.821
211.052
183.308
220.733
227.214
204.842
-654321
166.593
186.591
182.494
176.387
211.012
184.848
187.705
171.526
-654321
189.221
159.594
171.622
176.656
211.867
218.266
193.632
-654321
160.286
193.109
199.244
175
212.065
186.211
-654321
164.791
169.251
198.297
204.451
182.453
-654321
163.752
174.626
194.903
203.797
148.901
-654321
184.316
188.96
204.525
226.288
149.168
162.83
-654321
191.698
208.78
238.679
237.716
168.781
150.202
185.695
-654321
197.787
215.148
243.944
243.12
179.582
168.162
149.502
189.479
-654321
226.62
229.824
278.415
254.975
186.938
178.229
164.319
150.031
205.708
-654321
233.627
237.252
251.597
272.34
201.092
194.16
179.379
162.455
218.941
-654321
245.33
266.517
276.621
277.904
219.886
211.07
189.075
176.086
240.016
-654321
260.358
285.001
272.581
288.946
227.157
220.885
206.651
190.719
249.211
-654321
271.515
258.002
280.044
284.953
240.236
226.5
224.159
203.186
259.851
-654321
272.067
278.733
284.649
280.06
264.302
249.583
235.64
219.511
256.387
-654321
279.139
279.02
283.186
282.451
272.324
266.759
263.434
245.333
275.282
-654321
281.942
277.873
280.811
271.886
279.419
259.379
257.72
248.939
280.227
-654321
285.217
284.266
279.509
277.483
280.656
280.612
268.197
262.714
282.173
-654321
283.984
281.683
278.931
276.02
283.8
280.714
274.465
274.642
282.679
-654321
281.429
277.688
275.566
270.385
275.581
283.921
283.113
280.925
286.539
-654321
281.688
277.068
266.104
266.576
284.206
277.205
274.311
276.363
275.562
-654321
279.978
263.426
266.27
261.107
278.849
283.116
278.944
279.807
279.36
-654321
274.892
267.049
260.077
256.01
281.3
279.518
281.946
285.332
274.215
-654321
267.948
262.14
257.125
250.127
276.241
279.319
276.752
283.429
274.942
-654321
263.235
257.984
249.946
240.636
275.021
273.505
282.498
281.103
262.728
-654321
254.815
252.528
245.606
240.767
264.888
271.92
278.552
273.888
260.374
-654321
251.51
247.1
240.622
235.23
263.93
264.237
273.596
275.768
258.552
-654321
245.922
241.011
196.001
228.81
238.718
262.732
267.877
261.831
252.799
-654321
236.512
234.236
229.216
222.817
252.003
258.651
258.758
260.827
203.399
-654321
234.16
227.267
222.736
216.673
246.242
253.114
258.572
260.937
240.84
-654321
222.162
218.286
217.583
161.955
242.479
243.016
247.945
255.216
235.106
-654321
223.79
183.836
211.821
194.714
239.845
203.805
250.557
230.144
-654321
217.397
210.465
229.362
234.93
240.119
245.128
223.151
-654321
179.435
224.181
229.065
234.672
240.605
184.256
-654321
217.445
221.656
202.388
235.434
210.012
-654321
154.764
160.133
174.588
184.781
143.194
-654321
163.113
175.96
175.666
195.786
144.436
154.568
-654321
176.433
176.206
190.629
205.47
156.455
145.852
163.754
-654321
192.231
195.125
202.342
217.514
170.506
159.447
145.522
173.972
-654321
191.703
223.692
186.531
225.724
174.116
162.525
152.816
147.861
172.299
-654321
189.647
216.223
227.308
220.583
176.152
173.777
163.312
153.883
184.237
-654321
199.456
215.819
236.407
237.595
191.009
172.379
174.775
166.431
202.572
-654321
223.686
222.063
242.847
240.251
236.625
195.543
188.307
176.602
212.534
-654321
225.03
239.986
242.224
243.302
211.942
193.161
188.144
181.927
207.795
-654321
245.638
246.532
238.022
239.601
218
209.178
200.194
198.511
223.476
-654321
245.957
245.741
247.029
241.859
233.05
224.564
214.782
204.888
245.256
-654321
233.711
246.399
234.984
246.097
235.447
217.276
224.489
211.694
242.294
-654321
242.957
259.822
240.201
241.617
232.933
237.589
229.362
226.513
246.606
-654321
244.747
244.341
243.515
231.409
243.86
245.49
237.472
232.19
243.272
-654321
244.879
242.515
237.5
239.617
264.617
238.657
241.196
239.14
243.171
-654321
242.096
242.297
237.568
236.301
243.628
245.091
242.104
236.745
238.991
-654321
241.025
237.188
238.013
234.026
245.177
241.532
242.261
248.128
244.07
-654321
237.382
237.387
233.751
231.477
239.982
245.125
240.478
244.477
235.535
-654321
237.079
234.275
231.282
228.733
238.597
237.193
242.696
242.83
242.327
-654321
236.13
230.747
226.59
224.288
240.353
232.822
243.873
244.373
236.314
-654321
228.626
228.159
223.111
220.679
239.679
237.377
241.163
244.083
233.258
-654321
228.143
224.867
221.242
216.364
232.588
237.829
237.341
242.395
231.885
-654321
221.376
220.96
216.868
212.973
231.944
235.66
236.291
237.239
225.521
-654321
221.318
215.323
213.001
209.236
229.177
231.662
231.523
237.866
222.086
-654321
218.143
213.513
209.419
205.402
225.271
221.736
230.387
231.23
219.751
-654321
212.359
208.849
206.696
200.502
220.428
224.577
226.244
231.095
217.548
-654321
210.364
205.442
201.521
216.766
219.851
225.111
225.687
213.91
-654321
205.54
201.561
214.442
217.501
220.443
223.013
209.779
-654321
202.488
209.769
210.62
216.745
217.864
205.575
-654321
205.978
175.892
213.013
217.381
201.705
-654321
