80.2979
77.0027
73.1794
69.0458
80.5651
-654321
77.1513
73.3729
69.2552
65.6076
81.2826
80.5237
-654321
73.3372
69.2858
65.2345
119.746
80.5745
81.4458
77.2121
-654321
69.2107
65.197
61.1679
57.1711
94.1556
80.9791
84.2836
73.2563
-654321
65.1591
61.3521
57.1791
79.5916
72.8267
77.363
80.4578
80.8548
69.0564
-654321
61.2403
57.1104
53.4144
49.1522
69.215
73.5574
77.0423
81.0231
65.064
-654321
57.4367
53.0178
49.3867
45.3368
64.9619
68.8448
73.1233
77.2284
61.144
-654321
53.1432
49.3394
45.0612
40.6192
61.6099
65.1599
69.1005
73.3505
57.1641
-654321
49.0453
45.5697
41.1629
37.3108
57.2414
61.237
65.4768
69.0798
52.975
-654321
45.153
41.2388
37.4306
54.9905
52.8585
57.0855
61.4006
65.0628
49.3806
-654321
40.7136
36.896
32.5075
29.4538
48.8989
52.9448
56.613
97.6074
44.8344
-654321
60.7111
32.9907
29.1871
24.9184
45.1381
49.6591
53.3161
57.3864
40.7311
-654321
33.4069
28.7909
25.3414
20.8317
41.1358
45.2016
49.4291
53.3627
37.1174
-654321
29.2156
25.113
21.153
17.3511
36.5911
41.041
45.1941
48.8834
33.0121
-654321
25.0891
21.1736
17.519
13.388
33.1451
37.2845
41.5451
45.3913
29.439
-654321
44.9365
18.0098
13.341
9.68105
29.7694
32.9804
36.8101
41.2618
25.3191
-654321
17.1974
13.8921
38.0489
25.1764
28.5267
33.3071
36.7794
20.6609
-654321
13.1836
9.95668
20.5206
25.478
30.1648
33.5553
18.4494
-654321
39.0379
17.2573
20.8946
26.0392
29.521
40.1755
-654321
14.2718
16.6401
20.9578
25.0128
8.38063
-654321
97.6448
96.839
94.5094
89.2105
90.5593
-654321
98.4542
94.8973
89.5697
83.9686
89.9524
98.1279
-654321
94.2817
89.8063
83.6855
77.7956
98.4974
90.8268
98.2146
-654321
89.95
84.2304
78.5534
72.7948
98.3784
98.1228
89.7922
94.8982
-654321
83.5628
78.4687
72.0255
65.9758
94.7419
98.1611
98.6322
90.5999
89.9213
-654321
77.9088
72.0128
66.32
59.4598
89.6101
93.8566
98.9894
96.2988
83.7978
-654321
72.1895
66.2686
60.3023
54.604
83.8867
90.1478
94.7248
98.5869
78.6039
-654321
66.3488
60.5236
54.6689
47.9848
78.0535
84.7101
90.1697
94.2244
72.1235
-654321
59.8922
54.5012
47.5297
41.6761
71.9453
78.2621
84.0282
89.7616
66.3364
-654321
53.8521
48.0303
41.9815
35.9671
66.3674
72.2076
77.9729
84.277
60.0802
-654321
47.9194
41.6738
36.2573
29.4637
60.2812
65.4051
72.3584
77.9717
53.863
-654321
42.3682
36.8149
29.6248
24.5126
53.8775
59.487
66.0437
71.6435
47.2858
-654321
36.445
30.1113
23.8127
18.4285
48.4806
53.3501
60.2909
65.6998
41.6333
-654321
29.3138
23.7684
17.6621
11.1099
41.3009
48.2773
53.6559
60.2462
54.3311
-654321
23.0304
18.1678
11.4671
5.27914
35.9134
42.7966
51.008
53.7561
38.8111
-654321
18.4796
10.5883
5.02606
0.303574
30.7929
35.3242
42.0046
47.6108
24.1118
-654321
11.7921
6.22293
0.0242405
23.9604
29.7929
36.2449
42.0596
17.4494
-654321
23.5763
0
30.6843
23.9531
29.6431
35.6828
11.8654
-654321
0.132818
13.3064
19.4748
24.6731
29.4624
23.8879
-654321
23.1554
11.555
17.5159
23.4381
0.536034
-654321
105.312
114.376
118.439
116.186
90.8192
-654321
114.603
119.122
115.788
111.985
90.3279
107.026
-654321
115.732
116.259
112.314
108.118
104.866
89.3111
113.903
-654321
115.833
113.51
108.147
102.678
115.11
103.336
89.1968
116.251
-654321
112.889
107.667
102.987
97.1273
117.111
113.763
105.129
89.5564
116.281
-654321
108.134
103.256
96.6258
90.2231
115.462
117.515
114.592
103.641
111.983
-654321
102.806
96.6836
90.2359
85.4564
113.306
115.95
118.076
113.464
107.98
-654321
96.5409
90.9376
85.5303
79.0675
108.555
113.863
117.216
116.88
101.747
-654321
90.6875
84.2967
77.9812
72.886
102.938
108.625
111.303
117.778
95.8349
-654321
84.5805
79.2744
72.6332
66.6445
95.5667
102.433
108.469
111.483
90.2679
-654321
77.9712
72.3371
67.1191
61.0406
90.3519
96.808
100.832
107.382
84.733
-654321
72.9503
66.8326
60.7835
54.687
84.0013
91.8344
96.9314
102.909
79.1723
-654321
67.4195
60.7397
55.2241
48.7003
78.0745
84.3478
91.0535
94.7896
73.135
-654321
60.8119
68.1729
49.1324
43.3894
71.6905
78.2756
83.8528
89.8811
66.9755
-654321
54.4815
47.9182
41.7563
37.0706
67.13
72.8389
77.6775
84.3245
62.5287
-654321
48.4688
46.7822
36.5264
30.7624
59.6608
66.4796
71.6278
77.4107
54.7439
-654321
42.3581
36.0032
30.3145
54.5932
60.91
66.7366
72.6955
51.1207
-654321
36.0293
29.3592
48.3879
54.7612
59.0423
66.9424
42.9034
-654321
29.9358
41.7078
49.1805
52.9505
61.3055
34.9762
-654321
44.7586
42.7553
48.8065
52.9833
30.7817
-654321
105.886
117.218
129.493
134.035
89.7126
-654321
115.374
128.217
134.342
135.829
89.6032
104.881
-654321
129.032
136.135
135.872
133.519
104.433
90.9924
118.411
-654321
131.773
134.524
132.282
127.716
117.484
102.108
89.8355
126.86
-654321
133.434
130.932
127.828
123.807
129.307
117.475
103.614
90.0517
134.147
-654321
132.35
128.286
123.753
118.498
134.122
129.909
119.619
105.817
134.346
-654321
127.977
125.541
118.824
113.791
134.929
137.164
129.38
113.377
132.151
-654321
124.301
118.018
112.672
107.125
133.531
135.278
132.038
129.011
130.896
-654321
118.451
112.995
107.569
101.387
127.981
133.928
130.475
134.756
125.169
-654321
112.32
106.515
101.066
95.3421
124.479
129.464
131.412
132.954
118.974
-654321
107.251
101.599
95.2823
89.6293
119.452
125.723
128.375
129.023
113.484
-654321
101.311
94.9033
89.3299
83.4624
113.617
118.812
125.119
127.635
107.499
-654321
94.7988
89.6637
82.7783
78.156
107.199
112.326
118.46
122.937
100.9
-654321
89.9187
83.7565
77.5998
70.684
101.314
104.546
113.478
119.427
94.784
-654321
83.418
76.4853
70.2121
64.8405
94.097
100.424
107.891
113.192
88.5027
-654321
78.0279
71.1009
65.457
59.4937
88.1965
96.8987
101.036
106.38
82.1807
-654321
66.2371
63.6734
60.0408
83.2488
88.9691
94.9809
100.613
77.7806
-654321
65.9888
58.3533
77.5726
82.1209
89.5333
94.4865
71.3418
-654321
57.0003
71.4778
77.1103
74.7908
89.4902
61.73
-654321
64.9906
71.6529
76.1061
82.6713
59.9997
-654321
106.799
120.483
130.208
140.224
89.5571
-654321
115.442
127.888
142.375
153.741
90.7463
106.986
-654321
127.86
141.834
146.022
154.361
103.702
89.9957
115.03
-654321
142.738
151.934
149.436
156.805
119.857
105.593
89.506
133.782
-654321
152.461
153.374
153.8
150.391
134.52
117.659
101.128
89.6336
143.114
-654321
155.586
154.623
149.553
148.682
144.783
133.453
117.051
103.837
150.639
-654321
150.858
149.915
149.741
142.654
143.454
147.257
135.627
116.342
149.375
-654321
152.939
145.877
143.811
138.522
153.3
149.136
142.204
132.86
153.595
-654321
147.571
141.975
134.206
131.129
152.237
151.078
153.188
146.935
149.517
-654321
143.784
136.358
132.773
127.001
149.462
156.537
152.528
146.896
147.937
-654321
138.076
132.818
125.475
121.917
147.62
149.542
153.322
149.516
143.576
-654321
130.645
124.873
121.951
114.888
144.003
146.773
152.73
150.095
138.775
-654321
126.924
121.09
115.603
109.473
138.228
141.363
149.612
152.51
132.712
-654321
121.202
116.205
109.826
103.516
131.554
137.455
144.17
145.031
124.601
-654321
115.681
110.11
103.083
98.0705
124.38
133.215
139.383
142.691
120.729
-654321
108.896
103.918
97.1824
91.4989
122.326
126.728
131.847
135.974
114.998
-654321
103.204
97.1994
91.7069
113.141
121.51
127.705
130.576
110.064
-654321
83.2889
92.4079
108.227
114.91
121.696
127.115
104.026
-654321
90.3582
103.537
107.77
115
120.83
97.9725
-654321
95.6618
104.205
110.555
115.37
91.2786
-654321
106.199
115.71
133.446
144.541
89.5845
-654321
124.646
137.773
153.265
158.476
88.6994
105.714
-654321
131.336
146.614
144.174
166.64
107.277
88.5784
121.911
-654321
150.203
159.602
164.992
164.548
111.565
103.569
89.653
139.49
-654321
158.905
162.092
169.478
170.575
130.659
117.195
106.443
89.702
144.593
-654321
167.386
165.259
175.269
172.086
144.122
137.59
115.477
105.184
161.594
-654321
165.226
164.642
170.61
163.367
159.344
149.33
128.99
116.663
170.292
-654321
169.502
168.623
165.497
163.607
160.943
161.441
141.587
127.182
172.097
-654321
171.147
167.084
163.021
161.286
170.303
165.175
162.485
146.244
167.257
-654321
167.399
162.359
157.81
156.685
171.517
166.207
162.631
163.556
168.042
-654321
161.695
155.122
155.032
148.138
167.201
172.09
169.225
163.232
162.378
-654321
161.44
154.066
150.139
142.731
166.54
166.964
175.632
170.418
165.212
-654321
156.157
149.632
142.775
139.179
156.902
158.822
169.401
172.405
160.637
-654321
150.874
145.655
138.356
131.428
161.033
164.479
168.046
163.071
154.257
-654321
143.585
136.744
131.719
124.884
153.758
160.211
164.395
167.086
149.139
-654321
135.135
130.21
127.358
120.034
149.916
154.039
159.544
163.137
138.983
-654321
131.225
126.906
120.464
143.491
150.381
153.982
159.253
139.144
-654321
126.151
119.907
110.051
143.545
148.737
153.718
131.668
-654321
120.573
130.218
138.333
142.455
149.9
126.195
-654321
126.005
132.826
136.235
143.857
120.597
-654321
100.319
120.5
136.722
144.236
89.889
-654321
114.481
134.424
141.186
163.635
88.6969
94.9264
-654321
136.961
146.392
167.637
172.11
102.29
89.5273
121.551
-654321
154.079
160.316
175.379
179.039
118.018
100.216
90.7464
127.702
-654321
161.343
177.886
178.759
184.769
138.006
118.903
98.4219
90.3506
152.064
-654321
168.086
186.347
191.737
188.991
141.743
131.657
119.738
105.675
163.268
-654321
191.01
186.21
189.702
181.11
170.643
151.993
132.174
115.258
172.118
-654321
186.102
188.188
189.215
186.946
153.281
162.526
144.915
132.854
178.104
-654321
186.429
190.09
186.149
181.677
180.883
165.521
161.817
145.562
188.023
-654321
183.268
187.678
178.318
181.83
183.175
180.469
173.732
165.377
182.193
-654321
184.66
182.781
177.585
174.942
184.163
180.212
173.186
173.52
185.128
-654321
182.759
179.413
175.116
170.581
190.816
178.689
185.986
179.791
184.071
-654321
177.475
174.253
173.437
163.702
184.83
186.074
191.597
197.899
176.296
-654321
173.036
167.444
163.203
157.92
183.788
184.155
184.538
188.557
176.592
-654321
170.418
165.056
159.485
155.179
176.766
181.864
182.895
187.217
172.064
-654321
167.044
157.245
155.239
149.179
175.791
180.891
182.644
190.326
172.73
-654321
159.124
154.112
149.827
167.069
174.897
166.051
186.558
167.178
-654321
155.122
148.451
165.299
170.565
174.703
176.029
152.722
-654321
149.504
160.192
163.859
172.468
174.841
153.871
-654321
155.447
154.932
163.655
171.909
150.209
-654321
105.56
118.032
142.066
146.487
91.4999
-654321
116.614
138.285
139.99
160.135
90.0802
111.449
-654321
134.952
137.062
168.294
183.356
103.243
91.2214
116.727
-654321
152.772
177.665
182.782
175.423
123.904
108.014
88.1895
137.224
-654321
159.345
163.912
159.683
196.135
131.658
123.754
101.552
91.2254
151.057
-654321
195.907
198.883
193.983
201.84
152.654
126.016
118.348
104.046
159.723
-654321
195.149
206.433
197.598
209.185
165.218
144.482
130.877
116.929
174.626
-654321
192.514
203.327
198.276
207.983
172.71
162.149
152.179
128.843
190.933
-654321
204.699
204.077
209.292
209.499
188.238
182.401
149.758
147.56
198.086
-654321
208.409
205.579
203.51
199.449
194.317
177.359
162.985
167.435
202.808
-654321
208.088
203.127
192.086
197.277
200.184
190.748
184.191
170.053
195.04
-654321
206.789
202.025
202.833
199.621
204.767
199.227
200.08
185.789
202.82
-654321
203.603
195.778
196.145
191.221
201.391
209.386
195.812
192.152
207.326
-654321
201.354
198.918
190.414
189.013
205.131
209.859
197.064
200.922
204.525
-654321
182.996
192.409
184.972
184.916
202.804
206.208
203.835
208.828
201.927
-654321
193.833
188.23
185.817
179.624
201.06
195.575
201.472
204.903
199.106
-654321
187.267
180.671
178.575
202.537
198.443
206.066
192.402
193.669
-654321
181.489
179.285
194.456
201.496
193.067
201.878
190.353
-654321
177.492
191.126
197.375
196.52
196.185
186.337
-654321
176.87
189.858
190.16
196.841
179.334
-654321
99.5952
116.796
132.897
145.007
88.7846
-654321
116.856
131.554
142.03
163.295
88.3323
100.488
-654321
135.837
156.078
174.066
176.868
107.302
86.6141
123.278
-654321
148.448
159.283
191.961
186.818
118.643
100.994
89.2689
141.811
-654321
163.925
173.241
187.243
201.988
140.57
117.354
102.163
89.8517
131.708
-654321
179.062
191.297
198.515
204.438
152.433
130.186
119.814
99.9194
154.612
-654321
202.202
197.798
224.572
207.176
151.919
149.892
130.17
120.444
170.441
-654321
192.38
209.253
220.238
225.515
173.745
154.707
141.829
127.354
191.627
-654321
214.794
208.692
222.903
227.419
194.561
177.335
163.997
146.529
203.868
-654321
200.594
213.89
223.407
220.925
199.033
189.117
181.378
161.892
210.724
-654321
208.943
220.323
220.557
218.412
203.448
193.055
190.012
183.672
201.32
-654321
219.549
222.062
222.611
208.663
219.667
206.119
204.567
188.035
222.404
-654321
223.886
224.976
218.458
215.214
211.528
218.634
207.954
205.854
216.701
-654321
219.705
218.2
219.175
216.446
216.864
220.57
218.204
204.815
223.506
-654321
222.766
211.806
213.271
209.76
219.87
222.133
215.871
211.847
225.021
-654321
215.308
212.64
207.389
203.75
222.748
223.242
214.81
219.15
223.242
-654321
213.434
212.777
205.855
222.637
224.424
223.613
225.831
219.447
-654321
207.299
201.48
220.153
218.075
222.513
219.367
215.58
-654321
207.443
211.953
218.726
219.539
229.386
210.742
-654321
215.367
213.018
219.674
215.387
201.167
-654321
94.5989
103.487
104.355
121.662
84.2901
-654321
98.609
105.404
112.531
140.373
83.2889
93.0613
-654321
113.878
116.248
123.378
139.942
94.3197
86.8769
105.579
-654321
99.7296
135.539
147.736
149.947
96.9564
93.0639
82.4494
107.15
-654321
126.57
136.476
137.461
165.333
119.762
96.2818
91.6879
85.2706
126.668
-654321
107.088
163.108
168.013
172.594
112.058
110.882
105.096
97.5006
131.279
-654321
154.995
153.521
174.322
171.472
125.888
118.36
112.767
103.184
141.397
-654321
149.792
175.627
162.758
184.353
140.285
128.68
122.875
113.243
151.931
-654321
162.219
179.212
182.599
180.17
154.659
136.733
134.614
126.439
173.063
-654321
176.635
182.531
171.007
182.218
159.531
150.483
142.978
139.782
164.33
-654321
176.229
177.253
186.595
182.027
201.323
171.427
144.014
147.878
180.344
-654321
184.48
180.193
182.542
185.328
164.633
164.947
160.127
151.834
172.827
-654321
181.633
182.011
177.029
181.386
176.206
173.088
173.497
162.597
182.031
-654321
186.05
183.264
182.238
180.048
185.606
184.51
170.939
176.017
182.488
-654321
182.284
180.916
178.018
177.327
182.2
183.874
180.708
169.989
185.341
-654321
181.35
178.2
176.772
176.904
203.727
180.322
179.242
182.108
183.329
-654321
181.27
176.623
176.928
182.142
176.38
179.853
184.343
182.235
-654321
178.648
175.525
183.423
184.166
175.58
178.428
183.867
-654321
173.36
180.028
181.506
180.839
184.134
178.751
-654321
179.237
181.186
178.293
180.858
173.108
-654321
