226.305
206.997
225.889
199.164
210.995
-654321
207.39
203.37
204.242
195.299
211.191
210.597
-654321
203.281
199.248
195.307
191.422
222.74
211.276
207.321
-654321
199.242
195.141
191.129
212.968
207.322
210.479
214.702
203.116
-654321
195.315
191.381
187.426
183.183
231.724
207.238
211.014
213.866
208.645
-654321
224.915
187.111
183.369
179.5
199.153
225.868
207.196
219.946
195.3
-654321
187.308
183.181
179.409
175.32
195.286
199.092
203.162
212.677
191.385
-654321
183.354
209.418
175.268
171.006
191.491
195.097
199.134
203.311
187.322
-654321
179.306
175.298
171.292
166.94
187.212
191.22
195.572
199.41
183.199
-654321
175.511
171.519
167.164
185.249
183.092
187.306
191.372
195.299
179.506
-654321
171.108
167.366
163.066
159.513
179.198
183.344
221.265
191.414
175.168
-654321
167.125
163.18
159.444
155.118
175.426
179.269
183.184
187.274
171.143
-654321
163.097
159.128
155.429
150.984
171.521
174.884
179.307
183.269
166.985
-654321
159.079
155.361
150.832
147.145
166.961
171.296
175.571
179.312
185.303
-654321
154.768
151.195
147.286
143.374
163.477
167.336
171.176
175.482
159.502
-654321
150.999
147.44
143.04
139.341
159.237
163.322
167.241
171.127
155.446
-654321
147.466
143.537
138.624
134.952
155.26
159.322
163.247
190.851
151.637
-654321
142.905
139.407
135.843
131.84
151.802
155.868
159.893
163.552
147.45
-654321
139.484
135.677
131.442
127.122
147.446
151.566
154.84
159.433
143.87
-654321
135.212
131.037
126.722
123.519
170.988
172.996
151.711
155.069
139.041
-654321
131.406
127.299
122.36
119.282
139.56
143.834
147.671
151.333
166.265
-654321
127.49
123.521
119.484
115.845
135.15
138.722
143.462
147.564
164.51
-654321
123.844
119.532
115.047
111.418
131.017
135.06
168.99
143.241
127.789
-654321
118.839
116.117
111.483
106.824
128.069
131.216
134.772
149.264
123.698
-654321
115.723
111.459
107.519
151.178
122.726
128.019
131.061
134.964
158.685
-654321
155.06
108.101
102.104
148.491
119.675
123.155
127.281
131.584
114.585
-654321
153.669
150.833
99.8719
94.8296
115.751
157.897
123.956
126.887
112.141
-654321
149.742
99.2374
95.0321
92.3195
110.816
115.718
158.546
123.978
152.587
-654321
99.4216
94.8871
144.102
88.0063
108.27
110.508
115.173
119.342
150.806
-654321
147.092
145.228
87.6845
83.2343
103.16
107.33
154.998
156.748
100.284
-654321
90.0121
86.4733
82.6835
139.044
100.437
103.279
153.043
107.086
146.095
-654321
142.037
84.0913
78.5469
137.262
146.901
98.8415
151.102
152.622
145.265
-654321
83.9089
139.241
136.553
71.25
90.0133
147.629
147.458
151.238
142.591
-654321
80.645
136.527
71.2009
134.366
143.951
144.02
95.398
148.537
83.4618
-654321
135.46
134.2
133.103
130.409
141.712
87.2575
144.419
146.97
79.7032
-654321
132.929
134.81
131.676
127.984
138.901
82.4655
143.826
90.4528
135.774
-654321
67.1985
131.126
59.63
126.117
74.9405
137.704
82.502
143.219
136.505
-654321
129.787
128.375
54.3896
125.876
72.5016
75.3472
138.193
85.2379
132.864
-654321
57.8835
126.015
123.542
46.9416
134.145
134.59
136.075
138.942
129.368
-654321
126.327
50.4391
46.1247
118.363
130.94
130.335
70.7008
75.1558
127.523
-654321
123.752
123.073
121.084
119.332
127.219
129.379
132.836
135.142
124.842
-654321
122.395
121.488
118.383
116.238
128.549
128.703
129.912
67.081
125.343
-654321
120.075
120.634
117.138
115.676
125.071
126.152
128.681
129.404
120.473
-654321
119.581
115.738
115.829
111.473
121.384
126.643
125.612
129.132
119.715
-654321
118.21
115.07
114.085
112.859
121.196
119.923
124.714
127.468
118.889
-654321
116.732
112.351
111.651
109.837
119.927
43.3886
123.507
125.118
114.985
-654321
111.309
112.857
109.395
119.051
118.298
122.978
123.315
114.888
-654321
111.097
108.495
31.696
116.365
117.079
118.26
110.472
-654321
109.015
114.25
116.948
118.648
121.386
112.667
-654321
113.524
110.841
114.798
118.006
108.483
-654321
227.847
228.13
224.526
219.422
220.384
-654321
228.441
224.833
219.7
214.288
219.659
228.255
-654321
224.872
219.734
213.799
208.161
228.277
219.202
227.734
-654321
219.839
214.233
208.404
202.857
228.879
228.321
220.463
225.328
-654321
213.755
207.964
202.043
196.352
224.743
228.443
228.149
219.686
219.373
-654321
208.078
202.19
196.318
190.071
220.097
225.077
229.032
228.286
213.832
-654321
202.258
196.315
190.603
184.043
213.948
219.662
225.464
228.8
208.356
-654321
196.313
190.26
184.324
178.281
208.391
214.05
219.676
224.753
202.084
-654321
190.109
184.088
178.005
171.925
201.558
207.93
214.239
219.924
196.01
-654321
183.898
177.864
172.203
166.027
196.26
202
207.888
213.88
190.161
-654321
178.191
172.2
166.013
159.954
189.976
195.826
202.145
208.262
184.08
-654321
171.706
166.226
160.285
154.34
183.879
189.763
195.736
201.887
178.004
-654321
165.865
160.329
153.987
148.237
178.497
183.726
190.097
195.964
172.298
-654321
159.38
154.248
148.109
141.348
172.315
178.407
184.63
190.162
166.169
-654321
153.916
147.88
142.02
136.007
165.731
172.108
177.65
184.057
159.646
-654321
147.567
140.872
135.589
130.3
160.487
166.308
172.071
177.916
153.882
-654321
142.298
136.563
129.848
124.358
153.599
159.431
165.586
171.775
148.091
-654321
136.982
130.446
123.645
117.529
148.071
153.957
159.755
166.157
141.567
-654321
130.245
123.751
118.017
111.307
141.615
147.934
153.684
160.196
135.257
-654321
124.594
118.263
112.163
107.068
136.043
141.704
148.235
154.376
149.226
-654321
117.789
111.88
105.901
100.752
129.847
135.672
141.622
148.116
124.072
-654321
112.131
105.457
100.909
93.4093
145.272
129.121
135.594
142.044
119.243
-654321
106.579
99.3744
93.1417
89.1175
117.575
124.425
129.587
136.079
111.949
-654321
101.007
93.8478
122.494
80.9722
112.48
117.524
123.172
129.976
133.833
-654321
95.0815
88.1829
82.1497
76.182
105.066
112.157
118.439
124.059
129.507
-654321
87.4025
81.5286
75.6457
109.824
100.19
106.039
137.157
117.55
168.708
-654321
82.1098
75.2201
70.21
116.996
92.9383
98.1439
172.812
112.441
121.404
-654321
76.1584
109.445
64.9377
100.825
120.944
125.708
101.767
105.564
116.073
-654321
108.76
105.583
60.1915
108.335
117.147
88.8201
124.86
99.5616
114.041
-654321
61.3652
100.99
96.6676
46.5519
75.7748
80.857
122.009
93.6076
121.225
-654321
101.11
154.407
95.2437
89.2769
119.712
161.1
164.282
87.4959
62.869
-654321
107.843
103.97
148.38
33.1185
63.0432
109.273
77.037
80.4517
156.748
-654321
151.764
149.644
85.9278
144.247
101.568
115.526
68.672
113.587
50.4326
-654321
90.2402
96.5699
80.722
76.3031
153.261
112.838
64.4651
109.027
92.9233
-654321
33.3794
145.631
79.3634
142.473
93.2851
152.861
101.266
105.488
147.531
-654321
80.2433
145.185
74.5399
79.9123
88.2096
151.301
98.2278
56.4199
148.497
-654321
20.7893
141.553
138.595
65.1631
147.808
150.946
94.0965
98.7736
146.834
-654321
73.1458
138.686
138.931
137.689
147.195
84.2868
149.269
45.1107
146.792
-654321
80.1963
135.362
136.901
134.296
142.296
147.576
84.3085
38.3068
142.986
-654321
137.899
62.0207
60.2987
131.651
73.0725
142.747
81.666
96.5102
70.6169
-654321
137.884
58.8959
55.2365
50.6083
79.9158
73.4884
142.637
92.1226
136.857
-654321
67.9946
136.529
131.274
126.714
139.567
138.637
141.918
144.564
0
-654321
130.674
58.3616
129.428
120.528
62.4943
140.928
71.1491
141.739
135.871
-654321
131.547
127.313
52.721
39.0366
131.542
139.984
64.4081
70.6528
53.1362
-654321
127.888
123.664
44.2342
34.6083
133.359
134.108
135.862
139.424
129.918
-654321
126.117
37.985
32.264
29.472
130.33
131.38
131.06
136.15
125.533
-654321
49.1758
30.0179
119.333
126.432
129.62
51.6411
64.2342
124.664
-654321
35.2956
119.984
125.579
44.4332
129.239
55.659
127.45
-654321
28.0625
36.478
121.341
127.541
130.867
116.528
-654321
32.712
124.867
126.358
45.2479
116.185
-654321
234.561
245.167
248.222
247.097
219.417
-654321
244.376
247.912
245.426
242.803
220.297
235.582
-654321
247.764
245.219
241.826
238.273
233.026
219.361
245.251
-654321
245.608
242.799
238.245
232.374
243.433
234.05
219.671
247.732
-654321
243.197
238.25
233.19
227.1
246.496
243.898
234.476
219.045
245.946
-654321
237.124
232.824
226.689
220.765
244.44
247.822
246.129
232.337
243.945
-654321
232.6
226.917
221.147
215.041
243.397
246.874
248.506
242.949
237.723
-654321
226.475
221.374
215.202
208.798
238.287
242.934
246.074
247.817
232.573
-654321
220.974
214.86
209.129
202.704
232.084
238.684
242.379
246.6
226.85
-654321
214.798
208.759
203
196.942
226.638
232.263
238.55
243.314
220.563
-654321
208.72
202.696
197.073
190.922
220.125
226.916
232.448
237.218
215.168
-654321
202.642
196.41
190.942
184.737
214.814
220.947
226.541
232.771
208.74
-654321
197.196
190.887
185.119
178.401
207.79
214.795
220.572
226.684
202.152
-654321
191.015
184.513
178.973
172.886
203.137
209.177
214.493
220.465
196.878
-654321
184.548
178.797
172.178
167.461
196.517
202.512
208.909
214.796
191.293
-654321
178.84
173.495
166.101
160.666
191.116
196.622
203.114
208.379
184.704
-654321
172.699
166.536
169.169
154.509
184.805
190.719
195.635
202.229
179.332
-654321
166.128
160.515
154.281
148.236
178.691
185.852
190.883
197.059
173.61
-654321
161.333
154.564
147.415
141.659
173.169
179.15
184.683
190.404
165.827
-654321
155.446
148.674
142.967
137.178
166.437
172.477
178.037
184.571
160.767
-654321
148.721
142.071
137.501
130.94
161.117
166.286
174.139
178.875
153.489
-654321
141.472
136.17
130.301
123.878
155.016
159.137
165.683
172.15
147.105
-654321
135.42
148.624
124.321
142.786
149.123
153.904
160.376
166.564
142.051
-654321
130.084
144.528
119.4
112.741
156.317
148.242
165.576
160.945
137.602
-654321
123.654
118.045
112.423
106.292
135.471
141.514
147.537
153.445
130.339
-654321
120.12
112
106.726
100.612
129.647
152.396
157.485
148.909
145.537
-654321
114.362
107.952
100.556
95.0403
143.228
131.413
153.496
157.398
175.984
-654321
106.775
99.5581
125.224
88.8236
140.121
145.983
130.383
135.27
112.494
-654321
100.213
127.1
87.7365
114.743
139.206
141.907
123.448
129.181
106.711
-654321
93.463
87.977
115.106
112.264
132.773
135.998
139.821
123.259
169.324
-654321
120.063
83.9813
75.3687
69.7995
127.727
171.221
135.345
117.309
93.6278
-654321
129.144
112.801
69.3194
64.7062
137.57
169.524
133.586
137.092
90.2499
-654321
125.456
159.712
104.902
156.904
166.727
166.334
128.453
131.436
82.1398
-654321
120.045
157.946
102.003
152.221
115.674
124.7
125.8
126.378
162.531
-654321
157.433
156.547
97.8556
104.535
161.854
161.941
121.713
163.079
109.516
-654321
114.003
96.2119
91.5944
87.6023
161.923
75.5368
117.601
123.035
157.111
-654321
98.663
95.1461
85.7435
147.989
103.629
160.577
165.982
83.5951
103.149
-654321
151.158
148.634
98.9042
25.8561
154.214
156.214
68.1571
126.322
154.962
-654321
88.1789
84.5951
82.5942
75.8011
97.3572
108.025
106.843
71.5794
95.1973
-654321
81.1629
78.7938
76.1252
138.197
91.6357
153.093
153.761
105.164
147.338
-654321
84.2238
143.236
141.733
139.819
147.338
153.805
156.467
152.77
148.284
-654321
74.9413
139.482
78.5897
138.133
149.194
92.3802
151.726
98.0487
146.297
-654321
85.9292
66.8991
62.8991
60.5917
142.764
147.126
89.7795
148.767
76.9034
-654321
140.284
3.38697
131.079
62.7418
74.8303
144.8
150.112
149.093
70.8413
-654321
65.0533
135.894
135.498
133.222
140.424
73.1423
147.301
145.918
139.984
-654321
136.97
58.2903
130.704
131.805
80.7478
86.4471
143.745
90.7537
137.685
-654321
136.133
51.7022
132.731
141.99
66.8377
142.368
146.112
134.501
-654321
134.939
131.293
138.74
137.965
81.3935
137.079
137.374
-654321
130.528
135.568
136.554
135.338
141.044
134.733
-654321
133.945
134.777
62.3816
78.7518
56.0252
-654321
234.288
247.791
257.993
264.837
219.704
-654321
246.354
258.937
263.25
264.963
219.33
235.716
-654321
258.815
265.197
263.326
263.514
234.485
220.443
247.453
-654321
264.919
263.746
262.303
257.993
247.038
233.997
219.452
257.403
-654321
263.496
261.78
258.88
254.372
258.277
247.293
234.14
219.728
263.988
-654321
262.006
257.966
254.382
249.199
262.244
259.47
248.383
232.783
264.65
-654321
258.362
254.876
249.181
243.229
264.657
264.713
258.662
246.865
262.377
-654321
253.857
248.523
243.443
236.768
261.474
265.542
264.919
256.968
260.228
-654321
248.638
243.76
237.204
232.012
259.884
263.085
262.654
265.254
254.071
-654321
243.035
236.767
231.315
225.367
253.708
257.574
261.363
264.714
248.017
-654321
237.222
231.377
225.642
219.814
248.772
253.698
259.932
263.17
242.998
-654321
231.278
225.555
220.175
213.542
243.08
249.35
254.331
258.53
237.329
-654321
225.132
219.745
213.56
207.215
237.62
243.521
248.517
253.894
230.755
-654321
219.509
213.211
207.41
200.972
231.672
237.89
242.851
248.898
225.871
-654321
213.06
206.808
201.061
196.094
226.433
231.848
237.561
242.42
219.213
-654321
207.606
201.663
195.053
188.983
219.357
225.472
230.712
237.58
212.951
-654321
201.799
195.235
189.059
183.287
213.573
219.658
225.346
231.256
207.016
-654321
195.218
189.252
184.788
177.745
208.037
212.701
219.587
225.356
200.649
-654321
190.114
183.011
177.483
171.532
202.217
207.187
212.584
219.708
195.889
-654321
184.117
176.797
170.212
165.915
195.554
201.799
208.052
213.231
190.433
-654321
176.577
171.161
165.349
160.072
188.369
195.8
201.743
205.964
184.119
-654321
175.944
165.295
160.395
152.48
182.447
190.509
195.417
201.609
176.161
-654321
165.196
167.879
165.488
146.39
177.459
184.434
187.921
195.595
170.95
-654321
167.726
152.37
147.557
157.063
175.868
177.55
184.867
189.563
166.11
-654321
154.161
145.282
140.378
152.796
165.253
176.799
177.15
182.974
159.33
-654321
147.555
141.631
152.512
148.181
159.978
171.863
172.534
176.794
152.471
-654321
155.846
134.417
128.182
145.552
165.029
157.732
171.959
171.055
146.427
-654321
181.375
130.052
122.353
141.464
161.983
150.591
169.279
163.519
139.824
-654321
129.753
143.988
141.115
136.224
156.784
145.346
154.218
158.485
135.769
-654321
143.588
140.732
136.625
103.809
135.556
141.839
147.484
164.147
148.517
-654321
140.8
111.074
103.824
128.444
128.912
133.944
156.373
147.117
155.157
-654321
137.33
171.726
139.978
123.952
144.446
149.091
152.096
156.556
139.267
-654321
170.962
143.811
123.889
166.504
139.876
146.178
130.557
152.497
173.15
-654321
129.043
133.567
87.6064
115.933
175.809
140.21
142.962
145.12
170.278
-654321
137.785
120.392
79.9895
74.3587
106.174
135.877
173.505
122.824
128.382
-654321
121.129
113.6
120.823
162.143
168.366
132.903
108.202
117.301
89.2046
-654321
80.574
161.958
159.816
117.424
95.1626
169.436
135.283
135.582
88.5734
-654321
161.638
163.49
105.238
108.177
85.4768
122.283
129.316
171.071
165.147
-654321
159.803
157.803
98.5853
94.2599
161.18
122.162
125.188
128.368
160.059
-654321
157.803
101.069
94.2768
153.589
112.903
116.22
121.312
126.843
159.294
-654321
153.187
157.151
107.441
148.485
108.249
160.503
163.98
89.2079
157.81
-654321
158.508
151.379
89.1659
86.6092
156.95
104.948
163.805
117.949
150.613
-654321
93.3446
148.929
150.028
151.874
53.2363
67.8242
157.184
110.26
155.321
-654321
149.803
145.831
145.949
90.7648
155.678
155.39
102.543
159.465
153.497
-654321
81.8876
145.62
143.807
143.134
151.655
154.031
100.052
159.493
148.928
-654321
145.157
77.515
71.5648
65.9938
148.95
154.041
153.804
104.63
83.4175
-654321
146.14
72.8309
70.1618
143.889
150.17
90.2072
154.69
140.613
-654321
145.153
11.461
143.18
93.468
150.37
151.591
144.936
-654321
141.14
77.9071
149.829
146.059
205.586
205.586
-654321
15.7846
144.699
143.839
148.481
140.83
-654321
233.436
247.687
264.209
272.927
219.554
-654321
245.903
258.845
272.706
279.928
219.818
233.915
-654321
257.638
271.977
281.821
284.961
235.224
220.053
247.531
-654321
273.077
280.884
281.972
285.496
247.029
235.197
220.205
265.018
-654321
281.892
283.347
283.327
281.709
262.019
249.259
233.661
219.452
271.466
-654321
282.876
283.615
282.475
278.8
272.535
260.185
248.485
232.841
282.147
-654321
282.518
281.936
276.897
272.165
280.881
274.32
264.473
248.853
280.989
-654321
280.796
277.905
273.881
267.539
283.605
281.152
274.722
261.758
282.955
-654321
276.539
272.88
268.727
262.973
281.982
283.19
282.208
273.847
281.102
-654321
272.49
267.699
262.318
257.591
281.507
283.239
285.184
278.964
275.251
-654321
267.522
261.617
255.24
251.42
279.219
280.447
284.38
281.78
271.264
-654321
262.818
256.938
251.035
245.345
273.933
277.451
281.121
281.657
269.338
-654321
256.205
251.622
245.467
239.588
268.48
270.163
275.35
280.031
260.912
-654321
251.265
245.978
240.554
233.891
262.291
267.748
273.358
277.153
256.522
-654321
244.854
239.766
233.983
227.376
256.397
260.141
268.303
272.961
249.836
-654321
239.351
233.025
227.451
221.804
251.603
255.731
262.683
268.019
244.371
-654321
233.441
227.891
222.95
215.22
243.153
250.715
256.231
262.503
239.174
-654321
227.189
221.06
215.317
209.694
239.214
245.507
251.048
257.029
233.433
-654321
220.781
214.637
208.964
201.879
233.203
240.061
244.993
249.882
227.224
-654321
214.58
208.656
203.375
196.617
227.719
232.823
239.348
245.066
220.543
-654321
208.761
202.563
196.969
192.61
220.445
226.748
233.834
239.467
215.23
-654321
204.405
197.516
190.54
184.311
214.81
209.882
227.044
234.043
208.223
-654321
196.828
188.544
185.412
179.998
207.651
216.224
220.067
226.904
202.504
-654321
189.687
184.667
177.684
176.153
203.326
201.048
216.964
220.334
197.673
-654321
185.839
179.39
177.303
173.383
196.73
202.85
209.69
214.76
191.05
-654321
179.739
175.263
166.051
168.827
188.609
196.148
203.746
209.109
186.189
-654321
176.346
172.904
160.964
155.059
184.658
188.757
192.067
202.893
180.577
-654321
173.939
161.989
165.288
161.136
178.635
184.256
191.403
192.068
177.277
-654321
168.361
164.789
162.328
157.172
177.585
180.65
184.281
191.565
167.02
-654321
156.439
162.316
158.022
153.274
173.167
176.831
178.912
183.872
168.658
-654321
150.283
170.686
182.315
148.609
169.174
173.756
176.067
179.003
163.83
-654321
169.643
165.313
130.697
156.586
155.828
159.618
166.049
172.294
162.141
-654321
166.528
146.272
147.472
117.286
162.23
157.344
189.212
166.868
156.654
-654321
179.495
178.017
152.652
148.304
142.908
149.318
164.496
168.012
152.261
-654321
143.78
154.005
136.708
145.067
154.461
158.565
162.326
154.893
148.753
-654321
139.224
173.74
172.158
130.548
149.097
153.082
183.33
149.872
180.333
-654321
136.052
132.957
129.642
128.4
178.415
150.624
183.634
156.681
143.703
-654321
174.331
127.95
124.03
133.409
140.47
143.336
180.255
137.218
176.453
-654321
132.433
95.717
165.499
83.0216
140.4
139.373
145.621
180.971
171.494
-654321
170.97
164.627
164.013
113.393
172.887
138.17
138.876
143.562
137.956
-654321
170.19
165.415
163.061
110.205
170.435
172.43
174.709
142.544
138.451
-654321
116.234
163.871
160.247
157.786
163.19
172.448
132.259
172.981
123.946
-654321
112.232
109.412
102.164
156.012
131.333
168.939
99.6284
173.402
162.627
-654321
120.948
64.3197
154.974
160.982
163.094
119.224
169.752
205.586
115.735
-654321
66.8741
56.0967
154.366
152.711
162.941
128.715
165.329
169.404
160.717
-654321
104.399
153.677
147.19
151.872
73.132
159.594
164.297
164.627
159.402
-654321
101.794
91.5622
90.548
117.065
163.03
75.2867
161.594
155.319
-654321
155.144
150.719
157.405
109.794
164.19
167.586
149.19
-654321
149.322
99.7039
157.073
158.012
205.586
150.401
-654321
151.32
112.017
157.073
156.291
149.495
-654321
236.954
246.327
256.978
276.417
220.011
-654321
251.295
262.865
277.692
287.47
219.149
234.188
-654321
266.035
273.764
275.589
298.574
232.875
219.134
247.274
-654321
273.138
291.9
293.805
295.569
246.784
234.096
219.104
264.721
-654321
285.073
295.375
302.088
297.206
261.704
247.695
231.994
219.396
272.244
-654321
299.615
300.97
301.967
302.002
280.608
262.331
246.026
233.362
288.892
-654321
298.643
300.123
298.157
296.878
291.113
278.245
260.946
249.746
297.631
-654321
301.833
299.041
297.158
293.327
294.171
288.401
276.901
261.244
299.511
-654321
298.965
298.256
295.348
290.3
297.842
296.606
287.125
274.21
299.899
-654321
298.359
291.12
288.734
284.806
299.843
294.446
295.36
290.588
300.379
-654321
293.48
289.418
284.797
279.456
299.187
298.78
301.331
294.488
293.423
-654321
288.393
284.852
279.785
273.101
295.049
301.091
301.264
301.037
292.25
-654321
284.433
276.58
272.716
268.046
294.997
295.878
299.048
298.283
288.206
-654321
279.442
273.37
267.822
262.728
288.62
293.016
299.447
298.22
284.151
-654321
271.572
266.162
262.637
256.688
284.719
291.088
291.908
297.368
277.83
-654321
268.658
262.135
256.187
250.557
278.526
284.241
285.788
293.022
271.885
-654321
261.158
256.258
250.411
243.887
271.441
279.23
282.528
287.224
267.462
-654321
255.782
250.637
244.833
238.61
266.477
273.965
279.649
283.486
263.234
-654321
250.421
243.964
238.892
232.052
261.924
268.307
271.598
279.366
257.88
-654321
243.927
238.597
231.714
226.06
256.992
262.125
266.846
271.718
250.937
-654321
238.216
233.712
226.586
219.789
249.989
232.34
261.318
267.821
245.222
-654321
232.542
212.192
219.615
204.062
244.296
250.451
256.952
262.158
236.768
-654321
226.304
220.499
213.392
208.173
238.899
225.209
250.652
256.137
231.453
-654321
219.61
213.589
208.836
200.913
231.836
237.743
244.253
248.009
226.899
-654321
213.711
214.353
201.214
195.931
212.679
232.986
238.381
244.019
221.274
-654321
207.254
202.112
191.96
190.175
220.834
213.666
231.679
219.709
212.872
-654321
196.528
195.304
190.552
185.876
213.87
221.15
226.247
232.438
207.628
-654321
192.2
190.373
183.869
180.153
207.325
205.762
208.724
225.158
202.052
-654321
188.265
183.95
179.061
177.184
196.837
201.183
204.928
220.561
194.988
-654321
183.87
197.025
177.204
172.648
195.798
201.894
208.857
213.32
188.444
-654321
178.63
172.142
173.161
169.295
189.065
197.613
195.808
200.831
184.412
-654321
170.05
166.844
186.284
165.071
197.865
190.017
195.447
199.244
182.114
-654321
185.308
190.115
165.902
159.583
180.027
183.446
186.003
192.789
189.159
-654321
166.898
162.841
157.121
141.722
176.374
178.252
185.065
190.379
189.853
-654321
166.161
147.103
154.982
153.527
172.884
177.588
181.071
184.751
190.465
-654321
162.152
156.142
135.023
148.37
165.585
171.56
173.167
196.323
163.851
-654321
156.199
135.614
147.327
159.246
162.283
170.446
166.147
177.763
161.532
-654321
182.465
150.277
143.075
179.924
188.544
153.587
162.889
171.676
155.574
-654321
148.376
146.113
140.2
150.219
155.909
164.19
164.6
167.678
180.236
-654321
123.309
177.158
174.117
173.85
182.278
182.605
161.066
164.232
179.073
-654321
143.666
150.566
171.304
131.847
181.331
131.268
186.185
159.673
145.993
-654321
171.505
177.298
170.465
140.306
145.761
174.888
137.15
180.284
175.766
-654321
171.77
142.231
130.57
166.281
172.284
122.754
179.535
153.072
173.766
-654321
100.149
171.235
119.213
163.769
174.112
177.853
181.231
181.39
172.461
-654321
168.462
167.506
160.284
165.921
175.924
175.85
178.77
181.924
171.159
-654321
133.543
162.725
164.081
122.93
129.072
132.375
178.266
173.68
168.281
-654321
165.157
162.791
166.663
167.77
144.632
131.212
174.916
163.68
-654321
110.982
159.994
166.104
166.725
171.159
173.159
205.586
-654321
124.312
131.622
91.589
129.226
205.586
165.921
-654321
164.197
164.465
170.611
164.284
123.611
-654321
231.403
244.279
256.496
273.884
219.865
-654321
245.967
257.793
276.204
285.343
217.389
233.188
-654321
267.248
281.584
293.995
301.37
236.276
220.017
252.028
-654321
273.812
289.101
308.642
314.236
247.345
233.527
218.925
258.444
-654321
297.966
308.1
312.007
318.203
262.936
248.895
232.548
219.617
280.277
-654321
303.242
311.505
316.137
316.536
283.381
257.844
250.08
234.543
295.406
-654321
309.055
315.019
318.671
318.671
290.469
277.857
256.806
247.892
305.231
-654321
313.679
316.772
313.356
313.279
305.603
294.42
275.336
262.223
304.586
-654321
318.773
318.275
315.556
313.573
304.573
297.22
287.654
274.836
313.443
-654321
317.893
316.185
313.561
309.175
314.23
308.546
305.268
290.562
318.144
-654321
316.374
313.361
309.031
305.836
319.075
314.259
314.795
306.177
316.302
-654321
313.664
309.703
304.068
300.219
315.089
318.393
315.891
308.484
314.46
-654321
308.424
305.409
301.627
295.884
315.297
318.863
315.046
313.828
309.749
-654321
307.063
297.228
296.038
287.987
305.473
314.007
318.937
316.795
311.913
-654321
300.769
294.252
290.269
284.591
308.139
312.54
318.86
316.507
304.779
-654321
295.141
290.772
284.004
279.671
304.52
307.216
314.62
314.181
298.955
-654321
290.187
282.432
279.561
272.971
298.951
305.968
307.781
313.192
292.735
-654321
285.401
278.959
272.133
267.832
293.225
295.752
301.74
308.856
287.966
-654321
278.777
272.965
267.942
260.978
290.876
295.773
302.578
307.049
285.412
-654321
273.631
266.922
260.984
255.455
284.565
290.83
292.501
298.511
280.317
-654321
265.805
259.557
256.339
248.793
279.038
284.928
290.296
294.422
273.473
-654321
262.695
256.496
249.161
242.94
273.032
278.279
284.549
289.693
267.828
-654321
254.697
249.909
243.332
238.174
267.221
272.659
279.613
284.229
261.798
-654321
248.485
242.625
237.584
230.787
262.648
240.807
272.872
279.027
255.937
-654321
244.374
237.17
230.607
212.43
256.282
236.765
239.963
273.451
228.585
-654321
221.132
215.689
212.195
218.83
247.788
255.024
261.7
267.371
223.655
-654321
232.515
223.9
217.173
215.749
244.685
248.732
255.469
236.108
237.319
-654321
223.254
207.194
212.15
207.63
237.171
243.475
249.877
254.151
231.179
-654321
207.517
214.417
198.99
195.441
231.738
219.153
223.583
248.045
225.881
-654321
205.104
205.563
195.238
195.745
212.994
214.642
220.36
244.551
207.949
-654321
213.796
195.588
200.957
188.523
208.262
212.313
231.425
238.334
206.136
-654321
208.244
190.267
186.328
197.589
205.141
219.989
223.219
215.775
200.799
-654321
195.062
186.26
184.113
177.654
205.224
203.569
208.361
211.338
195.206
-654321
189.238
184.364
182.1
178.167
204.118
207.588
202.654
219.212
192.006
-654321
184.08
197.667
176.35
172.393
203.368
195.029
200.644
213.156
188.513
-654321
176.452
176.819
174.906
165.678
188.218
194.942
205.356
199.355
197.351
-654321
187.821
191.901
172.367
165.913
184.863
196.662
199.564
203.1
198.028
-654321
173.442
169.976
188.038
187.356
197.792
181.67
200.696
193.035
176.732
-654321
170.128
153.385
187.147
172.276
173.681
196.01
196.692
199.243
195.116
-654321
188.861
159.264
184.019
153.029
196.639
193.356
178.365
196.108
191.356
-654321
146.689
183.793
181.361
177.172
189.365
194.028
178.696
179.352
186.019
-654321
168.971
185.992
177.343
179.033
190.02
156.018
170.771
175.311
183.794
-654321
152.394
148.394
157.681
173.001
186.989
167.713
160.067
166.812
184.352
-654321
180.038
178.447
176.925
177.99
185.348
184.01
187.791
189.368
184.905
-654321
156.372
171.982
171.564
205.586
205.586
182.278
186.704
162.708
174.612
-654321
177.367
174.681
171.903
170.699
180.906
184.687
170.352
179.235
179.355
-654321
177.341
172.916
168.02
179.367
178.355
153.861
178.612
176.704
-654321
177.923
171.753
146.949
178.704
182.004
180.02
205.586
-654321
172.004
178.639
153.037
172.612
146.345
145.01
-654321
172.358
205.586
152.362
177.576
129.73
-654321
233.029
250.135
264.677
278.258
220.291
-654321
247.821
263.91
281.555
284.378
218.925
230.684
-654321
260.97
277.219
302.68
305.202
235.103
220.06
250.042
-654321
277.09
286.617
300.476
324.546
248.861
238.643
221.401
258.812
-654321
291.127
300.432
311.342
329.423
260.655
248.199
235.038
221.075
280.91
-654321
311.103
314.609
315.661
330.34
275.484
261.174
249.061
232.364
290.543
-654321
318.332
316.74
333.679
332.677
290.467
274.386
258.79
248.791
299.016
-654321
324.735
336.817
334.892
335.552
304.505
293.818
274.795
264.907
308.998
-654321
329.008
333.056
334.911
333.44
318.096
305.664
292.026
274.297
322.492
-654321
336.413
333.292
334.258
332.471
324.73
322.319
305.725
285.489
329.038
-654321
330.055
336.869
335.104
331.572
336.047
317.645
318.9
298.672
327.844
-654321
335.4
331.068
331.25
327.953
334.233
328.811
322.033
317.064
330.238
-654321
335.588
330.494
327.974
324.749
331.04
337.068
327.876
325.104
335.92
-654321
333.115
326.927
322.11
318.359
334.59
337.514
337.381
333.655
332.382
-654321
330.673
323.178
317.624
314.309
333.63
331.652
330.023
338.722
329.043
-654321
323.115
317.462
315.344
310.095
327.923
334.406
333.602
338.306
330.225
-654321
315.61
314.288
306.817
302.175
329.409
329.631
338.104
334.062
325.584
-654321
312.395
309.819
301.934
298.626
319.233
325.661
331.601
338.113
316.523
-654321
308.454
303.357
298.719
292.657
321.85
321.818
323.721
334.744
315.558
-654321
304.029
298.216
292.604
286.643
314.913
320.119
326.939
328.002
310.196
-654321
298.765
292.591
286.56
280.612
308.877
313.062
317.524
322.555
304.833
-654321
293.294
286.557
281.147
275.673
302.855
307.357
314.045
316.846
298.438
-654321
286.101
280.853
275.594
268.461
298.362
293.902
310.444
315.431
292.87
-654321
281.263
274.714
268.456
263.158
292.563
299.441
304.065
309.706
287.014
-654321
246.245
268.503
237.364
257.459
287.387
292.76
298.45
303.66
280.228
-654321
268.838
250.477
234.223
229.205
280.74
285.788
293.691
295.102
246.007
-654321
261.185
233.092
250.451
245.272
275.661
248.642
287.264
257.47
241.576
-654321
256.411
250.372
224.947
222.453
268.454
245.954
280.552
282.612
262.566
-654321
250.806
225.868
219.959
234.022
261.796
241.291
245.705
281.391
257.014
-654321
225.711
238.786
215.54
226.808
245.769
237.13
268.785
244.976
229.153
-654321
221.032
233.15
225.877
209.212
220.072
232.886
237.285
241.78
244.448
-654321
216.607
211.734
209.458
214.297
224.49
227.957
257.581
262.087
216.255
-654321
228.607
220.438
205.948
208.575
220.819
225.122
250.115
234.211
232.988
-654321
221.756
205.307
210.093
205.256
216.046
214.119
246.785
229.595
226.23
-654321
219.37
202.086
198.112
194.034
225.707
213.296
219.549
225.167
209.691
-654321
209.992
197.046
202.866
201.021
222.811
228.087
217.664
240.671
205.35
-654321
194.256
195.643
188.245
199.213
206.411
205.283
212.65
229.51
202.752
-654321
195.992
201.128
205.586
192.117
206.24
207.078
222.268
224.752
195.923
-654321
187.515
205.586
195.669
177.894
197.096
202.038
209.375
220.881
205.898
-654321
183.156
196.555
177.12
189.5
193.499
205.586
205.586
206.867
200.222
-654321
180.736
194.283
176.953
191.487
197.422
202.461
198.022
205.651
197.674
-654321
193.023
174.489
190.273
169.076
195.606
200.241
201.059
205.022
192.559
-654321
191.249
193.255
164.757
188.082
195.058
198.122
200.283
194.669
197.834
-654321
189.367
190.605
187.475
187.245
177.059
180.732
199.017
188.38
174.18
-654321
188.222
184.441
205.586
182.283
191.411
194.888
200.408
198.865
205.586
-654321
170.557
173.465
164.908
181.427
189.674
191.353
189.283
197.466
188.822
-654321
183.674
185.809
155.234
164.307
187.19
192.402
191.19
183.818
-654321
186.673
205.586
188.648
189.487
193.255
205.586
184.888
-654321
164.313
170.522
183.818
174.248
190.859
184.298
-654321
170.547
188.408
188.671
186.441
205.586
-654321
232.556
248.387
263.123
278.4
218.035
-654321
238.465
260.332
289.869
292.513
218.82
235.168
-654321
263.214
269.706
285.011
301.272
235.194
219.824
253.606
-654321
277.312
295.162
307.416
316.92
251.939
236.666
219.4
256.397
-654321
288.68
303.596
313.34
325.281
262.764
251.284
233.33
219.217
275.527
-654321
314.261
311.517
329.399
345.009
267.802
264.466
249.154
233.004
295.912
-654321
317.522
330.96
341.379
348.499
294.895
276.303
264.509
246.312
312.23
-654321
322.063
336.779
355.397
350.155
305.522
287.292
273.101
263.518
313.088
-654321
345.703
353.038
359.936
346.755
322.966
302.13
285.003
274.903
322.411
-654321
344.092
347.418
351.35
352.122
332.852
319.494
303.328
282.809
339.196
-654321
355.663
348.194
353.247
351.678
345.832
338.72
313.53
304.366
352.014
-654321
350.484
351.076
352.762
346.257
346.742
329.152
333.163
317.244
352.238
-654321
353.427
354.089
350.48
348.518
354.347
346.189
339.18
329.945
350.164
-654321
352.274
352.204
347.308
342.277
353.587
352.695
345.498
340.682
351.518
-654321
353.907
349.274
340.059
337.08
351.969
348.619
350.373
345.71
354.239
-654321
349.475
341.645
339.425
332.826
349.052
349.106
350.965
353.463
346.727
-654321
344.429
339.068
336.694
331.573
354.308
353.806
354.633
349.877
348.198
-654321
341.085
333.797
329.967
323.511
346.865
347.212
353.177
348.643
342.637
-654321
336.163
330.505
327.093
320.176
343.269
348.571
343.136
352.707
342.351
-654321
329.72
324.213
319.933
311.628
336.973
346.572
348.002
349.003
332.447
-654321
327.726
321.865
315.709
307.499
331.121
342.585
343.332
347.639
331.489
-654321
321.663
315.957
310.086
304.516
330.698
333.525
340.953
345.796
327.075
-654321
313.862
310.279
303.925
297.909
320.646
328.29
334.734
337.266
321.288
-654321
309.443
303.624
297.571
292.473
321.634
326.171
332.347
334.654
315.724
-654321
304.768
298.21
291.912
286.27
315.053
320.494
328.114
330.408
309.622
-654321
298.68
291.779
285.859
279.876
310.023
313.297
316.986
325.263
304.839
-654321
292.956
287.199
248.534
275.005
303.962
306.514
315.52
320.806
298.44
-654321
287.167
280.223
274.517
268.419
261.186
303.784
308.189
315.454
268.655
-654321
279.428
273.269
240.929
260.941
291.617
297.911
304.054
309.12
285.863
-654321
273.631
267.172
261.133
233.974
254.17
257.733
298.192
303.973
248.707
-654321
240.229
236.822
259.05
251.443
250.438
231.75
233.806
298.573
274.554
-654321
262.477
232.822
250.561
224.029
244.658
280.756
286.118
292.226
242.156
-654321
233.314
229.255
225.32
221.757
268.123
256.213
248.846
286.707
261.101
-654321
219.239
224.945
237.325
233.674
263.72
242.256
227.728
249.86
223.586
-654321
220.037
216.504
214.319
225.682
233.375
238.609
226.119
273.836
220.924
-654321
216.835
214.288
227.053
211.887
221.207
256.818
237.782
266.935
243.774
-654321
214.811
226.006
212.365
209.049
243.739
218.552
233.281
236.663
217.332
-654321
213.763
211.235
218.514
202.066
205.586
217.124
219.654
256.733
221.488
-654321
217.441
203.152
207.436
209.843
228.682
205.586
217.962
250.78
213.031
-654321
207.699
200.975
204.238
194.749
212.69
214.509
238.583
220.272
210.814
-654321
205.959
207.37
204.726
200.996
211.574
212.866
217.736
221.861
207.242
-654321
202.5
202.802
202.927
197.73
205.586
208.257
225.183
212.782
205.586
-654321
200.257
200.853
184.807
193.187
198.505
208.818
209.968
215.02
202.257
-654321
205.586
197.19
196.319
197.115
204.066
202.699
208.785
208.701
202.265
-654321
205.586
197.482
195.794
194.743
204.178
204.323
207.835
209.994
205.586
-654321
199.663
191.725
192.665
191.261
202.272
198.093
198.057
205.586
205.586
-654321
174.768
194.357
194.553
198.818
205.586
203.447
197.712
193.002
-654321
188.195
191.017
189.564
196.513
200.438
202.031
194.288
-654321
180.867
194.578
196.96
197.76
203.199
186.975
-654321
193.416
195.626
195.813
202.112
205.586
-654321
225.751
227.504
243.475
252.055
216.206
-654321
235.143
236.267
246.617
270.042
215.611
223.419
-654321
244.621
252.507
263.754
282.409
222.495
214.079
233.151
-654321
257.247
267.863
263.142
281.359
232.855
223.535
214.622
249.359
-654321
264.886
273.576
281.217
291.714
249.045
231.475
224.563
215.974
250.991
-654321
269.35
274.135
292.784
297.205
243.504
244.47
235.164
224.138
268.839
-654321
289.904
289.299
306.132
301.89
268.001
251.923
245.349
237.018
276.94
-654321
281.698
301.419
302.31
304.465
268.417
257.407
249.665
241.553
285.129
-654321
304.452
299.168
309.34
314.724
276.648
273.298
258.481
250.728
290.036
-654321
304.534
308.41
313.663
309.419
295.708
280.732
275.401
255.449
292.795
-654321
311.844
310.119
313.82
313.736
333.486
291.686
279.619
272.258
305.786
-654321
312.412
308.888
310.506
329.301
301.459
298.784
290.475
277.309
305.825
-654321
311.545
312.483
311.266
311.8
334.828
302.008
302.35
293.85
311.589
-654321
313.633
313.367
311.62
323.726
306.434
305.859
298.331
301.367
319.282
-654321
311.173
312.362
308.386
307.86
311.849
312.177
309.728
307.527
311.672
-654321
312.726
311.252
307.589
305.989
314.094
307.976
312.206
311.133
310.493
-654321
310.519
310.336
306.215
301.366
310.845
312.571
315.405
313.902
312.815
-654321
309.261
304.205
300.994
299.163
313.044
313.454
308.487
312.483
309.668
-654321
304.947
304.009
300.44
296.291
311.734
312.173
312.511
316.274
309.216
-654321
299.519
299.039
295.882
293.905
307.695
307.992
312.227
311.381
303.963
-654321
299.774
295.061
292.828
290.271
305.555
307.718
312.822
309.464
305.013
-654321
296.631
292.514
290.656
286.264
302.802
305.202
308.484
311.699
299.089
-654321
292.142
290.063
286.903
282.499
301.495
298.49
303.015
309.6
291.964
-654321
289.037
286.614
282.827
278.809
296.914
298.973
304.228
305.71
292.431
-654321
286.94
283.304
279.247
273.96
292.971
294.551
299.878
303.455
290.462
-654321
282.184
278.241
274.951
271.268
290.264
294.506
295.507
300.027
287.075
-654321
272.927
275.266
271.629
267.362
285.85
286.722
293.004
293.553
283.262
-654321
274.6
270.59
267.799
263.977
282.948
287.075
286.074
293.422
279.544
-654321
270.706
266.66
263.178
259.445
278.427
282.034
282.883
289.484
274.024
-654321
240.12
262.543
258.879
254.686
274.059
279.33
283.435
283.125
270.185
-654321
263.273
259.821
256.018
250.514
270.508
274.281
279.394
281.387
267.721
-654321
259.412
255.889
251.096
247.553
266.079
272.161
243.819
278.454
262.902
-654321
234.142
251.514
246.972
243.835
263.47
266.349
241.802
272.569
259.29
-654321
252.022
229.948
244.4
239.642
236.123
264.391
239.311
271.07
235.06
-654321
229.73
228.052
239.315
235.795
234.626
258.26
262.364
266.131
229.794
-654321
228.076
238.913
235.329
231.005
230.128
255.878
236.556
263.375
247.801
-654321
225.319
236.418
222.246
227.986
247.342
232.313
255.357
259.893
243.885
-654321
223.224
230.174
228.328
223.523
242.735
246.097
231.864
234.643
240.676
-654321
222.525
221.2
217.836
215.396
225.924
243.938
228.333
232.138
224.389
-654321
218.537
225.707
216.281
213.329
225.182
239.991
227.685
246.962
230.452
-654321
217.975
216.755
215.691
213.277
232.256
224.113
226.116
227.765
218.7
-654321
217.663
214.138
212.489
210.497
220.116
225.482
235.844
239.295
224.254
-654321
214.444
211.62
210.172
207.177
218.382
227.027
222.45
224.422
216.306
-654321
211.907
210.925
205.586
206.959
218.247
215.685
226.62
220.999
214.089
-654321
211.126
208.081
206.838
204.154
213.419
216.294
218.262
220.621
212.853
-654321
202.958
201.038
204.202
193.83
215.234
214.369
216.916
218.501
212.938
-654321
203.896
195.161
203.283
210.914
211.819
211.827
215.579
207.528
-654321
202.215
190.521
208.196
210.857
214.491
214.179
201.802
-654321
205.487
206.128
203.802
205.424
212.225
204.689
-654321
204.045
206.397
208.859
205.586
203.131
-654321
