209.888
190.736
209.488
182.785
194.555
-654321
190.842
186.993
187.786
179.064
194.734
194.147
-654321
186.992
182.912
179.079
174.958
206.403
194.959
190.985
-654321
182.871
178.688
174.773
196.668
190.926
194.042
198.477
186.804
-654321
178.896
174.984
171.066
198.542
186.612
190.799
194.521
197.523
192.221
-654321
174.969
170.781
167.064
163.037
218.852
209.519
190.833
194.459
178.91
-654321
170.985
166.674
163.065
158.74
178.846
182.762
186.832
190.956
175.002
-654321
198.901
163.236
158.894
154.75
175.163
178.939
182.843
187.011
170.772
-654321
162.985
158.94
154.893
150.441
170.82
174.733
179.126
182.931
166.87
-654321
158.785
155.192
150.691
147.25
166.76
170.978
175.172
178.989
163.131
-654321
154.569
151.055
146.539
142.809
162.7
166.946
170.896
175.037
158.864
-654321
150.805
146.772
143.111
139.104
159.095
162.719
166.811
171.001
154.658
-654321
146.967
142.732
138.802
135.072
154.897
158.599
163.149
166.989
150.425
-654321
143.002
139.021
134.842
130.774
150.937
154.682
159.031
162.945
168.719
-654321
138.806
135.083
131.064
126.933
147.122
151.437
154.912
158.961
142.765
-654321
134.511
130.877
127.126
122.713
142.971
147.005
150.325
155.071
139.18
-654321
130.57
127.484
122.444
118.102
138.894
143.001
147.039
174.787
134.935
-654321
166.584
123.595
119.253
114.832
135.515
139.276
143.39
146.948
131.543
-654321
123.093
118.953
115.286
110.477
130.961
134.962
138.688
143.252
127.369
-654321
119.015
114.631
110.224
107.501
126.933
131.447
134.717
139.245
152.146
-654321
114.615
110.587
144.053
103.256
123.153
127.103
131.545
134.924
149.889
-654321
111.436
106.407
103.458
99.216
119.446
122.915
127.139
130.767
114.925
-654321
107.28
102.612
98.0911
95.2446
114.482
119.039
123.483
127.092
111.187
-654321
103.908
98.6079
137.774
90.9108
111.102
148.022
150.168
132.588
106.82
-654321
139.881
95.9642
91.1613
86.9827
144.672
112.335
114.739
118.834
142.384
-654321
137.637
136.192
86.499
132.072
102.78
105.902
146.453
114.586
98.1546
-654321
91.7763
87.5771
82.9764
130.481
98.2364
102.239
144.464
110.876
95.1879
-654321
134.269
131.978
78.9475
75.9002
94.3252
98.9166
142.962
106.87
136.77
-654321
132.333
130.547
127.667
126.567
91.7048
138.003
98.4837
102.716
134.866
-654321
129.333
128.278
71.7036
124.071
134.719
135.309
137.977
98.5688
81.9349
-654321
75.0285
71.4606
66.4247
122.384
83.4533
87.3529
89.9037
138.828
130.986
-654321
125.558
124.228
122.533
57.5157
80.1932
131.721
86.4325
136.669
127.626
-654321
124.213
122.824
120.963
117.916
129.598
129.936
83.304
87.0257
128.334
-654321
121.514
119.263
55.8624
117.017
126.907
75.4105
130.991
83.1261
124.867
-654321
119.84
118.755
117.355
114.42
125.02
126.024
128.345
78.7422
123.663
-654321
118.804
116.867
113.237
113.111
123.134
125.174
125.634
128.75
119.216
-654321
116.073
114.157
111.766
59.494
122.984
65.8758
127.959
118.133
-654321
115.825
112.796
116.618
122.26
123.297
68.2851
115.495
-654321
112.907
117.28
119.453
121.411
122.898
47.4577
-654321
115.391
117.261
118.255
120.712
112.176
-654321
211.47
211.763
208.193
203.039
204.122
-654321
212.421
208.682
203.31
197.813
203.474
211.558
-654321
207.925
203.447
197.522
191.552
211.82
202.956
212.395
-654321
203.617
197.884
192.168
186.555
212.658
212.319
203.615
209.075
-654321
197.329
191.546
185.589
179.709
208.597
211.736
211.685
203.588
203.07
-654321
191.597
185.862
180.098
173.769
203.537
208.734
212.913
212.03
197.378
-654321
185.718
180.089
174.125
167.55
197.703
203.362
209.803
212.349
191.888
-654321
179.894
173.92
168.08
161.743
191.779
197.59
203.119
208.196
185.746
-654321
173.856
167.565
161.577
155.216
185.592
191.704
197.525
203.253
179.655
-654321
167.56
161.923
155.622
149.685
179.842
185.504
191.757
197.923
173.774
-654321
161.966
155.809
149.574
143.477
173.771
179.377
185.663
191.666
167.588
-654321
155.418
150.003
143.203
138.248
167.469
173.443
179.693
185.68
161.693
-654321
149.671
143.907
137.846
131.949
162.143
167.099
173.644
179.6
156.292
-654321
143.084
137.647
131.866
125.082
156.891
161.71
167.55
173.579
149.951
-654321
137.918
131.359
125.473
119.705
149.533
155.795
161.572
167.711
142.933
-654321
131.17
124.928
119.214
112.918
144.471
149.349
155.625
161.604
137.484
-654321
126.404
119.508
113.935
108.246
137.651
142.723
149.39
155.744
131.466
-654321
120.186
114.135
107.739
102.311
131.793
138.066
143.725
149.805
125.28
-654321
114.117
107.528
101.608
94.9321
125.53
131.222
136.978
143.436
119.158
-654321
108.324
101.945
96.3293
89.4893
119.39
124.433
131.665
138.207
114.137
-654321
101.448
120.481
90.0888
83.6583
133.102
120.148
125.07
132.014
129.332
-654321
94.9015
88.3931
84.4354
76.6699
129.591
113.869
118.862
125.809
101.203
-654321
118.464
82.7617
77.085
71.4002
100.703
107.076
131.744
120.417
95.9446
-654321
84.972
77.2919
106.686
112.22
95.341
100.026
129.612
112.791
156.243
-654321
77.3505
72.2776
65.8159
108.462
89.7442
94.3832
124.276
107.704
113.883
-654321
70.8151
101.696
60.5937
93.2876
83.7149
89.5916
121.424
100.593
109.24
-654321
65.4864
59.6531
53.3594
88.5598
76.2367
84.0615
156.459
96.0269
105.721
-654321
98.1843
92.9533
87.613
139.014
70.5264
108.851
113.025
89.1887
99.8907
-654321
93.7921
87.048
85.071
81.3374
147.79
104.792
152.971
83.0095
145.435
-654321
141.677
85.3986
82.5541
137.439
95.5367
147.095
69.8532
77.1901
54.3192
-654321
84.8562
81.6211
76.6646
72.7811
104.296
60.4392
102.428
104.336
47.8296
-654321
35.2026
31.1617
133.271
130.604
100.548
52.2136
59.1989
64.6204
138.909
-654321
88.3111
133.252
69.1121
127.176
140.977
141.97
93.5896
96.5629
94.1065
-654321
23.5562
68.7183
9.72041
60.1077
81.3069
84.9789
141.757
93.8768
28.5
-654321
77.6317
128.156
129.095
56.8728
75.9084
138.643
140.165
46.4022
130.809
-654321
63.984
61.0172
0
122.323
134.035
134.581
81.6856
40.5342
17.9746
-654321
62.527
55.4252
52.6643
73.3768
131.602
136.178
80.6713
62.0462
-654321
57.3345
123.259
65.9228
128.697
135.346
29.0247
128.901
-654321
122.084
127.356
131.024
71.5544
72.1425
56.9965
-654321
67.7653
60.5278
127.535
130.185
120.697
-654321
218.746
228.061
232.157
230.286
203.031
-654321
228.684
231.79
230.21
226.597
203.833
219.082
-654321
230.694
229.055
224.603
221.863
218.479
203.352
228.723
-654321
229.2
226.676
221.993
216.308
226.937
217.76
203.093
230.628
-654321
226.866
222.2
217.081
210.824
231.062
227.031
218.949
202.298
229.215
-654321
220.866
216.6
210.207
204.443
229.259
232.098
230.129
216.763
227.114
-654321
216.656
210.473
205.074
198.752
226.485
231.088
230.834
225.695
221.488
-654321
210.114
205.001
198.798
192.752
222.405
226.732
229.497
230.67
216.522
-654321
204.572
198.344
192.666
186.419
215.506
222.299
225.834
230.756
210.134
-654321
198.519
192.619
186.308
180.113
209.547
216.47
222.56
226.58
204.596
-654321
192.436
186.684
180.365
174.655
203.78
210.991
215.399
221.537
198.44
-654321
186.108
180.061
174.499
168.593
197.832
204.618
210.145
215.97
191.984
-654321
180.872
174.461
168.471
162.433
192.246
199.244
203.412
210.008
186.649
-654321
173.947
168.162
162.144
156.465
186.052
192.788
198.585
204.265
179.766
-654321
168.859
161.892
155.97
149.945
180.118
185.782
192.555
198.481
174.859
-654321
161.789
156.46
149.718
144.26
174.742
180.744
186.105
192.131
168.97
-654321
156.432
150.612
152.439
138.367
169.079
174.396
179.711
185.931
163.075
-654321
150.239
145.292
137.723
131.448
162.108
170.105
174.219
179.868
156.737
-654321
144.572
137.647
132.049
125.258
156.473
162.245
168.798
174.783
149.529
-654321
138.615
132.672
124.94
120.558
149.72
155.949
162.017
167.989
144.528
-654321
145.417
126.22
120.336
132.201
143.664
149.587
156.886
162.497
137.34
-654321
152.048
118.996
114.325
107.386
139.065
144.26
157.264
155.846
131.174
-654321
136.673
132.076
109.292
101.568
131.502
137.933
143.105
150.073
126.525
-654321
113.953
129.329
102.664
121.206
140.341
131.404
148.257
143.888
136.481
-654321
107.923
101.337
120.223
117.246
119.646
125.16
131.606
138.022
113.788
-654321
123.086
120.635
90.2562
83.7587
112.434
118.673
140.726
132.757
108.123
-654321
96.7713
117.412
83.7292
76.2067
159.571
131.559
137.448
125.758
124.306
-654321
90.0783
154.996
107.716
104.303
123.495
129.442
115.956
136.517
98.1385
-654321
84.8733
107.789
150.235
102.081
158.156
124.051
127.962
114.45
129.156
-654321
78.1959
71.7129
64.0319
58.3496
90.4728
121.181
100.698
106.602
112.344
-654321
150.362
101.554
58.3354
53.8853
154.201
115.338
156.085
124.038
106.224
-654321
63.8473
146.02
145.412
88.5342
151.206
149.834
155.298
119.436
72.9956
-654321
108.66
91.883
141.265
138.304
144.716
109.732
113.457
87.9015
111.462
-654321
142.437
141.154
44.0351
81.5963
149.442
147.579
108.839
112.626
145.777
-654321
141.966
44.8073
80.7612
139.01
147.145
146.6
102.74
109.415
144.528
-654321
85.8235
79.7438
137.058
132.306
92.0199
58.7962
147.164
104.771
89.4574
-654321
91.4408
137.818
136.063
86.7975
97.1114
144.759
148.526
142.991
-654321
77.4207
72.2301
38.2728
91.7908
92.6333
109.474
136.755
-654321
86.4479
36.6871
86.3678
140.369
54.4847
31.3239
-654321
76.6458
136.328
96.7387
100.491
88.2642
-654321
219.555
230.617
242.318
248.638
203.384
-654321
229.77
244.91
246.68
247.751
204.114
218.521
-654321
241.427
248.384
248.259
247.083
217.333
204.252
232.396
-654321
248.012
246.195
245.215
241.733
232.144
218.321
202.836
241.005
-654321
246.834
245.396
242.783
237.803
240.231
231.892
217.923
203.21
248.304
-654321
245.758
242.117
238.184
232.688
246.921
242.997
231.532
217.903
248.151
-654321
243.296
237.973
232.354
227.094
248.253
249.702
245.816
230.778
247.265
-654321
237.119
232.441
226.348
220.929
245.077
249.372
247.69
237.445
243.195
-654321
232.244
227.132
221.034
214.852
242.911
245.727
249.045
249.987
238.459
-654321
227.121
219.808
215.304
209.243
237.565
242.536
244.402
247.954
231.863
-654321
220.689
215.011
209.273
203.456
232.856
238.007
242.982
245.105
227.369
-654321
214.928
209.308
203.112
197.073
227.364
232.88
238.772
241.935
221.129
-654321
208.772
202.756
196.852
191.203
221.137
226.64
232.363
237.28
214.759
-654321
203.306
197.148
191.397
185.445
214.875
221.291
226.964
232.878
208.993
-654321
196.19
190.801
184.252
178.516
209.324
215.277
220.907
225.911
203.503
-654321
191.737
185.356
178.42
173.315
203.839
209.165
214.573
220.815
196.926
-654321
185.52
178.714
172.92
166.522
197.354
203.476
209.361
214.632
190.573
-654321
177.782
172.207
168.353
162.326
191.193
196.275
202.783
209.124
184.097
-654321
172.372
166.145
160.881
154.63
184.827
190.616
196.498
203.57
179.667
-654321
167.84
160.228
161.077
155.495
179.429
185.529
192.643
196.593
172.421
-654321
161.15
154.309
149.242
151.212
170.887
180.059
186.264
190.37
167.594
-654321
153.347
156.013
143.835
136.709
167.86
173.831
179.18
184.581
164.777
-654321
148.473
151.373
147.623
130.874
160.497
167.658
172.784
178.674
154.382
-654321
151.83
147.923
130.053
140.448
160.045
162.223
169.043
173.78
149.647
-654321
139.342
130.647
125.249
135.152
148.336
159.203
161.901
165.914
142.772
-654321
130.227
140.467
119.945
112.553
152.036
154.626
154.312
160.564
146.246
-654321
123.721
118.22
111.612
107.33
147.453
141.776
149.848
153.266
169.084
-654321
136.418
133.075
107.074
101.875
131.858
135.999
144.545
149.43
141.039
-654321
112.29
107.255
158.981
157.79
139.243
131.435
149.137
142.655
135.048
-654321
126.315
101.436
120.233
115.053
147.731
140.811
130.782
135.392
132.934
-654321
101.347
93.1394
88.6441
85.4371
132.969
135.319
167.232
129.845
105.848
-654321
119.771
117.619
112.206
75.4377
163.442
129.551
136.986
123.455
99.2889
-654321
156.914
124.456
107.028
104.811
100.247
107.557
131.087
137.359
119.961
-654321
112.229
150.822
103.889
147.677
95.5635
136.236
106.578
132.663
156.773
-654321
120.029
68.5112
100.12
144.8
154.149
121.024
159.466
128.775
153.447
-654321
150.104
99.8289
55.4871
51.4643
123.973
155.699
158.771
101.154
108.566
-654321
99.71
95.8242
90.2888
150.478
113.591
114.94
120.592
147.741
-654321
96.8768
145.016
70.2228
154.125
83.2575
155.177
148.001
-654321
143.289
148.781
71.5004
109.237
111.515
146.438
-654321
147.891
99.7858
147.981
108.714
92.818
-654321
217.913
229.177
246.073
259.286
203.25
-654321
229.43
246.144
255.5
264.663
204.527
218.55
-654321
245.935
251.956
263.22
266.64
219.255
202.539
233.45
-654321
252.217
266.334
264.253
269.084
230.389
217.905
203.361
247.905
-654321
264.889
269.183
267.266
266.78
245.656
231.356
217.727
204.172
257.604
-654321
267.227
266.426
265.504
261.412
257.204
247.448
233.074
217.812
264.001
-654321
266.241
264.779
261.736
257.375
263.583
258.977
247.906
232.832
266.734
-654321
262.546
260.987
257.671
251.201
265.827
263.149
257.602
242.977
266.267
-654321
261.446
256.579
251.518
246.943
268.139
268.542
267.158
259.691
263.737
-654321
255.973
249.781
245.984
240.201
264.124
266.415
267.79
261.513
260.106
-654321
251.094
246.743
239.029
235.704
263.397
262.398
266.912
266.538
257.229
-654321
245.866
240.371
235.058
228.369
258.415
261.37
263.437
265.077
251.465
-654321
238.328
234.813
229.456
223.154
252.473
255.577
260.175
263.62
246.659
-654321
235.175
229.328
223.595
217.053
244.862
250.061
256.664
261.3
239.18
-654321
228.733
223.424
217.888
210.954
239.79
244.579
252.205
256.975
233.298
-654321
222.458
216.81
211.392
204.817
234.475
239.19
245.776
250.792
229.076
-654321
216.794
211.039
205.187
199.29
227.54
234.223
240.293
245.313
222.542
-654321
209.845
204.473
198.368
193.243
223.346
228.702
233.46
240.792
217.299
-654321
204.126
197.382
193.625
186.398
216.721
222.903
229.032
233.444
210.778
-654321
198.588
192.919
186.752
179.63
209.47
216.186
222.789
228.739
193.252
-654321
194.247
186.464
179.534
176.502
204.267
211.385
216.738
223.618
198.144
-654321
187.845
181.038
172.76
168.898
198.401
204.817
211.233
216.697
191.203
-654321
181.645
173.431
169.178
163.881
183.864
198.641
205.193
210.368
187.561
-654321
175.466
168.351
163.789
160.258
186.22
185.227
199.471
204.491
175.472
-654321
169.315
162.988
160.875
150.204
176.786
185.217
191.989
198.739
174.982
-654321
163.407
158.049
151.062
151.007
173.748
175.788
187.546
192.244
169.515
-654321
160.216
156.44
144.745
138.181
167.034
172.388
181.022
187.395
165.137
-654321
157.649
144.579
148.774
144.859
162.646
170.08
174.55
180.111
161.047
-654321
154.3
172.113
131.613
140.99
162.091
163.209
168.761
172.392
159.239
-654321
150.263
146.722
141.17
135.487
156.939
160.036
164.129
167.518
172.667
-654321
132.661
167.537
162.541
161.58
166.206
153.819
177.829
162.026
148.28
-654321
168.12
164.073
133.783
160.663
149.262
151.187
150.837
156.214
145
-654321
149.048
143.439
161.954
160.961
132.04
141.038
152.919
151.108
167.369
-654321
114.357
127.213
159.424
120.333
168.491
142.273
149.719
144.19
167.735
-654321
107.731
102.421
157.423
128.216
137.758
141.326
160.965
165.466
133.98
-654321
101.708
95.0644
117.721
151.923
165.741
136.867
141.402
143.179
127.422
-654321
156.826
116.22
82.5848
142.899
132.592
165.255
126.063
137.393
-654321
158.432
114.127
125.777
131.356
134.192
138.881
123.35
-654321
153.832
120.222
161.275
162.346
130.655
114.038
-654321
113.82
123.759
105.906
160.268
153.998
-654321
218.513
228.666
237.896
258.434
203.384
-654321
233.594
248.597
264.3
269.732
203.776
217.751
-654321
248.398
259.451
264.586
281.069
216.877
202.644
232.492
-654321
261.573
267.66
281.076
284.248
232.113
218.2
202.783
243.468
-654321
269.6
277.99
283.179
285.804
248.02
229.188
217.698
202.734
264.197
-654321
283.908
283.425
285.191
284.305
263.625
243.635
229.131
219.243
266.511
-654321
283.155
284.429
281.194
280.629
275.942
259.28
242.799
231.475
282.505
-654321
283.548
281.087
280.365
275.788
277.046
269.355
261.11
241.576
280.744
-654321
283.53
281.167
276.38
273.672
280.522
281.682
273.629
259.157
284.516
-654321
281.899
276.355
272.89
267.161
284.299
279.016
277.752
276.482
283.756
-654321
277.2
272.246
269.227
264.042
280.839
282.046
284.319
274.993
279.746
-654321
272.933
266.537
264.307
257.533
276.447
282.709
284.338
285.701
276.126
-654321
267.827
261.666
255.718
252.187
279.334
279.354
281.176
287.224
271.309
-654321
261.329
256.682
250.761
246.293
273.962
278.97
276.8
279.825
267.212
-654321
256.994
251.758
246.027
240.203
270.021
273.669
275.999
279.424
263.177
-654321
251.652
246.035
239.735
234.247
264.03
268.588
271.959
279.321
254.356
-654321
245.073
239.382
233.671
227.226
257.352
263.749
264.539
271.138
252.264
-654321
239.734
233.62
228.677
222.409
249.641
258.423
263.123
268.8
247.48
-654321
234.852
227.602
221.782
214.693
247.841
252.91
256.961
263.521
239.244
-654321
228.507
222.209
215.95
209.337
238.772
244.983
249.984
253.383
233.646
-654321
222.282
216.19
210.015
203.837
232.526
216.546
245.273
248.41
227.603
-654321
214.393
209.088
203.613
197.159
228.357
233.762
239.199
246.096
221.046
-654321
195.82
203.317
196.961
184.835
222.297
228.396
234.51
238.705
216.202
-654321
203.709
187.524
191.156
185.098
215.842
221.932
227.156
233.192
210.075
-654321
197.739
184.829
180.569
177.036
197.053
216.644
220.358
227.17
203.902
-654321
184.844
185.743
176.502
174.787
204.672
209.718
214.38
222.458
188.282
-654321
179.856
179.486
174.951
169.503
187.369
204.522
196.063
215.577
192.578
-654321
180.259
174.509
168.789
163.868
184.053
189.572
203.432
208.596
185.772
-654321
170.109
181.623
165.89
158.528
180.935
188.778
188.759
192.457
174.825
-654321
168.029
181.142
159.586
155.539
177.796
186.907
193.001
187.927
172.331
-654321
177.553
155.225
152.151
144.635
172.325
176.776
177.688
183.831
167.862
-654321
172.775
167.321
150.153
148.7
168.983
185.657
177.254
180.977
163.137
-654321
149.437
143.367
173.022
158.038
168.173
166.739
176.352
177.171
159.315
-654321
150.476
145.223
143.719
128.2
161.404
163.315
181.337
184.185
174.71
-654321
171.787
134.279
139.138
165.744
158.098
178.439
164.617
166.149
153.859
-654321
129.83
140.82
147.324
114.235
152.298
174.36
160.997
163.655
170.53
-654321
125.315
135.176
166.525
147.894
152.703
151.974
177.631
155.926
-654321
137.052
130.268
168.882
152.154
145.869
157.951
139.075
-654321
165.49
141.626
145.404
137.347
150.789
164.013
-654321
166.792
166.188
170.1
161.699
134.792
-654321
213.92
223.009
227.802
256.27
202.295
-654321
227.01
245.189
256.3
267.594
202.95
219.611
-654321
247.508
253.972
280.911
290.013
219.056
203.232
233.837
-654321
256.991
279.445
289.527
292.756
229.566
220.404
203.422
248.304
-654321
276.621
290.313
293.41
299.977
245.8
232.66
215.668
203.709
260.861
-654321
288.645
290.87
300.477
300.4
258.647
244.729
234.075
216.496
271.602
-654321
298.983
297.582
300.453
303.075
274.646
260.534
240.777
229.971
291.6
-654321
295.551
302.435
298.764
297.202
287.288
271.84
260.1
245.491
290.144
-654321
300.813
301.507
300.502
298.143
293.985
285.883
275.152
261.507
300.58
-654321
301.793
297.485
297.463
295.047
300.648
288.338
285.709
270.401
302.114
-654321
296.267
296.781
291.544
288.037
297.731
296.898
297.74
287.012
298.666
-654321
296.059
291.957
288.613
283.22
302.816
299.249
299.291
294.746
297.778
-654321
293.462
287.079
283.912
279.156
301.039
298.111
299.021
299.496
297.027
-654321
291.434
284.01
277.663
273.582
292.709
299.394
304.807
303.155
293.558
-654321
283.425
279.312
274.271
264.553
289.582
295.229
300.898
300.698
288.614
-654321
277.72
272.962
267.89
263.303
286.063
293.449
296.814
299.881
286.226
-654321
274.095
266.139
262.641
256.551
284.991
290.944
294.68
299.661
277.83
-654321
268.054
262.497
256.298
250.829
277.023
279.818
285.584
293.366
269.998
-654321
263.566
256.284
250.557
244.426
274.632
280.338
285.682
288.851
270.254
-654321
257.171
251.124
244.655
238.671
268.883
274.928
280.898
281.827
263.803
-654321
250.583
245.254
239.334
232.391
262.781
268.075
274.385
278.189
257.546
-654321
220.644
238.54
232.646
225.309
256.432
230.904
267.218
274.288
224.544
-654321
236.929
233.652
226.497
222.326
250.955
257.164
261.733
268.37
244.341
-654321
232.048
225.903
220.635
213.843
246.426
251.231
228.285
259.764
238.812
-654321
226.967
220.937
199.805
196.711
239.368
219.899
224.289
256.757
233.264
-654321
203.916
199.721
194.617
191.605
211.693
239.192
244.517
223.938
207.53
-654321
213.397
195.966
201.892
196.197
207.767
213.124
239.034
244.435
219.277
-654321
195.408
191.08
186.962
183.341
202.136
226.81
211.867
237.776
200.786
-654321
192.537
195.371
190.563
184.331
199.979
220.239
226.716
211.943
208.467
-654321
197.794
182.571
177.299
178.77
209.907
212.889
220.435
227.034
190.583
-654321
184.292
184.739
175.438
171.738
192.691
196.055
199.153
220.285
188.923
-654321
185.44
183.196
170.763
182.318
187.114
192.998
208.977
199.154
183.274
-654321
189.782
172.826
166.553
168.979
195.539
186.659
192.918
197.24
180.333
-654321
172.242
166.311
164.114
161.023
180.449
181.525
191.325
201.932
186.425
-654321
168.131
179.005
161.654
156.181
186.669
193.912
181.984
188.131
170.111
-654321
179.383
178.742
159.279
141.347
173.315
186.328
179.872
183.465
183.002
-654321
174.59
175.674
153.088
181.298
183.005
178.346
178.231
178.987
-654321
151.465
154.262
175.937
182.157
173.681
178.505
160.486
-654321
175.39
175.424
165.093
178.98
183.666
174.332
-654321
175.005
178.097
160.52
167.013
165.324
-654321
217.372
234.476
245.594
260.943
204.395
-654321
230.466
246.376
263.262
268.714
203.08
215.533
-654321
247.456
262.684
282.679
289.501
218.537
204.26
233.821
-654321
263.454
273.605
287.362
300.144
232.101
218.941
203.504
247.276
-654321
277.01
292.794
279.849
310.903
244.97
234.071
218.8
204.13
266.182
-654321
286.795
299.076
310.599
317.189
259.402
246.006
234.275
217.062
267.918
-654321
307.968
305.218
306.11
320.646
277.089
260.829
239.475
236.115
280.749
-654321
302.319
315.292
313.629
316.917
282.957
275.665
263.297
249.445
303.121
-654321
316.202
314.515
319.82
319.239
297.262
284.263
273.987
254.802
304.57
-654321
318.391
320.192
318.038
319.812
314.754
296.187
292.071
269.862
303.701
-654321
319.818
315.024
316.118
312.241
317.206
312.415
297.408
288.972
316.367
-654321
319.811
316.527
317.564
312.297
316.9
315.948
309.812
296.154
315.899
-654321
320.041
311.574
308.081
307.261
316.433
319.774
310.391
307.253
317.862
-654321
316.426
311.163
304.744
304.482
319.43
319.346
312.382
320.548
318.437
-654321
310.09
304.559
302.559
299.241
316.39
318.041
319.277
320.057
315.342
-654321
306.87
300.841
295.735
293.365
311.559
311.485
316.858
322.139
312.842
-654321
300.895
297.957
292.791
286.42
308.29
317.497
320.353
321.231
303.127
-654321
289.813
292.747
285.664
282.255
311.096
313.856
315.859
323.441
304.607
-654321
292.049
287.672
282.881
275.565
300.775
302.317
315.62
317.629
298.91
-654321
287.708
282.111
240.35
270.149
297.03
301.608
302.854
313.614
293.076
-654321
281.372
277.131
270.962
264.406
291.435
295.882
301.692
308.174
287.871
-654321
275.199
270.015
263.877
258.128
285.146
287.64
297.04
304.665
281.869
-654321
271.254
263.7
258.8
253.368
282.043
282.769
293.928
295.29
277.481
-654321
264.944
258.462
252.081
245.885
276.324
281.874
248.852
293.545
271.359
-654321
259.408
249.212
221.222
239.833
271.475
274.833
279.726
288.368
263.203
-654321
251.814
220.98
239.919
233.82
264.81
269.081
276.213
282.281
229.743
-654321
220.417
217.024
233.961
209.117
259.555
233.189
236.489
240.487
224.754
-654321
240.454
235.904
226.839
205.698
224.826
229.122
265.638
266.97
247.982
-654321
223.966
209.311
204.888
202.156
219.62
224.63
229.455
264.248
241.037
-654321
209.741
205.12
199.484
197.775
241.564
220.558
236.099
258.362
235.47
-654321
222.227
201.136
196.39
205.736
212.308
217.254
207.66
225.537
209.264
-654321
197.531
209.808
193.274
198.323
206.459
211.41
240.273
246.976
215.881
-654321
209.291
202.577
187.764
194.153
203.216
208.174
234.494
239.582
200.24
-654321
206.989
190.768
189.809
180.887
198.337
199.863
228.722
212.957
209.804
-654321
201.231
191.202
181.804
177.348
196.735
197.29
203.864
207.722
192.376
-654321
184.783
178.585
185.714
185.124
205.118
197.905
218.913
204.406
197.729
-654321
179.094
181.134
176.359
188.976
189.952
207.586
200.232
187.724
-654321
182.196
171.974
186.66
188.982
193.596
210.86
181.089
-654321
176.006
184.452
192.952
189.573
206.015
183.446
-654321
184.697
190.584
190.662
191.596
172.394
-654321
212.889
235.344
248.719
259.035
201.388
-654321
216.891
240.38
262.344
281.395
203.917
225.399
-654321
245.816
256.353
270.306
285.94
220.542
203.318
229.75
-654321
254.309
276.008
279.207
299.48
224.719
221.339
202.182
241.995
-654321
277.546
282.844
304.296
315.16
241.891
230.505
219.776
202.401
261.951
-654321
291.478
300.286
319.849
331.626
255.337
241.628
234.303
216.724
278.962
-654321
302.935
305.967
331.912
320.514
280.323
265.433
242.081
228.969
291.227
-654321
330.877
325.055
325.78
331.728
275.453
270.337
253.244
248.065
300.587
-654321
321.171
319.254
329.288
336.784
307.627
288.994
278.506
251.139
305.817
-654321
326.542
335.892
329.429
334.807
319.73
305.031
289.069
274.839
320.795
-654321
335.117
343.696
338.281
330.769
328.476
317.203
300.678
297.86
333.487
-654321
337.436
333.381
334.067
327.862
335.14
315.541
307.308
302.801
335.989
-654321
335.017
336.228
331.988
331.329
337.204
336.064
322.284
315.021
336.894
-654321
333.568
334.967
328.714
325.375
336.329
326.603
334.226
325.139
336.603
-654321
336.443
328.311
328.523
324.25
336.392
333.252
330.231
328.865
334.271
-654321
333.786
329.717
321.919
316.292
340.42
336.889
329.656
329.525
333.013
-654321
328.448
321.212
320.986
311.949
330.999
336.608
334.318
336.636
330.682
-654321
323.333
320.261
311.726
310.071
334.738
329.689
334.23
333.976
324.698
-654321
316.604
313.724
311.637
301.243
329.543
332.573
333.878
332.951
322.24
-654321
317.925
306.487
304.886
299.757
315.419
329.48
337.743
334.017
316.377
-654321
311.109
304.517
299.698
292.45
322.382
325.799
325.886
329.442
317.621
-654321
305.62
299.412
292.29
288.078
315.565
318.009
323.697
326.022
310.32
-654321
299.041
293.359
288.043
281.718
302.726
311.298
319.299
322.419
306.27
-654321
293.133
288.335
282.295
276.255
305.407
309.839
314.431
319.243
298.968
-654321
287.691
245.035
275.35
270.73
298.986
303.997
310.211
314.882
252.774
-654321
282.689
275.4
270.297
263.546
291.948
296.431
306.29
309.067
288.467
-654321
274.93
270.501
263.101
257.685
287.831
288.542
299.803
304.935
282.374
-654321
237.035
263.296
257.812
250.992
244.367
288.437
291.339
298.115
276.278
-654321
263.403
256.795
251.402
245.128
241.812
280.219
288.007
292.914
269.38
-654321
228.523
250.536
221.178
238.498
236.966
240.113
244.655
287.196
263.458
-654321
250.27
220.582
239.027
210.712
232.323
268.945
275.627
282.207
229.201
-654321
233.031
215.962
234.134
208.492
210.862
233.14
267.9
275.748
225.259
-654321
205.256
203.682
209.673
220.479
226.28
260.316
263.875
238.548
220.634
-654321
202.975
207.159
203.262
201.178
244.286
226.292
211.001
232.683
214.975
-654321
206.512
206.372
197.653
198.729
217.034
247.154
224.914
257.728
224.955
-654321
200.067
196.862
209.394
195.263
203.275
217.275
221.572
225.497
210.28
-654321
210.792
197.501
195.895
228.675
204.501
215.186
220.344
201.811
-654321
197.506
192.838
219.422
201.381
203.617
217.113
200.844
-654321
205.65
213.916
189.223
210.442
211.072
195.956
-654321
197.909
198.971
201.67
218.39
191.894
-654321
207.628
214.792
230.316
237.144
196.154
-654321
218.33
227.715
228.036
241.342
198.255
205.145
-654321
225.758
230.647
241.759
264.479
205.575
195.769
218.213
-654321
238.582
249.295
232.734
261.228
217.775
209.226
199.257
228.289
-654321
248.807
253.015
258.04
275.997
233.88
216.184
206.999
199.329
236.485
-654321
252.472
268.591
285.209
278.949
235.919
225.053
217.072
209.556
240.304
-654321
255.485
268.242
281.493
286.616
245.203
234.067
227.201
217.732
252.561
-654321
278.857
276.031
286.465
316.018
253.268
248.601
237.061
226.801
263.254
-654321
279.265
284.833
294.11
293.487
271.698
252.275
249.027
232.7
269.639
-654321
294.567
296.658
296.199
296.135
273.565
268.51
252.668
242.977
277.136
-654321
299.658
288.218
297.686
294.859
277.322
272.377
269.411
253.811
295.243
-654321
292.049
319.612
292.986
298.189
315.991
279.82
265.495
268.742
291.795
-654321
297.886
296.285
293.736
294.155
285.044
284.599
278.768
275.428
295.726
-654321
298.252
297.748
296.559
294.119
291.557
294.71
291.193
287.416
295.585
-654321
294.661
294.965
290.213
291
319.585
292.059
296.172
290
295.047
-654321
295.348
293.514
291.116
290.558
294.915
295.107
296.856
296.46
293.199
-654321
294.928
292.992
288.58
284.274
296.25
295.505
295.375
294.797
296.881
-654321
286.671
289.992
285.899
282.511
296.599
295.306
291.904
297.14
292.504
-654321
291.77
287.846
284.47
280.164
293.747
295.683
293.484
298.521
291.096
-654321
285.124
283.373
279.582
277.508
292.75
294.033
297.092
296.622
291.463
-654321
283.816
278.932
277.011
274.199
288.755
289.228
295.554
298.358
288.023
-654321
280.255
277.178
274.029
270.22
289.04
278.495
290.771
295.871
284.51
-654321
276.851
273.477
270.489
265.462
284.836
288.034
288.23
291.517
279.438
-654321
274.507
270.146
266.625
261.635
280.683
283.723
283.005
290.514
274.761
-654321
270.262
266.573
262.447
258.491
276.556
282.667
284.357
287.681
274.716
-654321
265.69
263.085
259.438
254.818
273.238
272.589
276.803
283.915
270.376
-654321
259.876
258.205
255.102
250.449
270.392
273.524
273.024
281.914
264.675
-654321
257.727
254.032
251.37
247.613
266.599
269.942
272.474
275.094
261.987
-654321
254.981
251.518
246.414
243.332
262.335
266.842
269.909
273.541
258.737
-654321
250.422
246.74
243.063
238.07
257.654
262.185
266.488
268.464
254.305
-654321
244.917
243.81
238.49
216.077
254.95
259.307
263.302
265.991
251.603
-654321
242.904
238.911
235.992
231.26
223.86
254.466
258.414
261.452
247.408
-654321
216.797
215.782
230.521
227.818
221.959
250.804
225.669
258.504
244.449
-654321
214.93
213.404
226.638
222.668
218.458
247.008
224.413
254.921
238.499
-654321
232.069
228.186
223.311
219.235
217.468
243.342
222.129
250.997
216.789
-654321
211.624
222.102
207.602
215.691
217.223
239.002
218.134
246.847
212.811
-654321
209.214
208.692
206.219
213.869
233.891
218.168
242.308
211.669
-654321
208.69
214.909
228.375
229.99
235.996
238.608
223.308
-654321
216.184
210.426
212.421
229.993
216.059
218.675
-654321
208.64
223.475
212.726
231.147
206.041
-654321
