277.98
282.48
254.863
265.646
246.901
314.767
238.814
234.813
230.861
275.217
-654321
273.377
255.21
283.195
247.109
242.996
239.065
241.684
231.214
227.065
263.031
262.338
-654321
255.316
251.388
247.244
243.092
239.247
235.458
231.345
255.424
223.397
262.493
262.772
267.978
-654321
250.805
247.033
242.883
238.985
234.756
230.913
227.092
236.14
218.945
258.669
262.483
262.891
254.888
-654321
247.008
242.79
239.039
234.97
230.929
226.832
248.774
219.083
236.812
254.82
269.624
267.944
262.788
251.005
-654321
242.788
238.932
235.158
231.131
226.924
223.093
218.978
214.917
210.873
250.964
254.931
258.768
268.385
264.442
246.948
-654321
238.977
234.822
230.933
227
223.132
218.971
250.301
211.146
206.886
246.909
250.653
254.681
258.831
262.552
262.612
242.859
-654321
235.188
230.867
226.995
222.994
218.953
214.862
211.058
206.842
202.94
242.952
246.821
264.574
254.968
259.04
262.041
262.956
239.105
-654321
231.106
227.159
223.29
242.977
215.042
210.928
207.157
202.887
199.135
239.252
243.047
246.818
250.969
255.019
258.716
262.258
262.435
234.994
-654321
227.095
223.087
218.855
214.748
210.87
206.727
202.851
198.743
195.083
235.146
239.205
242.767
247.03
286.748
254.908
258.824
262.061
262.629
230.815
-654321
223.041
219.449
214.946
211.407
207.231
203.147
198.825
195.005
191.18
230.87
235.144
239.168
242.889
283.656
251.039
255.189
259.457
271.622
227.199
-654321
219.197
214.893
210.84
207.269
203.175
199.102
195.061
191.081
187.188
227.254
231.264
234.7
238.938
243
247.022
251.092
254.967
258.915
222.868
-654321
214.771
210.867
207.326
202.891
199.298
195.099
191.414
187.141
183.121
222.821
226.985
231.181
235.277
238.879
242.871
246.963
250.798
255.103
219.278
-654321
210.979
206.876
203.285
198.878
195.001
190.66
186.996
182.856
178.803
218.832
222.874
226.912
260.827
235.13
238.569
242.669
269.6
251.054
215.152
-654321
207.116
203.254
198.734
194.824
190.965
186.772
182.786
179.351
174.781
237.072
218.962
223.223
227.005
231.009
234.979
239.12
242.637
246.942
211.227
-654321
202.815
199.246
194.821
191.342
186.886
183.118
179.144
174.946
170.974
210.795
214.809
219.11
222.725
226.905
231.295
234.838
239.407
242.995
207.006
-654321
198.765
194.742
190.813
187.115
182.957
178.512
174.857
171.374
166.927
206.887
210.938
215.121
218.682
222.734
226.996
230.952
234.801
238.996
202.863
-654321
195.136
191.18
187.035
183.144
178.979
174.886
171.093
167.184
158.66
203.192
206.986
210.829
214.602
219.265
223.194
227.127
231.208
234.992
199.131
-654321
191.231
186.64
183.326
178.917
175.382
170.897
166.758
158.962
159.131
198.615
203.522
224.932
211.313
215.27
219.401
223.003
227.187
230.78
195.288
-654321
187.168
183.111
179.166
175.09
171.142
167.507
163.058
159.523
155.335
195.143
199.353
202.728
207.157
231.355
214.732
219.323
222.956
227.118
191.247
-654321
183.113
178.844
175.036
170.889
167.387
163.148
159.494
154.831
150.744
190.761
195.221
199.272
203.34
207.228
210.64
214.955
218.964
222.857
186.805
-654321
178.791
174.858
171.172
167.193
162.669
159.03
154.983
151.239
146.941
186.46
191.113
194.686
198.964
203.08
206.922
210.847
215.306
218.98
182.676
-654321
175.549
171.016
166.649
163.271
158.717
154.844
150.867
146.859
143.531
182.868
187.055
190.956
194.844
199.256
202.623
207.254
210.898
215.032
178.966
-654321
171.15
167.325
162.993
153.064
155.132
150.988
146.681
142.763
139.108
178.463
183.165
187.515
191.492
194.987
199.022
202.839
206.516
210.989
176.956
-654321
167.486
163.317
159.128
155.034
151.412
146.731
143.027
139.036
135.596
175.336
179.644
182.61
186.924
191.128
195.239
199.502
202.768
207.137
170.79
-654321
162.876
158.558
155.326
150.782
147.375
142.847
139.055
134.375
131.34
170.908
175.406
179.36
183.23
187.091
191.25
194.774
199.096
203.078
166.912
-654321
159.215
155.192
151.862
134.692
142.978
139.129
135.073
131.219
127.145
167.385
171.073
174.716
178.87
182.231
186.35
190.521
194.913
213.044
162.746
-654321
155.303
151.413
146.885
143.062
138.725
135.023
131.316
126.551
99.4831
163.305
167.077
171.266
174.815
179.428
182.867
186.468
190.776
207.045
204.853
-654321
151.203
147.055
142.557
138.767
134.625
131.077
127.036
123.321
119.275
157.951
162.997
167.356
171.534
175.853
179.454
183.371
187.19
191.005
154.557
-654321
146.273
142.523
139.166
193.306
130.592
126.798
123.707
119.407
114.338
154.965
159.115
163.151
167.122
170.995
175.314
179.619
184.058
187.278
151.099
-654321
142.521
139.097
135.276
131.249
127.205
186.228
119.685
115.433
111.185
150.802
154.257
158.228
163.241
166.789
210.78
174.03
178.365
182.756
198.891
-654321
138.836
192.416
130.284
126.745
122.258
118.425
114.365
111.112
107.388
146.591
150.365
154.716
158.889
163.1
166.718
170.848
174.976
183.248
143.014
-654321
135.162
130.529
127.289
122.829
118.751
115.636
111.07
107.427
103.071
143.168
146.598
150.047
155.36
159.123
159.039
167.016
171.24
175.165
138.911
-654321
130.497
127.272
186.431
118.948
115.212
111.383
106.976
103.126
98.6145
139.729
142.512
147.438
150.527
155.412
158.045
163.099
167.722
171.475
135.201
-654321
127.529
123.516
120.172
114.889
111.319
177.829
104.066
98.4073
94.8459
135.263
138.999
142.135
147.193
150.146
202.591
159.653
163.436
167.02
130.783
-654321
123.383
119.361
115.038
110.154
107.265
103.782
174.441
95.0602
90.3839
130.995
135.313
139.46
143.169
146.731
151.379
155.601
159.672
162.985
127.259
-654321
119.268
115.792
111.527
179.208
176.746
99.2958
95.3289
91.4735
168.755
127.324
130.447
135.138
139.278
143.352
146.408
150.763
155.48
159.04
122.698
-654321
182.514
110.98
107.369
103.166
98.6935
95.0958
171.122
87.538
83.1907
123.122
189.426
131.093
135.596
139.116
142.668
147.307
151.49
155.535
184.895
-654321
110.958
178.848
102.961
98.8632
95.3649
91.1387
86.3173
83.8911
164.065
184.873
124.057
126.586
131.125
135.046
139.949
196.322
147.621
150.837
114.64
-654321
105.92
103.223
99.7868
172.403
90.3978
86.3931
83.7062
79.3676
74.6712
182.996
185.017
123.041
126.897
131.25
135.236
139.287
142.838
146.958
111.267
-654321
176.398
99.8598
94.5789
91.5742
86.4364
84.0947
79.1967
162.125
160.717
180.674
114.647
118.261
122.792
189.365
131.896
135.932
194.919
143.238
106.87
-654321
100.54
134.681
91.6209
86.7158
166.004
78.8698
162.704
160.214
106.09
110.933
115.922
184.676
123.111
127.916
131.205
135.502
139.169
178.159
-654321
172.486
91.3171
168.491
166.543
78.3563
163.083
71.9692
103.958
178.938
111.702
182.695
118.438
123.785
189.253
130.494
135.147
99.14
-654321
90.1746
169.041
166.284
78.1424
74.2445
70.7925
99.305
103.614
107.467
180.487
115.528
183.871
123.434
126.853
130.875
95.7708
-654321
86.5398
83.2048
78.5193
162.356
71.1716
96.6857
98.5284
176.503
107.164
111.092
115.252
119.24
124.075
127.377
90.3155
-654321
166.236
164.302
77.0415
70.947
90.5641
94.7939
99.0266
176.187
106.849
181.317
114.171
119.906
122.808
168.488
-654321
78.6235
74.5291
160.684
86.7304
170.463
94.2448
174.606
102.883
106.733
111.141
183.309
119.246
82.9634
-654321
161.895
160.66
83.2049
87.0647
169.973
94.1108
174.735
103.539
178.574
110.448
114.373
164.731
-654321
160.368
164.537
83.0037
86.9872
171.075
96.0256
174.384
176.678
179.75
111.173
75.1466
-654321
163.134
79.5256
165.379
167.794
91.1084
94.3494
99.7297
103.618
107.764
161.059
-654321
279.228
279.669
276.192
270.531
265.231
259.357
253.102
247.203
241.641
270.787
-654321
280.36
275.851
271.047
265.773
259.721
253.955
247.896
242.05
235.939
270.541
279.945
-654321
276.269
271.584
265.555
259.748
254.054
247.824
241.851
235.927
229.626
279.949
271.429
280.36
-654321
271.807
265.896
260.262
254.298
247.803
242.186
236.478
230.596
224.414
280.994
279.491
271.608
276.889
-654321
265.705
259.702
253.834
248.108
242.18
236.1
229.74
223.893
217.982
276.003
280.001
279.522
271.01
271.215
-654321
259.811
254.209
248.055
241.55
235.784
229.968
224.03
217.71
211.876
271.8
276.728
280.171
278.742
272.134
265.495
-654321
253.596
247.934
241.55
235.757
229.582
223.925
217.558
211.629
205.979
266.012
271.032
276.553
280.182
280.034
271.59
259.789
-654321
247.639
241.647
236.327
229.911
223.909
217.772
211.519
206.137
200.194
259.55
265.853
271.972
277.225
280.14
280.006
270.949
253.823
-654321
241.921
235.652
229.382
224.119
217.836
211.805
205.945
199.899
194.054
254.028
260.054
265.91
270.779
277.197
280.329
280.511
271.187
247.705
-654321
236.004
229.752
223.817
217.845
211.541
205.782
200.205
193.834
187.731
247.995
254.154
259.929
265.415
271.895
276.502
280.142
279.764
270.823
241.966
-654321
229.786
224.038
217.838
212.114
205.662
199.938
193.776
187.595
181.923
242.45
247.77
254.189
259.852
266.345
271.393
277.154
280.582
279.367
236.082
-654321
223.712
217.627
211.634
206.423
199.558
194.074
188.225
182.208
175.78
236.068
241.816
247.571
253.722
259.71
265.627
270.628
277.465
279.863
230.093
-654321
218.1
211.372
205.587
199.948
194.233
188.242
181.797
176.237
169.95
229.754
235.763
241.506
247.888
253.581
260.073
265.948
271.878
276.831
223.51
-654321
211.749
206.1
200.203
193.963
187.468
182.337
175.851
169.393
164.502
223.87
229.638
235.43
241.668
247.759
253.594
259.798
265.678
271.538
217.681
-654321
205.287
200.231
194.351
187.099
181.517
176.239
169.821
163.982
158.068
217.346
223.855
229.959
236.18
242.192
247.989
253.719
259.721
265.898
211.568
-654321
200.102
193.737
187.659
181.551
175.958
169.758
163.617
157.816
151.647
211.777
218.094
223.57
229.814
236.34
242.019
248.098
254.254
259.942
205.904
-654321
193.695
187.931
181.626
175.566
169.361
163.818
157.76
151.252
145.794
205.961
211.824
218.003
224.337
230.177
236.004
241.582
247.532
253.987
199.58
-654321
187.774
182.221
175.231
169.178
164.144
158.007
152.384
146.449
140.312
199.422
205.637
212.455
217.848
223.948
230.102
236.071
242.023
247.71
193.615
-654321
181.654
175.977
169.949
163.733
157.849
152.045
145.858
140.146
133.769
193.557
199.449
205.878
211.896
217.796
224.319
230.137
235.978
241.647
187.59
-654321
175.744
169.624
163.964
157.885
151.742
146.045
140.401
133.993
127.937
187.795
194.32
199.255
205.703
212.1
218.057
223.672
230.812
235.956
181.617
-654321
170.595
164.386
158.448
152.137
145.461
139.451
133.506
128.069
121.448
182.127
187.256
193.662
200.298
205.761
212.09
217.956
224.231
229.832
175.637
-654321
163.54
158.155
151.494
145.275
139.737
133.099
127.147
121.847
115.223
175.292
181.852
187.948
193.853
199.817
206.027
211.998
218.087
223.668
169.304
-654321
157.933
151.814
145.921
139.828
133.145
127.954
122.602
116.261
110.036
169.685
175.382
181.093
186.926
194.063
200.58
205.117
211.11
217.618
162.802
-654321
151.633
145.299
140.387
134.589
128.371
122.237
115.723
110.024
103.153
162.905
170.341
175.457
181.309
188.428
193.432
200.566
206.349
211.612
158.365
-654321
146.046
140.674
133.087
127.679
122.016
116.288
110.002
103.441
98.1481
157.036
163.405
169.631
175.901
181.664
187.766
193.998
199.017
206.138
152.169
-654321
139.355
134.319
127.459
121.531
115.531
109.477
104.176
145.807
91.71
152.216
157.892
163.769
169.447
175.678
181.395
188.003
194.016
200.111
146.642
-654321
133.216
127.738
172.761
115.59
109.877
103.811
96.8875
92.3463
86.4905
145.39
152.395
157.949
164.242
169.741
175.48
181.504
187.749
193.902
140.243
-654321
176.005
122.044
116.443
109.932
103.761
96.8987
91.7449
85.7416
79.3781
140.418
146.162
152.299
157.873
163.814
169.773
175.297
182.126
187.533
180.63
-654321
121.602
116.4
109.738
103.349
97.9669
90.9141
86.178
80.1271
73.7807
133.634
139.218
145.588
151.985
157.801
163.753
170.078
175.435
181.978
127.795
-654321
115.99
110.063
105.047
98.4414
92.235
85.6568
80.2462
73.9712
68.3964
128.419
132.829
140.03
146.178
151.847
157.936
163.876
169.428
175.793
122.217
-654321
109.895
104.245
99.153
91.8645
86.0648
79.755
74.4956
68.6354
60.486
122.142
128.216
133.245
173.463
147.011
151.713
157.701
163.64
169.761
115.917
-654321
104.411
98.5613
91.9456
85.5997
79.5849
74.0265
137.469
60.4436
117.797
115.995
122.372
127.311
132.765
140.612
145.922
151.208
157.543
163.904
108.881
-654321
145.232
92.6299
84.4061
79.254
74.9666
67.5981
62.8791
56.2029
50.6893
110.193
157.649
122.857
175.915
133.518
138.848
145.463
151.165
157.995
102.887
-654321
92.2205
86.2433
80.6465
73.8224
68.1875
61.8613
55.3189
124.72
44.0146
161.131
110.037
115.502
122.325
126.435
133.857
140.827
187.261
152.183
97.7928
-654321
84.5667
79.5945
74.4053
68.2173
132.457
128.698
124.299
44.4567
38.6148
96.8506
105.113
207.404
156.498
122.374
127.888
133.506
139.929
146.054
90.8898
-654321
80.799
72.9738
67.4214
62.2517
55.6935
50.1747
44.3515
38.2183
30.5108
152.727
156.34
103.304
109.296
117.128
120.999
127.559
134.493
139.853
85.3728
-654321
74.0996
137.185
61.3468
55.2028
112.724
44.0743
37.6043
31.5247
25.806
85.5149
89.9398
98.3984
105.488
109.368
115.3
121.266
127.502
133.873
80.6821
-654321
136.221
61.9826
56.9048
50.629
44.5126
37.3748
31.6239
98.4951
93.6287
79.8209
84.9688
91.5452
156.39
103.689
152.91
156.885
121.556
127.723
141.163
-654321
62.1664
54.1923
50.0333
44.7371
37.1777
101.634
25.6293
19.993
14.1989
72.6033
81.0357
87.3818
91.38
98.9986
102.813
163.697
209.196
121.811
68.2328
-654321
128.513
48.8835
42.9947
37.2724
31.4305
26.9861
18.4607
99.6141
96.1043
125.787
73.0907
80.418
84.9404
140.54
96.9066
205.369
107.71
115.955
61.7331
-654321
48.7857
42.9896
38.0294
32.7305
24.9311
21.3987
174.858
10.0619
2.13107
61.7071
67.2654
73.1307
80.5118
137.776
202.143
144.684
104.219
109.869
55.893
-654321
44.0242
36.6293
30.1043
25.9659
19.2559
89.3481
7.3644
0
54.0587
121.996
68.2992
128.462
80.2332
85.2669
142.86
98.2089
103.913
187.895
-654321
37.7776
112.203
108.357
19.1666
13.3828
7.43126
0.905762
51.3895
118.828
131.701
137.408
140.364
81.1325
85.1407
92.6139
97.5069
43.1421
-654321
32.9811
179.569
94.3168
175.262
7.07767
91.7106
44.9468
113.176
55.0495
131.437
69.2527
72.5821
79.8497
137.295
91.9089
38.2356
-654321
25.4247
20.6025
13.0884
85.7312
3.43301
36.6663
43.9253
50.1223
116.185
119.656
64.7601
73.5259
78.2797
86.8148
100.569
-654321
178.441
13.9711
175.792
1.68141
101.022
37.972
43.6917
113.172
129.82
121.461
125.205
130.019
79.6373
179.518
-654321
100.916
172.42
2.20254
108.291
31.7927
116.98
109.976
50.0123
55.9381
63.5039
125.501
73.2979
22.1366
-654321
173.623
1.52823
176.33
179.662
31.5308
37.2171
43.1811
49.299
116.5
63.02
66.8803
101.919
-654321
2.35039
89.6933
95.1288
97.2613
113.914
37.924
107.065
113.764
118.253
62.1273
10.0495
-654321
8.23146
14.4364
20.8948
26.2944
31.1758
116.419
43.4936
114.002
57.3637
2.76151
-654321
284.875
296.024
298.905
297.693
295.021
289.621
284.18
277.828
272.851
271.635
-654321
294.77
299.979
299.713
293.568
289.181
283.648
278.186
272.38
266.322
272.189
284.931
-654321
299.433
297.53
295.018
289.501
284.154
277.047
272.063
265.677
260.333
285.176
271.496
296.168
-654321
297.877
294.217
289.378
284.105
278.894
272.65
266.424
261.14
255.002
295.588
285.147
271.639
298.601
-654321
294.356
289.66
283.776
278.993
272.696
266.961
260.779
254.59
248.952
299.616
296.66
284.843
270.994
298.658
-654321
289.495
284.223
278.756
272.741
266.725
260.785
254.893
248.986
243.013
297.432
299.677
292.938
283.531
271.9
293.61
-654321
284.192
278.047
272.6
266.837
260.611
255.02
248.441
242.56
236.82
294.177
298.254
299.151
294.665
282.965
271.967
289.514
-654321
279.026
272.293
266.789
260.358
254.972
249.036
242.871
236.842
230.482
289.035
293.876
297.793
299.479
295.45
284.922
271.363
284.192
-654321
272.251
266.778
260.681
254.723
248.831
242.72
236.755
230.776
224.7
284.61
289.528
293.972
298.863
299.191
293.631
287.116
271.684
278.56
-654321
266.628
260.725
254.915
248.498
242.755
236.162
230.888
224.732
218.651
278.187
283.805
290.718
293.696
297.55
299.573
295.806
284.939
270.122
272.919
-654321
260.854
254.884
248.194
242.934
236.209
230.989
224.77
219.151
212.533
272.706
278.534
284.099
289.69
293.636
297.855
298.963
296.345
285.166
266.872
-654321
254.864
248.849
242.716
236.217
230.759
224.784
218.138
212.914
206.799
266.823
272.386
278.587
284.659
290.314
295.271
298.65
299.115
295.142
261.065
-654321
248.855
243.102
236.327
230.639
224.877
218.702
212.675
206.757
200.746
260.715
267.124
273.034
277.583
283.392
288.311
295.16
296.998
299.266
254.964
-654321
242.017
236.833
230.708
225.21
218.935
212.235
206.354
200.767
193.953
254.752
261.189
266.191
272.72
278.277
283.992
290.515
294.921
296.906
248.61
-654321
236.572
231.201
224.527
218.193
212.367
206.715
200.815
194.883
188.509
248.832
254.389
260.606
266.183
273.315
278.971
284.609
289.455
294.37
242.498
-654321
230.569
224.79
218.981
212.924
207.006
200.56
194.52
188.484
182.327
243.481
249.059
255.025
260.669
266.692
271.864
279.506
284.07
289.603
236.48
-654321
224.562
218.419
212.719
206.794
200.074
195.212
188.912
182.167
176.764
236.199
243.039
248.888
254.364
260.787
266.313
273.266
277.724
284.195
230.105
-654321
218.718
212.414
206.753
200.878
194.788
188.285
183.123
176.276
170.672
230.449
235.532
242.15
249.004
254.901
260.676
266.707
272.976
278.261
224.816
-654321
212.766
206.512
199.825
195.086
188.936
182.57
177.22
170.231
164.733
224.77
229.965
236.617
243.047
248.689
254.66
261.193
266.249
272.639
218.338
-654321
206.634
200.735
194.249
188.259
181.767
176.454
170.208
164.629
158.809
219.194
224.518
230.047
236.486
242.767
247.814
255.182
260.548
266.689
212.444
-654321
201.057
195.772
189.265
183.06
176.57
170.731
164.821
158.668
152.647
212.386
219.588
225.176
230.883
236.954
242.912
247.845
254.125
260.635
207.087
-654321
193.985
188.783
182.639
176.714
169.846
164.726
159.719
152.619
146.759
206.662
212.724
218.694
223.835
231.064
236.026
243.3
249.309
254.476
201.114
-654321
187.766
182.467
177.503
170.363
163.974
158.802
153.566
146.375
140.272
201.086
206.867
212.311
218.649
224.799
230.902
236.091
242.366
248.743
195.228
-654321
183.543
177.457
171.323
165.157
159.426
152.246
146.537
140.999
134.048
195.467
200.728
206.487
213.164
218.297
223.922
231.41
236.332
242.661
188.361
-654321
176.425
170.129
163.781
159.206
152.716
146.492
139.837
134.479
129.05
188.229
195.58
199.995
205.425
212.979
219.623
223.84
230.444
236.581
182.89
-654321
169.577
164.625
158.409
153.309
146.057
140.238
134.487
165.436
122.862
183.105
190.074
195.113
200.309
205.876
211.969
218.508
224.54
230.678
175.78
-654321
164.56
158.378
152.668
147.398
141.631
135.49
128.486
121.731
116.178
176.727
182.48
189.401
194.042
200.773
206.972
212.784
217.938
224.566
170.651
-654321
158.755
152.427
145.345
172.431
134.437
128.01
122.643
116.09
152.516
169.121
175.753
182.538
188.45
194.873
200.295
206.406
212.725
218.734
164.583
-654321
151.977
147.718
141.405
134.591
129.083
122.533
116.171
109.989
104.372
165.317
170.791
176.184
181.485
188.664
194.497
201.885
206.309
212.746
158.251
-654321
145.785
139.731
134.928
128.529
122.802
116.983
110.993
105.026
99.1284
184.592
165.088
170.48
177.317
183.28
187.925
195.626
200.529
206.46
152.761
-654321
139.392
134.106
129.148
123.508
117.185
111.346
103.767
98.5849
92.2795
193.856
159.564
163.678
170.393
175.237
181.885
188.761
193.933
199.946
146.734
-654321
134.288
128.611
123.089
116.592
110.953
161.876
100.255
93.1742
87.6448
146.814
181.727
158.597
165.25
170.273
176.416
181.04
204.292
194.376
141.637
-654321
129.135
122.857
116.005
110.826
104.91
98.3698
91.6054
85.9966
78.9781
140.308
146.153
180.487
158.765
163.464
169.728
176.566
182.074
188.419
134.215
-654321
160.936
116.193
111.817
103.95
97.3032
141.958
86.3886
80.1512
128.113
134.321
139.589
146.055
181.072
160.715
164.432
171.454
176.158
182.641
164.887
-654321
117.343
111.272
103.519
98.1788
92.879
149.726
79.7968
129.57
68.0022
126.161
133.956
141.437
177.321
179.932
159.202
188.452
170.496
175.63
122.352
-654321
110.943
151.397
144.626
92.3738
85.7809
81.2524
74.0025
67.5727
62.5965
123.584
128.722
133.997
140.132
147.29
150.119
197.287
164.69
170.9
115.871
-654321
105.971
97.5561
92.6239
150.007
80.9818
74.692
69.1895
63.6035
56.6239
114.701
121.843
213.087
183.028
141.068
146.836
151.194
159.189
164.855
153.056
-654321
98.2248
93.4888
150.735
77.78
74.496
67.8296
120.525
117.005
50.7985
109.809
116.324
123.62
128.87
134.276
139.957
176.035
180.819
158.348
107.531
-654321
140.842
88.3694
145.125
74.3868
124.2
63.8463
58.9433
50.1865
43.827
161.459
153.942
156.895
122.473
128.793
134.399
140.624
219.302
152.432
145.418
-654321
85.9852
82.3565
73.074
68.3725
63.7239
57.9548
112.128
44.64
36.8364
99.0139
103.776
110.463
116.234
122.263
165.822
133.449
140.732
146.825
92.3713
-654321
78.6283
195.442
67.04
119.713
55.6752
124.032
43.4831
38.5836
31.7038
92.5849
98.2214
104.598
109.071
157.835
161.595
213.546
134.18
173.94
86.5764
-654321
127.668
137.874
63.2436
117.553
50.2049
44.8159
37.6854
32.9334
85.9439
139.969
98.5812
160.24
111.476
115.943
122.772
127.432
134.311
82.6547
-654321
124.554
63.2875
117.632
49.6904
108.195
38.5173
31.5639
79.6741
86.8061
139.642
99.6174
104.748
151.537
157.637
121.332
128.225
74.2834
-654321
62.9495
54.7953
112.536
107.937
37.9074
114.663
130.094
79.5491
135.599
153.791
157.883
104.363
109.827
114.941
123.361
67.3129
-654321
116.058
124.679
122.82
185.19
100.74
68.7214
140.401
80.64
84.8397
153.083
144.968
149.933
110.455
116.401
133.494
-654321
113.223
43.6977
40.6626
181.84
132.883
138.648
74.4601
199.084
136.46
89.3742
202.248
103.013
110.612
117.084
-654321
109.313
39.6893
101.395
56.9412
61.6192
125.349
73.2759
80.0378
200.653
94.2214
100.07
147.94
50.49
-654321
40.9194
101.671
51.9242
126.199
64.8138
68.391
140.349
79.6158
137.022
91.8349
98.051
109.925
-654321
32.0034
44.4786
127.238
129.803
62.2074
125.192
72.9055
144.925
85.2511
92.1266
40.3887
-654321
183.998
42.0435
47.7401
129.449
121.185
193.922
141.321
79.7034
87.8927
99.9254
-654321
285.377
298.347
310.726
314.834
316.142
312.779
313.024
306.41
300.784
271.616
-654321
299.617
307.441
314.045
311.742
315.55
309.39
306.717
299.961
295.159
270.703
284.85
-654321
306.754
314.872
316.579
315.974
310.767
306.971
299.867
294.352
289.751
285.099
271.804
301.974
-654321
315.602
315.218
313.847
311.122
304.468
300.874
294.755
289.28
283.714
298.183
286.302
271.784
310.339
-654321
316.863
312.753
310.086
305.575
300.323
294.55
288.987
283.331
277.355
311.778
299.489
286.128
271.754
316.261
-654321
314.071
310.878
306.06
300.554
294.762
289.223
283.284
277.415
271.396
316.064
308.619
301.499
286.038
271.397
315.789
-654321
310.031
306.375
300.972
295.261
289.645
283.638
277.914
271.297
265.256
316.4
314.924
309.704
301.144
286.297
270.875
312.53
-654321
305.661
300.323
294.387
289.156
283.719
277.822
271.679
265.593
259.217
313.137
317.601
313.602
311.872
300.667
283.6
271.676
312.226
-654321
300.74
295.284
288.597
283.185
277.463
271.843
265.061
259.743
253.882
309.421
316.024
316.757
316.261
310.702
298.761
283.12
271.006
305.626
-654321
295.224
289.203
283.025
277.908
271.527
265.703
259.778
253.301
247.298
306.288
309.289
312.789
316.096
317.185
310.371
300.256
285.07
271.103
300.78
-654321
289.057
283.466
277.247
271.986
265.359
259.765
253.8
247.772
241.666
300.312
304.93
311.017
313.997
316.581
315.612
309.784
299.422
284.309
295.249
-654321
282.986
277.421
271.343
265.537
260.258
253.47
247.32
241.666
235.3
295.391
300.425
306.206
310.608
314.282
317.227
316.26
309.212
300.644
289.188
-654321
277.219
272.054
265.792
259.507
253.86
246.986
241.494
235.477
229.634
289.034
294.001
300.381
305.92
310.791
313.254
317.658
314.628
307.357
283.353
-654321
271.134
265.325
259.391
253.276
246.916
241.349
235.825
230.046
223.686
283.975
289.129
295.321
301.256
305.26
310.867
313.651
316.566
314.981
277.911
-654321
265.067
258.92
253.257
247.306
241.8
235.93
229.962
223.914
217.246
277.449
283.663
289.927
294.002
301.022
305.717
308.042
312.432
316.343
270.61
-654321
259.517
253.154
248.182
241.532
235.744
228.889
223.528
217.099
210.874
271.334
277.474
284.139
289.471
295.502
301.459
305.568
310.786
314.565
265.517
-654321
253.656
247.703
241.125
235.67
229.623
223.559
216.565
212.674
206.009
265.615
271.066
277.009
283.144
289.781
295.569
300.659
305.11
310.213
259.382
-654321
246.933
240.969
234.614
229.992
223.108
217.376
211.984
205.581
199.343
260.341
265.173
271.757
277.629
283.357
288.965
293.935
298.323
304.7
253.639
-654321
241.313
235.541
228.586
223.422
217.646
210.974
205.373
199.97
193.885
253.329
259.381
266.05
271.14
277.317
282.335
288.663
294.49
300.469
247.284
-654321
234.747
229.612
223.554
216.931
211.369
205.143
199.53
193.37
186.702
247.469
252.543
259.57
265.408
270.938
278.713
282.801
289.322
294.737
242.098
-654321
229.771
222.541
216.932
211.987
205.167
199.137
192.958
187.967
181.532
241.332
247.068
253.471
259.745
265.027
271.312
278.144
283.193
289.151
235.747
-654321
223.615
217.722
211.648
206.355
199.734
194.267
187.226
182.33
175.301
235.524
241.676
247.767
253.362
259.869
264.866
270.122
276.884
283.647
228.607
-654321
216.336
211.278
205.394
198.453
193.669
187.077
181.733
175.827
169.574
230.353
234.236
241.566
248.081
253.805
259.04
265.578
271.194
277.761
223.051
-654321
211.413
204.969
199.509
193.385
187.282
179.613
175.015
168.374
164.201
223.052
229.43
234.853
240.775
247.848
253.35
259.731
264.997
271.376
217.255
-654321
205.38
199.656
193.052
186.08
181.721
175.057
169.064
162.769
156.993
217.891
223.891
229.825
236.144
240.828
246.288
252.682
259.868
265.194
211.812
-654321
200.04
193.364
187.306
181.874
176.102
169.401
163.035
157.098
151.381
211.054
217.338
223.662
230.26
234.585
240.918
246.906
253.603
259.245
204.601
-654321
194.745
188.516
181.422
175.007
169.407
162.684
157.497
150.859
144.868
205.53
210.965
216.687
222.245
228.996
235.753
241.238
247.49
253.455
199.564
-654321
188.268
180.87
174.5
169.662
162.445
157.397
150.989
145.876
140.296
199.268
206.641
210.788
216.382
222.923
229.272
235.778
241.799
247.269
192.455
-654321
181.673
174.588
168.583
162.402
158.687
151.808
145.879
139.058
133.546
194.128
198.797
205.255
211.429
218.944
223
229.646
235.301
241.52
186.982
-654321
175.879
168.836
162.22
156.197
150.799
144.368
139.56
134.919
127.663
188.307
192.318
199.963
205.886
211.728
216.928
223.583
229.208
235.259
181.971
-654321
204.776
162.721
157.414
149.848
145.611
138.081
132.977
127.721
121.54
182.197
187.634
193.491
198.476
207.544
212.207
216.531
222.323
229.577
175.045
-654321
163.856
156.634
150.021
144.722
170.679
132.283
164.327
121.5
114.648
174.725
181.529
204.741
193.565
198.777
205.874
210.769
217.79
223.176
170.016
-654321
183.764
150.719
144.543
171.18
133.579
127.369
120.273
157.241
108.347
169.548
174.734
181.29
187.673
192.861
198.107
228.353
212.521
217.865
199.864
-654321
150.356
145.208
140.108
168.252
127.527
160.191
114.827
109.272
103.6
164.52
169.561
197.008
181.678
188.393
192.51
225.106
216.634
211.612
157.184
-654321
175.83
138.68
133.435
127.293
161.321
114.085
153.778
104.399
98.0077
156.872
188.232
169.191
175.162
180.037
186.842
193.301
198.784
205.309
180.803
-654321
140.676
134.623
127.045
120.676
115.614
152.734
102.922
95.9236
93.3411
151.558
184.465
163.643
168.147
175.511
201.525
186.06
209.306
199.363
145.245
-654321
132.835
178.204
160.108
114.335
108.826
149.046
97.7341
91.0125
85.9687
147.629
152.365
195.712
188.033
169.694
176.138
182.879
187.55
192.797
139.77
-654321
129.6
161.762
116.947
152.524
103.487
143.89
90.5699
82.8813
143.655
137.768
145.998
152.065
157.694
162.464
166.731
174.151
181.273
186.594
132.438
-654321
120.335
114.394
110.188
104.181
97.5855
90.5875
135.849
80.0878
74.268
133.468
140.352
145.098
180.164
158.117
163.07
192.709
173.54
181.395
126.583
-654321
113.852
110.05
104.652
95.5069
201.357
84.8952
79.2886
73.2464
135.553
125.238
132.567
138.654
144.921
150.395
157.681
163.487
192.144
175.504
120.871
-654321
108.514
163.402
96.9966
89.5564
149.271
79.2753
129.062
123.644
61.4733
160.241
127.19
132.193
138.955
145.197
149.846
157.327
163.009
169.777
114.955
-654321
147.682
143.924
141.575
84.8797
79.6605
73.5633
138.989
61.6668
115.63
211.406
128.659
131.719
172.777
176.858
191.72
158.367
163.087
109.942
-654321
97.0039
153.782
148.945
197.828
74.564
66.5222
121.986
164.486
116.125
159.244
175.578
182.255
138.019
146.246
150.545
156.532
103.517
-654321
140.767
135.387
131.156
71.8137
68.4909
62.3383
159.953
109.566
115.4
173.215
126.544
169.711
184.741
145.668
150.642
96.8532
-654321
136.592
78.5856
72.4184
124.041
60.7213
95.4347
159.718
109.57
115.364
159.348
214.04
168.464
139.966
145.258
140.127
-654321
145.198
196.073
123.599
63.2915
140.421
96.43
101.148
109.401
114.506
119.851
126.787
168.719
140.009
199.327
-654321
195.346
69.8531
60.7872
148.642
91.4213
153.945
148.852
163.172
115.443
120.051
161.594
133.136
81.2951
-654321
135.45
133.286
80.69
146.664
140.721
156.727
162.943
152.438
115.638
121.944
125.777
142.536
-654321
134.72
76.1315
131.037
135.323
141.936
143.238
103.36
151.235
114.971
119.301
123.582
-654321
66.9117
74.3549
133.177
146.516
89.8497
204.982
149.652
110.162
114.825
131.832
-654321
285.7
300.345
313.666
328.628
326.683
336.228
335.993
332.279
327.487
271.059
-654321
300.146
313.802
324.183
329.959
336.262
335.122
330.233
329.085
324.86
271.375
283.452
-654321
313.125
325.322
335.631
334.685
335.773
334.994
330.8
324.397
318.267
283.944
271.941
298.226
-654321
322.611
333.435
335.281
335.144
333.755
330.49
323.689
317.956
314.897
303.027
285.042
270.801
311.578
-654321
334.398
336.748
335.019
331.16
327.851
324.748
318.765
314.657
308.399
316.352
297.537
283.845
272.142
325.065
-654321
333.951
334.018
330.731
329.038
324.515
319.57
314.484
308.882
303.153
326.535
315.48
301.455
287.01
271.178
331.411
-654321
333.87
331.826
329.391
325.08
318.216
314.576
309.032
303.427
297.65
331.965
325.642
312.419
298.959
286.159
271.76
330.922
-654321
331.842
328.544
325.373
318.693
313.956
309.575
303.815
297.328
291.461
333.572
332.147
326.058
315.465
300.871
285.358
271.68
335.061
-654321
328.607
325.642
319.009
314.425
308.537
303.828
297.274
291.554
285.844
335.061
336.284
334.124
327.889
316.122
298.812
285.282
270.949
334.778
-654321
327.144
320.215
312.978
308.569
303.215
297.287
291.754
285.231
279.662
332.9
333.834
335.356
331.939
325.106
315.087
300.619
283.461
270.79
329.124
-654321
318.38
314.379
309.543
303.338
297.577
291.42
285.313
279.835
273.632
329.929
333.957
332.128
334.532
334.45
323.579
312.095
297.916
286.359
323.787
-654321
313.684
309.166
303.311
298.075
291.568
285.662
279.547
273.504
268.038
324.41
329.368
330.906
332.372
333.946
333.131
326.514
311.382
297.316
319.423
-654321
309.725
303.218
297.396
291.801
285.522
279.411
274.015
267.608
261.993
320.55
324.065
332.12
331.441
333.181
335.549
329.773
328.122
309.632
312.568
-654321
303.319
297.39
290.731
285.859
279.216
274.005
267.872
261.826
255.522
314.461
318.746
324.815
330.316
333.789
335.938
329.098
327.561
323.924
309.275
-654321
296.979
291.343
285.105
279.454
273.367
266.962
261.334
255.552
249.494
309.617
314.918
320.094
325.706
329.497
330.81
335.15
336.796
328.483
303.565
-654321
292.194
286.281
279.702
273.478
267.763
261.611
255.182
249.445
243.375
304.052
309.345
313.951
320.088
323.588
328.849
332.895
335.532
327.958
296.829
-654321
285.639
280.462
273.626
268.643
261.6
256.076
249.316
243.43
237.128
297.096
303.668
309.612
314.326
316.036
324.073
330.118
333.334
333.266
292.093
-654321
279.843
272.879
266.949
261.439
255.379
249.132
243.684
237.215
231.702
291.82
297.597
302.691
309.604
311.831
318.198
322.137
329.069
332.177
284.659
-654321
273.652
267.222
261.755
255.585
249.673
243.289
237.375
231.072
225.525
285.403
290.943
296.441
302.924
308.878
314.63
318.136
323.488
327.843
279.833
-654321
267.838
260.99
255.266
249.758
243.254
238.362
232.545
225.221
220.476
278.715
285.842
291.807
297.169
302.284
309.656
311.735
320.979
322.946
273.423
-654321
260.479
255.452
250.072
242.843
237.091
231.538
225.806
220.178
213.383
273.233
278.589
285.507
291.724
297.187
303.882
309.058
314.407
320.057
268.515
-654321
255.711
249.893
243.476
237.204
230.661
226.476
218.813
213.948
208.041
267.944
273.318
280.114
285.27
290.738
296.91
304.407
308.821
314.425
261.535
-654321
248.682
242.528
238.082
231.856
225.525
219.221
213.229
206.925
202.413
261.698
267.125
273.468
279.721
285.001
292.083
296.999
303.272
309.498
255.9
-654321
243.035
237.115
232.59
224.925
219.479
212.436
206.918
201.34
194.972
255.242
261.15
268.087
273.617
279.481
285.813
292.259
297.618
303.124
249.659
-654321
238.151
231.923
225.584
220.297
213.299
207.313
202.177
196.235
188.778
250.177
255.518
261.314
267.514
273.725
278.796
285.043
291.038
297.171
243.074
-654321
230.637
226.273
219.419
213.389
207.16
201.42
195.713
189.552
183.331
243.324
249.691
254.712
260.677
267.719
273.87
279.394
285.082
290.712
236.671
-654321
224.987
217.706
214.14
207.217
201.874
195.171
189.838
183.278
177.253
236.961
242.861
249.846
255.402
261.506
268.546
273.789
278.729
285.715
231.068
-654321
219.801
213.112
209.377
202.242
196.341
189.848
183.304
177.008
172.084
232.297
238.602
243.447
248.937
255.365
262.545
266.645
274.081
279.855
225.845
-654321
213.091
208.636
200.443
194.901
189.261
182.6
177.969
171.594
163.83
225.124
230.675
237.329
243.559
249.434
254.796
262.089
267.581
273.437
218.892
-654321
207.434
201.715
195.766
204.693
183.208
178.468
171.452
165.208
159.385
219.72
225.421
230.911
236.911
243.557
247.91
255.4
260.643
267.331
214.11
-654321
200.83
194.322
189.611
183.896
176.606
170.582
166.071
159.172
154.38
212.67
219.154
224.875
233.484
238.42
243.083
249.111
254.227
261.825
207.106
-654321
194.142
189.7
182.161
177.992
170.955
166.524
159.957
152.367
147.874
217.956
211.585
219.703
224.86
231.501
237.33
243.818
249.107
255.372
200.548
-654321
190.786
182.413
176.067
169.913
165.172
160.651
152.711
147.794
140.854
213.752
207.511
213.326
220.444
225.169
232.424
236.614
243.348
249.237
196.23
-654321
184.432
177.469
171.635
167.238
159.822
152.798
147.236
141.336
136.938
222.345
201.672
207.642
214.042
219.918
226.295
248.063
237.036
243.306
205.258
-654321
178.727
194.459
163.48
160.147
153.983
148.425
141.023
135.951
130.466
189.122
195.28
200.16
218.032
233.927
226.703
224.025
230.972
237.19
183.665
-654321
192.051
165.723
160.961
152.615
147.653
142.761
135.929
130.591
123.218
182.451
204.946
194.81
201.218
207.901
214.62
219.425
227.621
231.497
178.09
-654321
163.918
185.03
153.974
147.699
141.316
134.612
129.712
162.736
116.762
177.83
202.236
189.671
194.763
213.408
209.203
214.103
226.291
225.22
204.851
-654321
160.093
181.827
147.148
140.325
135.667
130.626
122.852
116.658
110.076
170.605
176.31
183.673
190.102
210.328
213.424
206.989
211.761
218.853
164.471
-654321
154.675
148.788
140.967
135.556
131.667
124.264
117.18
111.205
105.676
190.663
205.704
177.327
184.969
189.6
194.922
211.292
206.278
213.471
159.803
-654321
146.994
142.601
216.572
128.68
214.078
115.75
110.853
105.273
99.0907
159.158
188.883
173.159
176.123
182.722
189.843
194.974
202.145
207.47
153.296
-654321
141.732
135.114
128.794
160.879
168.568
110.955
150.627
97.1959
92.5571
181.359
185.273
166.019
169.377
230.542
183.684
189.965
193.803
200.324
189.708
-654321
135.6
166.414
161.703
117.447
153.742
104.772
100.326
154.256
177.705
152.316
159.347
163.44
170.698
178.959
184.911
220.151
194.863
172.924
-654321
165.876
122.04
117.284
166.279
161.705
158.043
92.707
139.458
175.98
152.986
185.932
226.19
171.577
196.965
183.625
187.699
135.326
-654321
122.23
118.413
112.364
163.162
97.6921
139.117
182.644
185.597
146.889
180.155
186.242
225.97
206.678
209.988
183.873
129.895
-654321
117.54
111.166
149.518
98.2179
92.7576
128.525
170.637
141.433
147.644
182.054
196.578
190.247
205.757
177.069
174.152
-654321
153.173
105.684
145.498
93.6122
160.315
128.713
135.6
139.776
147.229
153.367
158.516
164.006
170.376
155.687
-654321
149.653
99.7352
93.3657
117.196
171.821
130.034
216.173
141.494
176.824
182.733
159.159
164.118
154.102
-654321
145.84
140.742
111.498
115.596
161.801
132.406
135.79
172.85
147.587
152.59
186.622
148.718
-654321
202.93
150.18
111.988
116.566
163.802
213.624
170.178
174.408
146.237
152.57
145.371
-654321
144.255
147.203
109.068
171.531
124.775
165.642
215.464
140.574
146.85
92.1379
-654321
283.968
298.266
315.22
330.33
339.2
350.095
353.458
353.706
350.944
271.466
-654321
299.709
315.689
327.981
332.199
346.901
349.305
352.306
352.704
345.729
271.223
286.795
-654321
313.078
330.581
337.993
347.338
349.849
347.522
353.288
346.336
346.745
285.468
271.572
298.899
-654321
326.525
338.713
346.567
352.596
352.945
352.85
347.06
345.295
341.147
298.339
286.282
271.76
311.187
-654321
338.712
346.674
349.164
351.393
352.909
347.236
343.602
340.902
336.48
311.896
299.017
286.742
270.777
327.695
-654321
347.165
351.329
354.266
351.036
348.126
343.235
341.133
335.648
331.321
328.109
312.925
302.529
284.965
270.619
340.036
-654321
352.26
353.244
350.49
346.52
345.97
341.748
337.597
329.836
325.122
333.076
323.985
308.44
298.711
285.21
271.692
346.463
-654321
350.374
352.762
348.948
346.111
340.577
335.874
331.291
325.444
319.685
345.448
339.74
331.386
309.934
299.249
286.151
271.312
352.637
-654321
350.339
349.166
346.637
340.811
335.071
331.322
325.091
318.575
314.501
352.49
349.507
339.808
327.371
313.485
299.976
285.112
270.475
352.134
-654321
349.864
344.964
340.086
335.319
330.719
325.716
320.157
314.476
308.456
352.332
351.122
343.757
339.11
328.196
311.501
299.373
285.434
271.238
353.295
-654321
343.427
342.321
337.465
330.13
325.595
320.862
314.436
309.098
303.214
349.784
352.998
352.642
350.468
340.837
326.596
312.446
300.195
285.583
347.511
-654321
338.294
335.906
329.732
326.614
319.89
314.312
308.171
302.944
296.927
342.903
350.939
350.649
341.711
350.923
339.389
328.363
313.381
300.123
346.511
-654321
337.871
332.441
324.416
318.716
315.296
307.894
302.323
297.103
291.6
340.094
348.722
350.26
351.821
349.362
351.501
336.209
323.293
310.048
340.878
-654321
330.332
326.103
319.547
313.763
308.185
302.81
296.748
290.967
284.416
341.685
346.685
348.026
350.048
350.353
347.878
342.545
344.466
332.12
336.106
-654321
325.699
320.651
314.076
308.881
302.204
296.793
290.849
284.765
278.658
334.902
342.111
346.313
349.041
353.958
353.353
350.285
352.601
340.069
328.609
-654321
320.719
313.854
309.475
303.062
297.094
290.845
285.232
278.515
273.288
332.703
337.134
339.716
346.128
348.761
353.913
353.129
350.326
345.826
326.761
-654321
315.275
308.738
302.361
296.511
290.67
285.139
279.127
272.533
266.496
323.349
330.931
336.556
341.306
343.421
351.164
349.198
352.562
348.405
319.281
-654321
308.688
302.917
296.804
290.454
284.561
279.004
272.715
267.219
260.841
320.145
325.561
331.126
338.149
341.986
345.893
349.035
350.493
351.121
312.825
-654321
303.165
297.047
291.234
285.719
278.877
272.897
266.875
260.759
253.948
313.272
320.112
325.707
331.133
335.637
341.765
347.274
345.391
352.234
308.841
-654321
296.274
289.943
285.569
279.402
272.654
267.227
260.97
255.368
248.811
308.581
313.506
320.737
324.732
330.371
335.215
337.281
345.248
348.756
303
-654321
290.914
284.306
279.02
272.636
267.064
260.977
254.168
248.283
243.495
303.37
307.075
314.681
320.088
326.293
331.216
336.542
335.971
344.526
296.897
-654321
283.775
278.515
271.902
267.017
260.872
254.958
248.513
242.895
236.392
296.526
302.346
309.535
313.518
318.184
325.456
332.46
334.436
340.468
291.62
-654321
278.636
272.899
266.463
260.129
254.025
249.904
243.186
236.95
231.241
289.568
297.66
303.639
308.563
313.788
320.308
326.179
330.755
336.18
284.526
-654321
273.314
266.198
260.344
255.001
248.344
243.283
237.034
229.559
224.94
285.889
290.468
296.53
302.403
307.876
315.081
320.601
325.984
332.249
279.349
-654321
267.517
261.106
254.403
248.493
242.169
237.847
231.43
224.715
218.083
279.182
285.093
290.679
296.533
302.058
308.508
314.728
320.993
325.407
271.492
-654321
260.626
255.749
249.262
242.321
237.514
229.522
224.593
219.491
212.729
271.576
278.614
284.26
291.895
295.711
303.066
309.024
312.05
319.648
266.749
-654321
255.372
249.235
243.188
236.159
230.194
225.337
218.301
212.399
206.654
265.835
272.262
278.726
283.989
289.751
295.731
302.2
308.349
314.455
259.943
-654321
248.115
241.425
237.026
231.053
224.004
217.434
212.691
206.506
201.508
261.434
268.124
271.489
279.154
284.512
288.179
296.312
302.764
308.274
254.038
-654321
243.179
237.195
230.438
224.563
219.688
213.032
206.947
200.372
194.915
255.762
260.883
265.608
272.74
279.139
283.469
290.621
296.181
302.34
248.286
-654321
236.786
231.493
223.84
217.189
212.219
205.95
200.275
194.751
188.629
249.617
255.4
260.895
266.886
272.214
277.536
283.111
290.575
296.069
241.965
-654321
230.688
223.616
224.891
212.781
206.786
200.589
193.13
188.529
183.958
242.876
248.724
254.509
260.768
266.04
270.912
278.705
284.842
291.117
237.687
-654321
224.9
218.177
211.624
205.957
200.449
193.797
187.747
183.025
177.835
237.782
242.185
247.625
253.908
260.748
265.872
272.693
278.351
284.641
231.538
-654321
219.745
212.365
207.085
200.064
193.747
188.572
181.514
176.711
171.232
233.96
234.661
243.141
249.339
254.023
259.29
267.467
272.309
278.336
225.646
-654321
211.511
208.208
200.956
195.255
188.597
183.721
174.912
168.911
164.466
223.913
230.098
238.333
241.573
248.359
254.787
259.778
267.538
272.584
219.445
-654321
207.441
201.102
194.793
188.356
182.931
175.83
169.508
164.325
158.654
219.604
225.629
231.808
235.485
241.03
249.249
253.949
259.783
266.541
212.184
-654321
212.668
209.072
189.977
182.559
177.878
171.479
201.582
158.553
152.4
212.286
218.198
223.968
231.93
236.826
241.005
251.015
247.722
260.933
206.323
-654321
194.304
204.002
181.678
175.627
169.042
164.685
184.498
152.601
145.081
205.679
211.227
216.817
223.263
233.436
237.311
242.079
247.375
254.863
200.735
-654321
217.534
183.277
175.929
170.423
163.514
159.573
152.073
176.555
139.168
199.706
208.463
212.327
218.196
224.762
229.994
236.205
241.955
248.581
195.437
-654321
199.253
176.169
169.864
167.026
159.924
152.735
148.149
139.915
169.179
192.882
200.254
205.01
209.633
216.993
223.588
231.408
235.849
241.667
187.439
-654321
174.651
192.29
163.615
156.125
180.519
190.175
173.185
136.355
129.446
189.251
207.021
201.319
229.78
211.588
218.492
224.836
230.633
236.299
182.627
-654321
170.288
164.473
158.818
153.721
175.743
142.086
169.484
128.783
161.157
183.669
235.385
196.143
201.242
206.489
222.296
219.379
224.196
230.378
176.783
-654321
189.887
185.889
178.91
178.173
139.966
136.785
127.18
123.91
196.473
183.36
187.482
236.773
225.745
205.783
211.369
237.474
224.175
170.962
-654321
160.699
150.569
144.376
140.856
135.539
179.205
120.939
171.101
229.37
184.473
188.152
222.644
200.054
240.32
221.664
218.643
164.977
-654321
151.255
191.013
140.293
135.568
177.255
122.559
227.293
169.672
175.518
182.648
188.146
195.332
240.085
240.748
212.559
160.375
-654321
147.255
141.643
134.908
214.321
160.093
187.391
188.985
191.745
174.952
183.385
189.22
221.64
213.641
206.727
153.142
-654321
186.137
133.328
165.33
122.977
223.049
160.128
190.199
228.97
178.732
183.605
188.407
194.833
212.901
176.443
-654321
135.378
164.412
160.398
146.821
194.579
158.906
164.88
207.653
177.599
182.557
188.059
193.246
138.993
-654321
130.18
174.442
142.571
147.974
152.323
184.089
189.188
170.733
175.369
182.693
188.016
169.739
-654321
121.633
167.655
218.278
147.258
181.156
156.702
225.278
169.734
176.917
182.002
162.001
-654321
126.895
217.758
219.101
175.743
221.872
157.628
164.982
193.552
177.119
121.444
-654321
287.586
298.512
316.368
329.345
345.093
353.46
366.098
371.302
371.887
271.77
-654321
298.05
312.893
327.779
336.422
351.261
362.859
365.33
367.875
370.091
270.891
286.242
-654321
311.833
326.89
341.98
353.174
358.492
367.567
368.429
367.504
366.662
284.899
271.087
300.357
-654321
327.488
348.132
356.357
367.054
365.921
365.246
369.971
360.295
366.826
299.646
283.353
271.094
319.725
-654321
336.628
352.233
359.994
363.031
369.096
366.403
368.955
364.826
361.341
313.527
303.026
285.149
271.314
333.485
-654321
360.793
362.547
366.811
369.979
365.993
366.269
364.208
358.395
358.58
326.412
310.13
292.622
285.539
271.482
341.12
-654321
362.271
364.235
366.504
368.279
366.146
364.79
361.957
356.649
352.35
340.534
327.497
319.962
297.544
285.799
271.027
350.423
-654321
364.4
369.039
367.665
366.088
365.883
363.05
358.76
352.331
348.265
353.926
337.83
332.281
312.678
300.369
287.666
270.075
356.828
-654321
367.639
370.298
365.982
360.705
358.233
355.581
353.063
344.659
342.839
362.024
353.589
338.286
328.331
314.032
298.702
285.527
270.447
365.87
-654321
367.001
368.141
364.488
360.184
355.439
353.184
347.887
341.032
336.55
369.502
364.886
355.092
341.585
329.111
310.984
297.499
285.719
271.179
370.188
-654321
366.434
366.406
362.677
355.614
352.018
346.655
342.339
335.295
330.501
368.562
362.51
361.762
355.361
343.336
327.482
313.632
298.257
285.305
369.745
-654321
363.876
356.756
358.758
350.884
348.334
341.57
335.725
330.866
324.792
368.812
368.154
359.763
362.07
353.918
346.222
321.968
317.618
301.299
368.214
-654321
361.751
353.872
351.745
348.64
342.173
337.197
330.978
325.612
319.768
368.52
366.957
361.896
363.266
357.931
355.612
347.303
335.312
316.228
363.106
-654321
357.844
353.364
347.931
342.069
337.135
331.451
324.544
319.752
314.135
363.823
360.841
370.272
370.541
368.649
365.057
350.714
337.971
326.86
363.234
-654321
350.231
348.313
342.7
337.033
331.011
325.314
318.925
313.836
307.645
365.475
363.846
370.142
371.589
371.671
362.673
364.712
352.052
338.46
357.163
-654321
347.449
341.347
335.631
330.692
324.11
319.618
313.21
307.513
301.555
358.077
359.479
364.987
367.242
368.489
369.185
364.644
363.962
346.559
351.898
-654321
342.453
336.108
328.48
325.385
318.549
313.561
306.74
301.736
295.619
353.007
356.056
360.62
364.337
371.66
370.522
368.304
370.779
364.809
344.98
-654321
337.003
331.386
324.538
319.219
313.646
308.195
302.181
295.438
288.725
347.412
350.725
358.63
359.54
363.33
368.633
369.133
369.395
365.202
342.594
-654321
330.546
325.203
319.535
313.675
307.966
301.893
296.062
289.781
283.437
341.281
348.051
346.337
355.141
357.038
367.669
368.018
369.428
371.225
336.242
-654321
325.299
319.539
313.176
307.135
301.482
295.397
289.558
283.034
276.523
334.687
342.594
347.266
352.866
360.312
360.592
365.054
367.067
369.886
330.237
-654321
318.42
313.061
307.91
302.338
295.265
289.611
283.003
277.239
271.522
331.38
334.716
341.199
346.64
347.519
358.61
364.071
360.452
366.808
325.281
-654321
312.639
306.985
301.546
295.279
289.347
282.992
276.739
271.929
265.798
326.058
331.239
337.569
342.159
348.745
351.803
353.654
363.476
363.539
319.26
-654321
308.068
301.33
295.133
289.866
283.183
278.735
271.578
266.017
258.955
319.03
324.708
330.411
336.647
343.25
348.474
346.294
354.784
363.772
313.884
-654321
301.421
295.348
289.096
283.828
277.514
271.124
265.367
259.376
253.364
312.982
318.29
323.19
329.753
336.538
342.787
345.141
348.282
356.207
306.795
-654321
295.338
289.962
283.717
277.677
272.368
265.173
259.553
254.16
247.982
307.865
313.569
319.445
324.169
329.76
336.016
341.072
349.149
349.966
302.492
-654321
289.562
282.842
277.96
271.158
264.684
259.828
253.78
248.038
241.548
301.313
307.523
313.876
318.895
324.814
330.406
338.286
341.28
345.563
296.613
-654321
283.569
277.662
270.55
265.048
260.084
253.558
246.441
240.692
235.408
295.868
301.348
306.61
314.842
318.97
324.632
331.321
333.062
342.471
290.084
-654321
277.651
271.295
264.604
258.056
252.265
246.874
241.39
235.202
229.439
288.924
295.439
301.743
307.863
312.995
319.178
325.528
331.099
335.802
283.653
-654321
271.922
264.902
259.586
253.35
247.488
241.862
236.037
228.188
224.258
283.779
288.35
295.801
301.055
284.071
314.081
318.926
325.724
330.009
278.477
-654321
265.821
259.75
253.389
247.26
241.701
235.789
228.533
223.616
217.807
277.628
283.366
289.427
296.544
301.931
307.206
313.268
319.478
325.051
271.801
-654321
259.374
252.921
245.939
241.987
235.41
229.572
222.874
216.335
210.734
271.262
276.906
279.691
287.932
294.838
302.44
307.268
312.133
318.124
265.008
-654321
254.397
246.742
242.08
235.411
229.806
223.432
217.825
211.246
205.863
266.108
271.677
277.957
283.706
290.089
295.433
302.398
306.781
313.304
259.864
-654321
247.23
240.154
233.676
228.939
223.478
217.105
210.766
204.95
197.805
260.547
266.408
271.401
278.455
282.941
289.812
295.881
301.043
307.121
253.688
-654321
240.654
236.014
228.092
223.964
217.007
210.868
205.133
200.203
194.022
253.296
259.876
265.687
270.69
277.139
282.973
290.731
294.717
301.076
246.595
-654321
234.596
229.678
241.386
215.951
210.899
204.894
200.277
192.97
187.688
247.819
253.482
260.835
264.38
271.573
276.884
282.132
288.567
294.902
239.957
-654321
228.246
223.67
217.463
211.136
205.051
197.802
193.407
188.783
199.711
240.297
246.891
254.042
259.326
265.036
272.087
277.837
283.498
289.445
236.018
-654321
229.51
218.301
211.518
216.32
199.283
192.864
205.26
180.65
176.6
234.649
242.353
246.242
253.703
259.996
256.463
271.253
276.365
283.23
230.026
-654321
216.926
212.311
206.123
198.717
191.178
204.647
183.174
173.448
169.217
229.306
249.427
253.679
245.932
253.624
260.46
265.315
271.176
277.116
223.767
-654321
234.174
205.277
198.896
192.914
185.946
180.024
176.008
191.951
162.503
222.975
231.74
235.315
241.252
246.337
261.998
259.557
265.46
259.541
217.602
-654321
205.442
212.131
194.313
187.965
180.546
175.82
170.308
190.287
156.803
215.765
224.205
245.334
236.191
241.173
248.225
255.012
259.36
265.365
211.499
-654321
212.775
194.58
188.673
181.356
174.15
169.46
162.864
157.67
193.328
212.058
217.547
229.41
229.225
233.882
240.213
244.917
249.053
258.687
204.173
-654321
236.114
187.114
180.295
175.035
226.99
164.476
157.099
151.858
203.195
219.592
218.438
222.525
228.836
235.369
241.821
247.884
252.111
214.518
-654321
188.191
180.151
175.403
168.5
161.761
196.369
191.856
200.564
217.064
209.866
216.764
240.552
227.835
235.597
240.889
246.9
208.668
-654321
182.553
174.836
169.145
162.182
158.27
150.832
220.256
238.595
217.935
220.056
218.405
224.309
229.367
236.037
241.389
187.173
-654321
175.72
169.051
188.308
197.331
151.828
187.796
208.476
213.156
228.518
220.17
217.462
228.275
229.483
236.468
231.961
-654321
205.208
163.942
184.512
180.767
200.092
188.017
209.233
200.189
204.859
209.182
223.701
244.395
229.249
175.475
-654321
164.103
157.909
151.604
175.946
211.279
203.014
193.167
198.495
215.521
211.321
243.673
223.654
167.225
-654321
156.827
152.385
170.258
175.513
231.359
188.1
235.595
200.337
216.418
220.496
216.511
162.618
-654321
149.784
226.212
168.022
173.816
201.775
203.295
193.235
211.637
205.678
210.318
184.298
-654321
183.432
163.955
193.422
174.853
232.702
216.386
194.074
199.188
205.328
152.502
-654321
285.037
298.191
313.583
333.984
335.077
345.577
359.227
369.451
384.364
271.302
-654321
297.464
313.305
323.622
339.223
353.917
360.641
376.444
378.658
388.464
271.495
283.927
-654321
312.528
330.194
342.263
352.352
366.883
376.912
386.906
385.074
385.864
284.776
271.483
297.261
-654321
331.971
343.914
360.879
364.606
368.263
376.633
386.318
384.894
385.864
297.95
286.252
271.999
318.308
-654321
335.741
357.809
361.358
385.39
380.758
394.304
385.258
385.508
380.538
315.574
301.442
284.398
271.445
327.694
-654321
361.199
371.603
379.831
382.717
383.384
385.906
388.244
388.569
379.513
326.687
314.255
300.729
286.316
272.481
342.24
-654321
368.67
381.349
390.588
382.698
387.996
392.658
382.004
383.22
381.57
345.943
334.459
313.397
298.663
285.337
271.386
361.133
-654321
376.635
389.211
386.912
387.433
384.004
384.472
380.565
380.019
371.821
348.65
346.141
326.62
311.698
299.845
282.869
270.963
372.861
-654321
381.331
385.555
386.845
382.288
385.648
383.381
380.892
375.932
370.7
369.098
355.982
338.565
328.899
318.576
303.717
283.162
270.429
376.716
-654321
370.62
386.564
385.741
382.043
383.094
380.735
375.157
367.831
367.289
373.059
368.677
356.993
346.466
325.753
318.318
297.618
281.458
271.681
379.073
-654321
389.349
387.049
381.553
384.082
375.392
373.999
370.019
364.467
360.38
382.131
366.907
370.111
355.287
338.622
333.114
313.609
303.347
285.028
384.037
-654321
387.562
386.265
382.461
378.818
370.784
372.743
366.555
360.101
356.044
389.4
380.289
375.077
366.273
355.718
345.261
327.964
317.415
298.809
381.551
-654321
385.766
379.804
379.659
374.827
370.907
364.786
359.578
355.492
350.227
382.526
383.929
378.908
378.11
371.361
351.899
339.09
325.376
314.181
388.385
-654321
385.868
382.036
372.146
371.5
364.806
361.103
355.229
350.741
345.188
386.754
384.483
386.204
383.697
378.913
369.16
359.729
341.664
323.859
388.802
-654321
380.348
373.371
370.443
366.486
361.202
353.514
350.65
345.548
336.473
386.96
385.502
389.693
379.541
388.118
375.283
360.346
361.772
335.948
381.831
-654321
376.496
367.146
365.076
358.291
355.174
350.531
344.992
339.083
333.357
379.371
389.277
389.393
384.482
387.252
384.41
370.471
358.369
357.852
380.53
-654321
370.999
366.662
357.801
352.387
350.627
342.274
338.28
333.002
326.564
377.974
373.508
386.697
386.01
381.05
387.728
382.835
378.915
372.544
374.235
-654321
366.123
360.548
353.471
350.564
344.278
338.806
333.065
326.557
321.257
375.124
382.629
380.964
386.667
385.747
385.434
390.86
387.529
372.53
369.818
-654321
362.112
356.879
349.762
343.255
338.858
332.965
327.265
321.692
314.925
369.562
376.934
379.254
377.613
385.486
388.817
388.546
387.566
376.705
365.353
-654321
353.506
348.045
343.994
338.664
332.11
326.401
320.75
315.054
309.095
365.046
369.133
372.751
381.985
383.804
384.18
384.923
386.585
383.48
353.945
-654321
346.568
343.051
339.037
332.358
327.252
321.197
315.246
308.93
303.349
359.308
366.762
371.586
369.431
381.089
381.722
385.878
386.295
387.921
357.082
-654321
344.903
336.704
333.366
327.169
321.633
315.645
309.394
303.062
297.621
356.032
361.602
366.447
373.255
378.856
381.068
386.849
389.542
385.787
349.765
-654321
339.889
332.586
326.83
321.185
315.178
309.684
302.927
297.425
291.395
350.825
355.479
362.13
364.228
368.081
372.814
382.317
384.394
387.514
345.333
-654321
333.419
328.248
320.649
315.229
309.052
302.83
297.062
290.785
285.136
343.423
349.152
354.977
362.737
363.514
366.519
379.219
384.534
384.267
339.351
-654321
326.992
321.155
314.595
308.461
303.42
297.907
292.472
285.468
279.197
338.996
344.83
348.348
353.704
359.572
364.411
369.23
373.674
378.989
332.246
-654321
321.327
315.273
309.992
303.568
296.828
291.173
285.068
279.714
273.196
332.476
337.406
344.447
348.69
354.967
361.841
365.56
355.043
374.176
327.453
-654321
315.253
308.679
303.42
296.981
290.644
284.857
279.45
272.982
266.669
324.981
334.204
336.319
345.112
349.231
352.677
361.33
368.333
369.573
321.441
-654321
308.829
303.398
297.398
291.282
284.455
279.016
272.736
266.411
261.066
321.009
326.731
333.301
339.207
344.898
349.965
348.315
361.797
365.778
315.248
-654321
302.502
297.903
291.305
285.201
278.647
273.253
266.907
260.678
254.434
314.382
321.367
327.556
333.294
337.574
343.589
350.211
356.35
360.127
308.635
-654321
297.456
291.208
284.281
278.422
272.435
266.942
260.402
254.644
249.388
308.33
315.054
321.093
327.082
333.316
338.336
343.089
350.745
355.6
302.291
-654321
290.613
284.415
279.205
274.044
267.121
260.905
255.926
249.054
244.223
302.886
309.785
315.297
320.782
328.039
329.975
339.267
345.378
348.977
298.487
-654321
285.037
278.293
273.47
265.998
261.612
255.406
249.138
242.497
237.581
297.641
303.75
309.087
315.296
321.009
327.26
333.697
338.722
344.067
291.132
-654321
278.866
273.173
267.168
260.333
254.606
248.703
242.396
236.87
230.655
289.09
296.152
303.276
308.777
314.227
320.311
327.129
333.361
337.977
286.337
-654321
273.204
267.444
261.157
249.521
248.821
242.664
237.654
231.533
224.597
283.691
292.133
277.476
303.561
308.37
314.808
320.999
322.358
333.006
279.461
-654321
266.76
260.835
255.149
249.686
243.876
236.853
233.619
225.606
218.901
279.102
282.683
291.034
297.325
304.708
310.537
315.216
322.8
327.663
274.204
-654321
261.775
254.407
249.106
244.854
236.637
231.183
224.323
219.914
214.288
274.622
279.996
268.971
291.31
297.728
302.445
310.294
314.466
320.606
267.72
-654321
254.643
248.058
243.506
238.443
231.128
225.075
218.631
212.649
207.535
267.554
274.182
279.571
284.493
291.965
296.169
304.819
308.854
314.773
261.207
-654321
250.98
241.6
235.968
230.034
222.875
219.127
211.745
207.851
200.67
261.677
265.942
272.929
278.045
269.165
291.762
296.917
302.18
309.796
255.406
-654321
243.463
237.329
232.694
224.45
218.142
213.49
207.962
200.045
195.121
255.592
260.094
259.194
261.159
279.191
282.822
290.31
297.304
303.101
258.459
-654321
237.355
234.034
225.472
218.95
214.107
207.135
202.557
193.121
187.453
248.191
255.242
265.722
268.061
272.694
278.83
282.342
290.631
296.681
240.625
-654321
230.508
225.254
239.504
211.758
207.325
201.917
209.937
217.734
185.486
243.343
250.388
249.691
261.647
268.121
262.323
278.204
285.28
290.554
237.547
-654321
224.261
218.981
220.548
207.439
200.613
209.733
205.195
184.99
249.169
244.07
252.019
255.642
261.528
257.827
273.178
279.304
285.716
232.055
-654321
221.064
213.643
217.556
201.421
195.964
188.041
213.07
230.964
236.53
240.402
249.241
262.385
255.461
265.59
274.306
279.19
228.787
-654321
212.905
206.681
201.149
195.778
187.095
181.872
224.241
231.239
237.237
252.042
247.999
262.469
260.452
257.828
273.445
224.166
-654321
216.422
237.915
194.504
188.169
214.171
218.742
225.021
246.314
238.382
243.729
249.617
255.909
258.708
266.686
213.138
-654321
214.925
196.154
232.953
182.475
212.607
219.006
229.385
230.159
236.56
241.784
248.898
255.914
260.951
219.834
-654321
209.034
204.636
181.772
218.333
213.657
224.033
223.938
248.3
237.469
244.698
248.726
254.754
198.626
-654321
189.756
214.989
199.525
229.788
242.728
217.613
225.587
230.426
236.491
242.847
248.698
194.043
-654321
200.793
197.122
237.214
215.688
213.018
238.199
227.884
229.525
238.282
242.027
187.596
-654321
189.171
209.166
200.328
217.312
211.807
219.5
225.096
232.755
235.525
182.795
-654321
284.094
300.058
314.523
329.353
351.138
341.812
375.424
390.256
397.538
270.827
-654321
298.723
313.76
329.785
337.121
361.528
351.28
393.778
387.913
399.414
271.643
284.355
-654321
315.581
331.265
340.538
352.807
374.262
386.169
385.015
392.518
403.901
284.957
271.321
300.01
-654321
328.234
348.557
354.922
376.462
373.074
389.762
412.187
406.585
398.479
300.713
289.132
270.832
314.344
-654321
340.461
357.423
367.814
381.874
401.398
386.747
393.318
403.627
403.425
311.702
298.499
287.241
271.418
328.639
-654321
365.095
370.996
383.064
379.618
397.06
404.824
405.072
406.094
402.589
325.096
313.481
296.925
284.859
271.526
344.765
-654321
375.524
387.968
385.837
401.074
406.955
403.232
407.248
407.1
401.56
342.025
326.766
314.433
298.958
285.85
272.656
353.44
-654321
379.468
387.763
394.448
404.136
403.747
398.121
408.841
401.369
400.264
351.31
344.381
326.709
312.866
298.407
285.953
270.73
373.565
-654321
387.948
395.994
402.066
405.396
401.799
404.469
398.803
400.684
390.314
375.423
365.035
340.32
334.818
314.437
299.185
283.423
271.42
369.91
-654321
396.326
404.485
406.737
404.934
398.793
403.847
392.307
390.516
395.713
397.541
381.23
354.553
348.902
323.527
315.712
300.281
284.796
271.979
396.556
-654321
403.57
405.27
402.474
400.002
404.083
397.831
390.21
393.321
388.048
391.039
388.567
365.3
345.472
344.134
327.654
310.399
301.627
284.625
392.219
-654321
405.034
401.652
402.234
403.846
400.415
395.211
391.934
388.088
381.449
404
389.061
383.664
374.922
354.642
343.289
326.355
314.473
300.381
400.604
-654321
403.552
402.541
401.585
397.736
398.492
392.603
386.182
377.293
376.633
404.725
398.035
393.235
379.233
371.314
361.432
347.126
333.568
315.326
399.412
-654321
404.794
405.503
399.5
394.777
388.246
386.768
381.052
373.569
370.503
403.046
406.099
395.672
395.953
381.325
363.381
353.078
339.697
326.653
403.811
-654321
401.001
398.364
397.055
391.063
386.537
382.265
376.963
372.78
366.004
404.693
405.367
393.763
400.986
390.406
378.715
370.871
358.534
340.719
405.531
-654321
395.143
395.501
389.317
386.108
381.03
379.234
370.784
365.86
361.961
401.12
406.283
404.806
407.366
398.703
385.769
377.429
363.983
359.723
404.018
-654321
396.903
392.207
383.636
383.77
376.485
372.298
365.099
361.15
355.086
404.417
396.066
402.105
397.042
400.403
392.872
390.05
376.678
369.303
394.49
-654321
388.431
387.044
383.501
376.758
371.248
364.491
361.266
355.678
349.672
401.088
405.356
400.755
404.345
403.802
405.699
404.487
400.435
392.83
396.556
-654321
387.02
381.062
378.777
372.547
367.997
359.765
356.127
349.646
343.141
397.183
403.206
399.339
404.512
404.617
402.802
397.554
383.735
391.27
394.894
-654321
379.887
376.954
373.309
367.791
361.82
356.461
349.775
342.774
338.007
395.206
399.508
394.431
405.297
403.707
401.92
401.888
404.214
409.32
390.773
-654321
374.221
372.744
366.905
359.725
355.583
349.888
343.193
338.53
331.919
383.009
388.533
394.179
393.315
400.126
405.775
402.122
395.822
399.931
381.341
-654321
372.995
363.93
361.345
355.29
350.494
343.704
337.757
332.619
326.656
379.509
382.568
388.326
397.061
393.931
406.044
398.296
395.411
407.779
373.998
-654321
366.281
357.691
354.103
348.332
344.594
338.006
332.519
325.797
320.047
378.579
384.355
387.633
389.015
394.579
402.094
399.535
404.912
404.424
370.531
-654321
359.439
355.725
348.226
344.661
338.571
332.803
326.535
320.908
314.676
373.468
377.273
378.156
389.914
385.921
396.544
400.35
402.674
398.919
363.216
-654321
354.957
348.539
344.668
336.456
332.043
326.262
320.17
314.792
308.651
367.886
370.491
377.271
377.87
391.341
390.935
394.021
399.545
405.309
361.634
-654321
350.614
341.985
338.8
332.544
326.073
320.48
314.801
308.554
302.633
362.372
365.104
373.217
379.185
379.739
386.262
388.08
394.65
397.994
356.225
-654321
343.702
338.303
332.298
326.464
320.652
314.772
308.579
302.272
297.654
352.727
361.306
366.767
373.708
377.06
385.202
388.157
393.11
395.247
347.479
-654321
338.428
332.325
326.368
320.627
314.661
309.549
302.911
296.948
289.925
349.235
355.205
361.434
367.643
362.077
372.414
380.767
387.245
392.515
342.733
-654321
332.364
326.264
320.474
314.327
308.899
302.369
296.451
290.971
284.845
344.451
345.369
317.199
360.299
368.467
369.476
379.524
382.25
385.283
337
-654321
325.155
319.85
314.677
308.173
301.594
295.677
290.672
284.088
278.456
338.714
343.311
350.748
356.478
361.808
367.581
365.614
379.626
380.213
332.983
-654321
320.349
314.388
308.763
302.334
295.762
291.117
284.737
278.425
273.213
332.343
338.527
343.564
350.207
355.094
359.699
365.795
373.318
377.376
327.38
-654321
314.225
308.632
301.361
296.697
290.082
284.697
278.217
272.94
266.663
325.8
332.102
338.037
345.151
350.079
356.364
351.243
366.777
371.698
320.649
-654321
308.478
302.371
296.584
290.249
283.457
277.932
271.987
266.432
260.431
320.291
324.815
332.002
338.861
343.789
349.715
357.063
362.394
367.597
314.465
-654321
302.788
296.325
290.899
284.919
279.216
273.238
265.877
260.274
254.049
313.649
321.183
326.239
331.151
337.128
345.202
351.426
355.817
359.122
308.455
-654321
295.86
289.82
285.178
278.908
261.69
267.211
260.396
253.674
244.996
308.728
314.111
320.557
326.828
331.531
337.651
343.516
351.029
354.938
302.481
-654321
290.693
283.634
276.308
272.805
266.968
261.765
255.223
247.849
242.296
301.495
308.895
289.623
320.371
326.709
332.652
338.696
344.518
350.385
296.781
-654321
285.471
277.35
271.76
266.723
261.113
254.771
249.425
241.911
236.885
296.812
302.965
285.046
312.866
320.826
325.43
331.496
338.366
343.904
289.976
-654321
278.158
272.538
267.075
259.779
254.839
247.842
242.965
250.537
229.579
289.242
295.251
302.113
309.394
314.618
321.202
327.085
332.782
338.095
285.267
-654321
272.431
266.354
261.143
256.624
246.606
242.06
236.629
231.471
223.767
284.367
290.401
297.188
302.584
285.385
314.777
321.198
326.337
332.297
276.932
-654321
266.966
260.137
253.787
248.295
242.639
237.27
232.405
224.11
218.55
277.463
284.508
285.937
297.654
303.45
308.48
315.03
292.872
326.481
272.665
-654321
260.191
253.426
247.305
240.306
237.523
230.191
224.569
217.144
242.501
271.445
279.042
284.468
289.567
296.538
302.197
296.664
313.807
320.857
266.477
-654321
254.79
244.508
253.363
236.957
229.578
225.961
218.057
213.515
265.897
272.012
278.663
283.758
273.552
296.428
280.138
308.265
314.037
259.901
-654321
247.984
240.897
236.435
231.887
223.925
216.837
222.456
253.417
268.01
272.883
277.66
283.697
290.093
296.146
303.165
308.838
254.049
-654321
241.605
235.633
233.053
240.788
218.992
220.708
260.787
260.434
257.969
273.099
276.821
285.625
289.77
295.84
302.331
248.2
-654321
235.705
229.439
241.095
219.196
213.267
249.975
260.8
252.477
267.323
274.019
278.464
284.205
290.644
295.467
241.028
-654321
230.307
223.825
219.382
214.924
243.916
250.687
254.371
261.331
265.08
274.387
279.065
285.414
290.332
249.857
-654321
224.726
224.684
213.731
235.807
241.632
246.729
253.95
259.478
264.432
260.546
276.199
283.239
232.393
-654321
219.469
222.287
243.029
237.204
241.877
248.799
260.69
253.588
259.255
273.607
279.092
226.161
-654321
233.293
240.583
228.869
250.153
240.881
247.924
248.66
260.323
260.065
272.811
243.862
-654321
225.637
226.339
232.121
249.709
242.732
248.808
255.704
259.734
266.488
233.916
-654321
277.98
286.361
296.518
301.456
310.246
324.612
331.675
341.893
348.734
266.502
-654321
280.822
296.682
306.408
318.022
316.706
328.783
343.618
345.157
351.978
265.907
275.564
-654321
297.956
301.946
307.947
324.043
322.868
341.242
342.681
359.738
360.478
278.982
266.915
288.645
-654321
299.357
309.624
326.096
340.816
337.882
380.172
358.189
355.395
361.972
284.555
275.484
265.779
288.2
-654321
317.917
319.528
332.381
340.679
349.373
350.751
356.093
356.193
364.513
298.644
284.972
276.434
267.221
299.961
-654321
330.74
328.66
337.334
348.459
351.675
362.855
363.841
365.073
364.504
303.386
295.242
284.356
275.396
266.625
311.372
-654321
334.309
354.846
348.038
353.001
364.868
363.915
363.874
364.606
363.799
314.349
304.208
296.239
285.094
275.381
266.329
324.446
-654321
344.088
351.877
361.353
353.295
358.207
358.926
364.733
365.18
358.323
325.408
316.088
307.485
294.61
284.478
275.81
266.661
329.902
-654321
349.44
360.419
363.359
364.566
364.632
358.572
381.283
363.655
360.121
333.031
319.815
314.809
305.11
295.612
285.952
276.272
266.316
343.687
-654321
354.679
353.23
365.27
358.152
365.042
363.864
382.463
362.525
362.109
341.217
325.596
323.051
311.916
304.594
292.329
287.567
277.487
267.638
352.131
-654321
361.065
367.598
365.405
367.004
360.558
364.16
359.181
362.542
358.127
344.76
336.903
326.598
322.098
311.06
300.582
292.335
288.584
276.174
359.357
-654321
366.064
359.243
363.596
364.113
364.9
362.118
361.376
356.278
355.665
355.107
347.309
340.039
332.124
321.645
310.697
304.069
293.505
287.181
356.726
-654321
358.747
365.396
364.98
365.488
363.627
361.173
356.139
356.037
351.591
356.006
346.195
347.595
333.057
337.841
324.515
313.979
303.004
293.99
361.313
-654321
364.379
361.623
363.54
359.604
359.572
359.854
354.108
351.647
343.153
360.898
361.237
354.974
349.462
343.371
334.373
320.064
315.758
303.89
363.039
-654321
365.353
365.658
360.732
360.397
357.396
353.393
351.867
348.238
344.59
363.988
387.459
360.19
356.326
353.666
343.886
331.748
324.411
314.223
360.178
-654321
379.036
359.868
360.049
358.054
352.921
351.876
347.817
344.163
341.278
364.425
361.628
359.609
358.533
356.427
346.654
346.327
331.948
322.846
363.631
-654321
363.126
360.111
356.739
354.431
350.166
347.873
344.369
341.245
337.031
365.019
362.693
365.5
361.836
358.357
354.664
351.453
344.959
332.177
363.417
-654321
357.973
356.853
354.022
350.921
347.208
344.132
341.459
337.334
334.031
363.793
363.418
362.973
359.851
362.588
369.543
354.963
350.627
345.766
363.446
-654321
357.583
354.43
351.023
349.248
343.244
340.974
338.397
333.648
330.767
362.171
365.102
362.322
363.244
363.084
365.471
362.445
350.387
347.418
357.915
-654321
355.584
348.542
347.595
345.351
342.343
337.803
334.414
330.559
326.964
355.511
359.57
363.189
365.757
367.225
361.819
364.244
358.404
354.464
358.659
-654321
352.859
348.045
343.89
338.947
338.394
334.527
330.83
326.203
322.798
359.014
363.066
363.205
364.114
361.774
362.963
367.95
364.406
359.9
356.024
-654321
348.672
344.319
341.995
335.328
333.074
330.375
326.712
321.458
318.9
353.71
359.175
359.336
364.919
361.234
362.905
362.338
354.84
362.315
350.093
-654321
345.292
339.849
338.619
333.44
330.816
326.641
322.991
318.873
315.398
349.218
353.095
358.047
359.718
361.395
366.928
365.096
364.391
362.146
348.749
-654321
341.814
338.47
334.458
329.633
326.283
322.635
319.215
314.815
310.962
347.149
352.024
353.421
357.807
361.044
365.838
362.731
363.923
361.28
345.302
-654321
337.926
333.542
330.679
326.596
322.848
318.888
315.213
311.041
307.443
345.11
349.386
350.893
352.076
355.709
358.584
363.595
361.75
364.014
342.054
-654321
334.095
330.56
326.938
322.649
319.063
314.807
310.932
307.278
303.216
341.349
345.269
349.829
348.924
355.686
357.931
348.684
364.064
361.081
336.119
-654321
330.185
326.49
322.954
319.239
315.196
311.182
307.313
303.383
299.204
337.842
338.649
342.47
346.548
350.392
356.524
355.969
359.758
359.352
334.681
-654321
325.258
323.244
318.681
315.127
311.223
307.55
303.098
299.158
295.147
334.603
337.666
339.679
343.29
349.274
352.415
355.613
357.458
358.776
330.357
-654321
323.164
318.957
315.119
311.426
307.262
302.831
299.407
294.806
291.249
330.697
331.261
337.482
340.564
344.442
342.856
349.572
351.719
358.649
326.638
-654321
318.546
315.189
311.194
307.297
303.536
299.136
294.925
291.135
287.712
326.485
330.221
334.448
335.123
340.331
345.165
349.314
352.756
355.436
323.095
-654321
314.56
310.516
307.452
302.764
299.033
295.009
291.174
287.346
282.532
323.273
326.666
330.567
334.326
338.087
341.302
346.402
344.34
349.559
319.257
-654321
310.794
307.256
303.084
299.154
295.728
291.427
287.235
282.549
279.402
319.463
322.93
325.504
330.578
330.983
338.166
340.036
345.812
348.593
314.958
-654321
307.011
302.832
299.041
295.326
291.637
286.709
282.775
279.454
275.327
315.271
319.045
323.185
326.055
330.479
334.074
335.631
338.779
344.913
311.405
-654321
302.685
299.579
295.252
290.777
287.114
283.428
279.456
275.286
272.194
311.079
314.608
318.901
323.003
326.565
330.358
299.192
335.588
341.851
306.805
-654321
299.181
295.131
290.86
287.21
283.297
279.126
275.369
270.936
267.283
306.499
310.639
314.633
319.018
322.882
325.789
330.684
333.625
337.807
303.087
-654321
295.301
290.491
287.133
283.189
279.613
274.822
271.035
267.224
263.046
302.831
307.086
311.818
313.765
318.909
322.898
295.988
331.029
334.75
299.674
-654321
291.792
287.247
282.68
279.23
275.498
270.729
266.906
264.022
259.075
299.885
303.009
307.119
310.871
315.294
318.518
322.795
325.429
329.938
294.435
-654321
276.455
284.047
279.541
275.517
271.202
267.538
262.863
259.41
255.35
294.712
299.351
302.593
285.957
311.173
314.962
291.474
323.033
326.807
291.473
-654321
281.717
279.064
275.058
271.919
267.066
262.904
259.01
256.038
250.807
290.804
295.514
299.59
303.479
285.82
311.458
314.552
319.014
322.713
286.409
-654321
272.398
274.611
271.596
266.255
262.88
259.275
255.569
251.122
247.12
276.593
290.598
294.843
299.021
302.792
307.358
310.422
314.911
319.021
282.465
-654321
275.876
271.212
266.882
263.136
258.584
256.012
251.127
256.707
242.913
274.428
286.925
291.05
280.49
299.681
302.848
306.658
311.484
315.333
278.919
-654321
270.916
266.427
263.291
258.562
255.463
258.29
247.042
242.905
278.499
274.279
287.54
291.684
295.072
298.825
303.501
306.127
311.105
275.507
-654321
266.444
263.919
260.243
255.136
250.671
246.934
243.572
275.577
279.124
284.371
286.081
290.546
295.285
299.213
284.703
307.052
271.982
-654321
263.837
258.711
261.245
250.794
247.263
243.805
268.093
275.278
278.733
282.595
286.446
291.289
293.95
282.524
303.12
266.881
-654321
261.953
260.065
251.08
246.308
243.92
265.982
268.037
275.532
272.119
283.055
287.671
291.393
295.022
299.159
262.938
-654321
254.9
251.479
246.822
243.34
263.781
267.666
270.677
270.381
280.069
283.401
287.056
291.272
294.756
259.387
-654321
251.316
246.31
244.2
258.695
262.971
266.72
268.205
275.067
272.84
274.887
287.407
291.495
255.791
-654321
256.251
242.198
253.981
260.269
263.456
267.744
271.265
274.755
271.861
283.841
287.139
250.673
-654321
242.578
251.344
254.706
259.213
263.298
267.977
271.195
270.508
272.746
282.917
246.428
-654321
247.174
250.72
254.833
257.534
262.753
267.654
271.314
276.527
279.135
243.714
-654321
