31.887
28.6298
47.3349
20.6237
32.0651
-654321
28.7507
25.1783
20.7254
17.1867
32.5509
32.2541
-654321
24.8413
21.2106
16.8053
12.7549
32.2638
32.7221
28.6368
-654321
49.4995
16.8663
12.7848
8.62646
28.6895
32.3142
35.6406
24.8514
-654321
16.9523
12.7202
8.66553
31.2616
24.7789
28.7595
32.0784
32.6657
20.7199
-654321
12.7036
9.22236
4.9759
0.671483
20.6468
25.0197
28.2783
32.9295
16.7826
-654321
9.16454
4.00427
0
16.7504
20.845
24.9471
28.7696
12.7637
-654321
5.00939
0.775118
12.488
17.5297
20.6574
24.8038
8.59849
-654321
1.03059
8.82321
12.5087
17.0194
20.7271
5.01144
-654321
4.81614
8.5375
12.7935
16.7128
0.200861
-654321
50.1796
49.3407
46.1431
41.0066
40.9578
-654321
50.0721
46.3454
40.9056
35.5827
40.9071
49.4594
-654321
46.5637
41.37
35.5386
29.7212
49.5662
41.5758
49.9908
-654321
40.4298
35.7261
29.7637
23.6328
50.3848
49.2827
42.5629
47.3967
-654321
35.2717
29.479
23.47
17.3897
46.7151
49.8708
49.2419
40.1151
41.8993
-654321
29.4697
23.7027
18.1474
11.6965
41.3968
44.8179
50.5002
49.8222
35.2106
-654321
24.014
17.5889
11.7142
35.6292
41.4101
45.7809
49.9334
30.3728
-654321
17.7025
11.1589
29.463
35.2954
42.1524
46.2407
24.341
-654321
10.8516
23.5144
30.4925
35.8011
41.0279
17.1334
-654321
18.0593
23.7321
29.4179
35.6124
11.2129
-654321
56.0066
66.0704
68.8741
69.1543
42.0399
-654321
66.7511
70.0521
67.468
63.7856
42.1304
56.0483
-654321
68.0598
68.5466
63.893
59.1576
55.3823
41.401
65.1112
-654321
68.4868
64.9206
58.6418
54.2462
66.4963
53.4532
40.5298
69.448
-654321
63.2182
58.1567
54.2669
48.7999
71.1955
66.4806
53.6732
40.5577
66.1227
-654321
58.9318
54.8203
48.3199
42.7038
68.686
68.8429
64.2836
54.4078
65.3166
-654321
53.0166
48.1838
41.9359
64.6133
67.4588
71.822
66.5521
60.4197
-654321
48.2123
41.4044
60.4562
64.3758
71.0392
70.0518
52.7243
-654321
42.6929
54.2499
58.6391
65.2902
65.8426
48.6332
-654321
47.7214
53.5768
57.7169
61.1844
42.7922
-654321
54.0286
68.0243
80.7039
83.4967
40.6301
-654321
68.7795
76.8456
84.6867
87.5811
42.1653
55.6948
-654321
79.2893
86.1775
86.9155
83.9156
55.3627
40.6928
64.0069
-654321
85.5013
88.9375
83.71
81.2393
69.7875
55.6523
41.4451
77.0989
-654321
86.5923
81.8508
81.5334
73.884
79.0199
67.2286
56.1169
41.8429
81.8299
-654321
82.9144
79.8406
74.9088
70.6906
86.4822
81.7517
66.9468
55.8738
86.1057
-654321
80.9279
75.1193
69.4715
84.1829
84.1616
82.6174
69.0851
85.6608
-654321
74.6642
69.9736
83.8863
85.1437
85.6867
81.4056
80.9884
-654321
70.861
80.57
85.4573
87.9083
86.9904
76.786
-654321
75.724
79.8007
86.0152
85.8101
70.6924
-654321
58.0763
61.435
80.9373
92.6691
42.14
-654321
73.5905
83.1359
94.2157
100.967
42.0849
56.501
-654321
85.1112
85.8644
102.125
104.553
50.4304
41.4561
66.6408
-654321
97.0067
98.032
96.6376
105.939
69.6993
56.9693
40.6707
84.0857
-654321
96.9924
109.366
106.659
101.867
82.5618
68.7708
54.1765
40.7308
92.3355
-654321
101.056
104.238
100.349
98.7162
102.143
85.829
67.1728
52.9768
104.458
-654321
105.425
101.659
99.5851
105.377
94.4036
79.3188
69.1249
103.698
-654321
105.015
99.4153
105.937
101.347
95.4786
86.6168
105.498
-654321
98.2608
104.064
101.969
101.014
95.0536
101.942
-654321
103.177
106.128
104.524
103.802
98.2897
-654321
58.8049
70.9653
82.8991
97.3905
42.3488
-654321
71.1463
86.8791
97.4825
106.28
42.3036
55.8538
-654321
79.9861
97.199
109.631
110.36
58.9129
41.0547
72.3359
-654321
107.142
110.979
117.891
116.343
67.7576
51.4944
40.3828
84.5192
-654321
119.696
116.591
121.822
122.265
81.4482
67.6991
57.2039
39.7573
105.2
-654321
110.555
112.694
121.775
122.782
98.3717
84.2638
69.1306
56.3589
115.461
-654321
123.102
121.676
119.53
114.255
87.4772
80.9862
70.8786
112.956
-654321
119.594
120.608
117.258
107.812
96.2891
88.7666
123.426
-654321
122.488
119.065
112.226
107.474
95.7817
117.552
-654321
121.35
120.267
119.944
108.343
121.408
-654321
54.2929
64.0305
92.2694
102.102
42.1153
-654321
62.9576
94.303
95.5853
113.341
40.9356
54.0146
-654321
75.6346
89.0975
111.414
121.742
49.854
41.8131
65.562
-654321
91.2785
121.348
132.931
131.15
65.1011
50.6108
39.776
85.6502
-654321
102.446
134.302
130.68
133.82
83.6725
67.0984
57.4419
41.9074
95.2767
-654321
134.505
133.555
137.281
143.627
96.2481
81.456
68.8493
57.64
113.011
-654321
128.037
138.509
139.843
107.655
106.03
86.9901
70.6811
112.34
-654321
132.253
140.18
115.234
105.071
95.8144
85.6461
132.186
-654321
140.039
137.252
118.958
110.262
94.3397
130.269
-654321
137.366
133.834
125.987
114.729
142.058
-654321
59.1409
66.6465
85.323
96.071
42.3989
-654321
73.451
80.5226
104.359
113.597
41.2122
53.1358
-654321
89.4249
101.213
120.117
129.729
54.7837
39.5798
70.791
-654321
95.5407
122.199
127.52
134.333
64.372
57.8572
42.2217
85.6297
-654321
108.291
131.89
124.1
147.235
79.8354
68.1458
53.4354
40.8073
107.44
-654321
126.804
139.159
138.549
154.426
100.584
83.5795
68.8257
56.7899
117.864
-654321
142.114
150.197
157.709
114.15
97.438
80.3949
71.0109
128.363
-654321
147.872
146.131
128.394
113.89
95.7907
85.9085
134.946
-654321
152.053
138.508
132.862
114.138
95.8365
145.574
-654321
138.902
139.763
122.567
108.687
148.322
-654321
58.2311
73.23
79.1136
97.2533
40.8078
-654321
64.5278
79.9824
93.4942
111.776
41.0775
59.2891
-654321
82.2699
97.2178
105.434
127.383
57.3197
38.9483
69.8863
-654321
100.078
107.714
127.608
145.044
65.5291
53.8167
40.8663
79.9795
-654321
115.247
127.671
131.812
150.338
85.6921
72.3986
52.8648
41.478
92.8802
-654321
116.575
138.046
160.797
158.738
91.2375
84.8207
71.2028
54.9173
112.768
-654321
129.429
142.514
158.814
113.977
96.9459
83.703
67.4414
122.138
-654321
154.893
165.949
120.575
114.1
97.5826
81.7862
136.172
-654321
161.199
132.956
127.133
113.039
105.966
151.018
-654321
155.964
140.917
126.318
111.19
163.68
-654321
44.2999
52.5295
59.4605
77.1176
36.0104
-654321
55.702
59.571
73.4856
80.4741
37.1461
47.6577
-654321
60.6855
78.7921
80.0346
98.0153
45.4122
36.9058
56.0478
-654321
76.5204
89.0715
85.7488
103.397
51.9753
45.026
37.5407
61.9366
-654321
80.9886
91.5682
99.3249
109.197
69.9711
54.747
48.3197
36.3731
75.7638
-654321
95.7493
100.817
107.89
123.842
68.0833
63.1769
53.9171
47.0485
76.498
-654321
97.2419
111.542
119.649
122.888
76.4074
64.5848
54.5288
94.2745
-654321
110.236
118.538
98.0722
82.9104
75.6413
65.6795
98.8654
-654321
116.97
101.211
88.5359
81.8927
76.4459
109.394
-654321
113.346
103.222
93.5373
82.4203
119.961
-654321
