0.961916 1
0.0380842 21
-123456
0.949779 2
0.0502208 22
-123456
0.964347 3
0.0356527 23
-123456
0.95054 4
0.0494599 24
-123456
0.960245 0
0.0397554 20
-123456
-654321
0.962963 2
0.037037 22
-123456
0.968952 3
0.0310479 23
-123456
0.969475 4
0.030525 24
-123456
0.952507 5
0.0474934 25
-123456
0.966102 0
0.0338983 20
-123456
0.955013 1
0.0449871 21
-123456
-654321
0.967967 3
0.0320334 23
-123456
0.960184 4
0.0398162 24
-123456
0.954485 5
0.0455154 25
-123456
0.956204 6
0.0408759 26
0.00145985 86
0.00145985 106
-123456
0.968703 1
0.0312966 21
-123456
0.963024 0
0.0369757 20
-123456
0.960212 2
0.0397878 22
-123456
-654321
0.965686 4
0.0343137 24
-123456
0.958609 5
0.0413907 25
-123456
0.961832 6
0.0381679 26
-123456
0.959528 7
0.0404722 27
-123456
0.965798 2
0.0325733 22
0.00162866 102
-123456
0.9625 1
0.0375 21
-123456
0.958173 0
0.0412768 20
0.000550358 80
-123456
0.961667 3
0.0383333 23
-123456
-654321
0.961749 5
0.0382514 25
-123456
0.970817 6
0.0291829 26
-123456
0.967241 7
0.0327586 27
-123456
0.94958 8
0.0487395 28
0.00168067 108
-123456
0.958175 3
0.0418251 23
-123456
0.972678 2
0.0273224 22
-123456
0.97079 1
0.0292096 21
-123456
0.961121 0
0.0388794 20
-123456
0.96139 4
0.03861 24
-123456
-654321
0.975669 6
0.0243309 26
-123456
0.976019 7
0.0239808 27
-123456
0.95756 8
0.0424403 28
-123456
0.959276 9
0.040724 29
-123456
0.969773 4
0.0302267 24
-123456
0.972152 3
0.0278481 23
-123456
0.943946 2
0.0560538 22
-123456
0.956554 1
0.0434462 21
-123456
0.979381 5
0.0206186 25
-123456
-654321
0.942149 7
0.0578512 27
-123456
0.973988 8
0.0260116 28
-123456
0.953079 9
0.0469208 29
-123456
0.950725 10
0.0492754 30
-123456
0.952532 5
0.0474684 25
-123456
0.946176 4
0.0538244 24
-123456
0.953168 3
0.046832 23
-123456
0.947511 2
0.0524887 22
-123456
0.941341 6
0.0586592 26
-123456
-654321
0.959866 8
0.0401338 28
-123456
0.960606 9
0.0393939 29
-123456
0.959627 10
0.0403727 30
-123456
0.953177 11
0.0468227 31
-123456
0.970149 6
0.0298507 26
-123456
0.967857 5
0.0321429 25
-123456
0.978462 4
0.0215385 24
-123456
0.953927 3
0.0460733 23
-123456
0.966667 7
0.0333333 27
-123456
-654321
0.958175 9
0.0418251 29
-123456
0.941176 10
0.0588235 30
-123456
0.953052 11
0.0469484 31
-123456
0.976654 12
0.0233463 32
-123456
0.963235 7
0.0367647 27
-123456
0.975207 6
0.0247934 26
-123456
0.938628 5
0.0613718 25
-123456
0.97019 4
0.0298103 24
-123456
0.965812 8
0.034188 28
-123456
-654321
0.951754 10
0.0482456 30
-123456
0.96347 11
0.0365297 31
-123456
0.990431 12
0.00956938 32
-123456
0.958549 13
0.0362694 33
0.00518135 113
-123456
0.947917 8
0.0520833 28
-123456
0.95614 7
0.0438596 27
-123456
0.954774 6
0.0452261 26
-123456
0.944776 5
0.0552239 25
-123456
0.970833 9
0.0291667 29
-123456
-654321
0.95 11
0.05 31
-123456
0.951087 12
0.048913 32
-123456
0.961039 13
0.038961 33
-123456
0.974619 14
0.0253807 34
-123456
0.930481 9
0.0695187 29
-123456
0.967568 8
0.0324324 28
-123456
0.978571 7
0.0214286 27
-123456
0.965517 6
0.0326679 26
0.00181488 86
-123456
0.964497 10
0.035503 30
-123456
-654321
0.940171 12
0.0512821 32
0.00854701 112
-123456
0.968504 13
0.0314961 33
-123456
0.962687 14
0.0373134 34
-123456
0.992188 15
0.0078125 35
-123456
0.96875 10
0.03125 30
-123456
0.98125 9
0.01875 29
-123456
0.953846 8
0.0461538 28
-123456
0.967672 7
0.0323276 27
-123456
0.993421 11
0.00657895 31
-123456
-654321
0.972222 13
0.0277778 33
-123456
0.974138 14
0.0258621 34
-123456
0.941748 15
0.0582524 35
-123456
0.973913 16
0.026087 36
-123456
0.990741 11
0.00925926 31
-123456
0.968 10
0.032 30
-123456
0.968504 9
0.0314961 29
-123456
0.966408 8
0.0335917 28
-123456
0.95283 12
0.0471698 32
-123456
-654321
0.941176 14
0.0588235 34
-123456
0.923077 15
0.0769231 35
-123456
0.954545 16
0.0454545 36
-123456
0.977012 17
0.0229885 37
-123456
0.978261 12
0.0217391 32
-123456
0.956522 11
0.0434783 31
-123456
0.929293 10
0.0707071 30
-123456
0.965278 9
0.0347222 29
-123456
0.958763 13
0.0412371 33
-123456
-654321
0.974684 15
0.0253165 35
-123456
0.977273 16
0.0227273 36
-123456
0.957143 17
0.0428571 37
-123456
0.915094 18
0.0849057 38
-123456
0.938462 13
0.0615385 33
-123456
0.914634 12
0.0853659 32
-123456
0.948718 11
0.0512821 31
-123456
0.954717 10
0.045283 30
-123456
0.984848 14
0.0151515 34
-123456
-654321
1 16
-123456
0.942857 17
0.0571429 37
-123456
0.96875 18
0.03125 38
-123456
0.968254 19
0.031746 39
-123456
0.95082 14
0.0491803 34
-123456
0.951219 13
0.0487805 33
-123456
0.961538 12
0.0384615 32
-123456
0.961165 11
0.038835 31
-123456
0.984375 15
0.015625 35
-123456
-654321
0.983607 17
0.0163934 37
-123456
0.978723 18
0.0212766 38
-123456
1 19
-123456
0.929825 15
0.0701754 35
-123456
0.96 14
0.04 34
-123456
0.966667 13
0.0333333 33
-123456
0.975309 12
0.0246914 32
-123456
0.981481 16
0.0185185 36
-123456
-654321
0.960784 18
0.0392157 38
-123456
0.969231 19
0.0307692 39
-123456
0.928571 16
0.0714286 36
-123456
0.980392 15
0.0196078 35
-123456
0.979592 14
0.0204082 34
-123456
0.944444 13
0.0555556 33
-123456
0.979592 17
0.0204082 37
-123456
-654321
1 19
-123456
0.932203 17
0.0677966 37
-123456
0.980769 16
0.0192308 36
-123456
0.977273 15
0.0227273 35
-123456
0.972727 14
0.0272727 34
-123456
1 18
-123456
-654321
0.978261 18
0.0217391 38
-123456
0.926829 17
0.0731707 37
-123456
0.934783 16
0.0652174 36
-123456
0.990909 15
0.00909091 35
-123456
0.953125 19
0.046875 39
-123456
-654321
0.0678733 1
0.847662 21
0.0844646 41
-123456
0.0835913 2
0.835913 22
0.0804954 42
-123456
0.0427632 3
0.881579 23
0.0756579 43
-123456
0.0734824 4
0.830671 24
0.0958466 44
-123456
0.0716724 0
0.856655 20
0.0716724 40
-123456
-654321
0.0962145 2
0.798107 22
0.105678 42
-123456
0.095057 3
0.792776 23
0.112167 43
-123456
0.0940499 4
0.804223 24
0.101727 44
-123456
0.111742 5
0.784091 25
0.104167 45
-123456
0.110899 0
0.764818 20
0.124283 40
-123456
0.107417 1
0.768116 21
0.124467 41
-123456
-654321
0.0773639 3
0.833811 23
0.0888252 43
-123456
0.0870871 4
0.801802 24
0.111111 44
-123456
0.122807 5
0.783626 25
0.0935673 45
-123456
0.0616883 6
0.811688 26
0.126623 46
-123456
0.0848268 1
0.819594 21
0.0955795 41
-123456
0.0985075 0
0.802985 20
0.0985075 40
-123456
0.113065 2
0.798995 22
0.0879397 42
-123456
-654321
0.0971223 4
0.834532 24
0.0683453 44
-123456
0.0693878 5
0.861224 25
0.0693878 45
-123456
0.0627451 6
0.847059 26
0.0901961 46
-123456
0.105263 7
0.803509 27
0.0912281 47
-123456
0.0726073 2
0.838284 22
0.0891089 42
-123456
0.0762155 1
0.838371 21
0.0854139 41
-123456
0.0666667 0
0.845614 20
0.0877193 40
-123456
0.0780669 3
0.843866 23
0.0780669 43
-123456
-654321
0.0655738 5
0.82377 25
0.110656 45
-123456
0.123457 6
0.794239 26
0.0823045 46
-123456
0.0916667 7
0.841667 27
0.0666667 47
-123456
0.0826087 8
0.826087 28
0.0913043 48
-123456
0.0909091 3
0.81405 23
0.0950413 43
-123456
0.0653753 2
0.825666 22
0.108959 42
-123456
0.0778985 1
0.818841 21
0.103261 41
-123456
0.0869565 0
0.821739 20
0.0913043 40
-123456
0.101215 4
0.825911 24
0.0728745 44
-123456
-654321
0.102564 6
0.758974 26
0.138462 46
-123456
0.0797872 7
0.819149 27
0.101064 47
-123456
0.0700935 8
0.771028 28
0.158879 48
-123456
0.0801887 9
0.816038 29
0.103774 49
-123456
0.065 4
0.845 24
0.09 44
-123456
0.0917431 3
0.811927 23
0.0963303 43
-123456
0.0863158 2
0.810526 22
0.103158 42
-123456
0.066313 1
0.843501 21
0.0901857 41
-123456
0.104972 5
0.823204 25
0.0718232 45
-123456
-654321
0.0843373 7
0.843373 27
0.0722892 47
-123456
0.0974026 8
0.75974 28
0.142857 48
-123456
0.0658683 9
0.808383 29
0.125749 49
-123456
0.0617284 10
0.87037 30
0.0679012 50
-123456
0.131579 5
0.763158 25
0.105263 45
-123456
0.0872483 4
0.865772 24
0.0469799 44
-123456
0.11039 3
0.811688 23
0.0779221 43
-123456
0.0968379 2
0.822134 22
0.0810277 42
-123456
0.0748299 6
0.829932 26
0.0952381 46
-123456
-654321
0.0714286 8
0.818182 28
0.11039 48
-123456
0.103704 9
0.792593 29
0.103704 49
-123456
0.0977444 10
0.796992 30
0.105263 50
-123456
0.0714286 11
0.833333 31
0.0952381 51
-123456
0.133333 6
0.77037 26
0.0962963 46
-123456
0.130435 5
0.826087 25
0.0434783 45
-123456
0.0697674 4
0.819767 24
0.110465 44
-123456
0.105 3
0.8175 23
0.0775 43
-123456
0.0729927 7
0.824818 27
0.10219 47
-123456
-654321
0.0892857 9
0.839286 29
0.0714286 49
-123456
0.0666667 10
0.866667 30
0.0666667 50
-123456
0.0610687 11
0.816794 31
0.122137 51
-123456
0.0786517 12
0.865169 32
0.0561798 52
-123456
0.0707071 7
0.848485 27
0.0808081 47
-123456
0.0884956 6
0.823009 26
0.0884956 46
-123456
0.100719 5
0.834532 25
0.0647482 45
-123456
0.0918367 4
0.813776 24
0.0943878 44
-123456
0.10101 8
0.828283 28
0.0707071 48
-123456
-654321
0.0865385 10
0.807692 30
0.105769 50
-123456
0.0967742 11
0.83871 31
0.0645161 51
-123456
0.0454545 12
0.829545 32
0.125 52
-123456
0.10101 13
0.828283 33
0.0707071 53
-123456
0.111111 8
0.846154 28
0.042735 48
-123456
0.11215 7
0.757009 27
0.130841 47
-123456
0.0891089 6
0.861386 26
0.049505 46
-123456
0.113208 5
0.814465 25
0.072327 45
-123456
0.0740741 9
0.851852 29
0.0740741 49
-123456
-654321
0.125 11
0.84375 31
0.03125 51
-123456
0.108696 12
0.880435 32
0.0108696 52
-123456
0.138889 13
0.777778 33
0.0833333 53
-123456
0.0705882 14
0.870588 34
0.0588235 54
-123456
0.0681818 9
0.863636 29
0.0681818 49
-123456
0.113402 8
0.814433 28
0.0721649 48
-123456
0.0731707 7
0.829268 27
0.097561 47
-123456
0.0627306 6
0.837638 26
0.099631 46
-123456
0.0860215 10
0.860215 30
0.0537634 50
-123456
-654321
0.0793651 12
0.84127 32
0.0793651 52
-123456
0.0909091 13
0.818182 33
0.0909091 53
-123456
0.126984 14
0.809524 34
0.0634921 54
-123456
0.0833333 15
0.85 35
0.0666667 55
-123456
0.115942 10
0.811594 30
0.0724638 50
-123456
0.153846 9
0.753846 29
0.0923077 49
-123456
0.127273 8
0.781818 28
0.0909091 48
-123456
0.109756 7
0.813008 27
0.0772358 47
-123456
0.109375 11
0.828125 31
0.0625 51
-123456
-654321
0.116667 13
0.85 33
0.0333333 53
-123456
0.0677966 14
0.847458 34
0.0847458 54
-123456
0.0689655 15
0.827586 35
0.103448 55
-123456
0.0535714 16
0.892857 36
0.0535714 56
-123456
0.16 11
0.8 31
0.04 51
-123456
0.0701754 10
0.877193 30
0.0526316 50
-123456
0.0909091 9
0.848485 29
0.0606061 49
-123456
0.0925926 8
0.833333 28
0.0740741 48
-123456
0.0677966 12
0.847458 32
0.0847458 52
-123456
-654321
0.0833333 14
0.854167 34
0.0625 54
-123456
0.0625 15
0.8125 35
0.125 55
-123456
0.132075 16
0.754717 36
0.113208 56
-123456
0.09375 17
0.84375 37
0.0625 57
-123456
0.108696 12
0.826087 32
0.0652174 52
-123456
0.0909091 11
0.836364 31
0.0727273 51
-123456
0.116279 10
0.813953 30
0.0697674 50
-123456
0.0943396 9
0.842767 29
0.0628931 49
-123456
0.888889 33
0.111111 53
-123456
-654321
0.113636 15
0.840909 35
0.0454545 55
-123456
0.0434783 16
0.934783 36
0.0217391 56
-123456
0.175 17
0.775 37
0.05 57
-123456
0.138889 18
0.833333 38
0.0277778 58
-123456
0.0238095 13
0.928571 33
0.047619 53
-123456
0.0652174 12
0.869565 32
0.0652174 52
-123456
0.222222 11
0.777778 31
-123456
0.112676 10
0.838028 30
0.0492958 50
-123456
0.0909091 14
0.909091 34
-123456
-654321
0.0810811 16
0.810811 36
0.108108 56
-123456
0.206897 17
0.689655 37
0.103448 57
-123456
0.0689655 18
0.862069 38
0.0689655 58
-123456
0.108108 19
0.864865 39
0.027027 59
-123456
0.121212 14
0.848485 34
0.030303 54
-123456
0.0869565 13
0.826087 33
0.0869565 53
-123456
0.206897 12
0.758621 32
0.0344828 52
-123456
0.0642202 11
0.880734 31
0.0550459 51
-123456
0.166667 15
0.8 35
0.0333333 55
-123456
-654321
0.0810811 17
0.810811 37
0.108108 57
-123456
0.037037 18
0.925926 38
0.037037 58
-123456
0.0540541 19
0.864865 39
0.0810811 59
-123456
0.222222 15
0.703704 35
0.0740741 55
-123456
0.166667 14
0.75 34
0.0833333 54
-123456
0.0769231 13
0.820513 33
0.102564 53
-123456
0.105882 12
0.870588 32
0.0235294 52
-123456
0.0689655 16
0.862069 36
0.0689655 56
-123456
-654321
0.193548 18
0.806452 38
-123456
0.0666667 19
0.833333 39
0.1 59
-123456
0.133333 16
0.866667 36
-123456
0.0789474 15
0.842105 35
0.0789474 55
-123456
0.0357143 14
0.892857 34
0.0714286 54
-123456
0.115942 13
0.84058 33
0.0434783 53
-123456
0.16 17
0.76 37
0.08 57
-123456
-654321
0.0714286 19
0.892857 39
0.0357143 59
-123456
0.111111 17
0.851852 37
0.037037 57
-123456
0.0434783 16
0.913043 36
0.0434783 56
-123456
0.157895 15
0.789474 35
0.0526316 55
-123456
0.106061 14
0.863636 34
0.030303 54
-123456
0.12 18
0.88 38
-123456
-654321
0.117647 18
0.882353 38
-123456
0.0833333 17
0.805556 37
0.111111 57
-123456
0.0740741 16
0.777778 36
0.148148 56
-123456
0.145455 15
0.763636 35
0.0909091 55
-123456
0.0322581 19
0.935484 39
0.0322581 59
-123456
-654321
0.0894737 21
0.852632 41
0.0578947 61
-123456
0.0753769 22
0.819095 42
0.105528 62
-123456
0.0954654 23
0.761337 43
0.143198 63
-123456
0.0935961 24
0.807882 44
0.0985222 64
-123456
0.112745 20
0.784314 40
0.102941 60
-123456
-654321
0.073913 22
0.856522 42
0.0695652 62
-123456
0.0904255 23
0.812057 43
0.0975177 63
-123456
0.0813397 24
0.818182 44
0.100478 64
-123456
0.0769231 25
0.837104 45
0.0859729 65
-123456
0.0829493 20
0.815668 40
0.101382 60
-123456
0.0601093 21
0.846995 41
0.0928962 61
-123456
-654321
0.0870445 23
0.805668 43
0.107287 63
-123456
0.115 24
0.755 44
0.13 64
-123456
0.0862944 25
0.847716 45
0.0659898 65
-123456
0.0721154 26
0.826923 46
0.100962 66
-123456
0.0736842 21
0.836842 41
0.0894737 61
-123456
0.0909091 20
0.836364 40
0.0727273 60
-123456
0.1 22
0.79 42
0.11 62
-123456
-654321
0.116697 24
0.759426 44
0.123878 64
-123456
0.097493 25
0.75766 45
0.144847 65
-123456
0.108911 26
0.772277 46
0.118812 66
-123456
0.108992 27
0.790191 47
0.100817 67
-123456
0.0872818 22
0.758105 42
0.154613 62
-123456
0.118132 21
0.733516 41
0.148352 61
-123456
0.107143 20
0.75 40
0.142857 60
-123456
0.108696 23
0.744851 43
0.146453 63
-123456
-654321
0.0837004 25
0.792952 45
0.123348 65
-123456
0.0876289 26
0.768041 46
0.14433 66
-123456
0.0811966 27
0.833333 47
0.0854701 67
-123456
0.110656 28
0.795082 48
0.0942623 68
-123456
0.108069 23
0.772334 43
0.119597 63
-123456
0.0962343 22
0.786611 42
0.117155 62
-123456
0.113122 21
0.800905 41
0.0859729 61
-123456
0.0702479 20
0.793388 40
0.136364 60
-123456
0.101266 24
0.772152 44
0.126582 64
-123456
-654321
0.12234 26
0.787234 46
0.0904255 66
-123456
0.0779221 27
0.857143 47
0.0649351 67
-123456
0.0706522 28
0.798913 48
0.130435 68
-123456
0.0959596 29
0.823232 49
0.0808081 69
-123456
0.0812183 24
0.832487 44
0.0862944 64
-123456
0.0912281 23
0.808772 43
0.1 63
-123456
0.0855615 22
0.807487 42
0.106952 62
-123456
0.102151 21
0.790323 41
0.107527 61
-123456
0.0982659 25
0.791907 45
0.109827 65
-123456
-654321
0.111111 27
0.748148 47
0.140741 67
-123456
0.113475 28
0.730496 48
0.156028 68
-123456
0.107143 29
0.785714 49
0.107143 69
-123456
0.120482 30
0.801205 50
0.0783133 70
-123456
0.114458 25
0.753012 45
0.13253 65
-123456
0.104803 24
0.751092 44
0.144105 64
-123456
0.103261 23
0.779891 43
0.116848 63
-123456
0.104396 22
0.730769 42
0.164835 62
-123456
0.139073 26
0.715232 46
0.145695 66
-123456
-654321
0.125 28
0.716667 48
0.158333 68
-123456
0.10274 29
0.828767 49
0.0684932 69
-123456
0.0909091 30
0.825758 50
0.0833333 70
-123456
0.116788 31
0.781022 51
0.10219 71
-123456
0.108333 26
0.75 46
0.141667 66
-123456
0.138462 25
0.746154 45
0.115385 65
-123456
0.105572 24
0.797654 44
0.0967742 64
-123456
0.130612 23
0.759184 43
0.110204 63
-123456
0.0956522 27
0.8 47
0.104348 67
-123456
-654321
0.106195 29
0.80531 49
0.0884956 69
-123456
0.101852 30
0.796296 50
0.101852 70
-123456
0.106195 31
0.823009 51
0.0707965 71
-123456
0.121739 32
0.791304 52
0.0869565 72
-123456
0.0833333 27
0.805556 47
0.111111 67
-123456
0.0877193 26
0.842105 46
0.0701754 66
-123456
0.0491803 25
0.811475 45
0.139344 65
-123456
0.113433 24
0.791045 44
0.0955224 64
-123456
0.105263 28
0.768421 48
0.126316 68
-123456
-654321
0.110092 30
0.788991 50
0.100917 70
-123456
0.112245 31
0.857143 51
0.0306122 71
-123456
0.0754717 32
0.783019 52
0.141509 72
-123456
0.170455 33
0.772727 53
0.0568182 73
-123456
0.133333 28
0.788889 48
0.0777778 68
-123456
0.133333 27
0.761905 47
0.104762 67
-123456
0.0833333 26
0.833333 46
0.0833333 66
-123456
0.125731 25
0.783626 45
0.0906433 65
-123456
0.132653 29
0.816327 49
0.0510204 69
-123456
-654321
0.0882353 31
0.852941 51
0.0588235 71
-123456
0.120482 32
0.783133 52
0.0963855 72
-123456
0.15 33
0.7 53
0.15 73
-123456
0.114286 34
0.742857 54
0.142857 74
-123456
0.0857143 29
0.814286 49
0.1 69
-123456
0.150685 28
0.739726 48
0.109589 68
-123456
0.127907 27
0.767442 47
0.104651 67
-123456
0.102362 26
0.791339 46
0.106299 66
-123456
0.126582 30
0.670886 50
0.202532 70
-123456
-654321
0.15873 32
0.730159 52
0.111111 72
-123456
0.137931 33
0.775862 53
0.0862069 73
-123456
0.2 34
0.685714 54
0.114286 74
-123456
0.227273 35
0.69697 55
0.0757576 75
-123456
0.0333333 30
0.916667 50
0.05 70
-123456
0.140845 29
0.788732 49
0.0704225 69
-123456
0.091954 28
0.804598 48
0.103448 68
-123456
0.142857 27
0.802956 47
0.0541872 67
-123456
0.170213 31
0.744681 51
0.0851064 71
-123456
-654321
0.145455 33
0.672727 53
0.181818 73
-123456
0.128571 34
0.8 54
0.0714286 74
-123456
0.2 35
0.688889 55
0.111111 75
-123456
0.150943 36
0.811321 56
0.0377358 76
-123456
0.145161 31
0.790323 51
0.0645161 71
-123456
0.137255 30
0.823529 50
0.0392157 70
-123456
0.140845 29
0.774648 49
0.084507 69
-123456
0.152778 28
0.784722 48
0.0625 68
-123456
0.137255 32
0.764706 52
0.0980392 72
-123456
-654321
0.0806452 34
0.790323 54
0.129032 74
-123456
0.875 55
0.125 75
-123456
0.152174 36
0.717391 56
0.130435 76
-123456
0.0769231 37
0.846154 57
0.0769231 77
-123456
0.0909091 32
0.795455 52
0.113636 72
-123456
0.0638298 31
0.87234 51
0.0638298 71
-123456
0.0769231 30
0.826923 50
0.0961538 70
-123456
0.119718 29
0.84507 49
0.0352113 69
-123456
0.0851064 33
0.829787 53
0.0851064 73
-123456
-654321
0.133333 35
0.8 55
0.0666667 75
-123456
0.194444 36
0.75 56
0.0555556 76
-123456
0.0425532 37
0.893617 57
0.0638298 77
-123456
0.0882353 38
0.882353 58
0.0294118 78
-123456
0.0555556 33
0.888889 53
0.0555556 73
-123456
0.0930233 32
0.813953 52
0.0930233 72
-123456
0.184211 31
0.710526 51
0.105263 71
-123456
0.133929 30
0.794643 50
0.0714286 70
-123456
0.25641 34
0.692308 54
0.0512821 74
-123456
-654321
0.0571429 36
0.828571 56
0.114286 76
-123456
0.153846 37
0.846154 57
-123456
0.16129 38
0.709677 58
0.129032 78
-123456
0.0740741 39
0.888889 59
0.037037 79
-123456
0.176471 34
0.705882 54
0.117647 74
-123456
0.0909091 33
0.848485 53
0.0606061 73
-123456
0.102564 32
0.820513 52
0.0769231 72
-123456
0.0843373 31
0.903614 51
0.0120482 71
-123456
0.133333 35
0.766667 55
0.1 75
-123456
-654321
0.107143 37
0.785714 57
0.107143 77
-123456
0.230769 38
0.74359 58
0.025641 78
-123456
0.217391 39
0.695652 59
0.0869565 79
-123456
0.04 35
0.84 55
0.12 75
-123456
0.111111 34
0.851852 54
0.037037 74
-123456
0.212121 33
0.666667 53
0.121212 73
-123456
0.166667 32
0.761905 52
0.0714286 72
-123456
0.205128 36
0.794872 56
-123456
-654321
0.15625 38
0.78125 58
0.0625 78
-123456
0.1875 39
0.78125 59
0.03125 79
-123456
0.137931 36
0.758621 56
0.103448 76
-123456
0.153846 35
0.807692 55
0.0384615 75
-123456
0.125 34
0.875 54
-123456
0.121951 33
0.817073 53
0.0609756 73
-123456
0.09375 37
0.875 57
0.03125 77
-123456
-654321
0.0909091 39
0.727273 59
0.181818 79
-123456
0.233333 37
0.633333 57
0.133333 77
-123456
0.153846 36
0.769231 56
0.0769231 76
-123456
0.24 35
0.72 55
0.04 75
-123456
0.159091 34
0.795455 54
0.0454545 74
-123456
0.2 38
0.7 58
0.1 78
-123456
-654321
0.12 38
0.88 58
-123456
0.166667 37
0.75 57
0.0833333 77
-123456
0.125 36
0.75 56
0.125 76
-123456
0.172414 35
0.758621 55
0.0689655 75
-123456
0.0416667 39
0.875 59
0.0833333 79
-123456
-654321
0.0677966 41
0.855932 61
0.0762712 81
-123456
0.141732 42
0.692913 62
0.165354 82
-123456
0.105263 43
0.759399 63
0.135338 83
-123456
0.1 44
0.748148 64
0.151852 84
-123456
0.0839161 40
0.748252 60
0.167832 80
-123456
-654321
0.112903 42
0.717742 62
0.169355 82
-123456
0.0955882 43
0.742647 63
0.161765 83
-123456
0.147887 44
0.661972 64
0.190141 84
-123456
0.123778 45
0.71987 65
0.156352 85
-123456
0.0703125 40
0.710938 60
0.21875 80
-123456
0.119658 41
0.726496 61
0.153846 81
-123456
-654321
0.117117 43
0.783784 63
0.0990991 83
-123456
0.0967742 44
0.741935 64
0.16129 84
-123456
0.0885417 45
0.747396 65
0.164062 85
-123456
0.131387 46
0.729927 66
0.138686 86
-123456
0.132353 41
0.735294 61
0.132353 81
-123456
0.0985916 40
0.746479 60
0.15493 80
-123456
0.0857143 42
0.742857 62
0.171429 82
-123456
-654321
0.0976253 44
0.799472 64
0.102902 84
-123456
0.0801887 45
0.820755 65
0.0990566 85
-123456
0.0625 46
0.85 66
0.0875 86
-123456
0.0738255 47
0.785235 67
0.14094 87
-123456
0.0497238 42
0.812155 62
0.138122 82
-123456
0.0981595 41
0.791411 61
0.110429 81
-123456
0.103896 40
0.805195 60
0.0909091 80
-123456
0.100559 43
0.782123 63
0.117318 83
-123456
-654321
0.102102 45
0.780781 65
0.117117 85
-123456
0.0766129 46
0.78629 66
0.137097 86
-123456
0.0921053 47
0.710526 67
0.197368 87
-123456
0.133047 48
0.712446 68
0.154506 88
-123456
0.108696 43
0.717391 63
0.173913 83
-123456
0.119691 42
0.694981 62
0.185328 82
-123456
0.140271 41
0.705882 61
0.153846 81
-123456
0.147186 40
0.722944 60
0.12987 80
-123456
0.133562 44
0.705479 64
0.160959 84
-123456
-654321
0.130631 46
0.725225 66
0.144144 86
-123456
0.0673077 47
0.817308 67
0.115385 87
-123456
0.120172 48
0.729614 68
0.150215 88
-123456
0.13913 49
0.713043 69
0.147826 89
-123456
0.109955 44
0.763744 64
0.1263 84
-123456
0.164319 43
0.666667 63
0.169014 83
-123456
0.104839 42
0.766129 62
0.129032 82
-123456
0.132231 41
0.731405 61
0.136364 81
-123456
0.125581 45
0.753488 65
0.12093 85
-123456
-654321
0.10625 47
0.76875 67
0.125 87
-123456
0.141844 48
0.765957 68
0.0921986 88
-123456
0.123288 49
0.712329 69
0.164384 89
-123456
0.062069 50
0.813793 70
0.124138 90
-123456
0.118393 45
0.765328 65
0.116279 85
-123456
0.127389 44
0.815287 64
0.0573248 84
-123456
0.0878378 43
0.797297 63
0.114865 83
-123456
0.101351 42
0.743243 62
0.155405 82
-123456
0.0838323 46
0.790419 66
0.125749 86
-123456
-654321
0.11039 48
0.772727 68
0.116883 88
-123456
0.107143 49
0.785714 69
0.107143 89
-123456
0.107692 50
0.776923 70
0.115385 90
-123456
0.119718 51
0.725352 71
0.15493 91
-123456
0.111111 46
0.792593 66
0.0962963 86
-123456
0.11583 45
0.760618 65
0.123552 85
-123456
0.111465 44
0.786624 64
0.101911 84
-123456
0.103704 43
0.8 63
0.0962963 83
-123456
0.0729927 47
0.817518 67
0.109489 87
-123456
-654321
0.145161 49
0.717742 69
0.137097 89
-123456
0.0891089 50
0.772277 70
0.138614 90
-123456
0.127119 51
0.745763 71
0.127119 91
-123456
0.106061 52
0.780303 72
0.113636 92
-123456
0.0714286 47
0.794643 67
0.133929 87
-123456
0.131579 46
0.736842 66
0.131579 86
-123456
0.113402 45
0.793814 65
0.0927835 85
-123456
0.130178 44
0.781065 64
0.0887574 84
-123456
0.181818 48
0.663636 68
0.154545 88
-123456
-654321
0.109091 50
0.736364 70
0.154545 90
-123456
0.125 51
0.791667 71
0.0833333 91
-123456
0.145833 52
0.75 72
0.104167 92
-123456
0.111111 53
0.777778 73
0.111111 93
-123456
0.141414 48
0.767677 68
0.0909091 88
-123456
0.137931 47
0.770115 67
0.091954 87
-123456
0.0990099 46
0.762376 66
0.138614 86
-123456
0.154321 45
0.753086 65
0.0925926 85
-123456
0.102041 49
0.795918 69
0.102041 89
-123456
-654321
0.166667 51
0.730769 71
0.102564 91
-123456
0.106061 52
0.818182 72
0.0757576 92
-123456
0.182927 53
0.743902 73
0.0731707 93
-123456
0.0930233 54
0.825581 74
0.0813954 94
-123456
0.157895 49
0.684211 69
0.157895 89
-123456
0.09 48
0.81 68
0.1 88
-123456
0.178862 47
0.739837 67
0.0813008 87
-123456
0.123288 46
0.812785 66
0.0639269 86
-123456
0.0722892 50
0.807229 70
0.120482 90
-123456
-654321
0.121212 52
0.772727 72
0.106061 92
-123456
0.183099 53
0.676056 73
0.140845 93
-123456
0.138462 54
0.769231 74
0.0923077 94
-123456
0.0952381 55
0.825397 75
0.0793651 95
-123456
0.101695 50
0.864407 70
0.0338983 90
-123456
0.180556 49
0.777778 69
0.0416667 89
-123456
0.179487 48
0.730769 68
0.0897436 88
-123456
0.138756 47
0.76555 67
0.0956938 87
-123456
0.151515 51
0.742424 71
0.106061 91
-123456
-654321
0.166667 53
0.766667 73
0.0666667 93
-123456
0.183333 54
0.683333 74
0.133333 94
-123456
0.179104 55
0.746269 75
0.0746269 95
-123456
0.104167 56
0.875 76
0.0208333 96
-123456
0.175439 51
0.684211 71
0.140351 91
-123456
0.140351 50
0.719298 70
0.140351 90
-123456
0.135802 49
0.777778 69
0.0864198 89
-123456
0.175758 48
0.721212 68
0.10303 88
-123456
0.0588235 52
0.823529 72
0.117647 92
-123456
-654321
0.2 54
0.74 74
0.06 94
-123456
0.166667 55
0.777778 75
0.0555556 95
-123456
0.192308 56
0.75 76
0.0576923 96
-123456
0.175 57
0.8 77
0.025 97
-123456
0.0952381 52
0.738095 72
0.166667 92
-123456
0.140351 51
0.807018 71
0.0526316 91
-123456
0.234375 50
0.6875 70
0.078125 90
-123456
0.17033 49
0.741758 69
0.0879121 89
-123456
0.0769231 53
0.826923 73
0.0961538 93
-123456
-654321
0.0980392 55
0.745098 75
0.156863 95
-123456
0.105263 56
0.815789 76
0.0789474 96
-123456
0.175 57
0.8 77
0.025 97
-123456
0.205882 58
0.735294 78
0.0588235 98
-123456
0.196078 53
0.784314 73
0.0196078 93
-123456
0.138889 52
0.722222 72
0.138889 92
-123456
0.136364 51
0.818182 71
0.0454545 91
-123456
0.158273 50
0.784173 70
0.057554 90
-123456
0.108696 54
0.826087 74
0.0652174 94
-123456
-654321
0.12766 56
0.787234 76
0.0851064 96
-123456
0.135593 57
0.813559 77
0.0508475 97
-123456
0.125 58
0.85 78
0.025 98
-123456
0.153846 59
0.788462 79
0.0576923 99
-123456
0.15 54
0.8 74
0.05 94
-123456
0.142857 53
0.809524 73
0.047619 93
-123456
0.119048 52
0.761905 72
0.119048 92
-123456
0.132653 51
0.846939 71
0.0204082 91
-123456
0.125 55
0.8125 75
0.0625 95
-123456
-654321
0.133333 57
0.866667 77
-123456
0.08 58
0.88 78
0.04 98
-123456
0.08 59
0.72 79
0.2 99
-123456
0.184211 55
0.763158 75
0.0526316 95
-123456
0.0689655 54
0.896552 74
0.0344828 94
-123456
0.131579 53
0.815789 73
0.0526316 93
-123456
0.172414 52
0.793103 72
0.0344828 92
-123456
0.2 56
0.72 76
0.08 96
-123456
-654321
0.08 58
0.88 78
0.04 98
-123456
0.111111 59
0.722222 79
0.166667 99
-123456
0.171429 56
0.771429 76
0.0571429 96
-123456
0.225806 55
0.709677 75
0.0645161 95
-123456
0.179487 54
0.641026 74
0.179487 94
-123456
0.222222 53
0.740741 73
0.037037 93
-123456
0.190476 57
0.761905 77
0.047619 97
-123456
-654321
0.222222 59
0.777778 79
-123456
0.135135 57
0.72973 77
0.135135 97
-123456
0.2 56
0.68 76
0.12 96
-123456
0.148148 55
0.851852 75
-123456
0.15 54
0.783333 74
0.0666667 94
-123456
0.1 58
0.9 78
-123456
-654321
0.185185 58
0.703704 78
0.111111 98
-123456
0.212121 57
0.757576 77
0.030303 97
-123456
0.411765 56
0.529412 76
0.0588235 96
-123456
0.0454545 55
0.909091 75
0.0454545 95
-123456
0.142857 59
0.761905 79
0.0952381 99
-123456
-654321
0.0380952 61
0.790476 81
0.171429 101
-123456
0.040404 62
0.858586 82
0.10101 102
-123456
0.0851064 63
0.737589 83
0.177305 103
-123456
0.0758621 64
0.77931 84
0.144828 104
-123456
0.0860215 60
0.731183 80
0.182796 100
-123456
-654321
0.0795455 62
0.829545 82
0.0909091 102
-123456
0.105263 63
0.810526 83
0.0842105 103
-123456
0.0618557 64
0.773196 84
0.164948 104
-123456
0.112971 65
0.723849 85
0.16318 105
-123456
0.114754 60
0.737705 80
0.147541 100
-123456
0.04 61
0.86 81
0.1 101
-123456
-654321
0.138889 63
0.685185 83
0.175926 103
-123456
0.0594059 64
0.811881 84
0.128713 104
-123456
0.0762332 65
0.780269 85
0.143498 105
-123456
0.0878661 66
0.807531 86
0.104603 106
-123456
0.110169 61
0.720339 81
0.169492 101
-123456
0.0744681 60
0.819149 80
0.106383 100
-123456
0.0877193 62
0.754386 82
0.157895 102
-123456
-654321
0.0776699 64
0.776699 84
0.145631 104
-123456
0.056 65
0.832 85
0.112 105
-123456
0.101695 66
0.711864 86
0.186441 106
-123456
0.0809859 67
0.771127 87
0.147887 107
-123456
0.0979021 62
0.755245 82
0.146853 102
-123456
0.108527 61
0.751938 81
0.139535 101
-123456
0.106195 60
0.769912 80
0.123894 100
-123456
0.0707965 63
0.858407 83
0.0707965 103
-123456
-654321
0.0895062 65
0.787037 85
0.123457 105
-123456
0.114094 66
0.765101 86
0.120805 106
-123456
0.0637255 67
0.803922 87
0.132353 107
-123456
0.114504 68
0.732824 88
0.152672 108
-123456
0.0546875 63
0.8125 83
0.132812 103
-123456
0.0884354 62
0.795918 82
0.115646 102
-123456
0.0852713 61
0.837209 81
0.0775194 101
-123456
0.107914 60
0.776978 80
0.115108 100
-123456
0.0763889 64
0.8125 84
0.111111 104
-123456
-654321
0.102296 66
0.753653 86
0.14405 106
-123456
0.0871369 67
0.80083 87
0.112033 107
-123456
0.116592 68
0.789238 88
0.0941704 108
-123456
0.157068 69
0.701571 89
0.141361 109
-123456
0.111111 64
0.761905 84
0.126984 104
-123456
0.102857 63
0.788571 83
0.108571 103
-123456
0.131313 62
0.727273 82
0.141414 102
-123456
0.126437 61
0.672414 81
0.201149 101
-123456
0.080402 65
0.763819 85
0.155779 105
-123456
-654321
0.0941423 67
0.76569 87
0.140167 107
-123456
0.122222 68
0.766667 88
0.111111 108
-123456
0.122581 69
0.690323 89
0.187097 109
-123456
0.0786517 70
0.775281 90
0.146067 110
-123456
0.0977011 65
0.781609 85
0.12069 105
-123456
0.16875 64
0.70625 84
0.125 104
-123456
0.0952381 63
0.768707 83
0.136054 103
-123456
0.136364 62
0.715909 82
0.147727 102
-123456
0.147727 66
0.704545 86
0.147727 106
-123456
-654321
0.11811 68
0.744094 88
0.137795 108
-123456
0.0905172 69
0.762931 89
0.146552 109
-123456
0.123457 70
0.753086 90
0.123457 110
-123456
0.111628 71
0.739535 91
0.148837 111
-123456
0.142857 66
0.705628 86
0.151515 106
-123456
0.131016 65
0.735294 85
0.13369 105
-123456
0.117391 64
0.7 84
0.182609 104
-123456
0.110132 63
0.709251 83
0.180617 103
-123456
0.137184 67
0.718412 87
0.144404 107
-123456
-654321
0.0945946 69
0.75 89
0.155405 109
-123456
0.137405 70
0.687023 90
0.175573 110
-123456
0.117117 71
0.765766 91
0.117117 111
-123456
0.13125 72
0.75 92
0.11875 112
-123456
0.127193 67
0.763158 87
0.109649 107
-123456
0.154412 66
0.764706 86
0.0808824 106
-123456
0.117845 65
0.767677 85
0.114478 105
-123456
0.134146 64
0.75 84
0.115854 104
-123456
0.089172 68
0.802548 88
0.10828 108
-123456
-654321
0.0973451 70
0.79646 90
0.106195 110
-123456
0.0982143 71
0.8125 91
0.0892857 111
-123456
0.104348 72
0.695652 92
0.2 112
-123456
0.168224 73
0.691589 93
0.140187 113
-123456
0.110169 68
0.79661 88
0.0932203 108
-123456
0.15917 67
0.737024 87
0.103806 107
-123456
0.135294 66
0.752941 86
0.111765 106
-123456
0.0675676 65
0.858108 85
0.0743243 105
-123456
0.133929 69
0.758929 89
0.107143 109
-123456
-654321
0.123967 71
0.793388 91
0.0826446 111
-123456
0.0909091 72
0.787879 92
0.121212 112
-123456
0.135593 73
0.762712 93
0.101695 113
-123456
0.10989 74
0.758242 94
0.131868 114
-123456
0.194175 69
0.747573 89
0.0582524 109
-123456
0.168421 68
0.705263 88
0.126316 108
-123456
0.156627 67
0.73494 87
0.108434 107
-123456
0.125475 66
0.756654 86
0.117871 106
-123456
0.15534 70
0.728155 90
0.116505 110
-123456
-654321
0.108696 72
0.793478 92
0.0978261 112
-123456
0.214286 73
0.693878 93
0.0918367 113
-123456
0.153846 74
0.74359 94
0.102564 114
-123456
0.153846 75
0.759615 95
0.0865385 115
-123456
0.146667 70
0.76 90
0.0933333 110
-123456
0.146067 69
0.820225 89
0.0337079 109
-123456
0.185567 68
0.773196 88
0.0412371 108
-123456
0.133588 67
0.774809 87
0.0916031 107
-123456
0.121622 71
0.837838 91
0.0405405 111
-123456
-654321
0.202532 73
0.759494 93
0.0379747 113
-123456
0.0821918 74
0.808219 94
0.109589 114
-123456
0.138462 75
0.815385 95
0.0461538 115
-123456
0.111111 76
0.825397 96
0.0634921 116
-123456
0.186441 71
0.745763 91
0.0677966 111
-123456
0.123077 70
0.753846 90
0.123077 110
-123456
0.159091 69
0.772727 89
0.0681818 109
-123456
0.134454 68
0.756303 88
0.109244 108
-123456
0.178082 72
0.753425 92
0.0684932 112
-123456
-654321
0.156863 74
0.686275 94
0.156863 114
-123456
0.166667 75
0.759259 95
0.0740741 115
-123456
0.0961538 76
0.826923 96
0.0769231 116
-123456
0.140351 77
0.77193 97
0.0877193 117
-123456
0.153846 72
0.707692 92
0.138462 112
-123456
0.220339 71
0.677966 91
0.101695 111
-123456
0.20339 70
0.711864 90
0.0847458 110
-123456
0.127907 69
0.77907 89
0.0930233 109
-123456
0.125 73
0.770833 93
0.104167 113
-123456
-654321
0.183673 75
0.734694 95
0.0816327 115
-123456
0.132075 76
0.849057 96
0.0188679 116
-123456
0.145455 77
0.781818 97
0.0727273 117
-123456
0.12963 78
0.740741 98
0.12963 118
-123456
0.148936 73
0.723404 93
0.12766 113
-123456
0.0888889 72
0.822222 92
0.0888889 112
-123456
0.210526 71
0.657895 91
0.131579 111
-123456
0.130682 70
0.8125 90
0.0568182 110
-123456
0.150943 74
0.811321 94
0.0377358 114
-123456
-654321
0.191489 76
0.787234 96
0.0212766 116
-123456
0.2 77
0.775 97
0.025 117
-123456
0.211538 78
0.653846 98
0.134615 118
-123456
0.14 79
0.8 99
0.06 119
-123456
0.159091 74
0.772727 94
0.0681818 114
-123456
0.166667 73
0.666667 93
0.166667 113
-123456
0.156863 72
0.803922 92
0.0392157 112
-123456
0.169118 71
0.735294 91
0.0955882 111
-123456
0.188679 75
0.735849 95
0.0754717 115
-123456
-654321
0.131579 77
0.789474 97
0.0789474 117
-123456
0.15 78
0.75 98
0.1 118
-123456
0.138889 79
0.777778 99
0.0833333 119
-123456
0.272727 75
0.681818 95
0.0454545 115
-123456
0.153846 74
0.769231 94
0.0769231 114
-123456
0.233333 73
0.7 93
0.0666667 113
-123456
0.175926 72
0.740741 92
0.0833333 112
-123456
0.234043 76
0.702128 96
0.0638298 116
-123456
-654321
0.131579 78
0.868421 98
-123456
0.225806 79
0.741935 99
0.0322581 119
-123456
0.151515 76
0.787879 96
0.0606061 116
-123456
0.176471 75
0.764706 95
0.0588235 115
-123456
0.122807 74
0.701754 94
0.175439 114
-123456
0.19697 73
0.681818 93
0.121212 113
-123456
0.2 77
0.766667 97
0.0333333 117
-123456
-654321
0.1875 79
0.78125 99
0.03125 119
-123456
0.111111 77
0.777778 97
0.111111 117
-123456
0.142857 76
0.8 96
0.0571429 116
-123456
0.0810811 75
0.810811 95
0.108108 115
-123456
0.144928 74
0.782609 94
0.0724638 114
-123456
0.235294 78
0.745098 98
0.0196078 118
-123456
-654321
0.172414 78
0.793103 98
0.0344828 118
-123456
0.193548 77
0.741935 97
0.0645161 117
-123456
0.16129 76
0.806452 96
0.0322581 116
-123456
0.142857 75
0.771429 95
0.0857143 115
-123456
0.170732 79
0.804878 99
0.0243902 119
-123456
-654321
0.0625 81
0.6875 101
0.25 121
-123456
0.103896 82
0.779221 102
0.116883 122
-123456
0.126984 83
0.714286 103
0.15873 123
-123456
0.0444444 84
0.8 104
0.155556 124
-123456
0.109091 80
0.672727 100
0.218182 120
-123456
-654321
0.0857143 82
0.742857 102
0.171429 122
-123456
0.125 83
0.7125 103
0.1625 123
-123456
0.0886076 84
0.759494 104
0.151899 124
-123456
0.104895 85
0.699301 105
0.195804 125
-123456
0.0746269 80
0.716418 100
0.208955 120
-123456
0.0757576 81
0.757576 101
0.166667 121
-123456
-654321
0.0886076 83
0.734177 103
0.177215 123
-123456
0.0793651 84
0.84127 104
0.0793651 124
-123456
0.056338 85
0.859155 105
0.084507 125
-123456
0.0788177 86
0.729064 106
0.192118 126
-123456
0.037037 81
0.790123 101
0.17284 121
-123456
0.0493827 80
0.740741 100
0.209877 120
-123456
0.0895522 82
0.761194 102
0.149254 122
-123456
-654321
0.0660377 84
0.801887 104
0.132075 124
-123456
0.0724638 85
0.797101 105
0.130435 125
-123456
0.075188 86
0.744361 106
0.180451 126
-123456
0.118881 87
0.706294 107
0.174825 127
-123456
0.107527 82
0.741935 102
0.150538 122
-123456
0.0697674 81
0.72093 101
0.209302 121
-123456
0.108696 80
0.76087 100
0.130435 120
-123456
0.076087 83
0.73913 103
0.184783 123
-123456
-654321
0.136364 85
0.727273 105
0.136364 125
-123456
0.0526316 86
0.745614 106
0.201754 126
-123456
0.101124 87
0.724719 107
0.174157 127
-123456
0.101322 88
0.709251 108
0.189427 128
-123456
0.0714286 83
0.72449 103
0.204082 123
-123456
0.0824742 82
0.752577 102
0.164948 122
-123456
0.101124 81
0.741573 101
0.157303 121
-123456
0.0776699 80
0.708738 100
0.213592 120
-123456
0.145299 84
0.709402 104
0.145299 124
-123456
-654321
0.117021 86
0.702128 106
0.180851 126
-123456
0.071875 87
0.74375 107
0.184375 127
-123456
0.0752688 88
0.795699 108
0.129032 128
-123456
0.111111 89
0.769841 109
0.119048 129
-123456
0.0754717 84
0.688679 104
0.235849 124
-123456
0.07 83
0.79 103
0.14 123
-123456
0.0978261 82
0.804348 102
0.0978261 122
-123456
0.0816327 81
0.77551 101
0.142857 121
-123456
0.0737705 85
0.786885 105
0.139344 125
-123456
-654321
0.171233 87
0.712329 107
0.116438 127
-123456
0.0951087 88
0.758152 108
0.146739 128
-123456
0.106509 89
0.721893 109
0.171598 129
-123456
0.108527 90
0.713178 110
0.178295 130
-123456
0.151786 85
0.669643 105
0.178571 125
-123456
0.164179 84
0.69403 104
0.141791 124
-123456
0.128788 83
0.719697 103
0.151515 123
-123456
0.126866 82
0.69403 102
0.179104 122
-123456
0.0991736 86
0.801653 106
0.0991736 126
-123456
-654321
0.15 88
0.679167 108
0.170833 128
-123456
0.131455 89
0.699531 109
0.169014 129
-123456
0.142857 90
0.682028 110
0.175115 130
-123456
0.150754 91
0.698492 111
0.150754 131
-123456
0.116751 86
0.664975 106
0.218274 126
-123456
0.136126 85
0.691099 105
0.172775 125
-123456
0.12069 84
0.771552 104
0.107759 124
-123456
0.0931373 83
0.681373 103
0.22549 123
-123456
0.130568 87
0.734255 107
0.135177 127
-123456
-654321
0.10101 89
0.762626 109
0.136364 129
-123456
0.135802 90
0.703704 110
0.160494 130
-123456
0.0988593 91
0.703422 111
0.197719 131
-123456
0.100671 92
0.738255 112
0.161074 132
-123456
0.162304 87
0.753927 107
0.0837696 127
-123456
0.145833 86
0.733333 106
0.120833 126
-123456
0.0902778 85
0.75 105
0.159722 125
-123456
0.12987 84
0.74026 104
0.12987 124
-123456
0.155556 88
0.762963 108
0.0814815 128
-123456
-654321
0.12069 90
0.784483 110
0.0948276 130
-123456
0.164384 91
0.691781 111
0.143836 131
-123456
0.134921 92
0.738095 112
0.126984 132
-123456
0.141509 93
0.783019 113
0.0754717 133
-123456
0.204918 88
0.696721 108
0.0983607 128
-123456
0.134228 87
0.724832 107
0.14094 127
-123456
0.0933333 86
0.8 106
0.106667 126
-123456
0.0888889 85
0.8 105
0.111111 125
-123456
0.154412 89
0.698529 109
0.147059 129
-123456
-654321
0.141593 91
0.743363 111
0.115044 131
-123456
0.103448 92
0.75 112
0.146552 132
-123456
0.110092 93
0.770642 113
0.119266 133
-123456
0.112903 94
0.806452 114
0.0806452 134
-123456
0.142857 89
0.792857 109
0.0642857 129
-123456
0.191489 88
0.730496 108
0.0780142 128
-123456
0.165179 87
0.75 107
0.0848214 127
-123456
0.159817 86
0.716895 106
0.123288 126
-123456
0.165049 90
0.747573 110
0.0873786 130
-123456
-654321
0.13 92
0.77 112
0.1 132
-123456
0.130081 93
0.788618 113
0.0813008 133
-123456
0.101695 94
0.813559 114
0.0847458 134
-123456
0.113636 95
0.825758 115
0.0606061 135
-123456
0.265487 90
0.637168 110
0.0973451 130
-123456
0.125874 89
0.769231 109
0.104895 129
-123456
0.174603 88
0.746032 108
0.0793651 128
-123456
0.139896 87
0.766839 107
0.0932643 127
-123456
0.133333 91
0.716667 111
0.15 131
-123456
-654321
0.111111 93
0.740741 113
0.148148 133
-123456
0.144231 94
0.778846 114
0.0769231 134
-123456
0.0804598 95
0.770115 115
0.149425 135
-123456
0.157895 96
0.763158 116
0.0789474 136
-123456
0.119048 91
0.77381 111
0.107143 131
-123456
0.152174 90
0.75 110
0.0978261 130
-123456
0.171717 89
0.707071 109
0.121212 129
-123456
0.13253 88
0.73494 108
0.13253 128
-123456
0.123711 92
0.731959 112
0.14433 132
-123456
-654321
0.164384 94
0.753425 114
0.0821918 134
-123456
0.106667 95
0.786667 115
0.106667 135
-123456
0.227848 96
0.683544 116
0.0886076 136
-123456
0.142857 97
0.793651 117
0.0634921 137
-123456
0.134146 92
0.768293 112
0.097561 132
-123456
0.177778 91
0.744444 111
0.0777778 131
-123456
0.148571 90
0.771429 110
0.08 130
-123456
0.17037 89
0.733333 109
0.0962963 129
-123456
0.120482 93
0.771084 113
0.108434 133
-123456
-654321
0.166667 95
0.814815 115
0.0185185 135
-123456
0.116667 96
0.783333 116
0.1 136
-123456
0.133333 97
0.773333 117
0.0933333 137
-123456
0.162791 98
0.813953 118
0.0232558 138
-123456
0.115385 93
0.858974 113
0.025641 133
-123456
0.130435 92
0.782609 112
0.0869565 132
-123456
0.208696 91
0.713043 111
0.0782609 131
-123456
0.176471 90
0.75817 110
0.0653595 130
-123456
0.169231 94
0.815385 114
0.0153846 134
-123456
-654321
0.192982 96
0.649123 116
0.157895 136
-123456
0.128571 97
0.8 117
0.0714286 137
-123456
0.14 98
0.84 118
0.02 138
-123456
0.183673 99
0.795918 119
0.0204082 139
-123456
0.127273 94
0.763636 114
0.109091 134
-123456
0.169231 93
0.769231 113
0.0615385 133
-123456
0.170732 92
0.682927 112
0.146341 132
-123456
0.150754 91
0.79397 111
0.0552764 131
-123456
0.2 95
0.75 115
0.05 135
-123456
-654321
0.106383 97
0.808511 117
0.0851064 137
-123456
0.183673 98
0.77551 118
0.0408163 138
-123456
0.0625 99
0.875 119
0.0625 139
-123456
0.184211 95
0.789474 115
0.0263158 135
-123456
0.170213 94
0.765957 114
0.0638298 134
-123456
0.285714 93
0.642857 113
0.0714286 133
-123456
0.210145 92
0.724638 112
0.0652174 132
-123456
0.113636 96
0.795455 116
0.0909091 136
-123456
-654321
0.173077 98
0.788462 118
0.0384615 138
-123456
0.173077 99
0.769231 119
0.0576923 139
-123456
0.190476 96
0.809524 116
-123456
0.204545 95
0.727273 115
0.0681818 135
-123456
0.173913 94
0.782609 114
0.0434783 134
-123456
0.196581 93
0.709402 113
0.0940171 133
-123456
0.195652 97
0.695652 117
0.108696 137
-123456
-654321
0.212766 99
0.659574 119
0.12766 139
-123456
0.210526 97
0.763158 117
0.0263158 137
-123456
0.105263 96
0.842105 116
0.0526316 136
-123456
0.233333 95
0.666667 115
0.1 135
-123456
0.206522 94
0.75 114
0.0434783 134
-123456
0.170213 98
0.680851 118
0.148936 138
-123456
-654321
0.189189 98
0.702703 118
0.108108 138
-123456
0.128205 97
0.794872 117
0.0769231 137
-123456
0.176471 96
0.745098 116
0.0784314 136
-123456
0.210526 95
0.723684 115
0.0657895 135
-123456
0.15 99
0.75 119
0.1 139
-123456
-654321
0.125 101
0.645833 121
0.229167 141
-123456
0.104167 102
0.666667 122
0.229167 142
-123456
0.0454545 103
0.772727 123
0.181818 143
-123456
0.0222222 104
0.859259 124
0.118519 144
-123456
0.107143 100
0.696429 120
0.196429 140
-123456
-654321
0.0350877 102
0.701754 122
0.263158 142
-123456
0.0444444 103
0.711111 123
0.244444 143
-123456
0.0555556 104
0.777778 124
0.166667 144
-123456
0.0746269 105
0.723881 125
0.201493 145
-123456
0.103448 100
0.775862 120
0.12069 140
-123456
0.844828 121
0.155172 141
-123456
-654321
0.0327869 103
0.836066 123
0.131148 143
-123456
0.0909091 104
0.80303 124
0.106061 144
-123456
0.0818182 105
0.754545 125
0.163636 145
-123456
0.0594059 106
0.80198 126
0.138614 146
-123456
0.175439 101
0.684211 121
0.140351 141
-123456
0.138462 100
0.692308 120
0.169231 140
-123456
0.0434783 102
0.855072 122
0.101449 142
-123456
-654321
0.0138889 104
0.833333 124
0.152778 144
-123456
0.0289855 105
0.855072 125
0.115942 145
-123456
0.0735294 106
0.735294 126
0.191176 146
-123456
0.060241 107
0.771084 127
0.168675 147
-123456
0.0795455 102
0.772727 122
0.147727 142
-123456
0.125 101
0.75 121
0.125 141
-123456
0.0540541 100
0.837838 120
0.108108 140
-123456
0.0153846 103
0.815385 123
0.169231 143
-123456
-654321
0.0454545 105
0.840909 125
0.113636 145
-123456
0.135593 106
0.745763 126
0.118644 146
-123456
0.0818182 107
0.763636 127
0.154545 147
-123456
0.092827 108
0.767932 128
0.139241 148
-123456
0.0789474 103
0.736842 123
0.184211 143
-123456
0.0705882 102
0.764706 122
0.164706 142
-123456
0.0416667 101
0.722222 121
0.236111 141
-123456
0.0689655 100
0.758621 120
0.172414 140
-123456
0.136986 104
0.684932 124
0.178082 144
-123456
-654321
0.0947368 106
0.768421 126
0.136842 146
-123456
0.15 107
0.73 127
0.12 147
-123456
0.0961538 108
0.75 128
0.153846 148
-123456
0.0848708 109
0.778598 129
0.136531 149
-123456
0.132653 104
0.693878 124
0.173469 144
-123456
0.0625 103
0.770833 123
0.166667 143
-123456
0.0841122 102
0.682243 122
0.233645 142
-123456
0.0444444 101
0.788889 121
0.166667 141
-123456
0.0823529 105
0.788235 125
0.129412 145
-123456
-654321
0.0530303 107
0.848485 127
0.0984849 147
-123456
0.103286 108
0.755869 128
0.140845 148
-123456
0.0909091 109
0.783217 129
0.125874 149
-123456
0.117117 110
0.738739 130
0.144144 150
-123456
0.101124 105
0.786517 125
0.11236 145
-123456
0.102273 104
0.75 124
0.147727 144
-123456
0.125 103
0.75 123
0.125 143
-123456
0.139535 102
0.744186 122
0.116279 142
-123456
0.117021 106
0.691489 126
0.191489 146
-123456
-654321
0.133803 108
0.71831 128
0.147887 148
-123456
0.0970149 109
0.791045 129
0.11194 149
-123456
0.0700935 110
0.808411 130
0.121495 150
-123456
0.0941558 111
0.795455 131
0.11039 151
-123456
0.1 106
0.845455 126
0.0545455 146
-123456
0.0603448 105
0.784483 125
0.155172 145
-123456
0.0638298 104
0.794326 124
0.141844 144
-123456
0.106195 103
0.725664 123
0.168142 143
-123456
0.0808824 107
0.808824 127
0.110294 147
-123456
-654321
0.114551 109
0.73065 129
0.154799 149
-123456
0.103448 110
0.768473 130
0.128079 150
-123456
0.114114 111
0.711712 131
0.174174 151
-123456
0.0915493 112
0.753521 132
0.15493 152
-123456
0.155844 107
0.714286 127
0.12987 147
-123456
0.132075 106
0.754717 126
0.113208 146
-123456
0.103448 105
0.772414 125
0.124138 145
-123456
0.156463 104
0.707483 124
0.136054 144
-123456
0.119792 108
0.786458 128
0.09375 148
-123456
-654321
0.133758 110
0.764331 130
0.101911 150
-123456
0.145729 111
0.71608 131
0.138191 151
-123456
0.0955414 112
0.757962 132
0.146497 152
-123456
0.126761 113
0.725352 133
0.147887 153
-123456
0.147651 108
0.751678 128
0.100671 148
-123456
0.136054 107
0.748299 127
0.115646 147
-123456
0.121429 106
0.721429 126
0.157143 146
-123456
0.0939227 105
0.79558 125
0.110497 145
-123456
0.0909091 109
0.792208 129
0.116883 149
-123456
-654321
0.158273 111
0.726619 131
0.115108 151
-123456
0.104167 112
0.766667 132
0.129167 152
-123456
0.135294 113
0.729412 133
0.135294 153
-123456
0.163265 114
0.727891 134
0.108844 154
-123456
0.136364 109
0.795455 129
0.0681818 149
-123456
0.157143 108
0.707143 128
0.135714 148
-123456
0.112782 107
0.796992 127
0.0902256 147
-123456
0.122093 106
0.738372 126
0.139535 146
-123456
0.136951 110
0.74677 130
0.116279 150
-123456
-654321
0.151351 112
0.735135 132
0.113514 152
-123456
0.140777 113
0.718447 133
0.140777 153
-123456
0.140187 114
0.747664 134
0.11215 154
-123456
0.147541 115
0.721311 135
0.131148 155
-123456
0.162162 110
0.756757 130
0.0810811 150
-123456
0.105528 109
0.748744 129
0.145729 149
-123456
0.128599 108
0.725528 128
0.145873 148
-123456
0.0994764 107
0.748691 127
0.151832 147
-123456
0.121827 111
0.741117 131
0.137056 151
-123456
-654321
0.158273 113
0.733813 133
0.107914 153
-123456
0.108696 114
0.775362 134
0.115942 154
-123456
0.09375 115
0.84375 135
0.0625 155
-123456
0.151724 116
0.717241 136
0.131034 156
-123456
0.138037 111
0.754601 131
0.107362 151
-123456
0.173913 110
0.76087 130
0.0652174 150
-123456
0.124088 109
0.80292 129
0.0729927 149
-123456
0.0876289 108
0.860825 128
0.0515464 148
-123456
0.119266 112
0.761468 132
0.119266 152
-123456
-654321
0.09375 114
0.822917 134
0.0833333 154
-123456
0.107527 115
0.784946 135
0.107527 155
-123456
0.132075 116
0.764151 136
0.103774 156
-123456
0.122642 117
0.801887 137
0.0754717 157
-123456
0.148571 112
0.794286 132
0.0571429 152
-123456
0.145078 111
0.746114 131
0.108808 151
-123456
0.150794 110
0.746032 130
0.103175 150
-123456
0.0878378 109
0.783784 129
0.128378 149
-123456
0.147368 113
0.789474 133
0.0631579 153
-123456
-654321
0.213483 115
0.696629 135
0.0898876 155
-123456
0.211765 116
0.741176 136
0.0470588 156
-123456
0.210526 117
0.736842 137
0.0526316 157
-123456
0.193182 118
0.681818 138
0.125 158
-123456
0.177778 113
0.688889 133
0.133333 153
-123456
0.130435 112
0.775362 132
0.0942029 152
-123456
0.186441 111
0.694915 131
0.118644 151
-123456
0.183486 110
0.701835 130
0.114679 150
-123456
0.208791 114
0.703297 134
0.0879121 154
-123456
-654321
0.102941 116
0.794118 136
0.102941 156
-123456
0.146341 117
0.756098 137
0.097561 157
-123456
0.0666667 118
0.84 138
0.0933333 158
-123456
0.0958904 119
0.835616 139
0.0684932 159
-123456
0.158537 114
0.768293 134
0.0731707 154
-123456
0.147541 113
0.672131 133
0.180328 153
-123456
0.153846 112
0.753846 132
0.0923077 152
-123456
0.135021 111
0.805907 131
0.0590717 151
-123456
0.125 115
0.75 135
0.125 155
-123456
-654321
0.128571 117
0.8 137
0.0714286 157
-123456
0.0821918 118
0.821918 138
0.0958904 158
-123456
0.203125 119
0.734375 139
0.0625 159
-123456
0.128571 115
0.814286 135
0.0571429 155
-123456
0.0789474 114
0.815789 134
0.105263 154
-123456
0.186441 113
0.779661 133
0.0338983 153
-123456
0.133005 112
0.802956 132
0.0640394 152
-123456
0.2 116
0.785714 136
0.0142857 156
-123456
-654321
0.106667 118
0.813333 138
0.08 158
-123456
0.181818 119
0.781818 139
0.0363636 159
-123456
0.132353 116
0.779412 136
0.0882353 156
-123456
0.171875 115
0.75 135
0.078125 155
-123456
0.223881 114
0.731343 134
0.0447761 154
-123456
0.1875 113
0.725 133
0.0875 153
-123456
0.107692 117
0.846154 137
0.0461538 157
-123456
-654321
0.2 119
0.753846 139
0.0461538 159
-123456
0.267857 117
0.696429 137
0.0357143 157
-123456
0.12 116
0.82 136
0.06 156
-123456
0.245283 115
0.641509 135
0.113208 155
-123456
0.136986 114
0.787671 134
0.0753425 154
-123456
0.15942 118
0.797101 138
0.0434783 158
-123456
-654321
0.0983607 118
0.868852 138
0.0327869 158
-123456
0.163636 117
0.781818 137
0.0545455 157
-123456
0.126582 116
0.797468 136
0.0759494 156
-123456
0.25 115
0.6875 135
0.0625 155
-123456
0.18 119
0.8 139
0.02 159
-123456
-654321
0.0952381 121
0.738095 141
0.166667 161
-123456
0.031746 122
0.825397 142
0.142857 162
-123456
0.0263158 123
0.789474 143
0.184211 163
-123456
0.0550459 124
0.825688 144
0.119266 164
-123456
0.0465116 120
0.813953 140
0.139535 160
-123456
-654321
0.0444444 122
0.866667 142
0.0888889 162
-123456
0.0655738 123
0.786885 143
0.147541 163
-123456
0.0588235 124
0.784314 144
0.156863 164
-123456
0.0576923 125
0.807692 145
0.134615 165
-123456
0.0892857 120
0.75 140
0.160714 160
-123456
0.0566038 121
0.830189 141
0.113208 161
-123456
-654321
0.140351 123
0.789474 143
0.0701754 163
-123456
0.0625 124
0.854167 144
0.0833333 164
-123456
0.153846 125
0.711538 145
0.134615 165
-123456
0.0670732 126
0.841463 146
0.0914634 166
-123456
0.105263 121
0.736842 141
0.157895 161
-123456
0.0327869 120
0.836066 140
0.131148 160
-123456
0.12766 122
0.829787 142
0.0425532 162
-123456
-654321
0.0508475 124
0.847458 144
0.101695 164
-123456
0.0333333 125
0.85 145
0.116667 165
-123456
0.0897436 126
0.769231 146
0.141026 166
-123456
0.0490798 127
0.822086 147
0.128834 167
-123456
0.0645161 122
0.854839 142
0.0806452 162
-123456
0.0714286 121
0.785714 141
0.142857 161
-123456
0.103448 120
0.793103 140
0.103448 160
-123456
0.0746269 123
0.80597 143
0.119403 163
-123456
-654321
0.025 125
0.8375 145
0.1375 165
-123456
0.0540541 126
0.878378 146
0.0675676 166
-123456
0.045977 127
0.827586 147
0.126437 167
-123456
0.0614525 128
0.815642 148
0.122905 168
-123456
0.015625 123
0.75 143
0.234375 163
-123456
0.0882353 122
0.823529 142
0.0882353 162
-123456
0.0555556 121
0.875 141
0.0694444 161
-123456
0.0606061 120
0.833333 140
0.106061 160
-123456
0.152941 124
0.647059 144
0.2 164
-123456
-654321
0.025974 126
0.805195 146
0.168831 166
-123456
0.0169492 127
0.830508 147
0.152542 167
-123456
0.103774 128
0.764151 148
0.132075 168
-123456
0.0840708 129
0.783186 149
0.132743 169
-123456
0.0853659 124
0.804878 144
0.109756 164
-123456
0.107143 123
0.809524 143
0.0833333 163
-123456
0.0571429 122
0.842857 142
0.1 162
-123456
0.0289855 121
0.84058 141
0.130435 161
-123456
0.0963855 125
0.783133 145
0.120482 165
-123456
-654321
0.0578512 127
0.85124 147
0.0909091 167
-123456
0.134615 128
0.778846 148
0.0865385 168
-123456
0.0689655 129
0.804598 149
0.126437 169
-123456
0.0669145 130
0.814126 150
0.118959 170
-123456
0.111111 125
0.744444 145
0.144444 165
-123456
0.0740741 124
0.82716 144
0.0987654 164
-123456
0.0795455 123
0.784091 143
0.136364 163
-123456
0.111111 122
0.766667 142
0.122222 162
-123456
0.102273 126
0.795455 146
0.102273 166
-123456
-654321
0.0438596 128
0.859649 148
0.0964912 168
-123456
0.0944882 129
0.795276 149
0.110236 169
-123456
0.116505 130
0.737864 150
0.145631 170
-123456
0.105263 131
0.748538 151
0.146199 171
-123456
0.06 126
0.79 146
0.15 166
-123456
0.121951 125
0.788618 145
0.0894309 165
-123456
0.0510204 124
0.867347 144
0.0816327 164
-123456
0.0625 123
0.78125 143
0.15625 163
-123456
0.0784314 127
0.803922 147
0.117647 167
-123456
-654321
0.0413793 129
0.834483 149
0.124138 169
-123456
0.0732984 130
0.795812 150
0.13089 170
-123456
0.100358 131
0.799283 151
0.100358 171
-123456
0.0827586 132
0.855172 152
0.062069 172
-123456
0.0748299 127
0.782313 147
0.142857 167
-123456
0.0645161 126
0.774194 146
0.16129 166
-123456
0.144 125
0.776 145
0.08 165
-123456
0.0944882 124
0.826772 144
0.0787402 164
-123456
0.13242 128
0.748858 148
0.118721 168
-123456
-654321
0.0956072 130
0.793282 150
0.111111 170
-123456
0.12 131
0.76 151
0.12 171
-123456
0.113095 132
0.785714 152
0.10119 172
-123456
0.129032 133
0.782258 153
0.0887097 173
-123456
0.108844 128
0.802721 148
0.0884354 168
-123456
0.101449 127
0.811594 147
0.0869565 167
-123456
0.056 126
0.816 146
0.128 166
-123456
0.128788 125
0.765152 145
0.106061 165
-123456
0.0530303 129
0.787879 149
0.159091 169
-123456
-654321
0.111111 131
0.775758 151
0.113131 171
-123456
0.1 132
0.786364 152
0.113636 172
-123456
0.0903955 133
0.813559 153
0.0960452 173
-123456
0.1 134
0.73125 154
0.16875 174
-123456
0.103261 129
0.728261 149
0.168478 169
-123456
0.0848485 128
0.806061 148
0.109091 168
-123456
0.125 127
0.74 147
0.135 167
-123456
0.117647 126
0.747059 146
0.135294 166
-123456
0.102564 130
0.782051 150
0.115385 170
-123456
-654321
0.131261 132
0.763385 152
0.105354 172
-123456
0.0862069 133
0.840517 153
0.0732759 173
-123456
0.119617 134
0.789474 154
0.0909091 174
-123456
0.118182 135
0.740909 155
0.140909 175
-123456
0.0977199 130
0.811075 150
0.0912052 170
-123456
0.129278 129
0.779468 149
0.0912548 169
-123456
0.101266 128
0.801688 148
0.0970464 168
-123456
0.123853 127
0.779817 147
0.0963303 167
-123456
0.0952381 131
0.777778 151
0.126984 171
-123456
-654321
0.116505 133
0.783172 153
0.100324 173
-123456
0.0869565 134
0.8 154
0.113043 174
-123456
0.0867052 135
0.745665 155
0.16763 175
-123456
0.117978 136
0.780899 156
0.101124 176
-123456
0.0970464 131
0.805907 151
0.0970464 171
-123456
0.136 130
0.748 150
0.116 170
-123456
0.105882 129
0.788235 149
0.105882 169
-123456
0.0880829 128
0.792746 148
0.119171 168
-123456
0.0974212 132
0.805158 152
0.0974212 172
-123456
-654321
0.156757 134
0.756757 154
0.0864865 174
-123456
0.111765 135
0.776471 155
0.111765 175
-123456
0.164634 136
0.75 156
0.0853659 176
-123456
0.146739 137
0.722826 157
0.130435 177
-123456
0.157576 132
0.70303 152
0.139394 172
-123456
0.114206 131
0.807799 151
0.0779944 171
-123456
0.157143 130
0.757143 150
0.0857143 170
-123456
0.149425 129
0.735632 149
0.114943 169
-123456
0.126984 133
0.793651 153
0.0793651 173
-123456
-654321
0.116505 135
0.815534 155
0.0679612 175
-123456
0.114286 136
0.771429 156
0.114286 176
-123456
0.0921986 137
0.801418 157
0.106383 177
-123456
0.0776699 138
0.805825 158
0.116505 178
-123456
0.106918 133
0.761006 153
0.132075 173
-123456
0.106667 132
0.8 152
0.0933333 172
-123456
0.08 131
0.846667 151
0.0733333 171
-123456
0.115854 130
0.810976 150
0.0731707 170
-123456
0.101695 134
0.79661 154
0.101695 174
-123456
-654321
0.0901639 136
0.811475 156
0.0983607 176
-123456
0.175573 137
0.763359 157
0.0610687 177
-123456
0.134454 138
0.823529 158
0.0420168 178
-123456
0.132231 139
0.768595 159
0.0991736 179
-123456
0.155172 134
0.784483 154
0.0603448 174
-123456
0.22 133
0.733333 153
0.0466667 173
-123456
0.122449 132
0.789116 152
0.0884354 172
-123456
0.115254 131
0.779661 151
0.105085 171
-123456
0.132353 135
0.779412 155
0.0882353 175
-123456
-654321
0.170732 137
0.743902 157
0.0853659 177
-123456
0.163043 138
0.706522 158
0.130435 178
-123456
0.104762 139
0.819048 159
0.0761905 179
-123456
0.118182 135
0.772727 155
0.109091 175
-123456
0.132743 134
0.778761 154
0.0884956 174
-123456
0.137809 133
0.780919 153
0.0812721 173
-123456
0.161616 132
0.747475 152
0.0909091 172
-123456
0.174757 136
0.776699 156
0.0485437 176
-123456
-654321
0.109756 138
0.817073 158
0.0731707 178
-123456
0.0823529 139
0.788235 159
0.129412 179
-123456
0.144578 136
0.795181 156
0.060241 176
-123456
0.108108 135
0.783784 155
0.108108 175
-123456
0.0932203 134
0.822034 154
0.0847458 174
-123456
0.138528 133
0.779221 153
0.0822511 173
-123456
0.168317 137
0.782178 157
0.049505 177
-123456
-654321
0.123457 139
0.802469 159
0.0740741 179
-123456
0.1125 137
0.8375 157
0.05 177
-123456
0.149123 136
0.798246 156
0.0526316 176
-123456
0.132075 135
0.805031 155
0.0628931 175
-123456
0.120482 134
0.783133 154
0.0963855 174
-123456
0.111111 138
0.839506 158
0.0493827 178
-123456
-654321
0.141176 138
0.823529 158
0.0352941 178
-123456
0.164384 137
0.808219 157
0.0273973 177
-123456
0.15493 136
0.774648 156
0.0704225 176
-123456
0.147929 135
0.757396 155
0.0946746 175
-123456
0.0941176 139
0.858824 159
0.0470588 179
-123456
-654321
0.05 141
0.825 161
0.125 181
-123456
0.0714286 142
0.833333 162
0.0952381 182
-123456
0.0285714 143
0.828571 163
0.142857 183
-123456
0.0722892 144
0.843373 164
0.0843373 184
-123456
0.0681818 140
0.818182 160
0.113636 180
-123456
-654321
0.0666667 142
0.777778 162
0.155556 182
-123456
0.113636 143
0.75 163
0.136364 183
-123456
0.0487805 144
0.902439 164
0.0487805 184
-123456
0.0442478 145
0.849558 165
0.106195 185
-123456
0.0512821 140
0.769231 160
0.179487 180
-123456
0.05 141
0.825 161
0.125 181
-123456
-654321
0.0612245 143
0.795918 163
0.142857 183
-123456
0.0212766 144
0.914894 164
0.0638298 184
-123456
0.0416667 145
0.916667 165
0.0416667 185
-123456
0.0592593 146
0.792593 166
0.148148 186
-123456
0.0862069 141
0.827586 161
0.0862069 181
-123456
0.0204082 140
0.836735 160
0.142857 180
-123456
0.0857143 142
0.857143 162
0.0571429 182
-123456
-654321
0.14 144
0.76 164
0.1 184
-123456
0.116667 145
0.816667 165
0.0666667 185
-123456
0.0612245 146
0.877551 166
0.0612245 186
-123456
0.0428571 147
0.885714 167
0.0714286 187
-123456
0.0408163 142
0.77551 162
0.183673 182
-123456
0.015873 141
0.888889 161
0.0952381 181
-123456
0.0588235 140
0.784314 160
0.156863 180
-123456
0.15 143
0.7 163
0.15 183
-123456
-654321
0.125 145
0.75 165
0.125 185
-123456
0.0576923 146
0.865385 166
0.0769231 186
-123456
0.0588235 147
0.811765 167
0.129412 187
-123456
0.0670732 148
0.823171 168
0.109756 188
-123456
0.0363636 143
0.872727 163
0.0909091 183
-123456
0.0447761 142
0.880597 162
0.0746269 182
-123456
0.0754717 141
0.830189 161
0.0943396 181
-123456
0.0833333 140
0.8 160
0.116667 180
-123456
0.031746 144
0.761905 164
0.206349 184
-123456
-654321
0.084507 146
0.830986 166
0.084507 186
-123456
0.0675676 147
0.783784 167
0.148649 187
-123456
0.12 148
0.746667 168
0.133333 188
-123456
0.0933333 149
0.773333 169
0.133333 189
-123456
0.0746269 144
0.850746 164
0.0746269 184
-123456
0.114286 143
0.8 163
0.0857143 183
-123456
0.0833333 142
0.845238 162
0.0714286 182
-123456
0.0909091 141
0.818182 161
0.0909091 181
-123456
0.0428571 145
0.871429 165
0.0857143 185
-123456
-654321
0.0952381 147
0.761905 167
0.142857 187
-123456
0.0384615 148
0.817308 168
0.144231 188
-123456
0.0547945 149
0.826484 169
0.118721 189
-123456
0.025641 150
0.888889 170
0.0854701 190
-123456
0.0571429 145
0.828571 165
0.114286 185
-123456
0.0860215 144
0.752688 164
0.16129 184
-123456
0.056338 143
0.873239 163
0.0704225 183
-123456
0.0344828 142
0.885057 162
0.0804598 182
-123456
0.0735294 146
0.794118 166
0.132353 186
-123456
-654321
0.0714286 148
0.830357 168
0.0982143 188
-123456
0.0566038 149
0.858491 169
0.0849057 189
-123456
0.0224719 150
0.898876 170
0.0786517 190
-123456
0.0970588 151
0.805882 171
0.0970588 191
-123456
0.0824742 146
0.793814 166
0.123711 186
-123456
0.0561798 145
0.820225 165
0.123596 185
-123456
0.0879121 144
0.791209 164
0.120879 184
-123456
0.0754717 143
0.820755 163
0.103774 183
-123456
0.0894309 147
0.829268 167
0.0813008 187
-123456
-654321
0.0833333 149
0.80303 169
0.113636 189
-123456
0.04 150
0.896 170
0.064 190
-123456
0.0730337 151
0.831461 171
0.0955056 191
-123456
0.0823171 152
0.798781 172
0.118902 192
-123456
0.080292 147
0.824818 167
0.0948905 187
-123456
0.0895522 146
0.828358 166
0.0820896 186
-123456
0.0642202 145
0.807339 165
0.12844 185
-123456
0.0833333 144
0.848485 164
0.0681818 184
-123456
0.0797101 148
0.826087 168
0.0942029 188
-123456
-654321
0.0620155 150
0.829457 170
0.108527 190
-123456
0.075 151
0.83125 171
0.09375 191
-123456
0.0729927 152
0.819951 172
0.107056 192
-123456
0.0931677 153
0.826087 173
0.0807453 193
-123456
0.0923077 148
0.784615 168
0.123077 188
-123456
0.111111 147
0.82963 167
0.0592593 187
-123456
0.0420168 146
0.865546 166
0.092437 186
-123456
0.0680272 145
0.85034 165
0.0816327 185
-123456
0.0939597 149
0.832215 169
0.0738255 189
-123456
-654321
0.0751445 151
0.843931 171
0.0809249 191
-123456
0.0892857 152
0.803571 172
0.107143 192
-123456
0.0874439 153
0.813901 173
0.0986547 193
-123456
0.0440252 154
0.874214 174
0.081761 194
-123456
0.0705128 149
0.865385 169
0.0641026 189
-123456
0.117241 148
0.772414 168
0.110345 188
-123456
0.062069 147
0.855172 167
0.0827586 187
-123456
0.0675676 146
0.831081 166
0.101351 186
-123456
0.0878378 150
0.851351 170
0.0608108 190
-123456
-654321
0.0778688 152
0.827869 172
0.0942623 192
-123456
0.0919881 153
0.830861 173
0.0771513 193
-123456
0.0996016 154
0.828685 174
0.0717131 194
-123456
0.0840708 155
0.845133 175
0.0707965 195
-123456
0.0676328 150
0.830918 170
0.101449 190
-123456
0.0758929 149
0.8125 169
0.111607 189
-123456
0.0980392 148
0.815686 168
0.0862745 188
-123456
0.0913043 147
0.830435 167
0.0782609 187
-123456
0.0991304 151
0.803478 171
0.0973913 191
-123456
-654321
0.0608365 153
0.790875 173
0.148289 193
-123456
0.105991 154
0.801843 174
0.0921659 194
-123456
0.0935065 155
0.805195 175
0.101299 195
-123456
0.100478 156
0.803828 176
0.0956938 196
-123456
0.0897436 151
0.854701 171
0.0555556 191
-123456
0.119134 150
0.797834 170
0.0830325 190
-123456
0.104265 149
0.810427 169
0.0853081 189
-123456
0.0816327 148
0.811224 168
0.107143 188
-123456
0.0947075 152
0.793872 172
0.111421 192
-123456
-654321
0.0819672 154
0.801457 174
0.116576 194
-123456
0.0977778 155
0.826667 175
0.0755556 195
-123456
0.0926829 156
0.829268 176
0.0780488 196
-123456
0.0938967 157
0.835681 177
0.0704225 197
-123456
0.120332 152
0.771784 172
0.107884 192
-123456
0.0966184 151
0.797101 171
0.10628 191
-123456
0.101045 150
0.825784 170
0.0731707 190
-123456
0.0864198 149
0.872428 169
0.0411523 189
-123456
0.0779944 153
0.835655 173
0.086351 193
-123456
-654321
0.104283 155
0.811918 175
0.0837989 195
-123456
0.0932203 156
0.830508 176
0.0762712 196
-123456
0.115044 157
0.80531 177
0.079646 197
-123456
0.10084 158
0.815126 178
0.0840336 198
-123456
0.100313 153
0.815047 173
0.0846395 193
-123456
0.132867 152
0.804196 172
0.0629371 192
-123456
0.0893617 151
0.829787 171
0.0808511 191
-123456
0.0969163 150
0.810573 170
0.092511 190
-123456
0.101399 154
0.842657 174
0.0559441 194
-123456
-654321
0.129032 156
0.815668 176
0.0552995 196
-123456
0.0954198 157
0.832061 177
0.0725191 197
-123456
0.104265 158
0.805687 178
0.0900474 198
-123456
0.0901288 159
0.828326 179
0.0815451 199
-123456
0.10355 154
0.828402 174
0.0680473 194
-123456
0.102167 153
0.826625 173
0.0712074 193
-123456
0.0995671 152
0.839827 172
0.0606061 192
-123456
0.0903226 151
0.834409 171
0.0752688 191
-123456
0.130802 155
0.78903 175
0.0801688 195
-123456
-654321
0.123457 157
0.771605 177
0.104938 197
-123456
0.0988372 158
0.813953 178
0.0872093 198
-123456
0.105882 159
0.829412 179
0.0647059 199
-123456
0.111111 155
0.875817 175
0.0130719 195
-123456
0.085443 154
0.810127 174
0.10443 194
-123456
0.0917031 153
0.825328 173
0.0829694 193
-123456
0.142012 152
0.769231 172
0.0887574 192
-123456
0.130435 156
0.782609 176
0.0869565 196
-123456
-654321
0.16129 158
0.758065 178
0.0806452 198
-123456
0.117647 159
0.794118 179
0.0882353 199
-123456
0.125749 156
0.778443 176
0.0958084 196
-123456
0.0844156 155
0.824675 175
0.0909091 195
-123456
0.0827586 154
0.862069 174
0.0551724 194
-123456
0.0972973 153
0.854054 173
0.0486486 193
-123456
0.142857 157
0.748299 177
0.108844 197
-123456
-654321
0.0991736 159
0.760331 179
0.140496 199
-123456
0.0775194 157
0.829457 177
0.0930233 197
-123456
0.115646 156
0.816327 176
0.0680272 196
-123456
0.0827068 155
0.857143 175
0.0601504 195
-123456
0.10559 154
0.829193 174
0.0652174 194
-123456
0.109375 158
0.789062 178
0.101562 198
-123456
-654321
0.12069 158
0.818965 178
0.0603448 198
-123456
0.0504202 157
0.857143 177
0.092437 197
-123456
0.117949 156
0.825641 176
0.0564103 196
-123456
0.10757 155
0.820717 175
0.0717131 195
-123456
0.103175 159
0.81746 179
0.0793651 199
-123456
-654321
0.025641 161
0.974359 181
-123456
0.0821918 162
0.917808 182
-123456
0.0163934 163
0.983607 183
-123456
0.0144928 164
0.985507 184
-123456
0.0298507 160
0.970149 180
-123456
-654321
0.0422535 162
0.957747 182
-123456
0.0263158 163
0.973684 183
-123456
0.0243902 164
0.97561 184
-123456
0.0150754 165
0.984925 185
-123456
0.0142857 160
0.985714 180
-123456
0.0384615 161
0.961538 181
-123456
-654321
0.091954 163
0.908046 183
-123456
0.0384615 164
0.961538 184
-123456
0.0481928 165
0.951807 185
-123456
0.0190476 166
0.980952 186
-123456
0.0337079 161
0.966292 181
-123456
0.0135135 160
0.986486 180
-123456
0.0641026 162
0.935897 182
-123456
-654321
1 184
-123456
0.0373832 165
0.962617 185
-123456
0.0238095 166
0.97619 186
-123456
0.0146341 167
0.985366 187
-123456
0.0377358 162
0.962264 182
-123456
0.0291262 161
0.970874 181
-123456
0.0243902 160
0.97561 180
-123456
0.0394737 163
0.960526 183
-123456
-654321
0.0406504 165
0.95935 185
-123456
0.0168067 166
0.983193 186
-123456
0.0444444 167
0.955556 187
-123456
0.034188 168
0.965812 188
-123456
0.0105263 163
0.989474 183
-123456
0.0291262 162
0.970874 182
-123456
0.030303 161
0.969697 181
-123456
0.0679612 160
0.932039 180
-123456
0.02 164
0.98 184
-123456
-654321
1 186
-123456
0.0318471 167
0.968153 187
-123456
0.0425532 168
0.957447 188
-123456
0.0292553 169
0.970745 189
-123456
0.00806452 164
0.991935 184
-123456
0.0327869 163
0.967213 183
-123456
0.0384615 162
0.961538 182
-123456
0.042735 161
0.957265 181
-123456
0.047619 165
0.952381 185
-123456
-654321
0.0245399 167
0.97546 187
-123456
0.0131579 168
0.986842 188
-123456
0.0127389 169
0.987261 189
-123456
0.0329218 170
0.967078 190
-123456
0.038961 165
0.961039 185
-123456
0.028777 164
0.971223 184
-123456
0.0629371 163
0.937063 183
-123456
0.0461538 162
0.953846 182
-123456
0.0275862 166
0.972414 186
-123456
-654321
0.0115607 168
0.988439 188
-123456
0.047619 169
0.952381 189
-123456
0.0401606 170
0.959839 190
-123456
0.0409357 171
0.959064 191
-123456
0.0310559 166
0.968944 186
-123456
0.0584795 165
0.94152 185
-123456
0.0346821 164
0.965318 184
-123456
0.0571429 163
0.942857 183
-123456
0.0384615 167
0.961538 187
-123456
-654321
0.039604 169
0.960396 189
-123456
0.0441767 170
0.955823 190
-123456
0.03125 171
0.96875 191
-123456
0.0378457 172
0.962154 192
-123456
0.0346535 167
0.965347 187
-123456
0.0221239 166
0.977876 186
-123456
0.045045 165
0.954955 185
-123456
0.0228311 164
0.977169 184
-123456
0.03125 168
0.96875 188
-123456
-654321
0.0338346 170
0.966165 190
-123456
0.03207 171
0.96793 191
-123456
0.0131004 172
0.9869 192
-123456
0.0394161 173
0.960584 193
-123456
0.0285714 168
0.971429 188
-123456
0.0413534 167
0.958647 187
-123456
0.0289256 166
0.971074 186
-123456
0.0401786 165
0.959821 185
-123456
0.0281125 169
0.971888 189
-123456
-654321
0.0340136 171
0.965986 191
-123456
0.038835 172
0.961165 192
-123456
0.0374065 173
0.962593 193
-123456
0.047836 174
0.952164 194
-123456
0.0031746 89
0.0222222 169
0.974603 189
-123456
0.0276923 168
0.972308 188
-123456
0.0338983 167
0.966102 187
-123456
0.0305085 166
0.969492 186
-123456
0.0429799 170
0.95702 190
-123456
-654321
0.0275424 172
0.972458 192
-123456
0.0345455 173
0.965455 193
-123456
0.0449294 174
0.955071 194
-123456
0.0439024 175
0.956098 195
-123456
0.0333333 170
0.966667 190
-123456
0.037037 169
0.962963 189
-123456
0.0482955 168
0.951705 188
-123456
0.0432432 167
0.956757 187
-123456
0.0375 171
0.9625 191
-123456
-654321
0.0539906 173
0.946009 193
-123456
0.0298507 174
0.970149 194
-123456
0.040856 175
0.959144 195
-123456
0.0364372 176
0.963563 196
-123456
0.0734597 171
0.92654 191
-123456
0.0320988 170
0.967901 190
-123456
0.0286396 169
0.97136 189
-123456
0.0416667 168
0.958333 188
-123456
0.045977 172
0.954023 192
-123456
-654321
0.0281385 174
0.971861 194
-123456
0.0453988 175
0.954601 195
-123456
0.031339 176
0.968661 196
-123456
0.0304878 177
0.969512 197
-123456
0.0359551 172
0.964045 192
-123456
0.0426009 171
0.957399 191
-123456
0.0252632 170
0.974737 190
-123456
0.0549683 169
0.945032 189
-123456
0.0342612 173
0.965739 193
-123456
-654321
0.0461266 175
0.953873 195
-123456
0.0484765 176
0.951524 196
-123456
0.0411141 177
0.958886 197
-123456
0.0502793 178
0.949721 198
-123456
0.0292826 173
0.970717 193
-123456
0.0367534 172
0.963247 192
-123456
0.0377644 171
0.962236 191
-123456
0.0440457 170
0.955954 190
-123456
0.0439105 174
0.956089 194
-123456
-654321
0.0450704 176
0.95493 196
-123456
0.0364656 177
0.963534 197
-123456
0.0442225 178
0.955777 198
-123456
0.0401786 179
0.959821 199
-123456
0.000517866 94
0.0481616 174
0.951321 194
-123456
0.0434211 173
0.956579 193
-123456
0.0471698 172
0.95283 192
-123456
0.0324963 171
0.967504 191
-123456
0.0426229 175
0.957377 195
-123456
-654321
0.0332295 177
0.966771 197
-123456
0.0485232 178
0.951477 198
-123456
0.0299401 179
0.97006 199
-123456
0.0464807 175
0.953519 195
-123456
0.0314815 174
0.968518 194
-123456
0.04375 173
0.95625 193
-123456
0.0394973 172
0.960503 192
-123456
0.0504386 176
0.949561 196
-123456
-654321
0.0444874 178
0.955513 198
-123456
0.0566802 179
0.94332 199
-123456
0.021978 176
0.978022 196
-123456
0.0440598 175
0.95594 195
-123456
0.0385396 174
0.96146 194
-123456
0.0391753 173
0.960825 193
-123456
0.0364026 177
0.963597 197
-123456
-654321
0.0290557 179
0.970944 199
-123456
0.0450237 177
0.954976 197
-123456
0.0426621 176
0.957338 196
-123456
0.0411899 175
0.95881 195
-123456
0.0467706 174
0.953229 194
-123456
0.0344086 178
0.965591 198
-123456
-654321
0.0378788 178
0.962121 198
-123456
0.0450237 177
0.954976 197
-123456
0.0448065 176
0.955193 196
-123456
0.0472335 175
0.952767 195
-123456
0.0507614 179
0.949239 199
-123456
-654321
