0.959054 1
0.0409463 11
-123456
0.950271 2
0.0497288 12
-123456
0.962625 3
0.0364631 13
0.000911577 53
-123456
0.957707 4
0.0422932 14
-123456
0.962993 0
0.0370069 10
-123456
-654321
0.968182 2
0.0318182 12
-123456
0.970183 3
0.0298165 13
-123456
0.967054 4
0.0329457 14
-123456
0.954825 5
0.0451745 15
-123456
0.961373 0
0.0386266 10
-123456
0.966597 1
0.0334029 11
-123456
-654321
0.949772 3
0.0502283 13
-123456
0.972906 4
0.0270936 14
-123456
0.956416 5
0.0435835 15
-123456
0.956311 6
0.0436893 16
-123456
0.971939 1
0.0280612 11
-123456
0.965606 0
0.0343938 10
-123456
0.94321 2
0.0567901 12
-123456
-654321
0.960563 4
0.0366197 14
0.0028169 44
-123456
0.961194 5
0.038806 15
-123456
0.94723 6
0.0527704 16
-123456
0.953727 7
0.0462725 17
-123456
0.944591 2
0.055409 12
-123456
0.965426 1
0.0345745 11
-123456
0.956796 0
0.0423042 10
0.00090009 40
-123456
0.954155 3
0.0458453 13
-123456
-654321
0.987421 5
0.0125786 15
-123456
0.976471 6
0.0235294 16
-123456
0.963989 7
0.0360111 17
-123456
0.958101 8
0.0391061 18
0.0027933 48
-123456
0.975155 3
0.0248447 13
-123456
0.974359 2
0.025641 12
-123456
0.963415 1
0.0365854 11
-123456
0.956084 0
0.0439158 10
-123456
0.944444 4
0.0555556 14
-123456
-654321
0.970037 6
0.0299625 16
-123456
0.962825 7
0.0371747 17
-123456
0.934156 8
0.0658436 18
-123456
0.974468 9
0.0255319 19
-123456
0.973384 4
0.026616 14
-123456
0.966805 3
0.033195 13
-123456
0.944444 2
0.0555556 12
-123456
0.958495 1
0.0415045 11
-123456
0.96281 5
0.0371901 15
-123456
-654321
0.952586 7
0.0474138 17
-123456
0.975369 8
0.0246305 18
-123456
0.990741 9
0.00925926 19
-123456
0.960784 5
0.0392157 15
-123456
0.977778 4
0.0222222 14
-123456
0.94958 3
0.0504202 13
-123456
0.956989 2
0.0430108 12
-123456
0.964286 6
0.0357143 16
-123456
-654321
0.947917 8
0.0520833 18
-123456
0.946281 9
0.053719 19
-123456
0.951456 6
0.0485437 16
-123456
0.977012 5
0.0229885 15
-123456
0.979592 4
0.0204082 14
-123456
0.953488 3
0.0465116 13
-123456
0.956332 7
0.0436681 17
-123456
-654321
0.977401 9
0.0225989 19
-123456
0.97561 7
0.0243902 17
-123456
0.968085 6
0.0319149 16
-123456
0.967136 5
0.0328638 15
-123456
0.956422 4
0.043578 14
-123456
0.964706 8
0.0352941 18
-123456
-654321
0.967391 8
0.0326087 18
-123456
0.935065 7
0.0649351 17
-123456
0.954286 6
0.0457143 16
-123456
0.967123 5
0.0328767 15
-123456
0.948148 9
0.0518519 19
-123456
-654321
0.0771208 1
0.835476 11
0.0874036 21
-123456
0.0803571 2
0.857143 12
0.0625 22
-123456
0.0569948 3
0.880829 13
0.0621762 23
-123456
0.0942408 4
0.806283 14
0.0994764 24
-123456
0.075 0
0.815 10
0.11 20
-123456
-654321
0.0921409 2
0.826558 12
0.0813008 22
-123456
0.078853 3
0.820789 13
0.100358 23
-123456
0.119718 4
0.778169 14
0.102113 24
-123456
0.118081 5
0.789668 15
0.0922509 25
-123456
0.145038 0
0.748092 10
0.10687 20
-123456
0.10084 1
0.784874 11
0.114286 21
-123456
-654321
0.0833333 3
0.806818 13
0.109848 23
-123456
0.111111 4
0.790123 14
0.0987654 24
-123456
0.0794979 5
0.790795 15
0.129707 25
-123456
0.0576132 6
0.843621 16
0.0987654 26
-123456
0.114525 1
0.812849 11
0.0726257 21
-123456
0.0996169 0
0.789272 10
0.111111 20
-123456
0.0900164 2
0.800327 12
0.109656 22
-123456
-654321
0.0765027 4
0.896175 14
0.0273224 24
-123456
0.0915033 5
0.849673 15
0.0588235 25
-123456
0.0760234 6
0.812865 16
0.111111 26
-123456
0.111732 7
0.798883 17
0.0893855 27
-123456
0.0632911 2
0.873418 12
0.0632911 22
-123456
0.0804954 1
0.832817 11
0.0866873 21
-123456
0.0594595 0
0.827027 10
0.113514 20
-123456
0.0874317 3
0.863388 13
0.0491803 23
-123456
-654321
0.0555556 5
0.814815 15
0.12963 25
-123456
0.0967742 6
0.819355 16
0.083871 26
-123456
0.0875912 7
0.839416 17
0.0729927 27
-123456
0.0728477 8
0.874172 18
0.0529801 28
-123456
0.0898876 3
0.808989 13
0.101124 23
-123456
0.0806452 2
0.836021 12
0.0833333 22
-123456
0.0900474 1
0.853081 11
0.056872 21
-123456
0.101911 0
0.828025 10
0.0700637 20
-123456
0.0662252 4
0.854305 14
0.0794702 24
-123456
-654321
0.119048 6
0.777778 16
0.103175 26
-123456
0.122951 7
0.754098 17
0.122951 27
-123456
0.0833333 8
0.816667 18
0.1 28
-123456
0.0654206 9
0.841121 19
0.0934579 29
-123456
0.0763359 4
0.832061 14
0.0916031 24
-123456
0.118519 3
0.822222 13
0.0592593 23
-123456
0.128788 2
0.765152 12
0.106061 22
-123456
0.0817942 1
0.825858 11
0.0923483 21
-123456
0.140351 5
0.754386 15
0.105263 25
-123456
-654321
0.0833333 7
0.833333 17
0.0833333 27
-123456
0.0909091 8
0.809091 18
0.1 28
-123456
0.0458716 9
0.816514 19
0.137615 29
-123456
0.0833333 5
0.8125 15
0.104167 25
-123456
0.0634921 4
0.857143 14
0.0793651 24
-123456
0.152381 3
0.714286 13
0.133333 23
-123456
0.111465 2
0.799363 12
0.089172 22
-123456
0.0631579 6
0.852632 16
0.0842105 26
-123456
-654321
0.12766 8
0.787234 18
0.0851064 28
-123456
0.113208 9
0.783019 19
0.103774 29
-123456
0.0869565 6
0.771739 16
0.141304 26
-123456
0.0736842 5
0.842105 15
0.0842105 25
-123456
0.101695 4
0.830508 14
0.0677966 24
-123456
0.0833333 3
0.854167 13
0.0625 23
-123456
0.059322 7
0.847458 17
0.0932203 27
-123456
-654321
0.0860215 9
0.860215 19
0.0537634 29
-123456
0.0679612 7
0.873786 17
0.0582524 27
-123456
0.0843373 6
0.843373 16
0.0722892 26
-123456
0.0816327 5
0.795918 15
0.122449 25
-123456
0.0865385 4
0.822115 14
0.0913462 24
-123456
0.043956 8
0.89011 18
0.0659341 28
-123456
-654321
0.12 8
0.76 18
0.12 28
-123456
0.0779221 7
0.844156 17
0.0779221 27
-123456
0.104167 6
0.84375 16
0.0520833 26
-123456
0.0909091 5
0.857955 15
0.0511364 25
-123456
0.0941176 9
0.882353 19
0.0235294 29
-123456
-654321
0.0598291 11
0.837607 21
0.102564 31
-123456
0.172932 12
0.729323 22
0.0977444 32
-123456
0.11284 13
0.7393 23
0.14786 33
-123456
0.117647 14
0.823529 24
0.0588235 34
-123456
0.116788 10
0.781022 20
0.10219 30
-123456
-654321
0.0752688 12
0.860215 22
0.0645161 32
-123456
0.0748663 13
0.839572 23
0.0855615 33
-123456
0.0916667 14
0.7875 24
0.120833 34
-123456
0.0833333 15
0.856061 25
0.0606061 35
-123456
0.0325203 10
0.837398 20
0.130081 30
-123456
0.0708661 11
0.866142 21
0.0629921 31
-123456
-654321
0.081571 13
0.800604 23
0.117825 33
-123456
0.0722892 14
0.831325 24
0.0963855 34
-123456
0.0866667 15
0.846667 25
0.0666667 35
-123456
0.0615385 16
0.838462 26
0.1 36
-123456
0.0985916 11
0.809859 21
0.0915493 31
-123456
0.0863309 10
0.834532 20
0.0791367 30
-123456
0.153846 12
0.699301 22
0.146853 32
-123456
-654321
0.133028 14
0.761468 24
0.105505 34
-123456
0.118182 15
0.736364 25
0.145455 35
-123456
0.151042 16
0.75 26
0.0989583 36
-123456
0.103627 17
0.797927 27
0.0984456 37
-123456
0.106145 12
0.759777 22
0.134078 32
-123456
0.138462 11
0.723077 21
0.138462 31
-123456
0.129808 10
0.711538 20
0.158654 30
-123456
0.131902 13
0.733129 23
0.134969 33
-123456
-654321
0.0792683 15
0.780488 25
0.140244 35
-123456
0.0864198 16
0.783951 26
0.12963 36
-123456
0.0858896 17
0.815951 27
0.0981595 37
-123456
0.132911 18
0.759494 28
0.107595 38
-123456
0.128329 13
0.762712 23
0.108959 33
-123456
0.110266 12
0.741445 22
0.148289 32
-123456
0.097561 11
0.817073 21
0.0853659 31
-123456
0.112426 10
0.804734 20
0.0828402 30
-123456
0.0824176 14
0.78022 24
0.137363 34
-123456
-654321
0.0603448 16
0.827586 26
0.112069 36
-123456
0.0743802 17
0.876033 27
0.0495868 37
-123456
0.072 18
0.8 28
0.128 38
-123456
0.118056 19
0.791667 29
0.0902778 39
-123456
0.10828 14
0.802548 24
0.089172 34
-123456
0.115274 13
0.769452 23
0.115274 33
-123456
0.0921986 12
0.836879 22
0.070922 32
-123456
0.112069 11
0.801724 21
0.0862069 31
-123456
0.105691 15
0.804878 25
0.0894309 35
-123456
-654321
0.118182 17
0.718182 27
0.163636 37
-123456
0.147826 18
0.73913 28
0.113043 38
-123456
0.130435 19
0.771739 29
0.0978261 39
-123456
0.0961538 15
0.846154 25
0.0576923 35
-123456
0.0769231 14
0.832168 24
0.0909091 34
-123456
0.079646 13
0.858407 23
0.0619469 33
-123456
0.0826446 12
0.793388 22
0.123967 32
-123456
0.121495 16
0.747664 26
0.130841 36
-123456
-654321
0.201681 18
0.647059 28
0.151261 38
-123456
0.0720721 19
0.846847 29
0.0810811 39
-123456
0.133333 16
0.733333 26
0.133333 36
-123456
0.163636 15
0.745455 25
0.0909091 35
-123456
0.101852 14
0.842593 24
0.0555556 34
-123456
0.12069 13
0.75 23
0.12931 33
-123456
0.149533 17
0.766355 27
0.0841122 37
-123456
-654321
0.10101 19
0.787879 29
0.111111 39
-123456
0.0642202 17
0.880734 27
0.0550459 37
-123456
0.0617284 16
0.876543 26
0.0617284 36
-123456
0.138298 15
0.808511 25
0.0531915 35
-123456
0.0697674 14
0.827907 24
0.102326 34
-123456
0.0729167 18
0.833333 28
0.09375 38
-123456
-654321
0.0980392 18
0.813725 28
0.0882353 38
-123456
0.141304 17
0.771739 27
0.0869565 37
-123456
0.147059 16
0.77451 26
0.0784314 36
-123456
0.0880503 15
0.811321 25
0.100629 35
-123456
0.164557 19
0.759494 29
0.0759494 39
-123456
-654321
0.0963855 21
0.831325 31
0.0722892 41
-123456
0.144578 22
0.771084 32
0.0843373 42
-123456
0.152174 23
0.73913 33
0.108696 43
-123456
0.0904255 24
0.803191 34
0.106383 44
-123456
0.141176 20
0.752941 30
0.105882 40
-123456
-654321
0.164706 22
0.694118 32
0.141176 42
-123456
0.116279 23
0.744186 33
0.139535 43
-123456
0.127451 24
0.705882 34
0.166667 44
-123456
0.10989 25
0.791209 35
0.0989011 45
-123456
0.0666667 20
0.790476 30
0.142857 40
-123456
0.101124 21
0.797753 31
0.101124 41
-123456
-654321
0.0833333 23
0.797619 33
0.119048 43
-123456
0.0880503 24
0.811321 34
0.100629 44
-123456
0.0890411 25
0.80137 35
0.109589 45
-123456
0.0895522 26
0.813433 36
0.0970149 46
-123456
0.182796 21
0.591398 31
0.225806 41
-123456
0.0978261 20
0.793478 30
0.108696 40
-123456
0.102273 22
0.715909 32
0.181818 42
-123456
-654321
0.0979021 24
0.818182 34
0.0839161 44
-123456
0.092437 25
0.819328 35
0.0882353 45
-123456
0.137931 26
0.767241 36
0.0948276 46
-123456
0.0825688 27
0.825688 37
0.0917431 47
-123456
0.0754717 22
0.764151 32
0.160377 42
-123456
0.120301 21
0.721804 31
0.157895 41
-123456
0.140351 20
0.780702 30
0.0789474 40
-123456
0.0948276 23
0.75 33
0.155172 43
-123456
-654321
0.159193 25
0.719731 35
0.121076 45
-123456
0.139535 26
0.744186 36
0.116279 46
-123456
0.0784314 27
0.830065 37
0.0915033 47
-123456
0.108527 28
0.75969 38
0.131783 48
-123456
0.119718 23
0.767606 33
0.112676 43
-123456
0.130081 22
0.715447 32
0.154472 42
-123456
0.176471 21
0.735294 31
0.0882353 41
-123456
0.130435 20
0.730435 30
0.13913 40
-123456
0.116279 24
0.767442 34
0.116279 44
-123456
-654321
0.112971 26
0.728033 36
0.158996 46
-123456
0.108571 27
0.771429 37
0.12 47
-123456
0.114458 28
0.746988 38
0.138554 48
-123456
0.108696 29
0.771739 39
0.119565 49
-123456
0.142012 24
0.713018 34
0.14497 44
-123456
0.12069 23
0.752874 33
0.126437 43
-123456
0.138889 22
0.708333 32
0.152778 42
-123456
0.166667 21
0.722222 31
0.111111 41
-123456
0.119298 25
0.789474 35
0.0912281 45
-123456
-654321
0.148438 27
0.710938 37
0.140625 47
-123456
0.121951 28
0.707317 38
0.170732 48
-123456
0.117188 29
0.765625 39
0.117188 49
-123456
0.116105 25
0.737828 35
0.146067 45
-123456
0.0757576 24
0.863636 34
0.0606061 44
-123456
0.136691 23
0.769784 33
0.0935252 43
-123456
0.109589 22
0.767123 32
0.123288 42
-123456
0.118721 26
0.726027 36
0.155251 46
-123456
-654321
0.131579 28
0.710526 38
0.157895 48
-123456
0.0884956 29
0.831858 39
0.079646 49
-123456
0.116379 26
0.75431 36
0.12931 46
-123456
0.115385 25
0.807692 35
0.0769231 45
-123456
0.0917431 24
0.834862 34
0.0733945 44
-123456
0.117117 23
0.720721 33
0.162162 43
-123456
0.107143 27
0.776786 37
0.116071 47
-123456
-654321
0.144231 29
0.798077 39
0.0576923 49
-123456
0.141509 27
0.773585 37
0.0849057 47
-123456
0.15534 26
0.776699 36
0.0679612 46
-123456
0.132812 25
0.75 35
0.117188 45
-123456
0.0663265 24
0.790816 34
0.142857 44
-123456
0.15 28
0.7625 38
0.0875 48
-123456
-654321
0.178571 28
0.6875 38
0.133929 48
-123456
0.126316 27
0.736842 37
0.136842 47
-123456
0.201835 26
0.669725 36
0.12844 46
-123456
0.114428 25
0.78607 35
0.0995025 45
-123456
0.12963 29
0.740741 39
0.12963 49
-123456
-654321
0.0847458 31
0.627119 41
0.288136 51
-123456
0.0344828 32
0.810345 42
0.155172 52
-123456
0.0985916 33
0.732394 43
0.169014 53
-123456
0.0991736 34
0.760331 44
0.140496 54
-123456
0.0869565 30
0.73913 40
0.173913 50
-123456
-654321
0.183333 32
0.766667 42
0.05 52
-123456
0.0561798 33
0.764045 43
0.179775 53
-123456
0.113924 34
0.797468 44
0.0886076 54
-123456
0.0809249 35
0.786127 45
0.132948 55
-123456
0.161765 30
0.779412 40
0.0588235 50
-123456
0.0943396 31
0.849057 41
0.0566038 51
-123456
-654321
0.118812 33
0.80198 43
0.0792079 53
-123456
0.097561 34
0.756098 44
0.146341 54
-123456
0.136054 35
0.70068 45
0.163265 55
-123456
0.0903226 36
0.8 46
0.109677 56
-123456
0.0405405 31
0.810811 41
0.148649 51
-123456
0.146667 30
0.68 40
0.173333 50
-123456
0.116883 32
0.727273 42
0.155844 52
-123456
-654321
0.0990099 34
0.762376 44
0.138614 54
-123456
0.107143 35
0.821429 45
0.0714286 55
-123456
0.141304 36
0.76087 46
0.0978261 56
-123456
0.126866 37
0.720149 47
0.152985 57
-123456
0.11236 32
0.797753 42
0.0898876 52
-123456
0.118812 31
0.772277 41
0.108911 51
-123456
0.0864198 30
0.753086 40
0.160494 50
-123456
0.11 33
0.8 43
0.09 53
-123456
-654321
0.1 35
0.758333 45
0.141667 55
-123456
0.110092 36
0.775229 46
0.114679 56
-123456
0.0725389 37
0.829016 47
0.0984456 57
-123456
0.118644 38
0.737288 48
0.144068 58
-123456
0.104762 33
0.771429 43
0.12381 53
-123456
0.201923 32
0.759615 42
0.0384615 52
-123456
0.101124 31
0.786517 41
0.11236 51
-123456
0.15 30
0.74 40
0.11 50
-123456
0.160714 34
0.758929 44
0.0803571 54
-123456
-654321
0.111628 36
0.772093 46
0.116279 56
-123456
0.100671 37
0.825503 47
0.0738255 57
-123456
0.116162 38
0.747475 48
0.136364 58
-123456
0.125 39
0.808824 49
0.0661765 59
-123456
0.102362 34
0.795276 44
0.102362 54
-123456
0.108696 33
0.797101 43
0.0942029 53
-123456
0.156716 32
0.723881 42
0.119403 52
-123456
0.178295 31
0.697674 41
0.124031 51
-123456
0.0996441 35
0.765125 45
0.135231 55
-123456
-654321
0.133508 37
0.717277 47
0.149215 57
-123456
0.145161 38
0.758065 48
0.0967742 58
-123456
0.0909091 39
0.818182 49
0.0909091 59
-123456
0.147059 35
0.717647 45
0.135294 55
-123456
0.124352 34
0.772021 44
0.103627 54
-123456
0.100671 33
0.785235 43
0.114094 53
-123456
0.115854 32
0.75 42
0.134146 52
-123456
0.146226 36
0.759434 46
0.0943396 56
-123456
-654321
0.116883 38
0.766234 48
0.116883 58
-123456
0.115607 39
0.757225 49
0.127168 59
-123456
0.160891 36
0.710396 46
0.128713 56
-123456
0.116564 35
0.742331 45
0.141104 55
-123456
0.154762 34
0.714286 44
0.130952 54
-123456
0.171975 33
0.700637 43
0.127389 53
-123456
0.126866 37
0.776119 47
0.0970149 57
-123456
-654321
0.0787402 39
0.771654 49
0.149606 59
-123456
0.178161 37
0.695402 47
0.126437 57
-123456
0.119171 36
0.735751 46
0.145078 56
-123456
0.111111 35
0.772487 45
0.116402 55
-123456
0.145833 34
0.756944 44
0.0972222 54
-123456
0.103448 38
0.8 48
0.0965517 58
-123456
-654321
0.0740741 38
0.82963 48
0.0962963 58
-123456
0.134615 37
0.75641 47
0.108974 57
-123456
0.107438 36
0.793388 46
0.0991736 56
-123456
0.109195 35
0.747126 45
0.143678 55
-123456
0.126866 39
0.753731 49
0.119403 59
-123456
-654321
0.113208 41
0.716981 51
0.169811 61
-123456
0.101695 42
0.728814 52
0.169492 62
-123456
0.22449 43
0.612245 53
0.163265 63
-123456
0.0827068 44
0.81203 54
0.105263 64
-123456
0.0566038 40
0.735849 50
0.207547 60
-123456
-654321
0.103896 42
0.779221 52
0.116883 62
-123456
0.173077 43
0.653846 53
0.173077 63
-123456
0.179104 44
0.686567 54
0.134328 64
-123456
0.156863 45
0.738562 55
0.104575 65
-123456
0.105263 40
0.789474 50
0.105263 60
-123456
0.145455 41
0.709091 51
0.145455 61
-123456
-654321
0.0963855 43
0.73494 53
0.168675 63
-123456
0.147541 44
0.737705 54
0.114754 64
-123456
0.0657895 45
0.842105 55
0.0921053 65
-123456
0.133721 46
0.738372 56
0.127907 66
-123456
0.121212 41
0.818182 51
0.0606061 61
-123456
0.0740741 40
0.833333 50
0.0925926 60
-123456
0.176471 42
0.676471 52
0.147059 62
-123456
-654321
0.102941 44
0.823529 54
0.0735294 64
-123456
0.084507 45
0.802817 55
0.112676 65
-123456
0.0952381 46
0.793651 56
0.111111 66
-123456
0.0782609 47
0.782609 57
0.13913 67
-123456
0.161765 42
0.794118 52
0.0441176 62
-123456
0.104478 41
0.850746 51
0.0447761 61
-123456
0.111111 40
0.763889 50
0.125 60
-123456
0.197368 43
0.710526 53
0.0921053 63
-123456
-654321
0.139535 45
0.790698 55
0.0697674 65
-123456
0.138614 46
0.693069 56
0.168317 66
-123456
0.0980392 47
0.768627 57
0.133333 67
-123456
0.168539 48
0.775281 58
0.0561798 68
-123456
0.105263 43
0.710526 53
0.184211 63
-123456
0.0869565 42
0.782609 52
0.130435 62
-123456
0.1 41
0.775 51
0.125 61
-123456
0.0714286 40
0.77381 50
0.154762 60
-123456
0.102041 44
0.785714 54
0.112245 64
-123456
-654321
0.186916 46
0.672897 56
0.140187 66
-123456
0.125 47
0.770833 57
0.104167 67
-123456
0.117073 48
0.736585 58
0.146341 68
-123456
0.134199 49
0.774892 59
0.0909091 69
-123456
0.15 44
0.741667 54
0.108333 64
-123456
0.0659341 43
0.703297 53
0.230769 63
-123456
0.162602 42
0.682927 52
0.154472 62
-123456
0.157895 41
0.745614 51
0.0964912 61
-123456
0.134454 45
0.764706 55
0.10084 65
-123456
-654321
0.0791367 47
0.776978 57
0.143885 67
-123456
0.108303 48
0.750903 58
0.140794 68
-123456
0.104712 49
0.753927 59
0.141361 69
-123456
0.12766 45
0.77305 55
0.0992908 65
-123456
0.105769 44
0.740385 54
0.153846 64
-123456
0.106796 43
0.776699 53
0.116505 63
-123456
0.146789 42
0.706422 52
0.146789 62
-123456
0.12931 46
0.784483 56
0.0862069 66
-123456
-654321
0.131148 48
0.79235 58
0.0765027 68
-123456
0.146853 49
0.713287 59
0.13986 69
-123456
0.152318 46
0.701987 56
0.145695 66
-123456
0.136364 45
0.733766 55
0.12987 65
-123456
0.197452 44
0.649682 54
0.152866 64
-123456
0.215827 43
0.633094 53
0.151079 63
-123456
0.125424 47
0.745763 57
0.128814 67
-123456
-654321
0.104816 49
0.745043 59
0.150142 69
-123456
0.111801 47
0.726708 57
0.161491 67
-123456
0.117647 46
0.75 56
0.132353 66
-123456
0.102564 45
0.794872 55
0.102564 65
-123456
0.128378 44
0.736486 54
0.135135 64
-123456
0.133333 48
0.7 58
0.166667 68
-123456
-654321
0.153509 48
0.719298 58
0.127193 68
-123456
0.148649 47
0.709459 57
0.141892 67
-123456
0.157205 46
0.69869 56
0.144105 66
-123456
0.151786 45
0.71875 55
0.129464 65
-123456
0.134361 49
0.742291 59
0.123348 69
-123456
-654321
0.153846 51
0.723077 61
0.123077 71
-123456
0.0638298 52
0.893617 62
0.0425532 72
-123456
0.0806452 53
0.806452 63
0.112903 73
-123456
0.104839 54
0.741935 64
0.153226 74
-123456
0.142857 50
0.795918 60
0.0612245 70
-123456
-654321
0.122449 52
0.714286 62
0.163265 72
-123456
0.127273 53
0.727273 63
0.145455 73
-123456
0.129032 54
0.741935 64
0.129032 74
-123456
0.0956522 55
0.765217 65
0.13913 75
-123456
0.129032 50
0.66129 60
0.209677 70
-123456
0.130435 51
0.73913 61
0.130435 71
-123456
-654321
0.140625 53
0.75 63
0.109375 73
-123456
0.163636 54
0.781818 64
0.0545455 74
-123456
0.118421 55
0.723684 65
0.157895 75
-123456
0.142857 56
0.763736 66
0.0934066 76
-123456
0.142857 51
0.730159 61
0.126984 71
-123456
0.0857143 50
0.814286 60
0.1 70
-123456
0.0649351 52
0.844156 62
0.0909091 72
-123456
-654321
0.0909091 54
0.831169 64
0.0779221 74
-123456
0.0843373 55
0.819277 65
0.0963855 75
-123456
0.1 56
0.828571 66
0.0714286 76
-123456
0.107981 57
0.751174 67
0.140845 77
-123456
0.166667 52
0.653846 62
0.179487 72
-123456
0.169014 51
0.788732 61
0.0422535 71
-123456
0.148649 50
0.756757 60
0.0945946 70
-123456
0.141176 53
0.717647 63
0.141176 73
-123456
-654321
0.1125 55
0.775 65
0.1125 75
-123456
0.127451 56
0.754902 66
0.117647 76
-123456
0.0551181 57
0.80315 67
0.141732 77
-123456
0.119342 58
0.744856 68
0.135802 78
-123456
0.122449 53
0.714286 63
0.163265 73
-123456
0.13 52
0.7 62
0.17 72
-123456
0.0769231 51
0.782051 61
0.141026 71
-123456
0.156627 50
0.759036 60
0.0843373 70
-123456
0.106195 54
0.787611 64
0.106195 74
-123456
-654321
0.133333 56
0.761905 66
0.104762 76
-123456
0.171429 57
0.733333 67
0.0952381 77
-123456
0.0825688 58
0.770642 68
0.146789 78
-123456
0.127273 59
0.709091 69
0.163636 79
-123456
0.170213 54
0.755319 64
0.0744681 74
-123456
0.0849057 53
0.783019 63
0.132075 73
-123456
0.0909091 52
0.79798 62
0.111111 72
-123456
0.104348 51
0.765217 61
0.130435 71
-123456
0.138298 55
0.734043 65
0.12766 75
-123456
-654321
0.0521739 57
0.86087 67
0.0869565 77
-123456
0.0472441 58
0.84252 68
0.110236 78
-123456
0.0767045 59
0.829545 69
0.09375 79
-123456
0.121739 55
0.695652 65
0.182609 75
-123456
0.117188 54
0.773438 64
0.109375 74
-123456
0.141732 53
0.740157 63
0.11811 73
-123456
0.173554 52
0.710744 62
0.115702 72
-123456
0.118182 56
0.818182 66
0.0636364 76
-123456
-654321
0.09375 58
0.8125 68
0.09375 78
-123456
0.164319 59
0.737089 69
0.0985916 79
-123456
0.107383 56
0.778524 66
0.114094 76
-123456
0.109756 55
0.810976 65
0.0792683 75
-123456
0.125874 54
0.762238 64
0.111888 74
-123456
0.117241 53
0.758621 63
0.124138 73
-123456
0.0882353 57
0.772059 67
0.139706 77
-123456
-654321
0.159722 59
0.703704 69
0.136574 79
-123456
0.111675 57
0.771574 67
0.116751 77
-123456
0.122905 56
0.703911 66
0.173184 76
-123456
0.152284 55
0.761421 65
0.0862944 75
-123456
0.113402 54
0.757732 64
0.128866 74
-123456
0.101064 58
0.734043 68
0.164894 78
-123456
-654321
0.152455 58
0.74677 68
0.100775 78
-123456
0.124309 57
0.737569 67
0.138122 77
-123456
0.141869 56
0.754325 66
0.103806 76
-123456
0.155556 55
0.722222 65
0.122222 75
-123456
0.0955166 59
0.781676 69
0.122807 79
-123456
-654321
0.136364 61
0.848485 71
0.0151515 81
-123456
0.0909091 62
0.805195 72
0.103896 82
-123456
0.103448 63
0.775862 73
0.12069 83
-123456
0.124088 64
0.788321 74
0.0875912 84
-123456
0.130435 60
0.782609 70
0.0869565 80
-123456
-654321
0.0895522 62
0.850746 72
0.0597015 82
-123456
0.179104 63
0.746269 73
0.0746269 83
-123456
0.0833333 64
0.783333 74
0.133333 84
-123456
0.081761 65
0.779874 75
0.138365 85
-123456
0.12 60
0.76 70
0.12 80
-123456
0.1 61
0.816667 71
0.0833333 81
-123456
-654321
0.0641026 63
0.846154 73
0.0897436 83
-123456
0.109589 64
0.69863 74
0.191781 84
-123456
0.2 65
0.728571 75
0.0714286 85
-123456
0.123762 66
0.747525 76
0.128713 86
-123456
0.1 61
0.8125 71
0.0875 81
-123456
0.129412 60
0.764706 70
0.105882 80
-123456
0.1 62
0.775 72
0.125 82
-123456
-654321
0.0714286 64
0.916667 74
0.0119048 84
-123456
0.09 65
0.8 75
0.11 85
-123456
0.101266 66
0.746835 76
0.151899 86
-123456
0.142222 67
0.737778 77
0.12 87
-123456
0.155963 62
0.715596 72
0.12844 82
-123456
0.0857143 61
0.785714 71
0.128571 81
-123456
0.0941176 60
0.776471 70
0.129412 80
-123456
0.0853659 63
0.841463 73
0.0731707 83
-123456
-654321
0.112245 65
0.806122 75
0.0816327 85
-123456
0.118812 66
0.80198 76
0.0792079 86
-123456
0.10101 67
0.767677 77
0.131313 87
-123456
0.0792079 68
0.768977 78
0.151815 88
-123456
0.115385 63
0.769231 73
0.115385 83
-123456
0.0978261 62
0.836957 72
0.0652174 82
-123456
0.0681818 61
0.806818 71
0.125 81
-123456
0.0925926 60
0.814815 70
0.0925926 80
-123456
0.0792079 64
0.80198 74
0.118812 84
-123456
-654321
0.09375 66
0.8125 76
0.09375 86
-123456
0.103448 67
0.827586 77
0.0689655 87
-123456
0.103896 68
0.831169 78
0.0649351 88
-123456
0.107649 69
0.793201 79
0.0991501 89
-123456
0.102941 64
0.794118 74
0.102941 84
-123456
0.137405 63
0.748092 73
0.114504 83
-123456
0.125 62
0.757812 72
0.117188 82
-123456
0.111111 61
0.746032 71
0.142857 81
-123456
0.0746269 65
0.80597 75
0.119403 85
-123456
-654321
0.122302 67
0.76259 77
0.115108 87
-123456
0.10119 68
0.815476 78
0.0833333 88
-123456
0.117647 69
0.751634 79
0.130719 89
-123456
0.0606061 65
0.856061 75
0.0833333 85
-123456
0.153374 64
0.723926 74
0.122699 84
-123456
0.118056 63
0.805556 73
0.0763889 83
-123456
0.125926 62
0.792593 72
0.0814815 82
-123456
0.0764331 66
0.834395 76
0.089172 86
-123456
-654321
0.110345 68
0.813793 78
0.0758621 88
-123456
0.0992908 69
0.808511 79
0.0921986 89
-123456
0.11039 66
0.785714 76
0.103896 86
-123456
0.112583 65
0.754967 75
0.13245 85
-123456
0.121951 64
0.786585 74
0.0914634 84
-123456
0.08 63
0.8 73
0.12 83
-123456
0.145695 67
0.761589 77
0.0927152 87
-123456
-654321
0.104938 69
0.788066 79
0.106996 89
-123456
0.0806452 67
0.774194 77
0.145161 87
-123456
0.0689655 66
0.827586 76
0.103448 86
-123456
0.0904255 65
0.792553 75
0.117021 85
-123456
0.0931373 64
0.779412 74
0.127451 84
-123456
0.156098 68
0.75122 78
0.0926829 88
-123456
-654321
0.1 68
0.831579 78
0.0684211 88
-123456
0.0994475 67
0.776243 77
0.124309 87
-123456
0.11976 66
0.766467 76
0.113772 86
-123456
0.0802139 65
0.78877 75
0.131016 85
-123456
0.113281 69
0.783854 79
0.102865 89
-123456
-654321
0.0615385 71
0.876923 81
0.0615385 91
-123456
0.0416667 72
0.888889 82
0.0694444 92
-123456
0.0491803 73
0.786885 83
0.163934 93
-123456
0.0718954 74
0.823529 84
0.104575 94
-123456
0.157895 70
0.776316 80
0.0657895 90
-123456
-654321
0.0821918 72
0.876712 82
0.0410959 92
-123456
0.0588235 73
0.858824 83
0.0823529 93
-123456
0.130841 74
0.775701 84
0.0934579 94
-123456
0.0862069 75
0.833333 85
0.0804598 95
-123456
0.12 70
0.76 80
0.12 90
-123456
0.0857143 71
0.8 81
0.114286 91
-123456
-654321
0.123711 73
0.773196 83
0.103093 93
-123456
0.121622 74
0.810811 84
0.0675676 94
-123456
0.119048 75
0.785714 85
0.0952381 95
-123456
0.113636 76
0.822727 86
0.0636364 96
-123456
0.117021 71
0.776596 81
0.106383 91
-123456
0.0609756 70
0.914634 80
0.0243902 90
-123456
0.0909091 72
0.818182 82
0.0909091 92
-123456
-654321
0.0581395 74
0.77907 84
0.162791 94
-123456
0.145833 75
0.791667 85
0.0625 95
-123456
0.0740741 76
0.851852 86
0.0740741 96
-123456
0.110701 77
0.785978 87
0.103321 97
-123456
0.0898876 72
0.775281 82
0.134831 92
-123456
0.0747664 71
0.803738 81
0.121495 91
-123456
0.0786517 70
0.764045 80
0.157303 90
-123456
0.107527 73
0.806452 83
0.0860215 93
-123456
-654321
0.108333 75
0.816667 85
0.075 95
-123456
0.0803571 76
0.821429 86
0.0982143 96
-123456
0.0847458 77
0.822034 87
0.0932203 97
-123456
0.0863095 78
0.818452 88
0.0952381 98
-123456
0.0925926 73
0.851852 83
0.0555556 93
-123456
0.0515464 72
0.85567 82
0.0927835 92
-123456
0.046729 71
0.897196 81
0.0560748 91
-123456
0.0769231 70
0.857143 80
0.0659341 90
-123456
0.0833333 74
0.833333 84
0.0833333 94
-123456
-654321
0.0887097 76
0.83871 86
0.0725806 96
-123456
0.0952381 77
0.809524 87
0.0952381 97
-123456
0.0805369 78
0.838926 88
0.0805369 98
-123456
0.0907217 79
0.820619 89
0.0886598 99
-123456
0.0984849 74
0.795455 84
0.106061 94
-123456
0.120805 73
0.778524 83
0.100671 93
-123456
0.0779221 72
0.824675 82
0.0974026 92
-123456
0.0746269 71
0.865672 81
0.0597015 91
-123456
0.0851064 75
0.843972 85
0.070922 95
-123456
-654321
0.0969697 77
0.848485 87
0.0545455 97
-123456
0.0909091 78
0.840909 88
0.0681818 98
-123456
0.0783898 79
0.817797 89
0.103814 99
-123456
0.110429 75
0.773006 85
0.116564 95
-123456
0.0952381 74
0.843537 84
0.0612245 94
-123456
0.0909091 73
0.844156 83
0.0649351 93
-123456
0.0833333 72
0.833333 82
0.0833333 92
-123456
0.103261 76
0.809783 86
0.0869565 96
-123456
-654321
0.0571429 78
0.871429 88
0.0714286 98
-123456
0.0903614 79
0.811245 89
0.0983936 99
-123456
0.113514 76
0.816216 86
0.0702703 96
-123456
0.120219 75
0.846995 85
0.0327869 95
-123456
0.077381 74
0.85119 84
0.0714286 94
-123456
0.104478 73
0.840796 83
0.0547264 93
-123456
0.0599078 77
0.815668 87
0.124424 97
-123456
-654321
0.0763209 79
0.790607 89
0.133072 99
-123456
0.0967742 77
0.843318 87
0.0599078 97
-123456
0.106796 76
0.805825 86
0.0873786 96
-123456
0.0789474 75
0.794737 85
0.126316 95
-123456
0.0707547 74
0.816038 84
0.113208 94
-123456
0.115207 78
0.778802 88
0.105991 98
-123456
-654321
0.106029 78
0.796258 88
0.0977131 98
-123456
0.0801603 77
0.823647 87
0.0961924 97
-123456
0.0940919 76
0.818381 86
0.0875273 96
-123456
0.0705128 75
0.837607 85
0.0918803 95
-123456
0.0915684 79
0.824116 89
0.0843155 99
-123456
-654321
0.0451613 81
0.954839 91
-123456
0.0299401 82
0.97006 92
-123456
0.0299401 83
0.97006 93
-123456
0.0414013 84
0.958599 94
-123456
0.0754717 80
0.924528 90
-123456
-654321
0.0325581 82
0.967442 92
-123456
0.0449438 83
0.955056 93
-123456
0.0301205 84
0.96988 94
-123456
0.0313152 85
0.968685 95
-123456
0.0537634 80
0.946237 90
-123456
0.0197044 81
0.980296 91
-123456
-654321
0.0343137 83
0.965686 93
-123456
0.0459184 84
0.954082 94
-123456
0.0486486 85
0.951351 95
-123456
0.0441176 86
0.955882 96
-123456
0.0358974 81
0.964103 91
-123456
0.025 80
0.975 90
-123456
0.0569948 82
0.943005 92
-123456
-654321
0.0194175 84
0.980583 94
-123456
0.0472103 85
0.95279 95
-123456
0.0558376 86
0.944162 96
-123456
0.0363036 87
0.963696 97
-123456
0.0222222 82
0.977778 92
-123456
0.0344828 81
0.965517 91
-123456
0.0452261 80
0.954774 90
-123456
0.0219298 83
0.97807 93
-123456
-654321
0.0368664 85
0.963134 95
-123456
0.0481481 86
0.951852 96
-123456
0.0340426 87
0.965957 97
-123456
0.034076 88
0.965924 98
-123456
0.0315315 83
0.968468 93
-123456
0.031746 82
0.968254 92
-123456
0.03125 81
0.96875 91
-123456
0.0396476 80
0.960352 90
-123456
0.0508475 84
0.949153 94
-123456
-654321
0.03003 86
0.96997 96
-123456
0.0681818 87
0.931818 97
-123456
0.0366972 88
0.963303 98
-123456
0.0479512 89
0.952049 99
-123456
0.0458716 84
0.954128 94
-123456
0.0358209 83
0.964179 93
-123456
0.0537975 82
0.946203 92
-123456
0.039548 81
0.960452 91
-123456
0.0361111 85
0.963889 95
-123456
-654321
0.037037 87
0.962963 97
-123456
0.0437158 88
0.956284 98
-123456
0.0313862 89
0.968614 99
-123456
0.00266667 45
0.0426667 85
0.954667 95
-123456
0.0350404 84
0.96496 94
-123456
0.0616622 83
0.938338 93
-123456
0.0260116 82
0.973988 92
-123456
0.0428954 86
0.957105 96
-123456
-654321
0.034965 88
0.965035 98
-123456
0.0452489 89
0.954751 99
-123456
0.0308057 86
0.969194 96
-123456
0.0342105 85
0.965789 95
-123456
0.0340633 84
0.965937 94
-123456
0.0308057 83
0.969194 93
-123456
0.0342105 87
0.965789 97
-123456
-654321
0.0344828 89
0.965517 99
-123456
0.0606061 87
0.939394 97
-123456
0.0444915 86
0.955508 96
-123456
0.0356394 85
0.964361 95
-123456
0.0359408 84
0.964059 94
-123456
0.038961 88
0.961039 98
-123456
-654321
0.0365336 88
0.963466 98
-123456
0.0328436 87
0.967156 97
-123456
0.047195 86
0.952805 96
-123456
0.03649 85
0.96351 95
-123456
0.0394322 89
0.960568 99
-123456
-654321
