187.846
184.332
180.343
176.407
193.281
-654321
184.643
180.637
176.624
172.59
188.212
187.99
-654321
180.759
176.498
172.482
168.705
187.786
187.944
184.549
-654321
176.498
172.638
168.408
164.478
198.904
199.259
195.947
180.402
-654321
183.855
168.51
164.429
160.485
180.566
184.357
188.187
188.059
176.234
-654321
204.58
164.542
160.576
156.657
176.408
180.583
193.887
187.947
172.379
-654321
164.438
160.694
156.582
152.564
172.648
176.589
180.634
193.522
168.594
-654321
160.722
156.681
152.563
148.609
168.693
172.564
176.683
203.041
164.662
-654321
156.464
152.491
148.992
144.426
164.921
168.595
172.419
176.626
160.734
-654321
152.748
148.727
144.722
140.525
160.895
164.369
168.474
209.192
156.526
-654321
148.472
144.099
140.404
136.555
156.601
160.541
164.533
168.561
152.196
-654321
144.74
140.252
136.718
132.426
152.297
156.696
160.451
164.634
148.248
-654321
140.519
136.483
132.868
128.576
148.65
153.004
156.668
160.354
168.103
-654321
136.214
132.306
128.645
124.405
144.716
148.374
153.082
156.438
139.975
-654321
132.857
128.213
124.679
120.672
140.444
167.946
148.604
152.501
136.287
-654321
128.388
125.095
120.6
117.09
136.66
140.675
144.735
148.468
132.674
-654321
124.138
120.074
116.911
120.497
132.882
136.118
140.328
144.919
129.013
-654321
120.724
116.26
112.596
108.77
128.956
132.593
136.433
140.186
124.976
-654321
116.155
112.285
108.154
104.801
124.215
151.973
132.418
136.775
120.565
-654321
112.529
108.186
104.199
101.169
119.377
150.174
128.93
132.65
115.631
-654321
108.368
104.976
100.113
96.4688
116.155
120.739
124.91
128.556
112.353
-654321
104.473
99.6732
135.737
133.376
111.522
116.316
120.913
124.178
108.635
-654321
137.771
96.5792
93.4642
87.6617
108.811
143.803
116.204
120.246
105.334
-654321
135.231
92.4552
87.7886
84.4993
108.396
107.842
113.201
116.694
100.965
-654321
92.6676
88.0641
84.6668
128.219
99.9175
103.512
107.967
112.452
97.561
-654321
87.1751
129.538
81.2369
77.5185
95.7524
101.568
104.836
108.261
92.2617
-654321
83.5741
127.769
126.14
71.9347
132.694
136.195
137.708
104.804
87.1076
-654321
72.0979
75.825
124.155
69.5906
87.4603
92.0576
97.0504
100.523
84.5204
-654321
76.7194
123.431
68.4124
64.7355
130.149
131.782
133.736
136.106
80.9257
-654321
124.879
68.2543
120.553
60.984
127.96
84.3805
131.645
92.2017
126.49
-654321
68.6456
64.7548
100.759
116.5
76.3015
127.336
129.604
131.524
123.938
-654321
119.797
117.864
116.941
114.593
125.103
125.517
127.714
84.6904
121.689
-654321
60.5637
56.8339
114.532
111.615
121.546
123.278
126.336
128.3
65.4694
-654321
116.613
115.023
48.4872
44.0774
120.318
121.922
123.794
126.428
118.749
-654321
114.152
113.186
109.489
108.242
118.138
121.372
122.612
72.3741
114.542
-654321
49.2102
110.135
107.816
105.385
115.633
60.8501
120.375
68.5789
54.0844
-654321
44.0734
107.707
105.505
112.291
58.4743
118.727
120.589
111.31
-654321
108.444
38.1943
112.49
115.497
115.072
59.5104
107.748
-654321
107.62
110.334
112.273
113.98
115.823
108.537
-654321
109.797
109.793
113.248
113.557
107.786
-654321
204.639
204.865
202.554
196.503
195.678
-654321
205.743
202.384
197.073
191.246
196.69
204.885
-654321
202.425
196.937
191.401
185.599
205.112
196.413
205.68
-654321
197.676
191.766
185.633
179.572
205.497
205.363
197.217
202.37
-654321
191.386
185.307
179.469
173.458
202.444
205.768
205.545
197.566
197.04
-654321
185.466
179.584
173.363
167.835
196.812
202.038
204.687
205.174
190.922
-654321
179.137
173.438
167.278
161.169
191.063
196.481
202.529
206.527
185.563
-654321
172.765
167.441
161.558
155.329
185.527
190.826
196.785
202.419
179.272
-654321
167.222
161.382
155.877
149.116
178.928
185.089
191.261
197.004
173.564
-654321
161.718
155.713
149.669
143.197
173.119
179.552
184.981
191.517
167.475
-654321
155.208
149.557
142.954
137.263
167.44
173.533
179.525
185.275
161.503
-654321
148.908
143.036
137.243
130.999
161.471
167.573
172.981
179.528
155.579
-654321
143.276
137.651
131.579
125.421
155.934
161.168
166.925
173.183
149.941
-654321
138.015
131.486
125.255
119.373
149.596
155.023
161.404
167.561
143.026
-654321
131.247
124.612
119.117
113.49
143.339
149.52
155.058
161.201
136.705
-654321
125.881
118.609
113.272
107.924
136.907
143.249
149.28
155.013
131.116
-654321
119.669
113.479
107.965
100.447
131.575
136.876
142.969
149.302
125.208
-654321
113.724
106.886
101.914
95.3691
125.886
131.102
137.481
143.54
119.635
-654321
106.312
101.025
95.7124
89.3037
134.261
125.4
131.54
136.801
112.753
-654321
101.259
95.4422
88.7186
84.1898
113.591
119.981
125.985
131.045
106.954
-654321
95.713
89.2617
82.4475
78.1639
106.634
112.149
133.85
125.224
101.273
-654321
88.2729
82.8251
76.0469
70.9687
101.675
107.559
131.953
119.782
94.2815
-654321
82.7324
77.98
71.3089
98.5852
153.024
134.321
107.419
112.702
89.2668
-654321
105.837
103.248
98.9031
106.109
89.651
94.9492
102.285
107.247
82.4493
-654321
71.688
99.5386
107.429
53.3586
85.3881
90.2409
94.6583
100.932
76.3982
-654321
64.2779
94.6331
91.2776
46.3616
106.823
122.579
127.254
95.2126
146.501
-654321
59.153
89.6075
48.266
82.8537
71.1157
78.2515
81.5028
89.4811
109.079
-654321
52.3188
46.8553
39.8783
33.8377
64.4791
71.675
79.1728
110.35
58.0729
-654321
47.5328
81.9235
79.3609
28.8284
59.4313
143.5
102.229
77.0026
90.7215
-654321
83.841
78.4774
30.5546
22.8704
101.868
58.63
64.8722
70.1532
46.248
-654321
81.0141
131.13
71.0285
78.3717
97.3652
91.6551
95.2814
98.7277
82.3854
-654321
85.5454
70.745
67.7929
72.2658
40.9191
87.208
52.9422
58.8662
134.644
-654321
128.465
66.9592
62.3747
5.12754
79.6169
94.1591
137.24
90.8296
72.9079
-654321
69.4206
124.271
123.031
3.59215
75.4961
35.4034
136.96
86.774
22.4181
-654321
9.30035
71.5125
55.981
50.7925
73.1146
131.058
79.7657
42.3395
129.265
-654321
56.7544
0
119.939
115.793
124.107
129.513
75.1634
34.2464
64.1197
-654321
56.1375
119.085
117.384
60.0751
127.052
23.267
85.2286
57.9464
-654321
120.102
116.951
119.445
11.3509
127.121
71.5886
53.5464
-654321
46.8891
119.806
124.799
62.3223
127.436
50.4099
-654321
50.7141
121.446
56.6799
62.2246
117.425
-654321
210.515
219.694
224.643
223.678
197.361
-654321
221.713
224.899
224.789
219.294
197.173
210.328
-654321
223.587
221.634
218.399
215.174
211.842
196.455
222.468
-654321
223.257
220.447
215.724
209.827
221.187
210.784
197.087
225.918
-654321
220.494
215.25
209.496
204.22
225.361
222.762
212.075
196.606
225.105
-654321
215.037
210.07
204.391
198.006
223.965
224.424
221.398
210.706
220.209
-654321
210.031
203.879
198.422
192.068
220.455
222.167
224.004
221.466
214.68
-654321
204.122
197.931
192.132
186.302
214.282
220.039
224.211
225.065
209.391
-654321
198.126
192.396
186.618
180.279
208.862
215.198
219.787
222.842
204.629
-654321
192.515
186.417
180.011
174.51
203.418
209.869
216.404
219.347
197.892
-654321
185.989
180.191
173.841
167.759
198.075
204.493
209.405
215.127
191.729
-654321
179.658
174.341
167.993
161.367
191.603
197.751
204.115
208.491
185.775
-654321
173.842
167.582
162.159
156.024
185.711
192.062
197.68
203.513
178.993
-654321
167.875
162.05
155.673
149.914
179.826
185.899
192.253
197.803
173.842
-654321
161.946
155.4
150.675
144.375
174.197
179.765
185.636
191.54
167.048
-654321
156.174
150.733
144.16
137.99
168.636
173.487
174.285
185.69
161.924
-654321
150.628
144.25
137.663
131.423
161.154
167.349
173.506
180.013
156.951
-654321
144.091
137.884
131.877
125.646
155.379
161.605
169.007
174.122
150.537
-654321
137.177
132.448
125.254
119.928
150.517
155.471
161.986
167.898
150.178
-654321
130.85
125.696
119.832
114.389
143.939
151.133
154.515
161.702
136.575
-654321
126.779
119.301
113.012
107.792
137.165
143.256
148.84
155.464
131.902
-654321
118.643
112.1
126.077
101.565
131.933
138.151
142.702
150.466
125.92
-654321
130.097
107.253
122.57
119.383
125.796
143.053
138.58
144.219
119.507
-654321
108.745
101.481
94.5986
89.7753
133.913
125.803
132.021
137.948
114.819
-654321
102.338
95.92
113.379
84.6852
129.404
119.787
162.765
132.174
108.371
-654321
95.4412
114.612
84.3347
106.165
108.498
115.189
119.171
125.786
102.724
-654321
114.234
110.192
146.469
144.575
100.984
127.139
129.594
119.102
118.587
-654321
82.755
117.732
72.8271
98.6481
119.475
100.891
126.321
131.167
89.1579
-654321
105.911
101.748
99.4894
95.1095
114.137
94.0238
100.528
107.417
82.109
-654321
101.285
97.7825
94.8706
90.5961
109.871
91.2427
118.474
101.854
105.656
-654321
139.456
141.578
91.0416
85.3195
106.435
111.641
152.06
93.889
102.07
-654321
60.8274
54.19
87.2867
83.3676
103.641
106.802
82.6329
89.9829
142.898
-654321
140.76
137.863
41.8485
90.7149
96.0717
101.761
107.713
84.6016
104.977
-654321
84.8178
41.2833
134.122
133.855
59.7396
98.9226
143.802
76.6814
103.726
-654321
81.9448
81.1392
85.9289
131.706
140.266
141.846
96.1586
100.91
86.7317
-654321
90.3046
130.836
127.788
127.57
138.27
89.1819
92.2631
142.315
81.3494
-654321
75.8962
22.4475
80.6412
91.9456
136.831
139.572
60.6208
132.487
-654321
24.0286
67.5427
133.005
137.093
136.247
91.0152
32.9675
-654321
66.4602
74.6637
79.5538
94.4902
87.6797
22.6063
-654321
128.234
89.0368
80.9011
133.996
18.6491
-654321
211.124
222.657
233.006
243.19
197.514
-654321
223.069
233.029
240.67
243.207
197.525
212.001
-654321
231.698
242.24
242.597
241.149
210.632
196.81
225.272
-654321
240.65
241.256
241.328
235.095
222.407
211.259
197.442
236.987
-654321
241.871
239.753
236.013
231.542
237.993
224.202
209.873
196.264
241.633
-654321
239.96
236.135
230.789
226.04
240.13
236.638
222.198
211.876
241.408
-654321
236.818
230.464
225.874
220.777
242.004
243.151
234.877
222.697
239.282
-654321
231.045
226.123
221.149
215.049
239.656
240.831
239.939
235.261
235.5
-654321
226.139
220.575
215.061
208.49
237.722
239.098
240.625
239.489
230.14
-654321
220.251
214.349
209.08
203.154
230.957
234.882
239.337
241.804
225.895
-654321
214.708
208.58
202.882
196.571
225.772
230.6
236.587
240.206
220.612
-654321
208.68
202.534
197.345
191.018
220.341
226.289
229.215
235.995
213.931
-654321
202.44
196.651
190.791
184.804
215.08
221.092
225.942
230.639
209.015
-654321
196.319
190.802
185.059
179.525
208.198
214.481
220.679
225.662
202.737
-654321
191.098
184.299
178.895
172.546
202.809
207.388
213.479
220.209
197.895
-654321
185.253
178.695
172.12
166.495
197.735
201.94
208.726
214.779
191.346
-654321
178.751
172.713
166.613
160.898
191.125
196.414
201.785
207.856
184.122
-654321
173.433
166.648
160.445
154.989
184.075
190.16
196.16
202.284
178.939
-654321
166.91
160.839
156.148
147.48
179.161
184.678
189.461
196.316
172.998
-654321
161.586
155.839
148.416
142.513
172.544
178.133
184.582
191.047
166.217
-654321
154.808
149.568
142.264
136.463
166.719
169.887
179.651
185.35
160.734
-654321
153.817
141.275
135.561
131.65
162.604
167.806
172.691
179.062
155.691
-654321
149.716
136.236
129.741
124.688
153.707
161.628
166.432
172.143
148.906
-654321
146.054
130.965
138.242
132.938
153.302
157.096
159.432
166.563
149.397
-654321
140.768
137.388
119.441
114.215
150.318
148.561
154.043
160.668
145.862
-654321
124.374
118.31
112.753
105.821
146.771
150.274
148.049
157.518
130.299
-654321
161.937
112.524
127.157
122.573
142.069
135.848
149.55
148.19
127.298
-654321
129.338
106.107
100.568
117.016
122.296
155.161
135.964
141.422
117.443
-654321
138.076
154.967
117.862
150.429
133.471
138.982
164.273
145.627
127.991
-654321
122.397
93.0902
87.9864
81.7101
159.587
135.111
123.987
129.771
138.093
-654321
130.63
126.523
121.965
146.045
106.83
128.695
134.061
124.613
122.118
-654321
148.972
81.0768
146.802
103.801
121.958
156.614
130.106
118.458
153.761
-654321
108.341
118.4
147.077
65.9347
151.431
122.112
127.58
130.012
111.535
-654321
73.8372
103.893
97.3288
94.5064
153.736
98.6639
154.937
126.289
108.52
-654321
100.799
142.81
92.3944
101.637
110.593
152.646
151.479
121.247
108.43
-654321
145.074
58.6061
139.339
136.417
146.414
149.757
150.402
117.669
144.585
-654321
92.7886
101.186
96.9703
73.3956
116.378
108.633
90.1757
144.4
-654321
88.8173
135.424
98.3711
144.423
108.097
110.469
142.804
-654321
85.104
91.4739
143.963
69.2589
105.489
86.5864
-654321
87.4666
141.903
96.6691
145.404
84.4651
-654321
211.513
226.201
239.853
247.371
197.305
-654321
228.371
239.345
250.124
260.016
195.799
210.737
-654321
241.031
250.094
259.151
258.788
209.169
197.987
222.953
-654321
253.425
255.916
260.358
261.336
224.247
211.246
197.297
235.786
-654321
254.294
259.663
259.626
258.289
237.261
224.647
207.957
196.266
251.052
-654321
260.437
258.212
259.559
252.675
252.626
240.76
226.385
211.331
255.148
-654321
261.504
257.36
254.517
250.405
257.773
249.059
241.846
225.131
258.581
-654321
259.193
254.448
250.665
245.789
260.563
258.14
249.733
241.199
262.024
-654321
255.401
249.338
244.253
239.791
261.382
260.423
254.687
249.156
257.548
-654321
250.607
245.611
238.093
234.285
258.058
258.644
261.61
254.601
256.789
-654321
246.015
240.231
234.639
229.067
253.485
257.901
258.885
261.884
251.315
-654321
241.223
235.366
228.747
222.357
250.257
253.041
257.707
261.146
241.634
-654321
234.081
228.173
222.99
217.412
246.519
250.143
255.281
256.411
239.781
-654321
228.42
222.604
216.78
210.861
240.702
244.785
250.97
254.895
233.164
-654321
222.506
215.989
210.865
204.242
235.155
240.795
243.712
249.723
228.789
-654321
216.049
210.634
204.313
199.171
228.263
231.467
238.903
245.889
222.519
-654321
210.511
204.873
199.096
193.098
222.797
227.624
234.355
240.16
216.836
-654321
204.715
197.988
191.973
186.068
216.048
222.94
226.449
234.111
210.695
-654321
198.621
192.267
186.499
181.645
210.518
216.324
222.067
227.675
204.45
-654321
191.59
187.166
181.07
175.635
204.009
210.713
216.117
222.766
198.603
-654321
186.16
179.315
175.211
168.413
197.154
202.162
210.401
216.702
192.141
-654321
180.219
175.346
168.23
163.93
191.432
198.973
204.615
210.907
185.537
-654321
175.206
168.543
162.777
156.034
185.003
191.394
186.107
205.052
180.916
-654321
169.117
162.377
158.991
155.657
174.711
185.759
192.302
198.206
175.093
-654321
161.727
154.719
150.725
146.578
170.303
179.32
186.58
192.981
169.528
-654321
154.242
152.119
143.703
145.17
171.458
173.866
176.04
185.457
162.514
-654321
154.967
146.191
167.818
143.12
161.701
167.695
174.486
179.157
158.252
-654321
150.386
139.709
144.531
139.2
155.14
164.463
169.41
174.59
154.385
-654321
146.296
132.068
126.502
134.7
148.063
158.266
163.862
166.965
149.318
-654321
132.653
126.462
121.766
114.301
148.587
150.618
159.023
161.68
138.48
-654321
126.979
146.255
115.211
157.175
148.866
143.73
154.012
170.867
164.863
-654321
146.814
131.921
139.141
156.467
140.344
147.89
144.133
153.422
140.461
-654321
134.124
106.392
155.975
118.016
140.615
143.835
147.839
143.986
132.928
-654321
157.56
135.019
151.752
151.832
134.879
168.845
141.863
167.026
128.132
-654321
157.133
117.771
115.348
148.122
131.345
133.961
126.012
141.847
124.526
-654321
121.31
127.362
109.495
146.931
106.899
158.028
161.97
126.164
139.545
-654321
116.859
121.703
145.887
120.12
159.708
132.268
133.107
117.515
-654321
151.015
146.029
94.054
158.754
159.185
157.196
152.901
-654321
105.515
150.233
119.938
122.201
105.531
147.199
-654321
149.622
150.925
151.895
121.736
144.507
-654321
208.317
225.235
234.368
248.128
196.594
-654321
228.121
238.635
249.648
261.614
196.92
211.717
-654321
233.675
249.283
273.452
272.873
206.18
195.522
224.485
-654321
252.859
262.187
267.587
278.819
225.982
210.425
195.476
244.264
-654321
269.879
274.142
276.19
275.04
236.292
225.407
211.087
196.847
252.834
-654321
269.78
279.675
277.048
277.938
251.653
238.016
224.908
211.786
261.817
-654321
276.396
279.639
274.053
274.613
266.75
253.076
235.636
224.928
269.775
-654321
279.566
276.895
277.423
270.824
273.476
265.154
250.962
239.095
278.24
-654321
277.144
275.92
272.004
265.662
275.67
270.178
267.18
254.114
278.59
-654321
275.876
271.646
265.793
262.272
277.003
276.221
275.969
265.732
275.27
-654321
271.917
266.784
261.592
255.811
275.734
277.285
272.697
272.793
273.791
-654321
268.217
262.125
255
251.543
278.291
275.672
279.135
277.084
269.761
-654321
262.085
257.779
251.447
245.644
271.63
273.587
277.746
278.435
265.139
-654321
256.673
250.092
245.664
238.125
264.345
269.449
273.83
275.982
262.964
-654321
250.649
246.151
238.188
233.448
257.647
263.366
266.528
274.772
255.873
-654321
245.563
239.712
234.333
228.143
257.213
262.629
268.425
271.682
251.234
-654321
238.672
230.176
228.272
222.256
251.077
254.686
260.687
265.268
245.202
-654321
234.256
227.924
221.332
215.885
245.415
251.294
255.601
261.832
237.561
-654321
228.211
221.819
216.033
209.954
238.141
241.892
250.94
251.267
233.253
-654321
221.836
215.874
209.831
202.565
233.713
239.839
246.223
250.788
228.517
-654321
214.846
194.004
189.141
197.273
226.634
231.195
239.576
244.031
220.928
-654321
210.566
204.372
198.227
191.036
220.91
226.011
233.394
240.336
215.287
-654321
190.311
197.398
191.214
184.224
198.724
202.204
226.858
233.321
211.15
-654321
196.559
191.3
185.286
178.831
193.368
214.666
222.708
227.398
202.673
-654321
193.255
185.809
178.368
172.996
204.061
194.27
197.522
220.391
197.58
-654321
184.801
179.484
172.997
166.623
196.165
203.254
192.749
216.535
192.34
-654321
172.969
172.606
165.578
160.45
194.299
187.612
204.216
208.667
178.467
-654321
173.194
164.934
160.209
170.333
182.689
192.211
197.968
189.777
174.322
-654321
165.211
161.168
157.951
149.366
178.46
185.334
190.401
185.531
172.244
-654321
162.632
157.632
154.69
148.241
171.022
172.931
184.433
191.499
178.826
-654321
156.34
153.111
168.332
138.989
165.863
167.841
173.998
186.412
163.489
-654321
156.52
169.283
145.318
143.705
175.715
164.24
169.458
180.706
158.117
-654321
144.444
164.706
142.321
136.468
156.236
174.7
177.252
172.904
149.677
-654321
165.909
143.367
150.8
162.062
148.943
173.304
160.316
177.619
151.14
-654321
165.488
164.063
160.565
158.05
154.486
149.872
156.935
161.92
144.705
-654321
138.468
134.327
144.989
139.496
144.932
170.407
150.382
155.748
154.936
-654321
161.485
136.527
124.938
154.519
144.007
148.938
150.69
165.526
-654321
128.239
155.4
140.741
168.835
147.364
167.632
133.282
-654321
158.062
131.078
138.595
165.127
142.846
160.592
-654321
159.895
154.752
158.147
145.777
182.845
-654321
208.116
222.862
234.582
251.268
199.772
-654321
222.181
234.276
255.305
269.035
197.21
209.527
-654321
240.064
253.919
270.944
279.657
209.83
195.431
219.972
-654321
251.304
271.285
270.969
285.876
225.431
207.625
195.746
234.451
-654321
265.336
285.246
284.233
292.056
239.286
226.961
211.704
196.952
254.754
-654321
282.975
286.22
289.842
294.948
248.8
238.389
221.962
213.461
273.699
-654321
287.454
293.715
293.386
294.057
266.51
253.701
233.396
226.163
279.633
-654321
295.742
294.444
293.393
290.622
278.702
270.324
254.094
239.867
287.501
-654321
292.219
291.542
292.862
290.037
292.727
282.673
268.885
254.799
294.552
-654321
294.906
292.879
291.564
286.798
292.082
284.295
279.302
265.723
294.449
-654321
291.699
290.179
288.295
281.32
296.204
296.078
287.621
271.56
296.109
-654321
291.694
287.776
284.221
277.163
293.476
292.131
289.558
287.352
298.295
-654321
285.662
283.438
278.127
271.833
294.714
295.405
294.708
291.629
291.704
-654321
278.318
277.511
274.356
266.552
284.238
295.587
296.394
287.541
285.51
-654321
277.383
269.213
265.824
261.632
285.723
289.231
294.982
295.638
283.419
-654321
270.415
263.304
262.285
256.532
281.919
290.006
291.174
295.392
279.717
-654321
264.754
260.844
255.188
250.527
277.891
278.477
289.537
289.664
273.075
-654321
262.406
256.524
249.794
244.426
269.252
278.607
280.899
285.933
268.622
-654321
257.221
250.221
242.51
238.434
268.512
273.453
278.463
283.752
262.2
-654321
251.012
243.547
237.767
232.652
261.239
268.306
272.955
277.855
255.335
-654321
243.492
238.198
232.926
226.391
255.324
260.859
266.961
269.925
250.442
-654321
235.891
232.647
227.128
220.296
251.146
255.982
261.225
266.273
244.914
-654321
230.011
226.415
222.202
215.944
245.43
249.782
225.487
262.455
239.485
-654321
204.882
219.981
213.721
208.095
213.156
245.17
250.225
256.549
232.413
-654321
202.034
214.673
209.916
189.75
232.407
213.112
217.284
250.072
205.712
-654321
213.075
206.622
203.558
197.511
227.262
231.87
238.784
245.176
202.064
-654321
207.765
203.168
196.166
181.412
221.516
226.569
232.513
238.261
212.845
-654321
203.147
196.182
191.649
181.238
199.099
223.242
206
231.584
194.103
-654321
187.858
190.514
185.462
179.001
206.807
214.83
200.96
226.704
202.059
-654321
183.486
185.627
180.626
169.929
187.25
194.153
214.335
219.382
198.959
-654321
175.873
185.282
170.427
168.186
186.09
189.467
194.671
215.148
189.278
-654321
172.726
183.624
176.943
161.515
180.254
185.159
202.201
194.116
177.788
-654321
171.278
177.472
159.175
153.9
179.306
186.481
196.672
201.189
173.601
-654321
167.54
162.317
179.182
155.11
174.273
176.961
180.634
197.566
171.295
-654321
174.08
158.277
162.939
158.935
176.593
176.769
178.127
182.493
178.701
-654321
175.283
155.118
151.522
166.612
175.616
180.628
173.908
179.063
159.153
-654321
154.833
169.624
166.819
174.114
165.586
170.014
181.404
160.64
-654321
160.779
170.274
155.325
165.3
178.769
169.97
167.241
-654321
144.805
171.779
172.386
160.609
165.298
151.596
-654321
166.26
156.06
172.475
161.607
146.277
-654321
214.366
217.295
246.515
255.032
197.653
-654321
225.495
243.064
254.364
265.833
197.014
209.527
-654321
244.773
250.356
262.983
271.417
212.052
196.44
219.423
-654321
255.734
277.826
280.709
294.454
225.237
211.626
195.445
249.888
-654321
267.7
273.63
288.253
303.054
241.896
224.95
212.671
196.687
256.983
-654321
283.979
302.164
308.079
310.209
247.076
238.999
220.989
212.404
271.301
-654321
292.08
308.766
308.826
311.349
281.745
252.792
235.182
224.756
284.559
-654321
304.741
304.331
311.573
311.756
280.805
264.83
252.089
238.494
292.248
-654321
303.834
311.248
312.605
313.167
293.362
284.371
271.517
253.392
297.091
-654321
311.594
317.703
312.21
310.262
303.65
289.651
283.672
261.417
308.913
-654321
312.282
305.372
313.636
306.876
310.043
307.684
289.275
279.875
310.336
-654321
312.229
310.793
308.826
307.259
310.336
306.104
305.511
293.28
313.331
-654321
312.344
310.658
302.565
299.191
308.412
312.01
303.218
307.583
314.615
-654321
305.767
305.349
302.315
295.618
310.966
311.065
308.915
311.466
310.54
-654321
305.364
298.442
295.93
286.855
312.532
314.28
311.257
309.681
304.405
-654321
294.715
296.897
291.883
284.473
308.603
313.137
312.724
314.492
307.216
-654321
295.763
293.385
285.969
279.916
304.928
309.319
314.472
310.845
297.348
-654321
291.197
287.959
282.048
274.233
296.349
304.767
311.139
312.691
299.17
-654321
286.769
281.466
275.194
270.612
297.937
298.056
302.048
309.955
290.801
-654321
279.778
276.313
269.55
264.748
293.088
296.652
299.676
300.719
286.448
-654321
275.41
268.932
263.844
258.172
285.062
291.599
298.67
302.763
281.73
-654321
270.402
264.551
258.866
252.654
275.725
288.123
286.124
291.566
276.433
-654321
263.664
259.221
252.326
246.545
277.245
281.963
246.476
290.672
233.83
-654321
258.745
251.821
245.614
239.846
269.965
275.449
281.55
286.632
229.504
-654321
249.445
203.1
240.906
233.617
263.107
234.946
276.15
279.686
257.72
-654321
219.59
241.387
234.383
228.375
257.201
265.086
268.898
276.108
252.095
-654321
239.454
233.098
220.452
221.86
251.192
257.917
263.068
269.645
247.94
-654321
235.163
206.238
222.372
216.886
218.095
251.742
257.158
263.843
214.158
-654321
227.858
203.251
197.211
195.427
239.974
217.196
222.509
259.002
210.366
-654321
221.693
215.614
207.365
203.098
235.633
214.773
218.078
253.267
227.604
-654321
197.978
193.865
191.223
186.047
206.739
210.61
236.491
219.261
203.744
-654321
211.093
204.795
185.716
186.177
195.707
228.053
210.706
213.29
212.657
-654321
190.283
197.562
183.981
177.508
197.274
222.711
206.255
211.432
207.566
-654321
187.008
196.988
176.856
174.585
192.428
211.633
195.184
227.543
192.141
-654321
181.606
185.5
186.224
173.187
190.367
198.201
193.523
203.094
184.578
-654321
181.89
176.546
172.114
179.56
185.893
204.899
191.543
199.596
183.077
-654321
179.949
169.397
179.931
182.034
187.927
190.748
193.783
184.105
-654321
179.92
167.55
183.128
187.931
187.737
189.578
187.908
-654321
177.167
172.689
183.855
193.479
183.165
179.51
-654321
179.83
184.024
194.362
191.006
182.232
-654321
206.346
223.212
236.881
248.628
197.373
-654321
217.39
246.35
256.072
268.75
195.813
216.339
-654321
239.856
243.301
268.965
276.828
211.846
196.56
230.283
-654321
247.01
271.733
287.262
295.078
225.22
210.215
198.635
252.187
-654321
277.083
274.995
284.166
303.936
242.095
227.153
207.773
197.248
255.25
-654321
274.771
301.518
307.759
322.095
252.367
231.245
227.267
210.267
267.709
-654321
289.765
298.326
308.705
318.924
265.488
243.953
233.546
229.382
277.732
-654321
306.589
326.404
320.014
327.001
285.124
269.592
254.486
239.457
296.021
-654321
310.262
331.532
327.649
332.412
286.857
275.327
273.829
257.606
317.949
-654321
318.196
323.929
325.015
326.553
313.748
300.864
281.396
262.511
316.956
-654321
326.182
336.008
326.744
330.095
308.334
308.876
296.871
285.968
327.252
-654321
331.786
330.709
328.037
324.644
319.485
323.236
310.742
298.424
323.608
-654321
330.013
325.925
328.777
324.133
327.424
318.071
310.871
307.277
327.865
-654321
326.584
326.698
326.029
319.339
330.239
329.669
326.828
312.682
329.97
-654321
329.68
325.485
321.909
317.454
331.866
330.208
325.151
329.108
323.669
-654321
326.446
325.306
319.813
308.898
333.353
331.696
323.174
326.228
329.689
-654321
320.379
316.624
312.472
309.837
328.053
327.262
328.497
325.255
326.086
-654321
319.442
312.806
306.11
298.24
325.587
332.27
331.808
323.447
322.634
-654321
313.509
307.819
301.415
296.849
323.283
322.84
324.311
331.297
320.693
-654321
308.29
301.484
296.212
290.876
316.644
322.834
323.295
329.615
315.798
-654321
302.979
299.112
293.177
285.913
313.547
318.222
321.359
318.035
308.352
-654321
297.15
292.725
283.522
281.345
310.763
310.435
321.707
319.388
305.062
-654321
288.53
288.471
279.535
275.453
297.708
309.819
315.078
317.475
297.699
-654321
287.647
279.238
275.055
268.912
253.146
299.503
301.838
311.727
291.777
-654321
281.636
275.858
270.154
231.538
292.957
298.756
304.657
305.687
287.236
-654321
275.209
234.226
263.963
256.821
287.206
291.523
290.509
303.183
280.379
-654321
269.629
230.443
256.726
252.291
280.537
279.97
277.517
294.185
276.218
-654321
263.195
226.796
252.402
246.099
238.621
282.992
245.52
292.852
269.509
-654321
258.706
222.999
244.866
242.224
268.694
275.908
281.317
287.787
262.855
-654321
249.014
244.421
239.549
210.487
229.93
234.141
237.945
281.094
228.156
-654321
246.69
239.575
211.479
197.474
238.938
229.663
233.766
237.567
251.56
-654321
215.035
210.858
226.612
220.593
223.916
256.51
229.165
269.28
246.163
-654321
233.908
196.503
202.015
216.105
228.763
250.667
225.144
253.164
241.56
-654321
206.131
201.802
199.711
205.529
212.869
245.448
221.219
257.846
232.372
-654321
195.435
194.13
198.529
189.616
211.299
213.154
244.857
251.537
205.786
-654321
210.669
194.497
188.533
187.47
205.184
210.587
216.381
202.745
195.067
-654321
194.045
190.975
182.845
195.145
226.339
234.346
226.56
210.227
-654321
189.445
188.323
218.716
196.517
206.481
210.549
182.845
-654321
186.728
212.436
197.95
194.561
196.241
191.274
-654321
183.094
194.466
198.529
203.265
188.077
-654321
202.077
209.759
218.083
232.474
192.039
-654321
209.665
224.29
225.332
237.268
193.445
200.879
-654321
213.894
224.532
235.433
238.752
201.473
189.631
206.431
-654321
231.815
239.724
250.324
257.757
212.224
201.93
195.041
221.945
-654321
247.334
257.827
239.254
268.797
215.733
215.432
201.663
192.097
224.684
-654321
239.168
254.298
281.482
268.111
216.937
218.843
206.933
202.253
244.199
-654321
252.778
258.311
264.385
282.238
241.2
228.229
219.4
208.11
251.554
-654321
264.453
277.212
284.845
281.522
242.472
231.136
236.758
220.014
254.726
-654321
282.029
281.006
288.478
283.024
260.143
246.97
239.16
233.115
265.794
-654321
274.657
288.549
293.419
289.082
255.871
257.188
250.532
236.386
271.59
-654321
285.823
285.137
293.546
290.728
267.538
257.455
257.164
247.541
288.511
-654321
284.292
292.907
291.991
291.088
281.23
272.403
263.987
287.984
290.038
-654321
287.167
283.146
284.717
290.025
284.931
284.894
268.524
272.863
288.653
-654321
288.146
290.561
288.421
288.521
291.268
279.503
279.674
276.391
284.279
-654321
288.444
306.317
286.924
286.008
284.703
290.319
284.641
275.791
286.126
-654321
289.546
285.747
284.319
284.19
289.797
290.98
292.83
289.186
289.865
-654321
288.97
286.091
284.634
280.521
290.409
290.184
292.205
291.32
288.855
-654321
286.19
283.589
279.429
278.593
292.734
292.693
291.028
286.804
286.267
-654321
283.401
280.094
278.711
274.49
286.001
287.79
286.674
287.688
284.732
-654321
282.227
276.236
273.766
268.952
285.655
288.028
288.331
289.42
280.115
-654321
277.988
272.793
271.334
267.637
283.451
287.474
288.024
291.022
280.74
-654321
274.679
270.005
267.569
263.682
280.001
283.949
284.515
289.224
279.292
-654321
269.503
265.975
263.027
258.78
274.055
273.768
281.302
285.557
274.351
-654321
268.05
263.531
258.639
256.835
275.073
273.938
279.882
279.604
271.027
-654321
263.671
260.227
255.456
251.719
265.651
274.477
276.533
280.788
264.475
-654321
259.75
255.758
252.497
248.873
266.07
269.642
270.131
284.687
226.915
-654321
256.45
252.042
248.532
243.946
259.175
264.445
270.509
274.399
258.918
-654321
252.842
248.892
243.793
240.38
260.177
264.969
265.652
264.577
255.672
-654321
246.887
244.534
240.526
213.768
256.381
259.995
262.753
265.876
253.117
-654321
243.426
239.906
236.617
233.534
251.587
256.05
259.255
263.681
247.772
-654321
240.109
237.568
233.113
228.311
247.675
252.509
256.463
259.052
243.916
-654321
236.641
232.372
228.842
224.423
244.975
219.209
250.727
253.693
238.861
-654321
232.317
229.973
207.629
219.533
214.841
243.133
249.293
252.256
237.359
-654321
227.873
224.482
206.006
217.116
212.509
216.163
217.544
248.137
232.752
-654321
225.774
222.6
216.239
212.405
211.173
213.429
239.978
243.806
227.325
-654321
204.715
216.444
210.991
200.796
227.674
210.786
237.572
240.594
225.644
-654321
217.327
201.356
208.233
208.003
207.935
233.67
236.813
221.869
-654321
198.98
201.23
204.826
207.18
209.267
211.756
202.364
-654321
198.04
204.713
204.827
204.651
228.95
201.087
-654321
203.679
204.616
220.372
207.575
199.041
-654321
