31.503
27.9018
24.0457
20.305
31.9656
-654321
28.5661
24.4727
20.4459
16.3116
32.0889
31.4732
-654321
24.3257
20.2838
16.3547
12.3733
32.0711
31.8151
28.3109
-654321
20.5173
16.4801
12.44
8.11364
28.1373
42.7706
32.6088
24.4228
-654321
16.164
11.8611
8.3148
3.77813
24.7035
28.0544
31.3685
32.3887
20.0343
-654321
12.0971
7.93954
4.26744
0.104453
20.3158
24.1752
28.1891
37.9387
16.478
-654321
8.9591
3.99922
0.0111275
15.765
20.2626
24.3202
37.044
12.5133
-654321
3.79197
0.418642
12.701
16.2059
20.1783
24.2719
8.55383
-654321
0
7.996
12.2167
15.9568
48.4062
3.94462
-654321
4.03512
8.3791
12.4569
15.9849
0.64425
-654321
49.4704
50.2115
46.2706
40.6582
40.6491
-654321
49.2555
45.8274
40.7622
35.0459
40.7926
48.7399
-654321
47.043
40.2823
34.9044
29.1259
48.9391
40.2072
48.8807
-654321
39.9998
35.4529
29.0348
23.1145
49.5436
47.8178
40.497
46.5236
-654321
35.314
29.3581
23.2695
17.2848
46.5777
49.8366
48.2897
40.9735
41.3277
-654321
28.7517
23.6644
17.0775
11.4127
40.0018
43.8977
50.3675
49.9971
35.4053
-654321
23.0234
17.7137
11.4365
34.9753
41.0106
44.7949
49.8612
29.5151
-654321
16.9894
11.0322
28.9262
35.5805
40.5448
46.1417
22.4907
-654321
11.3923
22.6512
28.3267
35.3496
40.4114
17.664
-654321
17.7182
22.7542
28.4543
35.0547
11.8201
-654321
54.5454
65.4194
67.5499
66.5839
41.5623
-654321
66.7005
67.0856
68.024
63.0498
39.8548
51.0725
-654321
67.2063
67.4624
64.7373
58.7032
53.8184
39.9541
66.0718
-654321
67.0402
64.3261
58.1009
52.9972
64.5806
53.1276
39.6081
65.51
-654321
63.8285
59.058
54.2173
47.8595
69.0396
64.1205
53.7041
40.3277
68.2282
-654321
59.6339
53.1428
47.8064
42.5716
67.7064
67.8112
66.4029
58.0814
66.3755
-654321
53.7501
48.0935
41.8439
65.3729
67.5406
69.2524
67.3029
60.1027
-654321
47.4108
42.2631
59.9602
63.2135
68.2948
70.6391
52.66
-654321
41.585
52.9952
59.7682
64.3254
67.4431
45.4909
-654321
47.8709
52.7633
58.2133
63.9811
41.497
-654321
57.4091
64.2294
76.0764
82.2872
40.1143
-654321
68.6623
80.3575
82.8137
84.4868
39.4884
52.3614
-654321
75.5852
82.7445
89.8225
82.7955
54.0657
41.069
66.6999
-654321
83.2821
83.7448
84.4268
80.0454
72.5876
56.5004
40.942
81.3916
-654321
85.1457
85.2311
78.8559
73.5651
81.8505
69.447
56.0114
39.7645
85.7662
-654321
84.0045
80.5485
73.8576
70.1189
89.9477
78.9872
66.1704
55.1098
86.7907
-654321
80.889
75.2151
70.5335
86.1222
81.7127
80.8353
67.225
82.6488
-654321
75.2633
69.9702
84.392
86.3238
85.4346
82.7806
76.9337
-654321
69.8556
80.808
83.2376
82.7948
83.7007
74.45
-654321
73.4076
81.2952
83.8355
84.5709
68.442
-654321
53.4164
69.2347
79.0535
91.771
39.4208
-654321
74.3856
84.4598
96.9929
101.921
38.1271
56.9422
-654321
78.8851
91.5641
101.882
101.98
52.787
41.5686
69.6282
-654321
95.9211
97.9911
102.501
101.731
64.9236
50.8358
40.6682
83.6577
-654321
103.729
103.462
104.721
100.978
77.0744
69.8872
55.7492
41.0972
97.4657
-654321
104.686
100.623
97.0696
98.081
92.8697
82.1957
67.9299
53.5286
98.8165
-654321
104.461
102.15
96.6742
105.194
96.3175
83.3186
68.0244
108.014
-654321
100.12
100.009
103.379
102.223
92.5223
81.7539
104.051
-654321
98.4561
106.517
104.897
99.4485
95.1569
100.566
-654321
100.545
102.428
106.519
98.2726
98.6018
-654321
54.0923
67.9792
80.8534
98.1243
38.9365
-654321
67.121
77.0275
95.6243
107.541
39.245
52.6197
-654321
83.0917
87.8685
107.139
125.351
54.5937
40.0144
73.583
-654321
97.96
103.381
109.093
118.933
65.878
57.3156
39.3684
87.2556
-654321
112.075
108.232
113.633
121.85
77.3132
70.3819
51.8434
41.0167
96.7069
-654321
115.007
120.714
121.996
116.463
103.256
82.0269
68.6612
56.4583
104.54
-654321
122.51
124.714
123.526
110.363
96.2631
84.3017
72.1469
117.149
-654321
121.833
122.242
119.497
105.202
95.1918
84.6105
121.792
-654321
122.062
120.984
118.163
103.555
98.9951
120.919
-654321
122.167
119.681
119.033
103.591
122.151
-654321
52.8077
69.1872
72.408
104.983
41.5807
-654321
72.709
81.7709
95.0592
110.835
39.9939
54.8109
-654321
80.2153
96.8292
102.083
129.131
57.7967
39.6205
65.6228
-654321
96.7864
121.018
119.316
138.792
71.4649
56.8208
39.8245
81.0775
-654321
111.645
131.312
124.094
132.855
80.2489
65.6303
54.1438
39.5804
100.579
-654321
123.657
133.252
136.152
138.628
92.3211
83.3691
70.6419
57.4907
109.038
-654321
136.858
137.463
131.314
105.407
95.6241
86.4472
71.0374
121.707
-654321
139.436
139.686
119.215
103.323
94.252
83.4478
134.623
-654321
131.658
134.983
120.802
106.286
92.8907
136.986
-654321
135.415
125.559
127.022
109.961
138.27
-654321
52.3429
64.6441
82.8572
99.1397
41.7337
-654321
67.444
86.8474
107.749
113.046
42.3265
58.5431
-654321
84.7306
96.5971
123.808
122.52
52.7135
41.177
70.6844
-654321
90.9584
103.074
130.935
143.84
69.5746
51.6799
39.5134
91.3829
-654321
115.764
123.018
131.115
144.766
85.214
69.5733
49.8817
39.3247
95.4492
-654321
128.905
143.766
139.89
153.23
95.0512
78.5468
68.8966
54.3119
117.715
-654321
135.155
137.015
147.856
104.539
88.9864
83.2327
68.5899
124.218
-654321
148.037
155.243
111.918
123.284
102.524
82.7655
143.912
-654321
148.791
142.039
127.021
110.026
104.874
152.987
-654321
144.645
138.63
120.159
107.036
149.892
-654321
52.5247
66.7762
79.2608
103.038
40.8203
-654321
74.2605
84.0788
99.8563
109.783
42.6808
58.9949
-654321
82.5823
97.5441
108.539
130.237
51.004
41.5229
74.2849
-654321
94.6812
109.772
118.27
139.437
68.5836
53.0668
39.4951
87.0311
-654321
112.003
119.811
134.138
146.105
83.7348
58.8227
53.4183
41.6425
97.655
-654321
117.21
137.8
165.365
155.642
96.9061
84.2346
74.5579
55.495
114.558
-654321
134.235
142.366
159.358
113.94
88.6398
84.1598
72.8746
128.964
-654321
154.147
164.611
132.03
114.441
95.5431
82.7989
142.55
-654321
162.493
143.302
119.118
107.592
91.3251
158.269
-654321
153.431
133.829
129.417
109.404
159.251
-654321
46.6254
55.8725
65.331
75.6657
35.2412
-654321
53.8867
65.0928
73.8671
79.0467
37.3489
44.8683
-654321
60.6815
75.6769
82.8101
90.2761
48.2175
34.6292
54.0512
-654321
74.8823
71.908
98.6978
101.816
56.5302
45.1234
35.9768
65.515
-654321
83.2956
96.4374
108.35
109.189
66.5997
51.7331
45.4182
36.6348
77.2822
-654321
92.7423
94.862
118.061
112.759
70.0488
62.0162
55.5567
44.9526
80.687
-654321
92.9735
119.552
122.77
84.2471
75.8735
65.5073
52.6931
91.5358
-654321
111.584
116.295
96.8127
81.5629
76.6283
64.3073
107.077
-654321
123.094
101.706
90.9236
80.8713
76.8844
112.246
-654321
109.025
105.685
91.7936
118.521
117.787
-654321
