228.604
225.036
221.107
217.139
228.982
-654321
225.353
221.243
217.309
213.381
233.106
228.741
-654321
221.509
217.274
213.257
209.526
228.346
236.429
225.247
-654321
217.221
213.326
209.26
205.317
239.617
228.589
229.27
221.094
-654321
213.344
209.342
214.876
201.179
221.254
225.182
228.83
228.91
217.028
-654321
234.002
205.316
201.398
197.557
217.2
221.124
225.449
228.691
212.969
-654321
205.335
201.297
197.385
193.348
213.438
217.262
221.41
238.263
209.237
-654321
201.392
197.378
193.151
189.321
209.487
213.451
217.545
221.294
205.307
-654321
197.303
193.658
189.473
185.181
205.394
209.415
213.083
217.397
201.389
-654321
193.35
189.276
185.422
181.39
201.717
205.367
209.374
287.998
197.514
-654321
189.435
185.207
181.24
177.199
197.413
201.138
205.265
209.321
193.139
-654321
185.119
180.899
177.624
173.267
193.148
197.462
201.439
205.455
189.256
-654321
181.32
177.456
173.273
169.183
189.415
193.364
197.28
201.286
184.983
-654321
177.037
173.121
169.146
165.593
209.433
188.9
193.226
197.325
180.866
-654321
173.623
169.047
165.597
173.369
181.566
209.521
189.336
193.223
196.977
-654321
169.207
165.697
161.319
157.799
177.352
181.011
185.354
189.553
173.524
-654321
165.43
161.166
157.308
161.405
172.905
177.374
181.034
185.255
169.444
-654321
161.296
157.557
153.092
149.826
169.797
173.64
177.434
181.354
165.834
-654321
157.9
152.92
149.204
145.26
165.438
169.745
173.403
177.547
160.998
-654321
153.539
149.128
145.286
141.535
161.491
165.307
169.859
173.33
157.006
-654321
149.223
145.12
141.234
137.232
186.988
161.697
165.38
169.205
153.958
-654321
144.978
141.106
176.631
132.779
152.976
156.893
161.273
165.171
149.003
-654321
140.197
136.382
133.909
128.082
182.405
153.353
157.091
161.138
145.465
-654321
136.792
132.852
129.136
125.308
184.45
148.987
154.051
157.39
141.552
-654321
132.947
128.114
171.054
122.344
140.188
145.247
149.152
152.662
137.102
-654321
127.923
124.867
121.667
166.805
136.74
140.724
144.858
148.773
134.097
-654321
117.847
119.815
116.786
112.391
174.513
136.868
141.768
145.018
172.184
-654321
121.052
115.878
113.792
109.071
129.046
133.179
137.395
141.075
124.853
-654321
117.348
165.248
109.729
105.743
125.479
129.459
132.713
176.557
169.089
-654321
112.699
162.432
144.653
101.28
168.397
171.178
172.13
131.254
116.218
-654321
109.598
105.959
158.73
157.568
167.216
167.67
170.84
129.91
113.666
-654321
105.561
157.805
156.708
94.1738
165.153
165.288
168.463
124.479
108.891
-654321
158.7
97.1325
154.074
152.539
108.595
165.035
118.008
168.117
161.066
-654321
97.0832
155.014
153.163
151.269
105.221
109.381
164.058
166.52
158.56
-654321
155.303
153.246
150.572
149.099
158.74
160.897
162.325
114.086
157.717
-654321
89.4605
85.5641
149.22
146.061
158.79
158.514
160.64
162.213
93.3579
-654321
150.603
148.849
146.484
73.0755
154.418
157.23
158.808
105.722
88.5537
-654321
148.012
147.144
143.215
142.185
153.161
93.0669
155.834
101.336
149.576
-654321
146.956
145.002
141.413
141.077
150.284
89.3817
156.059
98.0506
150.321
-654321
145.668
68.7359
140.663
140.009
149.037
84.6848
89.2289
92.4446
144.831
-654321
144.852
139.088
138.834
136.041
146.742
81.4306
150.922
152.651
143.811
-654321
140.56
138.872
137.388
135.301
144.82
146.294
148.721
83.4416
142.716
-654321
61.826
137.582
136.335
133.453
140.214
145.544
147.253
148.585
141.072
-654321
137.096
135.636
48.5465
46.6558
139.301
141.968
143.851
148.435
140.298
-654321
53.5263
134.9
130.469
127.471
138.687
139.735
144.023
144.627
135.72
-654321
135.147
131.369
129.598
125.736
136.793
141.269
142.003
143.589
135.063
-654321
131.689
131.747
126.613
136.429
53.9819
136.909
143.02
131.728
-654321
127.043
128.951
132.083
134.939
138.011
139.52
131.157
-654321
126.476
130.187
132.44
54.9799
136.773
131.956
-654321
128.477
129.28
134.736
53.4314
126.668
-654321
245.018
245.544
243.236
237.321
236.411
-654321
246.619
243.214
237.721
231.989
237.288
246.3
-654321
242.943
237.828
232.063
226.222
245.9
237.323
246.57
-654321
238.043
232.409
226.216
220.309
246.684
246.161
238.364
242.819
-654321
232.2
226.226
220.364
214.341
242.768
246.418
246.125
238.251
237.68
-654321
226.082
220.439
214.315
208.462
237.552
242.474
246.438
246.167
231.595
-654321
220.111
214.119
208.147
202.084
232.319
237.602
243.419
247.455
226.384
-654321
213.869
208.311
202.34
196.273
226.061
231.726
237.436
243.087
219.999
-654321
208.114
202.252
196.205
189.898
219.853
226.006
232.208
237.809
214.203
-654321
202.096
196.085
190.349
183.923
213.735
220.225
226.482
232.155
208.255
-654321
196.201
190.226
183.993
177.991
208.115
214.021
219.97
226.241
202.226
-654321
189.912
184.391
178.094
172.006
201.776
208.635
214.072
220.297
196.226
-654321
184.114
178.253
172.156
166.289
196.126
202.301
207.732
213.941
190.4
-654321
178.116
172.26
166.078
159.95
190.747
196.208
201.954
208.085
184.425
-654321
171.994
165.764
159.878
154.433
184.402
190.139
195.693
202.29
177.194
-654321
166.813
159.783
154.588
148.421
177.718
184.735
190.302
196.251
172.446
-654321
159.765
153.732
148.38
141.815
171.593
177.595
184.2
189.9
165.755
-654321
154.329
147.901
141.931
136.449
165.907
172.161
177.764
184.39
160.73
-654321
147.499
141.751
136.084
130.306
160.614
165.938
172.999
177.942
153.764
-654321
141.292
136.384
129.843
123.373
153.356
160.493
166.694
171.743
148.741
-654321
135.94
129.595
123.229
118.497
147.605
153.119
159.769
165.709
143.233
-654321
130.685
151.94
117.619
154.33
143.116
147.08
152.875
159.983
135.291
-654321
124.248
118.532
112.212
105.445
135.453
141.302
148.091
153.097
129.406
-654321
116.409
143.651
105.857
99.8459
131.485
135.607
143.028
148.365
123.08
-654321
111.049
106.648
100.266
93.3873
125.393
130.26
135.962
142.215
118.064
-654321
105.435
134.722
180.77
88.2371
117.986
125.852
130.165
135.47
110.941
-654321
98.549
93.9293
89.3388
81.2986
111.683
117.493
122.671
129.033
106.07
-654321
93.2345
127.903
82.2919
119.008
105.966
111.523
119.569
124.718
135.128
-654321
89.2914
123.168
76.4316
115
99.2328
106.238
142.954
118.646
93.7657
-654321
81.8418
128.236
116.05
63.406
179.717
147.338
106.762
111.322
87.7584
-654321
76.4117
172.561
64.0684
109.149
138.021
132.334
147.764
138.884
135.849
-654321
172.088
110.579
106.041
102.917
122.775
127.651
93.9057
100.196
119.524
-654321
171.092
106.902
166.976
111.419
131.78
177.48
87.0101
130.476
114.234
-654321
167.556
166.077
102.578
95.6626
117.045
130.608
135.637
87.0406
169.424
-654321
50.6946
46.1938
95.7392
33.9117
69.4887
69.7092
173.249
82.7436
105.334
-654321
46.3314
95.8992
92.5391
87.0225
106.341
110.484
117.304
119.202
113.555
-654321
97.9985
36.6905
99.7679
82.7707
50.0935
170.617
123.782
171.209
162.958
-654321
91.5372
88.5383
21.3839
79.8632
164.778
51.0892
107.624
112.223
162.659
-654321
158.147
83.6157
153.024
73.5189
162.31
165.897
168.749
107.897
33.1075
-654321
82.5555
80.186
77.2226
150.571
92.6436
161.731
101.53
102.59
156.455
-654321
154.947
152.098
71.8933
148.467
26.6973
160.899
96.6866
98.2569
96.357
-654321
149.087
81.37
148.944
73.5228
22.7899
87.2044
158.747
161.609
154.497
-654321
150.176
75.6178
63.4885
60.902
154.291
155.07
157.469
96.3104
73.6566
-654321
148.793
73.4969
143.825
141.876
150.926
155.321
158.461
157.175
152.445
-654321
66.9689
144.346
141.933
142.941
3.7069
153.139
154.014
154.028
145.319
-654321
59.1609
143.564
138.291
135.436
67.6442
151.045
150.673
77.3407
74.7812
-654321
143.297
140.135
135.536
145.451
151.207
74.4341
74.7632
61.1404
-654321
141.083
137.448
143.577
70.6944
0
150.135
143.132
-654321
46.7141
65.6952
145.254
59.1545
67.8784
139.653
-654321
136.96
140.245
56.4085
145.38
137.223
-654321
252.285
261.076
265.729
265.76
237.542
-654321
261.117
264.934
265.89
260.332
238.265
251.398
-654321
264.163
263.17
258.983
255.808
252.652
237.906
262.22
-654321
264.851
261.417
256.509
250.428
261.4
251.927
237.452
266.014
-654321
261.278
255.959
250.771
245.273
266.143
261.867
251.148
237.062
266.134
-654321
255.973
251.221
245.156
238.804
264.105
265.949
261.065
251.9
261.042
-654321
250.91
244.593
239.072
232.86
261.713
262.627
264.242
263.686
255.272
-654321
244.858
238.937
233.144
227.308
255.731
261.14
265.188
264.804
250.3
-654321
238.89
233.235
226.796
220.972
249.98
255.937
262.19
264.258
245.133
-654321
232.963
227.271
220.804
215.473
244.547
249.954
255.388
259.101
238.537
-654321
226.918
220.87
214.9
208.972
238.616
244.437
250.718
255.765
232.863
-654321
220.657
214.99
208.466
202.676
232.934
238.582
245.285
249.931
226.293
-654321
214.555
209.019
202.65
196.098
226.328
232.854
238.67
244.021
220.799
-654321
208.427
202.601
196.545
190.91
220.917
226.651
232.853
238.98
214.834
-654321
202.819
196.14
190.881
184.939
214.751
220.206
226.689
232.403
207.948
-654321
196.331
191.142
184.416
178.45
208.076
214.501
220.424
226.502
203.482
-654321
190.69
184.337
178.447
173.149
202.549
207.727
214.194
220.725
197.005
-654321
184.445
178.384
172.754
166.954
197.24
202.227
209.187
213.973
190.12
-654321
178.23
172.486
165.633
160.632
190.302
197.87
202.505
208.644
184.869
-654321
172.37
166.575
160.086
155.045
184.381
190.917
195.572
203.416
178.472
-654321
178.525
159.94
154.32
148.223
178.628
185.071
189.149
196.871
172.841
-654321
160.054
151.938
148.555
143.27
171.604
188.211
184.506
190.841
166.802
-654321
171.956
147.553
142.562
159.767
166.594
171.549
178.422
184.694
159.399
-654321
148.331
143.544
135.904
130.133
173.985
168.493
171.97
179.104
153.741
-654321
143.034
135.538
129.91
123.985
171.417
160.988
166.32
172.776
149.842
-654321
138.698
156.661
125.179
117.664
149.243
152.777
159.216
166.012
143.127
-654321
131.66
122.674
118.211
142.357
142.56
150.033
154.889
159.956
194.256
-654321
124.4
145.045
141.875
138.924
135.043
196.408
148.074
155.71
129.84
-654321
159.592
113.633
152.684
100.153
155.19
159.688
163.119
148.471
150.825
-654321
143.487
105.415
137.103
130.859
149.773
166.211
136.509
140.974
146.757
-654321
183.351
135.439
93.675
128.805
146.651
153.533
191.935
136.593
141.732
-654321
101.956
180.212
127.291
176.487
112.783
148.371
125.025
130.767
105.923
-654321
141.213
138.542
122.56
130.229
139.585
142.848
186.634
123.82
146.565
-654321
126.239
123.731
175.537
117.259
182.757
105.411
112.858
120.242
93.6169
-654321
123.23
174.349
124.327
109.932
131.456
101.455
139.758
111.736
176.323
-654321
77.4935
117.479
112.964
107.692
87.4657
142.872
133.742
140.038
174.251
-654321
128.09
110.869
165.379
104.25
121.932
176.553
130.276
100.445
116.594
-654321
169.346
109.465
163.375
100.092
174.001
123.314
123.763
95.346
73.2871
-654321
106.741
51.6833
163.153
96.2764
115.204
171.964
172.791
126.595
123.588
-654321
103.82
97.6371
162.445
155.105
169.343
170.798
174.686
84.9965
169.527
-654321
162.153
92.6389
93.7999
158.358
166.538
168.548
125.187
130.602
103.679
-654321
167.276
87.716
89.3593
153.364
161.105
107.865
168.989
115.679
100.76
-654321
158.527
87.2564
157.323
157.026
111.007
51.6323
167.55
114.566
97.4931
-654321
87.5336
93.6087
154.027
152.915
92.6389
100.136
101.828
107.417
31.2329
-654321
155.316
92.7622
154.141
146.791
160.581
95.2581
164.061
167.56
156.724
-654321
152.853
150.555
150.332
147.119
156.827
156.791
96.5006
161.946
153.766
-654321
9.29463
147.943
81.0854
155.711
160.462
104.412
106.471
153.757
-654321
150.976
68.1026
154.992
156.311
157.254
88.8787
154.399
-654321
147.444
151.118
151.943
97.704
159.846
152.167
-654321
71.5037
152.043
157.598
86.2526
148.553
-654321
252.447
264.668
273.197
283.163
238.209
-654321
265.643
276.902
283.224
283.469
238.879
254.745
-654321
275.574
282.077
281.659
279.542
251.606
238.166
264.383
-654321
279.588
282.836
281.266
276.784
262.99
251.215
237.871
276.756
-654321
282.843
281.007
276.481
272.08
276.163
266.817
250.411
237.019
282.501
-654321
281.097
277.104
272.127
267.253
283.039
276.649
263.743
252.264
283.229
-654321
277.174
271.433
267.078
261.849
282.047
282.557
276.896
264.526
279.886
-654321
272.293
265.716
261.62
255.435
279.457
282.404
283.851
275.874
276.099
-654321
266.341
261.827
255.955
249.944
278.197
279.695
283.364
281.45
270.503
-654321
260.917
255.014
249.622
243.63
272.317
274.61
280.515
283.315
266.816
-654321
255.625
249.512
243.443
237.32
266.404
272.289
276.531
280.782
260.844
-654321
250.122
243.18
237.728
231.733
261.129
267.443
269.599
276.343
255.138
-654321
243.223
237.426
232.044
225.689
255.56
261.174
266.824
271.393
249.547
-654321
237.42
230.71
225.992
219.509
248.461
256.05
259.586
265.672
242.982
-654321
231.79
225.535
219.201
213.424
243.521
248.511
254.504
260.846
238.215
-654321
225.49
219.864
213.07
207.526
237.262
242.312
248.902
254.955
231.109
-654321
219.883
213.111
207.279
201.705
231.404
236.704
243.392
249.339
225.183
-654321
213.883
207.377
201.157
195.09
224.497
231.993
237.76
243.026
220.071
-654321
207.967
201.213
196.004
189.469
218.792
224.99
230.905
237.085
213.648
-654321
202.132
194.877
188.71
184.226
213.77
219.921
225.472
231.601
206.994
-654321
198.008
189.54
182.805
176.854
207.42
213.352
218.552
225.707
201.697
-654321
194.396
182.814
177.502
171.769
203.054
207.979
212.587
219.552
195.464
-654321
190.82
186.555
171.665
164.851
194.987
201.698
207.652
212.594
188.944
-654321
176.153
170.098
164.348
160.013
195.142
195.098
201.655
207.202
189.62
-654321
169.702
164.27
174.824
154.12
191.749
188.779
198.35
202.017
177.964
-654321
164.329
158.635
153.284
147.352
185.993
181.826
188.25
195.179
170.424
-654321
174.312
170.678
146.839
141.609
181.644
178.824
189.619
189.584
166.142
-654321
153.841
147.42
142.749
157.485
164.277
172.53
186.352
183.02
174.88
-654321
148.525
196.698
157.831
166.313
200.643
178.295
182.443
176.746
171.286
-654321
195.79
157.648
166.98
122.026
170.634
174.679
164.595
171.328
147.558
-654321
194.521
167.879
151.18
147.091
149.311
155.786
175.679
165.781
160.5
-654321
128.802
123.984
187.629
140.919
196.078
177.331
168.064
157.409
133.267
-654321
150.475
116.268
109.687
149.479
193.677
141.378
147.616
170.021
130.599
-654321
187.518
110.334
140.534
130.655
165.465
156.544
196.111
166.609
152.284
-654321
145.53
148.007
182.783
182.413
189.025
155.575
193.713
162.747
188.778
-654321
185.459
182.01
178.211
87.1755
160.171
146.943
191.184
158.369
108.767
-654321
134.857
92.5173
128.062
81.4074
141.765
188.225
189.171
167.512
184.293
-654321
130.53
127.749
76.6174
119.012
183.616
145.373
185.213
150.212
181.184
-654321
126.946
177.169
74.5141
173.161
182.513
151.462
138.943
186.696
132.19
-654321
179.855
79.8507
115.561
169.05
93.8935
184.503
183.677
111.47
177.988
-654321
130.158
115.753
171.161
106.262
124.938
178.748
181.171
138.211
175.209
-654321
171.399
167.206
170.503
99.8625
176.507
140.471
130.197
134.613
174.514
-654321
170.024
108.012
165.738
165.609
175.498
177.832
176.518
142.118
172.507
-654321
171.855
165.171
99.2526
95.5214
172.947
176.503
177.64
124.134
169.506
-654321
102.929
169.901
161.183
102.803
109.933
174.957
173.83
181.901
168.946
-654321
96.6347
38.1886
156.561
161.179
165.857
115.669
171.391
131.492
161.915
-654321
94.2162
159.855
27.8507
166.494
167.355
114.205
129.466
100.188
-654321
88.2336
157.5
167.407
163.868
107.6
109.868
162.689
-654321
90.8828
161.83
159.915
164.511
109.875
155.915
-654321
159.399
159.857
164.507
167.191
158.614
-654321
253.305
266.04
280.139
292.051
237.654
-654321
267.374
277.895
296.441
298.635
236.9
251.963
-654321
282.3
291.419
299.071
297.979
251.504
237.927
264.298
-654321
290.99
301.881
299.804
300.698
265.072
249.18
238.143
276.912
-654321
299.288
299.75
297.687
300.249
278.006
269.246
250.298
237.358
290.262
-654321
301.372
300.603
300.694
296.08
291.123
282.09
265.453
252.1
298.722
-654321
301.875
299.416
296.07
291.015
298.831
291.3
280.071
267.127
302
-654321
301.773
294.224
289.631
285.977
301.448
297.365
292.144
276.849
298.448
-654321
295
290.546
286.039
280.9
301.614
302.003
298.079
291.188
299.533
-654321
291.08
286.618
280.351
275.692
297.087
299.058
300.154
298.962
296.232
-654321
287.418
280.981
275.524
269.734
295.05
297.109
299.979
304.238
290.559
-654321
280.522
275.376
269.035
263.447
293.397
293.938
300.74
299.577
285.298
-654321
275.924
268.65
263.493
257.692
286.273
291.44
296.437
297.766
280.964
-654321
268.424
263.472
257.266
251.383
281.454
284.93
288.502
296.104
274.848
-654321
262.141
257.432
251.323
245.615
275.746
280.029
286.913
291.574
268.278
-654321
257.467
251.684
245.037
239.288
269.293
270.946
279.686
286.311
262.831
-654321
251.352
244.985
238.891
234.03
263.165
268.741
275.068
279.336
257.243
-654321
243.935
239.208
233.654
227.832
257.26
263.136
267.627
274.377
252.08
-654321
239.87
232.759
227.439
220.916
250.996
258.324
262.657
268.6
244.267
-654321
232.689
228.396
221.183
215.981
243.989
250.94
258.377
263.258
238.899
-654321
227.069
220.2
214.959
209.159
238.058
244.385
252.1
257.166
233.423
-654321
222.094
214.412
207.723
204.593
234.608
238.688
244.736
251.832
227.358
-654321
214.38
207.631
203.048
197.733
227.315
231.829
240.257
245.119
220.247
-654321
208.709
202.936
196.944
190.875
214.676
227.28
232.739
239.356
215.298
-654321
204.39
196.138
196.048
187.21
215.688
220.103
219.505
234.327
209.716
-654321
196.767
191.543
185.637
187.434
209.28
215.108
220.753
226.535
202.111
-654321
196.4
185.207
180.499
183.146
201.635
209.29
216.845
222.029
198.616
-654321
190.772
178.791
184.312
178.796
197.667
204.156
206.146
215.358
191.031
-654321
187.896
183.66
165.918
175.652
189.936
200.587
203.488
209.793
190.5
-654321
172.179
179.867
187.942
171.883
209.3
191.557
198.276
202.606
187.164
-654321
203.466
159.5
170.682
148.57
180.447
184.493
191.902
197
174.78
-654321
187.792
170.277
148.35
166.094
186.776
190.661
185.07
195.601
203.255
-654321
172.609
147.441
165.273
194.046
206.59
204.313
187.813
184.756
173.619
-654321
149.477
162.274
172.489
192.967
174.404
168.669
180.209
178.242
171.203
-654321
195.767
170.404
168.313
191.081
173.91
202.911
178.293
183.3
169.85
-654321
193.121
157.558
157.932
188.562
198.733
184.837
174.258
167.968
143.314
-654321
153.357
164.6
147.193
142.976
167.472
200.131
152.747
172.553
194.045
-654321
153.153
188.735
183.965
183.583
196.125
143.053
199.084
171.212
190.891
-654321
191.519
156.366
184.735
139.123
191.346
157.248
195.346
167.3
167.09
-654321
187.894
188.914
102.43
130.953
151.478
191.768
173.35
159.517
186.308
-654321
141.04
183.429
180.039
178.044
115.587
165.529
195.869
158.117
187.177
-654321
143.983
142.053
126.517
136.367
187.612
147.885
165.059
155.671
181.504
-654321
179.874
180.125
176.401
173.356
185.781
112.372
185.274
187.963
177.217
-654321
178.041
123.304
175.431
118.427
182.733
185.788
186.274
148.338
180.053
-654321
129.217
120.368
167.217
169.902
180.401
180.655
184.274
186.733
125.571
-654321
120.716
128.129
166.587
165.963
124.551
177.963
183.787
151.088
176.733
-654321
173.781
168.31
165.963
175.346
140.825
132.368
182.735
176.126
-654321
167.963
172.216
181.009
178.133
181.519
177.963
177.612
-654321
107.646
174.821
169.217
175.12
125.34
171.429
-654321
109.917
174.821
179.612
174.654
164.93
-654321
252.782
268.106
279.139
295.528
238.105
-654321
268.086
279.925
294.06
298.796
238.092
251.194
-654321
277.845
290.321
313.175
312.699
249.435
236.965
266.639
-654321
291.115
306.481
314.216
316.614
262.68
249.658
237.003
283.014
-654321
309.297
315.179
317.469
317.932
280.95
265.906
250.08
236.72
300.013
-654321
315.658
321.211
319.45
317.731
292.649
277.162
267.348
252.054
298.328
-654321
314.96
319.417
320.008
314.994
307.448
297.231
277.443
266.202
314.517
-654321
318.18
319.658
315.356
312.573
314.881
305.091
296.223
279.04
318.016
-654321
319.21
315.775
312.079
306.843
317.7
313.019
306.823
292.426
319.057
-654321
316.46
311.845
308.82
301.579
319.122
318.619
314.644
305.686
316.717
-654321
312.542
306.255
302.449
295.927
318.769
317.296
316.055
315.405
315.481
-654321
308.152
303.205
296.359
292.796
314.036
316.745
319.557
316.755
312.275
-654321
302.798
297.339
292.317
286.621
314.759
312.879
319.574
319.451
308.872
-654321
297.406
292.332
285.731
279.063
309.304
309.979
314.379
319.816
300.132
-654321
289.656
286.101
279.048
274.896
299.362
307.707
305.758
314.358
297.145
-654321
285.993
281.173
274.661
268.702
293.645
300.706
307.799
309.654
291.92
-654321
280.786
273.198
267.744
263.094
292.227
293.728
303.711
303.403
284.8
-654321
274.464
268.365
262.726
256.925
286.528
291.432
297.457
303.513
280.13
-654321
269.265
262.579
256.004
251.628
279.631
286.866
292.295
295.077
273.746
-654321
263.071
256.037
250.324
243.422
274.214
279.636
286.271
291.863
268.836
-654321
256.179
249.721
243.801
237.82
267.251
272.923
280.534
282.823
261.778
-654321
250.655
244.808
239.313
221.636
242.486
267.215
272.764
280.437
255.945
-654321
243.599
238.318
223.893
226.134
239.045
261.239
268.747
274.172
249.166
-654321
238.736
231.016
225.151
219.764
234.886
256.745
262.823
267.878
242.677
-654321
222.76
226.798
219.874
212.864
243.609
250.756
258.196
261.321
238.964
-654321
226.608
220.297
213.648
207.408
236.805
230.016
234.045
256.818
233.312
-654321
219.795
214.172
206.223
202.106
231.745
237.776
244.525
249.907
218.861
-654321
211.491
208.096
200.01
199.047
227.062
231.973
238.461
242.74
215.803
-654321
205.725
202.107
196.341
192.166
214.201
226.299
231.125
238.556
213.447
-654321
204.037
198.697
193.001
183.434
213.63
214.815
223.928
233.133
218.139
-654321
210.237
189.82
186.915
177.455
208.728
214.139
214.31
226.927
203.023
-654321
195.926
192.204
200.61
173.04
202.081
208.02
210.859
221.675
198.625
-654321
184.858
184.907
184.825
203.097
197.005
200.771
206.547
214.19
189.007
-654321
177.634
186.281
194.589
201.621
212.487
197.565
202.762
206.398
206.542
-654321
182.4
176.806
174.394
199.793
191.438
212.49
197.758
202.523
186.26
-654321
193.649
188.259
183.567
146.431
185.18
209.331
206.175
200.581
184.487
-654321
173.879
201.699
166.592
197.186
205.516
183.611
192.135
206.059
166.59
-654321
155.565
198.654
194.403
194.131
204.722
196.022
207.881
187.329
174.862
-654321
150.95
196.834
158.402
155.097
203.867
205.064
194.838
201.962
185.47
-654321
166.101
155.612
194.908
189.448
173.592
201.796
167.323
171.937
179.677
-654321
196.8
191.1
189.327
188.492
199.318
196.311
204.562
179.088
195.796
-654321
190.857
184.217
191.606
143.77
196.139
176.784
199.793
201.1
192.401
-654321
152.244
149.526
184.404
144.626
194.484
202.69
166.739
203.084
186.914
-654321
186.751
180.914
148.783
185.487
166.874
223.612
165.181
146.78
191.184
-654321
141.357
185.515
223.612
223.612
223.612
191.966
195.878
196.492
189.879
-654321
184.144
188.69
182.564
139.915
187.1
191.406
188.311
188.914
223.612
-654321
179.706
183.602
176.404
157.646
188.492
184.217
195.951
106.518
-654321
182.571
177.441
192.047
187.185
187.796
190.013
223.612
-654321
181.951
183.181
185.878
189.951
152.596
144.263
-654321
178.053
183.533
141.857
187.515
178.951
-654321
249.071
264.575
279.999
294.824
237.04
-654321
263.901
278.861
296.396
306.822
236.283
251.876
-654321
282.301
291.665
307.522
324.839
252.806
236.058
263.58
-654321
294.311
314.141
314.936
330.469
270.337
253.457
237.725
282.716
-654321
307.505
320.251
320.94
329.789
282.238
264.877
252.208
239.012
294.856
-654321
321.25
324.889
327.82
337.79
290.965
277.474
265.585
253.674
312.499
-654321
333.665
331.539
331.266
335.865
311.287
296.235
281.591
264.384
321.516
-654321
335.639
332.913
333.196
334.556
319.623
309.491
296.291
279.644
333.201
-654321
335.959
336.296
333.527
329.235
326.432
321.943
306.959
295.486
331.29
-654321
333.838
331.117
331.424
328.018
335.171
330.937
319.77
306.275
335.342
-654321
331.147
332.886
329.311
321.286
334.832
329.072
327.949
317.219
336.309
-654321
328.168
329.524
321.508
318.768
336.839
336.658
334.138
326.089
336.129
-654321
328.443
323.03
320.483
311.813
335.953
333.003
334.896
332.032
329.428
-654321
322.528
318.073
311.293
308.122
326.954
335.719
337.15
336.251
329.205
-654321
314.546
313.596
309.058
302.281
327.748
334.038
333.274
336.581
324.873
-654321
313.182
305.974
301.513
297.547
322.793
327.851
330.269
333.746
318.6
-654321
306.261
299.465
296.859
291.571
317.84
319.675
330.604
329.562
313.079
-654321
302.635
296.1
290.966
285.188
313.946
316.609
319.556
328.793
306.656
-654321
296.889
290.791
284.938
279.419
308.622
313.475
320.109
323.25
302.601
-654321
291.505
284.456
278.91
272.732
303.741
308.65
313.604
318.77
297.284
-654321
285.921
279.631
273.042
267.213
296.007
302.279
307.141
311.89
291.043
-654321
279.59
273.166
267.37
261.479
290.588
296.595
303.295
307.059
285.406
-654321
269.309
266.762
261.745
238.558
286.227
291.101
297.096
303.097
279.16
-654321
263.505
260.572
255.399
248.885
280.588
285.93
262.693
296.85
273.366
-654321
260.749
255.204
250.507
243.222
273.143
278.928
258.285
291.521
245.826
-654321
254.116
250.46
241.818
236.264
266.841
250.053
278.942
285.919
261.916
-654321
250.897
244.178
238.541
231.488
241.819
267.373
272.892
278.94
255.862
-654321
243.404
238.102
222.705
225.669
256.953
263.411
245.977
250.212
249.537
-654321
237.901
230.299
226.583
219.972
248.078
254.331
262.564
245.696
230.097
-654321
232.073
226.919
215.977
213.153
241.92
235.83
238.718
260.981
227.03
-654321
218.169
215.503
214.069
207.988
226.236
243.314
245.674
257.225
230.44
-654321
226.306
219.286
206.804
203.18
223.488
228.708
230.503
234.152
226.013
-654321
212.406
205.695
200.617
193.998
218.651
221.61
237.443
243.674
225.655
-654321
210.094
216.375
209.849
194.676
224.24
215.685
221.954
237.776
224.384
-654321
215.897
214.978
195.081
201.98
210.188
213.434
224.277
223.107
217.97
-654321
217.366
213.168
194.392
176.974
218.708
220.392
214.195
222.278
203.406
-654321
194.846
189.731
204.689
205.782
214.047
204.621
210.114
222.961
196.165
-654321
208.816
200.331
190.345
202.853
215.712
217.395
216.489
211.145
216.666
-654321
187.332
207.83
177.688
200.722
210.483
192.707
217.054
209.613
207.37
-654321
181.039
190.833
204.056
172.742
210.337
213.557
195.381
214.448
188.4
-654321
206.713
179.045
199.729
196.047
210.055
212.056
195.254
195.917
199.262
-654321
202.727
202.706
178.378
193.37
183.279
186.038
191.082
209.37
204.064
-654321
199.721
202.666
199.368
162.387
205.722
223.612
207.361
223.612
202.369
-654321
199.054
176.378
196.049
191.613
202.064
183.692
202.008
198.706
199.393
-654321
161.712
156.351
165.059
192.056
205.949
205.693
203.394
195.37
202.666
-654321
192.024
192.503
194.666
188.731
176.706
202.056
177.739
202.046
161.747
-654321
193.703
191.393
151.004
196.397
179.693
183.532
196.638
197.801
-654321
161.731
188.966
168.719
195.058
197.032
204.019
190.047
-654321
193.949
190.047
195.381
196.94
200.381
191.395
-654321
121.41
196.666
196.712
192.008
154.345
-654321
254.311
260.212
283.597
295.831
238.849
-654321
270.739
283.034
292.491
310.09
238.776
250.056
-654321
281.56
291.609
312.041
317.467
252.736
238.329
267.684
-654321
298.495
315.522
324.489
335.012
263.07
252.204
238.814
282.229
-654321
304.139
321.118
343.19
345.783
279.016
262.04
250.092
238.616
287.173
-654321
320.477
334.833
344.703
351.753
292.283
280.092
263.958
252.261
305.754
-654321
334.45
340.31
349.996
352.248
315.508
295.006
277.23
265.509
321.163
-654321
347.52
349.743
350.265
352.389
310.647
309.373
295.916
283.327
340.474
-654321
352.372
351.658
347.51
355.436
335.703
321.842
308.717
290.363
335.245
-654321
354.294
350.922
351.712
351.901
341.95
336.291
326.611
311.881
351.409
-654321
352.973
352.716
353.084
351.927
354.733
336.562
338.137
322.274
353.569
-654321
354.046
353.062
351.737
344.015
352.887
345.89
340.427
329.3
349.796
-654321
350.184
347.81
344.266
338.496
352.657
351.135
352.326
345.697
354.377
-654321
350.259
345.261
341.067
337.133
353.517
354.031
352.798
352.466
352.756
-654321
345.575
342.889
336.012
329.035
354.649
350.471
354.081
352.619
351.008
-654321
339.861
336.583
332.849
323.301
347.155
351.63
356.379
350.11
347.85
-654321
333.915
332.828
324.723
321.449
346.501
349.53
352.882
351.023
338.904
-654321
332.383
328.283
321.802
316.981
339.948
343.979
347.334
353.841
335.313
-654321
327.091
322.12
316.824
311.408
340.15
338.685
348.351
342.941
331.118
-654321
319.626
315.785
308.511
303.966
330.036
339.387
343.421
345.111
327.866
-654321
316.229
310.842
304.906
299.259
326.913
331.59
335.868
340.677
320.971
-654321
310.555
304.707
299.198
292.656
319.478
328.673
332.806
337.595
317.021
-654321
304.501
267.406
292.968
287.635
314.67
322.298
327.969
332.658
311.803
-654321
299.433
292.174
287.004
280.97
310.695
316.127
317.16
326.566
304.011
-654321
289.226
287.727
281.737
274.919
304.191
310.496
317.179
320.411
266.674
-654321
287.607
281.157
252.071
269.945
298.822
304.536
307.937
316.905
292.655
-654321
280.936
275.275
269.817
262.178
292.906
298.37
304.962
311.337
288.159
-654321
275.225
247.745
262.873
256.165
287.4
263.774
297.393
305.284
256.23
-654321
268.072
262.384
256.15
235.329
281.915
287.173
263.378
298.515
275.214
-654321
243.183
257.618
252.698
243.778
275.597
279.504
259.306
292.851
269.349
-654321
233.037
235.109
245.019
226.26
270.385
253.389
241.071
259.841
263.9
-654321
250.319
246.31
226.046
224.285
263.131
248.367
239.933
255.242
240.154
-654321
232.157
239.513
226.148
219.534
239.161
242.959
248.516
251.68
232.524
-654321
227.293
232.169
227.026
221.178
234.702
257.831
244.571
269.235
243.49
-654321
221.865
220.515
219.415
212.384
228.867
253.932
238.833
244.15
238.825
-654321
226.064
218.119
216.728
206.51
227.336
244.123
235.937
239.553
234.723
-654321
221.774
219.642
215.643
205.211
224.26
227.871
230.31
238.237
217.228
-654321
213.77
217.086
216.914
198.138
223.612
226.295
227.146
232.154
223.612
-654321
206.783
200.282
199.395
216.052
212.874
221.503
222.985
240.445
220.31
-654321
213.844
215.155
214.067
210.31
209.553
216.236
223.086
223.92
215.844
-654321
216.325
213.514
210.498
207.7
219.184
219.934
216.584
218.019
216.864
-654321
209.419
204.019
206.772
193.213
216.612
219.514
225.95
223.612
210.585
-654321
186.458
189.386
197.166
207.457
223.612
223.612
207.924
221.705
223.612
-654321
207.393
208.085
206.325
202.144
208.896
212.467
215.691
206.783
209.622
-654321
206.914
178.685
204.398
197.217
211.186
213.293
212.467
216.51
223.612
-654321
205.036
178.979
200.246
199.312
211.282
210.888
208.585
216.698
204.467
-654321
189.353
151.931
197.638
202.585
210.974
207.217
209.429
193.755
-654321
202.059
200.695
205.39
207.76
209.122
210.607
188.699
-654321
200.067
200.467
201.217
194.739
205.844
200.914
-654321
200.904
189.347
181.494
206.869
198.825
-654321
247.971
266.241
284.618
290.144
239.142
-654321
267.264
279.653
287.449
314.328
237.549
254.5
-654321
283.088
291.455
314.7
323.788
250.143
237.402
266.241
-654321
289.726
303.618
322.358
330.536
265.679
253.444
239.114
282.234
-654321
306.424
313.871
340.814
348.557
278.867
267.158
253.241
236.423
295.538
-654321
322.926
337.463
355.636
353.16
294.781
276.043
267.411
251.05
309.525
-654321
335.929
352.063
351.291
364.831
308.462
289.248
273.36
263.682
325.956
-654321
352.594
364.416
364.48
363.367
319.802
306.136
300.362
283.869
334.844
-654321
352.27
360.323
368.921
370.568
337.145
325.687
305.313
296.794
351.679
-654321
357.579
371.623
371.865
366.656
343.847
328.267
321.924
309.978
362.857
-654321
371.098
365.955
370.246
364.02
354.353
350.401
336.163
324.238
366.375
-654321
374.262
370.682
372.482
369.207
367.038
358.927
344.809
339.693
360.965
-654321
369.766
370.029
370.693
363.083
369.187
363.154
358.969
351.308
371.874
-654321
371.137
370.522
365.021
362.528
369.316
371.288
358.401
363.164
365.132
-654321
366.66
368.153
365.27
358.126
374.023
369.64
368.239
361.997
369.337
-654321
366.954
361.612
358.599
349.531
369.361
369.705
371.23
366.465
365.733
-654321
362.582
361.181
355.147
344.732
367.574
371.364
374.347
367.835
360.881
-654321
359.375
352.316
346.535
343.932
363.795
364.938
371.356
369.689
359.77
-654321
354.056
348.155
343.75
337.237
363.815
367.874
371.235
369.614
359.135
-654321
349.547
337.893
335.979
332.617
358.028
360.907
363.496
365.605
356.322
-654321
342.653
340.266
329.036
327.261
357.263
354.427
360.197
364.656
349.549
-654321
337.312
333.42
326.376
321.003
349.166
356.048
355.208
362.906
344.225
-654321
329.073
328.425
321.99
316.879
343.246
350.354
355.049
355.799
339.579
-654321
321.023
319.882
312.76
310.506
340.081
345.586
348.794
354.435
332.826
-654321
320.917
316.477
309.949
270.63
324.612
337.171
343.926
347.222
326.701
-654321
315.323
310.761
303.84
298.361
328.331
332.16
334.214
343.257
321.609
-654321
311.056
304.041
267.34
292.663
321.302
306.027
332.785
337.217
315.966
-654321
271.319
298.019
292.472
287.404
316.286
322.102
327.437
334.058
310.033
-654321
297.236
262.943
259.204
280.663
274.411
316.037
282.201
328.032
303.746
-654321
292.568
285.675
281.588
250.958
271.405
275.425
277.777
321.728
278.265
-654321
287.617
243.808
250.119
270.387
299.197
271.031
274.837
299.966
292.962
-654321
255.233
275.998
268.941
244.845
264.962
298.223
304.556
310.446
286.685
-654321
274.21
238.495
243.388
243.177
270.7
264.635
248.211
301.944
281.955
-654321
245.999
236.448
255.762
230.473
255.66
258.313
290.875
297.687
239.749
-654321
244.057
256.58
234.689
228.506
273.461
243.299
243.112
292.761
237.885
-654321
251.904
235.461
233.137
227.928
245.859
262.807
257.08
261.375
254.574
-654321
231.107
231.69
228.271
229.335
238.489
238.02
274.783
279.404
256.565
-654321
232.324
228.551
228.299
232.937
251.821
242.193
239.427
249.201
236.233
-654321
225.317
225.84
226.281
231.664
240.828
233.324
253.189
246.586
234.579
-654321
225.565
223.756
221.063
220.332
229.399
231.303
239.316
244.055
223.002
-654321
223.687
229.064
223.612
219.336
233.086
231.475
223.612
256.993
223.849
-654321
221.84
212.704
214.775
215.988
225.999
241.057
232.015
234.124
224.478
-654321
223.612
217.593
217.821
214.051
230.275
224.458
233.439
223.612
225.638
-654321
222.344
216.32
212.283
211.328
219.752
226.267
223.612
223.612
223.612
-654321
218.639
223.612
199.365
216.267
223.612
220.724
223.612
226.237
223.612
-654321
211.752
211.77
212.579
223.612
223.612
219.84
220.239
230.306
216.844
-654321
223.612
209.777
204.12
218.299
218.315
222.77
220.809
213.299
-654321
210.452
223.612
209.002
204.11
219.272
222.141
209.214
-654321
207.328
215.454
197.141
215.324
222.569
210.345
-654321
223.612
210.283
209.002
223.612
223.612
-654321
244.012
250.506
267.255
269.211
232.239
-654321
250.095
255.288
265.566
274.08
233.643
233.08
-654321
253.324
269.209
270.348
282.028
242.51
231.991
252.685
-654321
266.664
277.448
297.716
297.488
251.39
242.663
234.155
259.229
-654321
283.819
293.881
300.735
303.317
259.151
250.337
240.057
232.478
266.937
-654321
290.422
297.63
303.548
313.935
271.456
263.826
248.724
244.755
288.066
-654321
293.786
305.71
323.527
322.097
273.72
269.226
263.052
249.949
288.933
-654321
309.369
320.186
318.078
323.539
292.141
270.788
268.086
263.303
305.399
-654321
309.55
323.412
325.004
329.845
293.918
291.399
282.714
273.455
305.997
-654321
322.853
323.64
333.341
329.157
297.396
303.139
283.22
271.192
321.657
-654321
326.369
329.794
330.532
330.775
312.102
308.089
297.662
288.647
330.527
-654321
326.732
330.973
333.257
333.48
319.279
310.149
307.597
296.56
326.399
-654321
328.393
328.337
330.597
331.659
325.224
319.551
315.57
342.686
327.441
-654321
331.063
331.263
327.767
326.773
326.729
321.126
323.05
314.613
331.385
-654321
331.774
328.368
328.337
327.996
330.596
331.464
325.779
324.829
330.197
-654321
331.231
326.798
325.1
322.619
332.604
332.319
353.907
324.915
329.903
-654321
328.285
326.796
321.866
321.75
331.841
329.309
331.591
330.809
326.104
-654321
326.751
324.941
322.939
318.986
327.673
330.306
331.823
329.696
330.502
-654321
324.066
322.427
316.913
315.818
327.518
332.076
332.446
327.356
326.639
-654321
321.31
317.599
315.589
311.375
326.134
327.336
328.936
329.134
321.971
-654321
318.319
314.758
310.922
307.646
325.868
327.301
329.232
327.935
319.753
-654321
315.93
310.268
306.439
304.016
319.641
326.184
326.23
329.667
318.961
-654321
312.446
308.24
304.524
300.273
317.719
327.195
323.031
327.67
314.85
-654321
308.684
304.004
300.056
296.307
313.4
317.425
319.636
321.821
311.964
-654321
304.492
300.329
296.847
293.389
310.32
315.2
316.508
322.085
305.65
-654321
300.578
296.004
293.12
289.381
303.287
312.394
314.776
318.066
305.027
-654321
297.322
293.339
288.847
285.148
303.46
302.534
308.776
315.593
300.643
-654321
293.056
289.017
285.097
281.061
301.18
305.098
305.869
309.78
295.862
-654321
288.893
284.681
280.832
253.701
296.438
300.194
303.944
308.707
293.721
-654321
284.744
281.631
277.395
272.548
291.726
296.846
300.584
302.016
288.076
-654321
280.751
278.241
274.576
269.079
289.121
293.607
295.587
300.424
284.855
-654321
276.721
273.749
269.087
265.031
285.273
288.965
292.678
296.134
255.578
-654321
273.604
269.372
266.574
261.945
281.067
285.423
288.179
291.821
277.624
-654321
269.291
265.942
246.751
256.925
278.022
279.743
285.844
288.531
252.918
-654321
264.965
261.64
257.262
242.524
273.008
254.204
281.562
285.318
250.389
-654321
246.588
257.727
252.582
249.461
251.253
252.08
276.934
281.446
265.849
-654321
242.361
242.316
240.563
239.279
247.669
250.376
253.922
277.326
246.455
-654321
254.434
240.849
235.914
243.331
262.103
265.472
269.986
273.149
244.034
-654321
240.813
247.191
232.556
235.099
256.439
246.817
248.091
250.877
241.746
-654321
239.42
240.033
233.408
234.282
242.677
256.346
247.046
265.423
241.173
-654321
233.333
234.861
230.798
232.127
239.094
243.279
245.753
246.728
240.591
-654321
233.755
232.404
227.981
228.828
237.686
250.468
253.059
258.132
237.755
-654321
231.649
231.544
228.506
223.89
234.334
237.637
240.378
251.94
234.465
-654321
229.603
227.752
222.56
223.437
234.035
237.936
239.392
240.366
230.118
-654321
227.314
229.173
226.892
215.857
231.069
233.431
237.169
234.938
233.509
-654321
225.695
223.852
223.022
219.244
230.749
235.407
234.642
235.631
227.812
-654321
224.966
221.45
220.131
228.945
223.612
230.992
235.721
223.923
-654321
223.612
222.17
218.138
228.226
232.853
235.407
224.223
-654321
223.612
220.56
225.969
230.183
228.698
216.608
-654321
222.796
226.291
227.091
227.514
221.477
-654321
