81.1369
77.4356
73.5765
69.6544
81.6188
-654321
77.6574
73.8367
69.7292
65.9914
84.4539
80.9126
-654321
74.0637
69.4777
65.6139
61.8984
80.8804
89.0089
77.7106
-654321
69.6608
65.9816
61.642
57.5893
77.6021
92.3784
82.0867
73.6975
-654321
65.5251
61.5557
57.8142
53.4782
73.7621
77.6489
81.3596
81.4238
69.6666
-654321
61.5354
57.5862
53.8289
49.5914
69.8966
73.7428
77.7252
81.5281
65.7654
-654321
58.1337
53.8381
49.8274
45.8163
65.6559
69.7598
73.7989
94.7538
61.5166
-654321
53.918
50.0655
45.6199
41.9479
62.0482
65.3869
70.27
73.6119
58.2236
-654321
49.5876
46.1091
41.9206
37.8981
57.8067
61.7889
65.8254
69.875
53.7383
-654321
46.1644
41.5054
38.3156
33.7506
53.9139
57.5077
61.9393
65.8282
50.0631
-654321
41.6124
37.6372
33.9421
29.2406
50.09
53.7934
58.0586
61.9723
45.8213
-654321
37.7202
33.3744
29.6102
26.0651
45.4182
49.8708
53.1816
58.0037
41.0595
-654321
34.3412
29.3705
26.0346
21.6693
42.6526
73.9276
49.6864
53.9101
37.9656
-654321
29.222
25.4791
22.2696
18.044
38.1369
41.2801
46.29
79.2072
33.9518
-654321
26.0109
21.7186
57.5823
13.357
56.0659
37.1205
41.2686
45.7204
29.2925
-654321
45.0783
18.482
13.9657
9.98972
29.1902
34.116
37.8591
41.7211
26.1978
-654321
17.1977
40.9999
10.1701
25.3129
29.9431
33.4395
37.8757
22.082
-654321
13.941
10.6182
22.1188
26.057
29.4547
34.2231
18.2315
-654321
9.85537
17.4925
44.9328
25.7002
29.9453
14.761
-654321
41.2008
18.8264
21.751
25.8604
9.98683
-654321
96.8829
98.9231
95.3717
89.6094
88.7734
-654321
99.2013
95.4924
90.0142
84.3584
90.5883
98.3694
-654321
96.0641
90.3304
84.8636
78.7169
98.768
89.7381
98.2587
-654321
90.7883
84.6239
78.6116
72.6946
99.2694
98.7675
89.4974
94.3351
-654321
84.6881
78.6404
72.8693
66.702
96.222
98.5291
98.1273
90.2057
90.3997
-654321
78.2893
72.5354
66.5115
60.9491
89.4961
95.1411
98.0918
99.2828
84.6187
-654321
72.9402
66.5892
60.6743
54.7381
85.255
89.9106
94.9047
99.8747
79.031
-654321
66.1148
60.312
54.9071
49.3834
78.5091
83.7856
89.4109
94.7418
72.7251
-654321
60.3464
54.8484
48.9594
42.4626
72.5624
78.954
84.3931
89.7198
66.7601
-654321
54.8061
48.6404
42.7247
36.4341
66.1668
72.5308
78.4163
84.5901
60.7763
-654321
48.1968
42.5466
36.5105
30.4578
59.9366
66.504
72.5279
78.7309
54.8526
-654321
42.5757
36.4379
30.5207
23.9332
55.0362
60.3752
66.0389
72.314
48.4621
-654321
37.0173
30.6724
23.8956
18.2902
48.708
54.1785
62.1233
66.9412
43.0978
-654321
30.2444
25.3072
18.252
12.7299
43.789
49.7537
53.8627
60.2818
37.5363
-654321
24.9942
18.7026
12.9408
6.89795
36.8867
42.8218
48.1739
54.4845
29.6713
-654321
31.8004
12.3178
7.36062
0.877161
29.739
37.2934
46.9572
48.1031
24.1503
-654321
11.6901
23.5807
0
23.9283
51.7561
37.0637
42.2201
17.7679
-654321
6.29695
0.938456
18.7749
23.2953
30.4145
36.4208
13.5603
-654321
0.734207
12.8304
32.224
23.7808
31.424
7.48034
-654321
23.1367
12.1118
18.3694
24.3421
0.168932
-654321
104.81
116.518
117.326
115.97
90.2929
-654321
114.193
117.836
117.525
111.986
89.1966
104.548
-654321
116.676
116.371
113.042
108.101
105.264
89.6535
114.533
-654321
117.207
113.72
108.194
103.234
113.498
103.2
90.3084
118.282
-654321
114.326
108.665
103.746
97.294
118.506
114.487
103.57
89.8687
118.06
-654321
108.992
102.701
97.6776
91.3617
116.617
118.395
114.124
105.157
113.062
-654321
102.677
97.0558
91.5421
85.3532
112.478
117.995
117.491
115.413
109.045
-654321
97.5623
91.5144
85.1421
79.1207
107.266
111.566
118.148
118.139
101.965
-654321
91.2331
85.7285
79.6773
73.093
103.232
108.725
114.387
116.418
97.6044
-654321
85.4562
79.234
73.2449
67.7716
96.8419
101.964
107.819
112.646
90.6765
-654321
78.8593
73.3652
67.0516
61.1985
91.3486
97.3147
102.572
108.42
84.7774
-654321
72.9092
67.3511
60.6157
55.0923
85.1969
90.6614
97.4488
101.588
79.0343
-654321
67.0349
60.759
56.2763
50.2974
78.2069
85.4269
91.1286
96.8921
72.9261
-654321
61.5853
55.4298
48.2822
44.0317
73.5279
78.9039
83.6559
90.9164
66.9479
-654321
55.506
48.9603
43.409
37.6506
65.6971
72.2057
79.1897
84.6038
60.2504
-654321
48.9107
43.3673
37.9471
30.7428
60.9327
66.1311
74.381
79.04
53.0527
-654321
41.9106
37.1189
31.2358
54.229
61.5482
67.3596
73.5045
50.255
-654321
37.0889
30.9287
48.9772
55.9404
62.1584
66.4241
43.6812
-654321
39.1521
42.7382
49.9153
55.4876
60.5254
43.8853
-654321
56.9361
43.2236
48.9244
55.1343
31.8701
-654321
109.071
114.523
123.642
135.348
89.4831
-654321
116.225
126.227
132.625
136.012
90.3525
102.363
-654321
129.828
130.711
134.225
132.822
103.533
91.1573
115.348
-654321
131.656
135.314
135.916
129.151
116.339
103.55
89.1502
135.874
-654321
135.719
133.031
127.226
125.309
130.898
119.248
105.022
90.0679
133.811
-654321
132.959
129.471
124.99
118.269
135.788
127.608
118.457
104.001
133.612
-654321
131.025
124.04
118.766
114.268
135.671
135.335
128.566
121.128
132.646
-654321
124.517
118.654
114.624
107.775
133.456
134.656
134.316
128.874
128.315
-654321
120.122
113.77
108.468
102.891
129.047
132.355
133.382
135.194
124.501
-654321
113.115
107.373
102.793
95.6723
124.108
129.68
133.736
137.808
116.418
-654321
108.011
102.236
95.8415
90.5991
120.029
124.58
129.914
130.522
113.421
-654321
102.375
95.3325
89.6213
83.0207
113.315
119.269
123.934
130.12
108.518
-654321
95.5786
90.7136
84.7618
78.0494
107.258
113.17
119.752
123.652
101.985
-654321
89.9702
84.5629
78.0267
72.6314
100.686
109.066
112.219
118.929
95.177
-654321
84.4223
77.5442
72.543
65.6632
96.3282
100.836
107.261
114.068
90.1599
-654321
70.825
72.1287
65.5174
59.1809
90.6946
94.9697
101.745
107.68
85.2686
-654321
72.952
66.6705
58.9907
83.803
90.4653
95.9665
101.622
76.2658
-654321
66.0272
60.4412
79.3051
84.3048
78.0367
95.3871
71.3687
-654321
61.1642
72.1864
79.0965
84.3947
89.9498
65.4441
-654321
65.7672
70.5614
77.9587
84.9289
58.7935
-654321
105.678
120.098
132.421
142.082
89.2152
-654321
121.147
134.373
140.58
148.479
88.6642
100.307
-654321
129.704
144.462
144.603
153.166
102.116
89.8846
120.751
-654321
143.506
153.91
148.548
152.488
115.98
103.925
89.5144
127.747
-654321
152.712
154.946
154.369
151.258
138.174
115.158
105.183
89.1555
149.993
-654321
153.549
152.148
149.362
145.098
145.548
133.801
115.95
103.696
147.206
-654321
154.315
151.513
147.184
143.683
148.338
145.517
132.309
119.853
154.181
-654321
153.947
145.668
144.14
137.802
152.728
150.74
146.726
129.491
153.697
-654321
149.872
143.945
135.593
132.844
158.132
152.617
150.078
146.53
150.274
-654321
143.334
139.199
132.495
126.154
151.806
152.463
151.59
155.01
150.813
-654321
138.546
133.707
128.129
120.664
147.82
148.72
155.64
154.325
142.437
-654321
131.894
128.453
122.107
115.201
142.071
148.874
149.496
155.319
138.253
-654321
127.257
121.776
115.468
109.905
140.046
141.725
150.442
152.159
134.357
-654321
122.414
115.668
110.568
105.342
132.812
136.405
145.229
148.886
126.796
-654321
115.522
109.374
103.634
97.5925
128.817
129.29
138.518
143.742
121.318
-654321
110.219
103.123
97.9239
91.7607
122.197
127.279
133.837
139.597
115.207
-654321
103.623
97.6396
91.6061
116.966
120.421
126.653
134.193
109.54
-654321
97.7308
90.8496
110.155
115.315
121.425
128.148
104.758
-654321
91.8831
103.203
109.595
115.338
120.841
97.9023
-654321
97.2487
88.1372
108.509
114.941
91.6849
-654321
104.103
118.733
136.729
149.241
90.461
-654321
117.142
132.634
139.228
155.358
88.0198
103.758
-654321
129.281
139.917
162.592
172.544
104.494
88.4773
119.106
-654321
147.479
159.346
164.492
164.708
112.651
103.275
88.8367
127.512
-654321
160.037
163.796
169.032
174.077
131.645
116.352
104.856
91.1991
147.602
-654321
163.044
172.292
171.284
170.368
152.473
131.057
113.907
104.255
154.051
-654321
169.166
173.755
169.63
167.296
159.721
145.845
130.207
116.911
163.896
-654321
169.723
171.445
171.738
165.602
168.283
153.112
146.731
130.875
169.053
-654321
167.905
170.532
164.375
161.375
165.673
166.762
163.461
142.333
172.662
-654321
164.251
162.704
158.563
153.923
172.966
165.278
162.035
164.095
172.529
-654321
165.623
159.881
155.047
150.241
167.838
172.935
167.505
173.827
168.518
-654321
161.802
155.04
150.878
145.13
168.483
167.784
168.126
168.681
164.908
-654321
152.791
150.742
144.535
138.393
161.738
171.355
168.522
168.058
154.671
-654321
150.669
145.994
138.257
131.138
155.031
165.909
167.632
171.912
156.604
-654321
145.012
138.94
132.518
126.323
156.2
162.06
161.247
164.767
147.513
-654321
138.202
132.917
126.551
120.401
150.846
154.339
148.002
166.816
139.86
-654321
133.787
127.391
119.452
141.836
145.643
137.537
160.408
138.605
-654321
128.893
120.675
138.617
144.936
150.535
152.637
107.886
-654321
120.989
132.47
140.048
143.237
146.917
126.904
-654321
125.302
133.273
138.557
143.973
119.912
-654321
104.534
117.028
133.576
149.644
92.3281
-654321
125.176
126.338
130.835
164.663
90.5196
102.154
-654321
123.822
149.642
170.766
167.614
103.771
87.1855
115.693
-654321
151.139
171.844
159.594
180.422
107.546
100.081
90.8078
129.316
-654321
166.944
184.807
180.789
185.887
134.972
121.1
106.558
91.2202
138.331
-654321
176.654
183.522
187.372
183.273
144.895
134.309
118.652
105.132
156.677
-654321
175.936
194.723
194.886
189.397
162.066
150.641
131.293
120.159
174.262
-654321
187.676
176.317
187.027
190.224
177.231
153.92
147.082
129.353
179.932
-654321
190.079
186.944
185.882
181.294
178.051
169.555
157.252
140.732
186.521
-654321
188.805
185.94
184.592
179.615
187.642
187.97
176.808
161.564
189
-654321
191.011
181.805
180.48
174.111
185.536
187.373
179.852
174.756
188.248
-654321
180.386
180.73
176.84
169.115
182.45
189.072
182.624
179.632
186.078
-654321
179.32
176.215
169.592
164.436
182.924
182.174
187.591
185.583
187.047
-654321
170.494
170.964
165.604
161.385
181.877
185.027
190.114
181.95
182.008
-654321
167.535
167.509
160.6
153.491
175.882
185.799
190.248
185.401
177.898
-654321
166.343
160.33
155.203
148.965
177.131
179.684
186.877
186.872
169.012
-654321
160.03
154.444
149.577
162.702
177.273
175.253
186.96
166.762
-654321
148.853
147.096
163.294
173.51
137.619
179.861
161.636
-654321
150.508
155.618
165.943
132.717
177.897
150.99
-654321
155.639
155.936
165.192
172.363
150.62
-654321
101.113
113.85
120.209
140.217
92.3442
-654321
120.737
141.325
143.107
169.177
91.8784
101.94
-654321
132.589
124.805
164.595
182.925
106.598
90.9495
127.418
-654321
157.175
140.628
154.051
183.692
118.612
107.059
88.5109
135.309
-654321
149.075
161.802
174.27
198.27
133.135
119.694
104.764
91.0242
153.175
-654321
184.44
196.559
209.269
206.534
147.673
127.398
116.374
107.023
158.652
-654321
187.767
195.634
203.201
206.66
168.563
143.233
133.401
115.425
180.204
-654321
198.182
204.305
210.904
204.664
174.296
156.917
139.207
131.621
190.285
-654321
206.616
209.436
206.521
205.875
189.802
168.92
161.102
152.957
196.741
-654321
205.038
206.896
208.126
202.79
196.464
191.086
176.001
162.837
194.843
-654321
201.223
206.187
203.582
202.142
198.893
194.167
181.257
177.704
206.912
-654321
208.082
201.608
198.902
199.806
201.616
200.666
193.961
180.02
208.056
-654321
204.597
201.851
194.803
186.76
201.84
200.278
208.282
193.648
202.532
-654321
203.426
198.558
196.831
187.749
200.537
205.979
207.564
209.179
204.261
-654321
196.152
193.996
186.645
185.242
202.249
207.353
203.603
205.941
205.999
-654321
190.965
191.591
182.452
176.39
207.87
204.145
201.735
205.089
197.811
-654321
191.599
186.257
180.75
200.236
197.729
207.741
202.804
195.437
-654321
185.72
180.895
188.317
200.377
199.712
195.212
188.333
-654321
176.094
191.901
196.368
201.459
203.764
181.051
-654321
175.56
193.259
194.596
197.052
180.933
-654321
104.315
122.297
128.386
141.297
93.1888
-654321
114.143
130.675
131.202
165.234
89.2496
108.083
-654321
141.074
118.473
175.873
170.057
109.163
86.6087
123.782
-654321
142.863
161.48
180.412
192.896
117.577
104.962
90.7195
138.569
-654321
158.983
155.795
194.316
181.085
136.139
122.153
101.754
89.9826
135.407
-654321
162.145
191.767
189.008
223.36
143.709
128.786
119.991
94.2187
162.442
-654321
177.767
194.154
202.321
213.709
152.961
143.067
132.271
120.494
183.247
-654321
196.302
198.938
219.694
218.456
178.289
166.75
149.419
135.343
177.516
-654321
208.617
209.906
218.817
226.323
183.33
182.718
156.757
150.118
202.263
-654321
209.068
210.503
222.475
226.529
198.565
192.799
174.091
167.183
213.351
-654321
221.048
228.785
229.478
222.824
215.898
197.918
189.286
176.92
221.336
-654321
226.765
219.885
225.703
222.356
212.082
196.928
203.598
181.572
223.455
-654321
224.861
223.496
216.536
215.668
214.484
214.346
217.384
198.083
224.12
-654321
222.86
220.935
220.027
212.771
223.963
222.283
215.786
213.03
223.815
-654321
208.338
219.975
216.283
207.927
222.233
221.76
221.608
211.466
225.574
-654321
213.533
215.314
207.645
205.009
225.239
228.143
229.088
225.512
217.075
-654321
211.906
209.384
204.69
220.322
225.234
223.063
219.862
222.438
-654321
209.162
206.183
213.166
212.048
230.508
223.4
210.304
-654321
205.639
215.151
223.703
214.037
219.772
214.136
-654321
207.368
217.939
217.521
218.755
208.333
-654321
96.6434
102.684
122.753
123.48
81.0159
-654321
111.7
116.02
120.295
132.006
86.8999
85.4438
-654321
121.678
124.508
103.704
127.647
96.7747
84.844
102.583
-654321
120.827
132.111
135.683
147.41
90.4271
101.496
88.171
115.357
-654321
131.656
153.732
123.737
155.813
114.056
114.353
94.3751
83.1743
125.16
-654321
138.774
134.077
166.466
168.766
114.321
110.704
104.264
109.765
128.972
-654321
156.743
167.266
172.526
177.442
131.621
125.658
119.492
107.848
161.965
-654321
157.5
172.195
177.137
169.663
148.121
130.958
124.085
105.189
151.338
-654321
166.474
168.478
185.894
178.457
152.001
139.897
132.08
121.66
162.092
-654321
172.282
180.727
179.751
184.013
168.193
155.657
144.657
129.181
168.714
-654321
179.905
172.607
186.226
180.53
164.108
158.466
146.663
143.107
180.518
-654321
178.595
185.122
184.006
181.198
169.129
167.599
161.468
148.571
179.287
-654321
184.137
187.704
184.047
182.299
172.003
182.711
171.132
162.13
179.649
-654321
177.704
183.734
182.178
180.151
179.427
171.669
179.42
167.292
186.093
-654321
180.039
178.744
181.601
179.874
179.321
184.101
174.239
175.67
180.825
-654321
182.606
183.582
178.626
177.187
183.613
184.049
181.703
178.451
180.571
-654321
179.648
180.422
175.662
183.849
181.908
187.684
177.051
183.732
-654321
177.302
171.962
185.979
185.492
202.867
176.257
183.576
-654321
176.169
181.501
185.922
184.054
184.19
175.834
-654321
178.123
182.341
181.423
181.478
178.798
-654321
