140.911
137.416
133.492
129.637
141.386
-654321
137.798
133.872
129.726
125.718
146.475
141.05
-654321
133.938
129.62
125.708
121.872
141.181
148.674
137.798
-654321
129.769
125.662
121.615
117.535
137.613
152.291
141.745
133.697
-654321
137.013
121.591
117.519
113.623
133.682
137.557
141.284
141.303
129.434
-654321
121.498
117.635
113.854
109.693
129.606
133.624
137.861
141.332
125.662
-654321
117.808
113.9
109.72
105.79
125.75
129.745
133.792
172.839
121.799
-654321
113.663
109.883
105.426
101.892
121.978
125.529
129.743
133.594
117.791
-654321
109.803
105.629
102.017
97.5677
117.837
121.689
125.715
129.77
113.944
-654321
105.494
101.926
97.8985
93.9038
113.963
117.198
121.526
125.91
109.555
-654321
101.573
97.3775
93.9214
89.7688
109.656
113.544
117.77
121.701
105.594
-654321
97.8715
93.4243
89.8574
85.5747
105.782
109.97
113.54
117.752
127.204
-654321
93.5994
89.5169
86.299
81.6996
101.4
106.2
109.53
113.623
96.9435
-654321
89.3645
85.4454
81.7543
78.0962
97.644
101.464
105.69
109.762
93.6341
-654321
86.9879
81.8376
77.5891
73.9039
93.6958
97.2877
101.889
105.717
90.3771
-654321
80.903
78.5416
73.5692
69.8325
89.8427
93.9754
97.8353
102.199
85.8475
-654321
77.1365
73.126
70.1792
74.2404
85.9264
109.2
93.6514
97.686
81.8335
-654321
74.3164
69.6468
65.4197
61.9535
82.2118
85.4663
90.4394
93.8015
77.7683
-654321
70.5093
65.2278
62.0928
57.7127
77.2944
105.069
85.5106
90.043
73.7952
-654321
65.5388
61.6663
57.7423
52.9618
73.0895
78.4468
81.8959
103.322
69.2318
-654321
94.8041
57.2266
52.8974
49.7263
98.8314
73.7723
103.542
81.3536
66.4902
-654321
57.3045
91.7092
88.6002
87.4178
65.1794
68.8669
74.0827
77.2306
94.4016
-654321
53.7704
88.6169
87.2706
40.2849
100.443
97.2412
99.0474
74.21
57.5063
-654321
49.8155
86.7839
85.4557
38.1865
92.7788
94.5507
66.0194
69.9146
54.8766
-654321
45.9389
40.7702
77.3396
33.5374
54.5898
56.8178
93.5599
65.4264
88.1221
-654321
85.6924
38.4421
81.3232
80.3609
89.0502
90.9121
92.7641
61.7604
87.8753
-654321
37.1602
32.9368
78.9067
44.8686
49.4583
91.0555
58.1443
42.1124
-654321
33.221
30.1993
85.3478
87.6214
88.8562
54.141
38.0117
-654321
79.7555
82.7683
84.6254
45.3932
49.2014
81.222
-654321
81.3148
38.9883
86.3175
45.3551
79.2943
-654321
157.795
158.434
155.802
149.844
148.604
-654321
158.776
155.483
149.983
144.387
149.983
157.784
-654321
155.342
150.385
144.712
138.626
158.361
149.858
158.326
-654321
150.824
144.679
138.621
132.582
159.484
158.589
149.498
155.872
-654321
144.556
138.654
132.702
126.785
155.512
158.309
158.432
150.674
150.078
-654321
138.137
132.793
126.593
120.94
149.593
155.106
157.239
158.741
144.505
-654321
132.554
126.389
120.672
114.119
144.603
149.872
155.248
159.488
138.813
-654321
126.222
120.405
114.849
108.992
138.483
144.009
149.479
155.186
132.41
-654321
120.446
114.592
108.976
102.291
132.392
138.877
144.772
150.144
126.961
-654321
114.977
109.05
102.532
96.6042
126.429
132.614
138.252
144.523
121.013
-654321
107.985
102.522
96.3926
90.1961
120.699
126.533
132.271
138.457
114.967
-654321
102.717
96.6959
90.8911
83.9945
114.544
120.946
126.436
132.604
108.422
-654321
96.4855
90.018
84.3689
78.5887
108.232
115.035
120.867
126.712
102.621
-654321
91.9201
85.2757
78.4022
72.3081
102.907
108.369
114.117
120.555
95.9877
-654321
84.5378
78.3542
72.1548
66.9256
97.183
102.496
108.568
114.083
90.1504
-654321
78.7836
72.8379
67.146
61.3285
90.5532
96.6482
102.7
107.915
85.061
-654321
71.8867
65.7933
60.4355
54.2871
84.5679
90.8891
95.9767
102.418
78.0619
-654321
66.8293
60.1031
55.1916
48.722
91.9348
84.7976
89.5783
96.9378
73.1815
-654321
59.3283
55.242
47.9285
41.9971
87.9977
77.3366
84.8721
90.14
66.0095
-654321
53.4883
83.8253
42.7972
36.2582
66.1806
73.4403
79.0166
84.3887
80.0703
-654321
47.8011
42.5004
35.9832
30.4987
58.5982
94.1553
87.4216
78.534
75.1789
-654321
78.6209
62.5537
29.6776
24.1066
54.2712
60.6837
66.9341
72.3591
49.9094
-654321
62.5854
100.798
24.0769
18.8304
83.8466
75.6028
61.4579
66.3474
42.7194
-654321
59.3716
55.583
19.111
12.7381
43.4221
71.4818
55.5822
60.6025
100.611
-654321
23.5341
52.8356
59.3561
54.0954
36.2119
41.5649
47.6549
55.2317
59.1732
-654321
50.2489
13.2569
45.3173
91.3741
30.6038
65.0336
78.6008
70.9457
57.1247
-654321
94.4778
92.0192
39.2402
23.7162
71.6882
35.6018
41.8778
18.3427
-654321
43.8455
0
50.1619
24.406
30.3123
36.5935
10.301
-654321
39.8174
48.6225
97.098
65.7373
29.9653
43.7705
-654321
53.97
46.1942
96.1672
24.9823
39.4968
-654321
164.174
172.808
177.732
176.044
150.422
-654321
173.254
178.214
177.735
173.117
149.552
164.505
-654321
175.882
176.177
173.007
168.311
164.968
150.1
175.856
-654321
177.118
173.957
168.526
162.886
173.773
163.686
150.362
178.802
-654321
173.517
168.158
163.105
157.485
178.193
174.034
164.995
150.175
177.55
-654321
168.387
163.053
157.327
151.241
177.125
179.69
174.795
163.256
173.719
-654321
163.004
156.57
151.552
145.313
173.377
175.775
176.618
175.145
167.647
-654321
157.35
151.213
145.124
139.237
166.947
172.509
177.951
177.213
162.997
-654321
151.352
145.82
139.41
133.413
162.83
168.681
174.975
176.253
157.655
-654321
145.423
139.713
133.377
127.647
156.765
162.802
169.242
171.658
150.907
-654321
139.006
133.632
127.27
120.653
151.196
157.901
161.955
168.321
145.685
-654321
132.962
126.969
121.267
114.92
145.413
151.149
157.242
162.412
139.029
-654321
127.233
120.977
115.297
108.948
138.774
145.058
151.413
157.095
132.313
-654321
121.096
116.16
109.226
103.74
132.778
139
144.891
150.989
127.269
-654321
115.405
108.288
103.41
97.5403
127.267
132.636
138.04
144.885
120.398
-654321
108.744
107.691
97.819
90.6744
121.018
126.238
134.204
138.908
114.81
-654321
103.616
97.1628
89.4649
84.4658
114.552
120.592
126.811
133.231
109.693
-654321
95.8935
90.2386
85.2558
79.8067
108.128
116.105
119.978
126.645
102.777
-654321
91.6139
84.7812
77.9537
72.5553
102.719
109.157
113.613
120.688
98.23
-654321
84.0961
79.1216
72.3115
69.0391
103.095
107.981
108.311
114.727
99.7663
-654321
79.9902
72.5406
67.1543
59.8084
91.3495
96.5429
101.959
109.163
84.81
-654321
71.1039
67.3824
60.8126
56.537
118.151
100.156
97.2988
102.911
92.3142
-654321
84.7454
79.3492
75.7605
71.0319
77.2499
94.285
91.2623
97.502
71.3469
-654321
60.0266
55.3042
106.492
43.5877
72.0123
103.817
95.6105
90.6383
66.9221
-654321
76.0844
106.106
42.3749
63.7698
67.5142
72.2373
91.1464
84.3618
60.9868
-654321
71.7391
68.0733
38.7376
100.325
110.384
83.1759
85.8061
78.3901
74.3833
-654321
43.3309
62.9844
60.1332
75.1
92.876
65.9027
71.7566
47.0665
-654321
38.1185
60.1556
51.4267
74.7483
80.0675
67.1006
43.8082
-654321
59.1712
43.2042
71.2375
54.876
80.3573
75.1508
-654321
36.8459
69.2091
52.019
54.0475
60.2647
-654321
164.862
175.159
184.014
195.346
149.646
-654321
180.274
186.261
192.037
197.276
150.648
165.672
-654321
187.213
194.5
194.295
194.477
163.305
150.825
175.985
-654321
192.48
196.288
193.856
188.332
175.055
163.416
149.766
189.465
-654321
195.12
192.761
186.762
184.415
189.625
176.525
163.623
149.794
194.151
-654321
193.184
188.191
184.812
179.374
195.504
189.437
175.682
165.303
193.692
-654321
191.104
184.739
179.364
173.831
195.436
193.9
190.603
178.889
193.14
-654321
183.778
179.357
174.437
168.396
192.089
195.783
193.841
187.099
187.477
-654321
178.453
173.195
168.692
162.24
188.997
192.506
193.434
192.855
183.556
-654321
173.627
168.169
162.616
156.139
183.646
187.046
194.542
196.094
178.934
-654321
168.156
161.87
156.054
150.145
178.872
182.866
188.131
192.89
173.524
-654321
161.655
155.582
150.022
144.792
174.077
179.632
183.845
187.656
167.575
-654321
156.13
150.02
143.699
137.206
168.235
173.381
179.021
184.366
161.767
-654321
149.515
143.304
138.169
133.011
160.467
168.687
172.825
178.27
155.269
-654321
144.902
137.646
131.522
125.113
156.243
159.943
166.309
173.128
150.258
-654321
138.331
130.542
125.061
119.369
139.013
155.62
161.864
168.01
144.622
-654321
131.186
124.923
120.038
114.397
143.822
149.521
155.262
161.461
136.981
-654321
126.71
119.616
113.975
109.234
137.289
142.908
148.589
155.159
132.849
-654321
119.974
114.986
108.45
101.18
132.529
137.545
143.652
148.8
126.279
-654321
115.263
108.836
101.779
95.7309
127.532
131.248
137.244
143.263
119.167
-654321
111.121
101.709
95.1776
90.3541
118.648
122.532
132.169
138.979
114.647
-654321
101.429
96.6992
97.5866
82.1248
114.392
120.215
122.396
131.435
108.724
-654321
103.941
87.7635
85.1012
92.016
122.472
111.96
118.564
126.245
105.096
-654321
99.6876
84.3158
91.4011
86.3362
104.483
110.868
112.281
119.902
95.0059
-654321
94.5331
77.5561
71.6732
65.5365
101.876
107.872
106.852
115.007
99.2235
-654321
78.4026
72.4897
82.9875
58.6462
90.7469
95.2203
102.034
106.446
92.6516
-654321
86.5663
66.73
60.1871
84.3057
91.2522
95.1357
100.641
93.973
-654321
83.2675
59.6281
78.5355
94.4714
90.9414
95.7589
73.233
-654321
61.5065
70.0744
103.945
118.708
98.2372
83.7527
-654321
63.5831
86.0026
78.8813
85.4173
109.583
-654321
165.101
181.931
189.513
203.132
150.059
-654321
180.301
192.574
206.522
211.906
149.683
163.356
-654321
193.189
203.234
206.659
209.504
161.957
149.406
178.282
-654321
207.281
211.717
213.648
210.849
179.023
162.861
150.053
187.986
-654321
208.066
211.326
212.33
211.93
192.657
177.208
162.075
149.153
205.317
-654321
214.4
213.411
213.151
207.286
206.655
195.337
177.445
164.627
215.68
-654321
213.664
209.568
207.744
203.096
209.077
204.203
194.76
179.847
211.39
-654321
212.314
207.683
202.462
198.143
212.959
213.125
204.557
191.986
213.91
-654321
209.167
203.909
198.478
192.796
212.161
210.503
211.09
203.901
211.843
-654321
202.944
199.04
192.381
186.865
212.81
213.543
214.527
211.707
208.182
-654321
199.78
193.376
187.786
181.321
208.136
208.366
213.79
217.821
202.775
-654321
192.683
187.113
182.417
176.02
204.611
207.992
212.057
210.558
198.435
-654321
187.326
181.457
175.326
170.337
199.068
202.203
207.692
211.069
193.858
-654321
181.652
174.598
169.76
164.603
194.018
196.853
204.219
206.832
187.842
-654321
175.483
169.686
164.205
158.026
188.382
193.489
198.535
204.335
180.947
-654321
169.677
164.636
157.584
151.891
181.56
186.468
191.744
198.735
176.148
-654321
163.494
158.153
151.498
146.847
174.835
179.595
187.855
192.944
171.039
-654321
157.903
151.053
145.847
140.364
169.045
174.876
181.747
187.098
164.397
-654321
150.967
145.008
140.515
133.423
164.446
170.467
175.182
181.392
158.088
-654321
144.375
139.767
133.598
128.467
155.907
147.261
169.279
176.424
138.987
-654321
139.27
132.799
123.822
121.502
139.992
156.097
164.517
169.4
144.226
-654321
132.846
128.059
119.587
116.193
147.042
152.421
158.573
164.192
140.378
-654321
125.514
121.377
116.258
109.509
140.426
145.132
149.567
156.494
140.921
-654321
122.019
114.636
112.33
107.133
129.12
140.93
145.808
151.688
127.514
-654321
115.298
108.638
125.43
104.016
129.182
126.469
131.806
146.605
119.207
-654321
112.412
103.806
96.1549
100.183
119.697
126.296
134.533
138.202
115.715
-654321
106.049
98.8942
100.752
115.51
120.809
132.07
134.808
125.961
-654321
99.6597
98.6802
127.48
115.125
120.288
127.2
125.056
-654321
98.112
104.036
113.169
117.878
119.877
104.597
-654321
96.8147
104.146
128.407
114.08
91.4445
-654321
161.654
174.209
191.57
204.008
148.911
-654321
180.016
192.517
206.847
217.295
149.586
162.41
-654321
191.167
202.681
223.1
220.568
160.152
148.48
175.643
-654321
208.558
215.208
229.164
231.273
174.292
165.663
150.999
186.63
-654321
215.596
226.544
227.776
229.201
193.846
175.905
165.175
149.964
208.613
-654321
226.704
231.882
230.666
232.407
208.189
188.421
174.019
166.847
216.969
-654321
230.108
234.649
228.688
228.351
222.951
204.222
190.261
177.645
222.508
-654321
232.691
231.09
230.624
223.801
224.509
219.359
205.998
191.918
225.282
-654321
230.517
229.059
224.723
218.813
233.002
221.228
214.367
203.643
232.114
-654321
226.002
226.47
219.765
213.945
224.879
229.515
226.57
217.51
231.55
-654321
224.94
218.538
214.687
210.259
228.713
232.78
228.702
231.909
226.642
-654321
218.855
215.06
208.592
203.563
229.137
230.36
231.349
231.183
224.274
-654321
215.833
208.003
204.67
199.193
227.175
224.438
230.603
228.238
218.377
-654321
210.983
204.794
197.599
192.338
218.701
226.833
222.609
229.003
214.543
-654321
204.977
198.695
192.381
186.757
217.548
220.982
223.399
228.966
209.107
-654321
198.592
193.135
187.539
181.368
210.219
214.762
210.355
222.43
203
-654321
192.194
185.515
180.68
173.979
203.37
208.086
216.118
217.662
197.709
-654321
186.699
179.88
175.3
168.557
199.305
204.726
209.963
214.214
192.241
-654321
181.824
174.343
168.455
162.1
192.101
198.605
203.663
204.245
186.009
-654321
175.493
168.726
162.734
157.033
186.398
192.706
199.804
203.776
180.654
-654321
169.611
162.49
142.661
139.665
179.698
184.398
167.179
196.687
173.4
-654321
164.27
157.619
152.219
143.662
174.167
179.272
163.666
193.567
170.652
-654321
142.648
149.635
133.809
139.715
150.602
175.298
158.903
185.873
162.52
-654321
151.406
146.071
139.636
131.468
161.775
168.516
155.531
180.159
156.642
-654321
144.594
137.975
132.304
123.705
156.393
160.828
169.439
174.138
149.636
-654321
138.007
126.166
128.669
119.698
150.134
157.193
162.569
168.625
144.983
-654321
126.269
122.869
118.64
147.849
150.996
157.914
161.113
131.077
-654321
125.346
121.177
132.172
136.492
140.08
142.39
126.544
-654321
119.026
130.574
140.386
143.354
151.12
132.83
-654321
125.102
127.343
138.314
144.875
131.571
-654321
166.504
177.986
189.059
206.421
151.179
-654321
173.315
188.965
201.442
219.839
149.394
163.882
-654321
191.454
214.782
218.357
228.808
163.151
152.872
178.752
-654321
211.079
218.683
235.632
237.36
176.69
162.349
149.353
187.469
-654321
220.785
242.885
234.68
244.258
189.693
175.365
162.614
149.605
203.201
-654321
229.584
235.696
247.884
243.641
202.216
191.447
175.536
165.554
220.335
-654321
239.215
247.712
244.246
251.556
219.83
206.93
192.351
182.735
235.653
-654321
245.801
248.559
245.348
248.23
232.46
220.518
201.132
195.221
246.977
-654321
247.896
250.757
244.178
242.85
244.824
238.876
218.435
203.972
242.094
-654321
249.962
242.863
243.19
238.682
250.46
243.04
232.652
223.426
248.935
-654321
246.118
244.262
241.853
234.676
247.211
247.35
245.01
229.256
250.52
-654321
244.257
237.645
236.873
229.226
246.88
248.867
248.018
244.411
245.713
-654321
238.48
238.41
231.737
226.677
240.647
247.057
245.267
240.985
242.434
-654321
233.83
227.194
225.758
220.104
241.656
243.103
248.924
247.326
242.24
-654321
228.514
227.312
221.074
213.853
238.233
242.328
246.721
247.15
237.053
-654321
223.266
219.052
214.469
209.062
238.107
242.313
241.957
247.147
232.091
-654321
219.024
215.769
209.296
203.562
230.597
237.626
243.428
242.232
226.319
-654321
214.158
206.531
203.619
197.687
224.119
228.17
235.981
241.241
220.971
-654321
209.742
203.959
197.321
192.037
222.203
225.928
230.036
238.327
215.786
-654321
174.116
198.297
191.704
186.565
213.715
219.779
226.725
229.404
209.68
-654321
199.121
189.293
184.354
178.89
209.243
214.11
220.422
221.842
204.206
-654321
188.065
185.704
179.097
173.617
204.404
208.98
216.071
220.625
197.904
-654321
181.771
180.639
174.919
150.914
198.04
204.026
208.427
215.875
192.461
-654321
180.782
173.19
150.957
161.081
192.357
171.023
174.306
207.637
185.814
-654321
175.887
166.99
162.646
142.539
184.925
166.079
171.553
203.93
178.76
-654321
151.925
147.058
156.718
149.062
179.877
185.555
166.934
197.567
166.169
-654321
162.928
141.747
149.697
154.965
158.522
186.335
192.761
151.379
-654321
155.593
150.897
150.282
173.617
160.11
185.979
145.649
-654321
139.268
147.448
167.077
171.443
179.524
142.736
-654321
141.771
163.312
149.93
173.172
150.248
-654321
169.297
168.711
205.346
213.568
150.468
-654321
169.258
173.802
201.032
222.034
152.033
163.412
-654321
191.233
201.201
225.054
223.185
164.564
150.107
181.814
-654321
220.992
230.801
245.514
248.836
173.401
163.886
144.792
200.851
-654321
211.903
226.596
252.873
254.405
192.38
178.563
163.533
149.538
212.623
-654321
219.943
251.414
251.717
264.621
207.761
187.404
174.884
163.09
217.747
-654321
249.399
259.85
253.227
259.012
226.552
204.882
192.296
176.781
250.809
-654321
256.647
262.448
263.868
267.512
240.469
210.134
211.142
194.764
239.344
-654321
266.91
268.512
268.874
259.592
241.324
236.076
226.969
210.176
260.716
-654321
271.227
268.545
265.617
265.978
259.117
250.949
234.68
219.175
261.255
-654321
265.418
262.757
267.667
260.928
262.304
250.955
238.251
227.294
265.734
-654321
264.736
263.524
261.298
261.23
260.315
263.386
253.641
246.847
264.554
-654321
262.834
263.032
258.072
252.436
263.155
267.451
259.341
250.265
268.338
-654321
263.054
257.573
254.182
249.373
266.834
268.262
264.029
260.48
264.879
-654321
261.544
255.71
249.286
243.26
262.797
265.8
267.578
261.695
259.921
-654321
253.142
249.619
245.608
237.367
262.491
266.653
268.985
266.858
258.215
-654321
243.788
246.701
240.256
228.261
255.884
259.192
264.063
270.327
252.665
-654321
239.871
241.288
234.232
229.324
256.722
257.708
259.835
266.55
250.218
-654321
239.312
234.772
229.021
224.25
234.363
251.942
254.133
260.452
242.428
-654321
234.601
228.965
222.094
217.532
243.563
249.115
255.501
262.723
239.97
-654321
229.072
187.447
216.47
211.095
240.146
242.376
249.551
249.096
234.544
-654321
222.752
217.036
211.366
205.295
234.185
240.624
243.979
247.051
214.437
-654321
217.173
210.854
205.109
172.547
217.704
234.635
230.434
241.848
222.174
-654321
210.811
205.832
199.126
192.587
215.619
192.658
211.408
240.788
216.879
-654321
204.935
201.222
168.547
187.298
217.275
219.107
191.374
234.006
180.101
-654321
196.074
169.456
187.277
181.635
209.997
216.853
222.193
228.21
174.458
-654321
194.207
187.954
181.111
175.877
209.109
218.112
186.905
171.632
-654321
163.509
180.616
199.934
204.865
211.633
216.089
193.784
-654321
181.738
193.825
171.745
205.237
179.77
163.551
-654321
188.152
167.55
172.839
197.891
181.853
-654321
162.197
171.865
196.767
202.931
153.542
-654321
182.937
187.933
220.924
218.601
149.281
163.9
-654321
194.11
195.078
224.11
229.972
161.553
150.671
182.696
-654321
197.644
230.456
257.181
253.635
180.438
164.826
150.161
197.353
-654321
217.088
232.467
246.1
257.935
191.988
176.521
161.351
149.662
207.534
-654321
226.809
260.364
266.63
266.91
209.829
193.84
175.002
162.867
225.796
-654321
245.825
243.348
271.302
267.301
220.026
197.716
188.598
180.868
232.145
-654321
266.258
280.464
271.957
284.09
239.677
215.464
211.966
195.078
251.454
-654321
271.82
277.937
274.151
279.075
250.523
239.442
221.011
205.82
257.545
-654321
279.575
278.445
278.814
281.993
254.939
249.178
235.205
222.328
276.313
-654321
268.812
284.754
277.619
280.279
268.497
252.849
253.264
232.295
292.141
-654321
287.279
277.961
281.401
280.464
277.174
259.427
254.891
247.815
280.057
-654321
279.759
282.396
283.946
275.104
280.458
282.079
268.94
262.886
278.002
-654321
279.542
277.383
278.521
274.398
284.317
288.219
270.259
274.664
276.783
-654321
279.151
277.627
276.323
270.691
281.78
275.943
285.305
285.753
277.819
-654321
277.176
277.827
271.17
265.784
284.744
285.847
284.779
272.937
279.914
-654321
276.305
273.799
267.108
263.291
281.065
279.681
287.197
274.447
278.545
-654321
270.383
266.792
263.62
252.435
278.438
287.058
273.173
285.597
278.455
-654321
266.846
262.694
250.202
251.909
273.535
282.253
280.034
282.584
273.526
-654321
260.211
256.15
250.272
245.142
271.039
274.982
283.976
285.745
268.967
-654321
252.847
253.036
243.951
240.695
262.724
263.854
275.55
274.491
262.949
-654321
249.887
244.531
234.838
233.314
264.284
269.893
272.748
275.36
253.324
-654321
244.467
239.506
235.034
228.319
251.947
261.441
263.06
262.6
251.963
-654321
240.141
234.574
226.676
222.835
252.587
258.382
264.148
257.431
246.271
-654321
234.546
228.913
222.892
217.018
237.595
249.456
255.224
262.784
239.99
-654321
228.156
187.295
195.734
209.613
239.638
203.117
250.945
257.572
234.647
-654321
221.707
184.601
212.261
234.194
238.343
244.581
248.967
228.74
-654321
182.44
210.247
228.046
233.705
227.159
242.517
221.198
-654321
211.044
223.117
190.939
196.22
241.282
197.633
-654321
215.69
224.169
192.156
234.81
209.586
-654321
156.4
163.884
171.09
185.827
145.053
-654321
163.045
170.306
181.426
188.684
145.575
145.428
-654321
173.534
183.673
186.675
193.763
151.534
145.079
162.245
-654321
182.46
187.507
204.159
203.293
159.57
152.143
146.371
176.017
-654321
187.009
203.467
216.291
220.593
173.145
164.862
156.171
145.207
180.921
-654321
201.904
190.422
219.221
225.784
181.296
170.844
163.114
155.375
192.439
-654321
207.985
225.255
221.297
237.778
186.143
186.015
165.353
160.964
200.929
-654321
221.495
233.039
239.728
231.304
199.245
181.177
182.691
196.099
212.649
-654321
238.446
231.932
247.612
240.264
205.268
203.513
190.127
182.059
221.841
-654321
230.453
243.488
246.412
243.579
216.702
210.401
200.519
190.634
233.909
-654321
229.446
239.299
243.38
238.935
224.478
218.22
210.608
207.202
238.467
-654321
241.968
245.608
244.515
244.764
228.295
228.767
217.461
213.223
239.585
-654321
241.87
237.442
243.118
240.915
242.313
225.804
225.35
221.908
240.035
-654321
241.726
245.116
236.964
255.421
244.975
239.887
233.969
227.405
243.821
-654321
242.272
241.366
236.913
239.67
241.065
244.46
241.032
232.464
236.453
-654321
242.378
237.658
237.157
237.308
239.121
245.864
245.963
244.306
240.07
-654321
242.182
238.971
236.48
233.693
239.873
242.906
245.033
238.561
243.926
-654321
239.942
237.55
233.129
231.139
242.755
244.219
234.031
235.929
236.503
-654321
235.246
232.772
230.229
227.015
239.719
241.841
244.041
241.056
237.549
-654321
234.646
231.359
225.192
224.355
240.813
237.007
245.328
239.495
234.313
-654321
231.547
228.341
223.741
220.439
237.723
248.639
239.854
243.547
235.283
-654321
228.128
224.133
221.178
216.78
234.405
238.868
240.229
241.405
231.913
-654321
224.869
220.814
215.835
212.963
231.728
233.02
230.448
234.959
227.242
-654321
219.598
217.069
212.129
209.853
222.387
230.588
234.773
235.81
225.201
-654321
217.245
213.382
209.194
205.527
222.719
227.297
228.726
233.857
215.741
-654321
212.317
209.344
204.987
201.846
217.88
225.415
222.854
228.8
217.267
-654321
206.187
204.765
201.53
213.432
220.012
223.305
225.2
212.777
-654321
204.998
199.027
210.858
216.959
219.813
223.868
208.837
-654321
201.309
208.492
212.135
216.579
214.144
204.449
-654321
205.888
208.927
209.658
216.422
200.929
-654321
