0.965655 1
0.0343446 21
-123456
0.963261 2
0.0367394 22
-123456
0.955326 3
0.0446735 23
-123456
0.956145 4
0.0438546 24
-123456
0.961045 0
0.0389548 20
-123456
-654321
0.952894 2
0.0471063 22
-123456
0.963109 3
0.0368906 23
-123456
0.946301 4
0.0536993 24
-123456
0.961347 5
0.0386534 25
-123456
0.955836 0
0.0436383 20
0.000525762 80
-123456
0.959339 1
0.0406607 21
-123456
-654321
0.961481 3
0.0385185 23
-123456
0.958589 4
0.041411 24
-123456
0.95814 5
0.0418605 25
-123456
0.974212 6
0.025788 26
-123456
0.956268 1
0.0437318 21
-123456
0.962174 0
0.0372936 20
0.000532765 80
-123456
0.96395 2
0.0360502 22
-123456
-654321
0.963934 4
0.0360656 24
-123456
0.958333 5
0.0416667 25
-123456
0.959016 6
0.0409836 26
-123456
0.957118 7
0.0428816 27
-123456
0.962264 2
0.0377358 22
-123456
0.957382 1
0.0410959 21
0.00152207 101
-123456
0.957603 0
0.0423968 20
-123456
0.957025 3
0.0429752 23
-123456
-654321
0.954003 5
0.0459966 25
-123456
0.951264 6
0.0487365 26
-123456
0.949212 7
0.0507881 27
-123456
0.960784 8
0.0392157 28
-123456
0.977391 3
0.0226087 23
-123456
0.971831 2
0.028169 22
-123456
0.948812 1
0.0511883 21
-123456
0.955165 0
0.0448354 20
-123456
0.955056 4
0.0449438 24
-123456
-654321
0.97235 6
0.0276498 26
-123456
0.946835 7
0.0531646 27
-123456
0.962353 8
0.0376471 28
-123456
0.969388 9
0.0306122 29
-123456
0.95933 4
0.0406699 24
-123456
0.948905 3
0.0510949 23
-123456
0.974478 2
0.025522 22
-123456
0.970477 1
0.0295231 21
-123456
0.964194 5
0.0358056 25
-123456
-654321
0.95977 7
0.0402299 27
-123456
0.956647 8
0.0433526 28
-123456
0.973333 9
0.0266667 29
-123456
0.937143 10
0.0628571 30
-123456
0.956962 5
0.043038 25
-123456
0.953125 4
0.046875 24
-123456
0.936288 3
0.0637119 23
-123456
0.96313 2
0.0359712 22
0.000899281 102
-123456
0.977961 6
0.0220386 26
-123456
-654321
0.96679 8
0.0332103 28
-123456
0.978495 9
0.0215054 29
-123456
0.960265 10
0.0397351 30
-123456
0.952381 11
0.047619 31
-123456
0.977049 6
0.0229508 26
-123456
0.946309 5
0.0536913 25
-123456
0.94898 4
0.0510204 24
-123456
0.969663 3
0.0303371 23
-123456
0.967626 7
0.0323741 27
-123456
-654321
0.95279 9
0.0472103 29
-123456
0.980469 10
0.0195312 30
-123456
0.964912 11
0.0350877 31
-123456
0.948819 12
0.0511811 32
-123456
0.943775 7
0.0562249 27
-123456
0.977359 6
0.0226415 26
-123456
0.948276 5
0.0517241 25
-123456
0.953247 4
0.0467532 24
-123456
0.947581 8
0.0524194 28
-123456
-654321
0.956522 10
0.0434783 30
-123456
0.984694 11
0.0153061 31
-123456
0.979381 12
0.0206186 32
-123456
0.961165 13
0.038835 33
-123456
0.95288 8
0.0471204 28
-123456
0.943662 7
0.056338 27
-123456
0.949239 6
0.0507614 26
-123456
0.980333 5
0.0196672 25
-123456
0.981982 9
0.018018 29
-123456
-654321
0.956044 11
0.043956 31
-123456
0.949686 12
0.0503145 32
-123456
0.954023 13
0.045977 33
-123456
0.975758 14
0.0242424 34
-123456
0.967391 9
0.0326087 29
-123456
0.961111 8
0.0388889 28
-123456
0.986577 7
0.0134228 27
-123456
0.960208 6
0.0397924 26
-123456
0.980769 10
0.0192308 30
-123456
-654321
0.97351 12
0.0264901 32
-123456
0.988439 13
0.0115607 33
-123456
0.945578 14
0.0544218 34
-123456
0.985915 15
0.0140845 35
-123456
0.964286 10
0.0357143 30
-123456
0.960938 9
0.0390625 29
-123456
0.958333 8
0.0416667 28
-123456
0.955556 7
0.0444444 27
-123456
0.992593 11
0.00740741 31
-123456
-654321
0.990654 13
0.00934579 33
-123456
0.975207 14
0.0247934 34
-123456
0.974359 15
0.025641 35
-123456
0.954128 16
0.0458716 36
-123456
0.953704 11
0.0462963 31
-123456
0.970588 10
0.0220588 30
0.00735294 110
-123456
0.963964 9
0.036036 29
-123456
0.955381 8
0.0446194 28
-123456
0.97561 12
0.0243902 32
-123456
-654321
0.957983 14
0.0420168 34
-123456
0.971698 15
0.0283019 35
-123456
0.987805 16
0.0121951 36
-123456
0.942857 17
0.0571429 37
-123456
0.964706 12
0.0352941 32
-123456
0.967391 11
0.0326087 31
-123456
0.973684 10
0.0263158 30
-123456
0.950464 9
0.0464396 29
0.00309598 109
-123456
0.956522 13
0.0434783 33
-123456
-654321
0.960526 15
0.0394737 35
-123456
0.911392 16
0.0886076 36
-123456
0.987805 17
0.0121951 97
-123456
0.945652 18
0.0543478 38
-123456
0.95 13
0.0375 33
0.0125 113
-123456
0.954545 12
0.0454545 32
-123456
0.97619 11
0.0238095 31
-123456
0.966912 10
0.0330882 30
-123456
0.961039 14
0.038961 34
-123456
-654321
1 16
-123456
0.974026 17
0.025974 37
-123456
0.971429 18
0.0285714 38
-123456
0.911765 19
0.0882353 39
-123456
0.985507 14
0.0144928 34
-123456
0.985507 13
0.0144928 33
-123456
0.986667 12
0.0133333 32
-123456
0.943965 11
0.0560345 31
-123456
0.970149 15
0.0298507 35
-123456
-654321
0.918033 17
0.0819672 37
-123456
1 18
-123456
0.964286 19
0.0357143 39
-123456
0.981818 15
0.0181818 35
-123456
0.869565 14
0.130435 34
-123456
0.952381 13
0.047619 33
-123456
0.955975 12
0.0440252 32
-123456
0.962264 16
0.0377358 36
-123456
-654321
0.959184 18
0.0408163 38
-123456
0.966667 19
0.0333333 39
-123456
0.96875 16
0.03125 36
-123456
0.966667 15
0.0333333 35
-123456
0.888889 14
0.111111 34
-123456
0.985507 13
0.0144928 33
-123456
0.941176 17
0.0588235 37
-123456
-654321
0.980392 19
0.0196078 39
-123456
0.946429 17
0.0535714 37
-123456
1 16
-123456
0.959184 15
0.0408163 35
-123456
0.965517 14
0.0344828 34
-123456
0.983871 18
0.016129 38
-123456
-654321
1 18
-123456
0.958333 17
0.0416667 37
-123456
0.980769 16
0.0192308 36
-123456
0.968421 15
0.0315789 35
-123456
0.933333 19
0.0666667 39
-123456
-654321
0.0909091 1
0.824916 21
0.0841751 41
-123456
0.0723589 2
0.843705 22
0.0839363 42
-123456
0.084375 3
0.8125 23
0.103125 43
-123456
0.0521173 4
0.859935 24
0.0879479 44
-123456
0.0648968 0
0.817109 20
0.117994 40
-123456
-654321
0.0884861 2
0.799574 22
0.11194 42
-123456
0.0905077 3
0.803532 23
0.10596 43
-123456
0.095672 4
0.799544 24
0.104784 44
-123456
0.0835322 5
0.811456 25
0.105012 45
-123456
0.0773196 0
0.824742 20
0.0979381 40
-123456
0.0952381 1
0.781385 21
0.123377 41
-123456
-654321
0.0813397 3
0.827751 23
0.0909091 43
-123456
0.093199 4
0.826196 24
0.0806045 44
-123456
0.0852535 5
0.81106 25
0.103687 45
-123456
0.0904762 6
0.816667 26
0.0928571 46
-123456
0.0881971 1
0.797665 21
0.114137 41
-123456
0.086758 0
0.789954 20
0.123288 40
-123456
0.110184 2
0.777963 22
0.111853 42
-123456
-654321
0.0826772 4
0.850394 24
0.0669291 44
-123456
0.06 5
0.852 25
0.088 45
-123456
0.0769231 6
0.835664 26
0.0874126 46
-123456
0.142292 7
0.802372 27
0.055336 47
-123456
0.0734463 2
0.861582 22
0.0649718 42
-123456
0.0814815 1
0.809877 21
0.108642 41
-123456
0.0704225 0
0.873239 20
0.056338 40
-123456
0.0827068 3
0.827068 23
0.0902256 43
-123456
-654321
0.0809717 5
0.825911 25
0.0931174 45
-123456
0.0675676 6
0.828829 26
0.103604 46
-123456
0.0788382 7
0.854772 27
0.06639 47
-123456
0.100457 8
0.767123 28
0.13242 48
-123456
0.088968 3
0.850534 23
0.0604982 43
-123456
0.101149 2
0.813793 22
0.0850575 42
-123456
0.0863309 1
0.814748 21
0.0989209 41
-123456
0.0779221 0
0.839827 20
0.0822511 40
-123456
0.109649 4
0.776316 24
0.114035 44
-123456
-654321
0.0886699 6
0.827586 26
0.0837438 46
-123456
0.103825 7
0.797814 27
0.0983607 47
-123456
0.0862944 8
0.827411 28
0.0862944 48
-123456
0.0837989 9
0.793296 29
0.122905 49
-123456
0.0954774 4
0.778894 24
0.125628 44
-123456
0.101852 3
0.805556 23
0.0925926 43
-123456
0.0821429 2
0.835714 22
0.0821429 42
-123456
0.0907441 1
0.794918 21
0.114338 41
-123456
0.0703518 5
0.864322 25
0.0653266 45
-123456
-654321
0.0773481 7
0.845304 27
0.0773481 47
-123456
0.0815217 8
0.831522 28
0.0869565 48
-123456
0.0648649 9
0.832432 29
0.102703 49
-123456
0.0942029 10
0.818841 30
0.0869565 50
-123456
0.115108 5
0.81295 25
0.0719424 45
-123456
0.129412 4
0.776471 24
0.0941176 44
-123456
0.166667 3
0.729167 23
0.104167 43
-123456
0.0843137 2
0.823529 22
0.0921569 42
-123456
0.0945946 6
0.817568 26
0.0878378 46
-123456
-654321
0.0915033 8
0.823529 28
0.0849673 48
-123456
0.0743243 9
0.831081 29
0.0945946 49
-123456
0.0827068 10
0.864662 30
0.0526316 50
-123456
0.080292 11
0.854015 31
0.0656934 51
-123456
0.0935252 6
0.856115 26
0.0503597 46
-123456
0.106667 5
0.8 25
0.0933333 45
-123456
0.116129 4
0.819355 24
0.0645161 44
-123456
0.0841683 3
0.819639 23
0.0961924 43
-123456
0.0820896 7
0.791045 27
0.126866 47
-123456
-654321
0.0980392 9
0.852941 29
0.0490196 49
-123456
0.0841122 10
0.850467 30
0.0654206 50
-123456
0.0776699 11
0.84466 31
0.0776699 51
-123456
0.121739 12
0.791304 32
0.0869565 52
-123456
0.0887097 7
0.83871 27
0.0725806 47
-123456
0.12037 6
0.824074 26
0.0555556 46
-123456
0.0948276 5
0.793103 25
0.112069 45
-123456
0.0862069 4
0.842365 24
0.0714286 44
-123456
0.102041 8
0.806122 28
0.0918367 48
-123456
-654321
0.106796 10
0.786408 30
0.106796 50
-123456
0.113402 11
0.793814 31
0.0927835 51
-123456
0.0857143 12
0.790476 32
0.12381 52
-123456
0.0776699 13
0.825243 33
0.0970874 53
-123456
0.111111 8
0.828283 28
0.0606061 48
-123456
0.0212766 7
0.904255 27
0.0744681 47
-123456
0.150943 6
0.811321 26
0.0377358 46
-123456
0.083612 5
0.802676 25
0.113712 45
-123456
0.133333 9
0.822222 29
0.0444444 49
-123456
-654321
0.115385 11
0.794872 31
0.0897436 51
-123456
0.05 12
0.85 32
0.1 52
-123456
0.0869565 13
0.826087 33
0.0869565 53
-123456
0.114943 14
0.804598 34
0.0804598 54
-123456
0.0666667 9
0.844444 29
0.0888889 49
-123456
0.12 8
0.8 28
0.08 48
-123456
0.0740741 7
0.82716 27
0.0987654 47
-123456
0.100592 6
0.822485 26
0.0769231 46
-123456
0.0724638 10
0.869565 30
0.057971 50
-123456
-654321
0.144737 12
0.789474 32
0.0657895 52
-123456
0.0333333 13
0.916667 33
0.05 53
-123456
0.0491803 14
0.803279 34
0.147541 54
-123456
0.157143 15
0.714286 35
0.128571 55
-123456
0.0535714 10
0.857143 30
0.0892857 50
-123456
0.0877193 9
0.859649 29
0.0526316 49
-123456
0.0987654 8
0.888889 28
0.0123457 48
-123456
0.0794979 7
0.841004 27
0.0794979 47
-123456
0.084507 11
0.84507 31
0.0704225 51
-123456
-654321
0.12069 13
0.775862 33
0.103448 53
-123456
0.0677966 14
0.813559 34
0.118644 54
-123456
0.135593 15
0.830508 35
0.0338983 55
-123456
0.1 16
0.833333 36
0.0666667 56
-123456
0.0806452 11
0.83871 31
0.0806452 51
-123456
0.09375 10
0.859375 30
0.046875 50
-123456
0.0327869 9
0.934426 29
0.0327869 49
-123456
0.115152 8
0.787879 28
0.0969697 48
-123456
0.0833333 12
0.847222 32
0.0694444 52
-123456
-654321
0.26 14
0.66 34
0.08 54
-123456
0.150943 15
0.773585 35
0.0754717 55
-123456
0.0192308 16
0.865385 36
0.115385 56
-123456
0.0847458 17
0.830508 37
0.0847458 57
-123456
0.0784314 12
0.823529 32
0.0980392 52
-123456
0.111111 11
0.866667 31
0.0222222 51
-123456
0.196721 10
0.770492 30
0.0327869 50
-123456
0.116883 9
0.824675 29
0.0584416 49
-123456
0.0810811 13
0.891892 33
0.027027 53
-123456
-654321
0.0512821 15
0.820513 35
0.128205 55
-123456
0.125 16
0.8125 36
0.0625 56
-123456
0.108108 17
0.864865 37
0.027027 57
-123456
0.0833333 18
0.805556 38
0.111111 58
-123456
0.107143 13
0.875 33
0.0178571 53
-123456
0.0714286 12
0.809524 32
0.119048 52
-123456
0.0357143 11
0.928571 31
0.0357143 51
-123456
0.163793 10
0.775862 30
0.0603448 50
-123456
0.0666667 14
0.911111 34
0.0222222 54
-123456
-654321
0.0333333 16
0.966667 36
-123456
0.05 17
0.925 37
0.025 57
-123456
0.0930233 18
0.883721 38
0.0232558 58
-123456
0.142857 19
0.8 39
0.0571429 59
-123456
0.0714286 14
0.857143 34
0.0714286 54
-123456
0.0833333 13
0.805556 33
0.111111 53
-123456
0.0882353 12
0.911765 32
-123456
0.0970874 11
0.84466 31
0.0582524 51
-123456
0.08 15
0.84 35
0.08 55
-123456
-654321
0.1 17
0.766667 37
0.133333 57
-123456
0.107143 18
0.892857 38
-123456
0.0571429 19
0.885714 39
0.0571429 59
-123456
0.0322581 15
0.903226 35
0.0645161 55
-123456
0.966667 34
0.0333333 54
-123456
0.0555556 13
0.916667 33
0.0277778 53
-123456
0.211111 12
0.744444 32
0.0444444 52
-123456
0.0857143 16
0.828571 36
0.0857143 56
-123456
-654321
0.114286 18
0.828571 38
0.0571429 58
-123456
0.0322581 19
0.870968 39
0.0967742 59
-123456
0.0909091 16
0.818182 36
0.0909091 56
-123456
0.129032 15
0.83871 35
0.0322581 55
-123456
0.107143 14
0.821429 34
0.0714286 54
-123456
0.133333 13
0.822222 33
0.0444444 53
-123456
0.172414 17
0.793103 37
0.0344828 57
-123456
-654321
0.111111 19
0.814815 39
0.0740741 59
-123456
0.181818 17
0.727273 37
0.0909091 57
-123456
0.0434783 16
0.956522 36
-123456
0.0857143 15
0.885714 35
0.0285714 55
-123456
0.147541 14
0.754098 34
0.0983607 54
-123456
0.142857 18
0.761905 38
0.0952381 58
-123456
-654321
0.0833333 18
0.916667 38
-123456
0.0645161 17
0.83871 37
0.0967742 57
-123456
0.0714286 16
0.892857 36
0.0357143 56
-123456
0.0625 15
0.854167 35
0.0833333 55
-123456
0.115385 19
0.846154 39
0.0384615 59
-123456
-654321
0.0909091 21
0.806818 41
0.102273 61
-123456
0.102857 22
0.811429 42
0.0857143 62
-123456
0.0825472 23
0.787736 43
0.129717 63
-123456
0.120219 24
0.775956 44
0.103825 64
-123456
0.0789474 20
0.721053 40
0.2 60
-123456
-654321
0.0873786 22
0.815534 42
0.0970874 62
-123456
0.0694444 23
0.813492 43
0.117063 63
-123456
0.110577 24
0.793269 44
0.0961538 64
-123456
0.0684211 25
0.863158 45
0.0684211 65
-123456
0.0418848 20
0.827225 40
0.13089 60
-123456
0.0652174 21
0.847826 41
0.0869565 61
-123456
-654321
0.0769231 23
0.836538 43
0.0865385 63
-123456
0.074 24
0.826 44
0.1 64
-123456
0.0604396 25
0.868132 45
0.0714286 65
-123456
0.0594595 26
0.821622 46
0.118919 66
-123456
0.0628272 21
0.811518 41
0.125654 61
-123456
0.0735294 20
0.828431 40
0.0980392 60
-123456
0.0894737 22
0.8 42
0.110526 62
-123456
-654321
0.0813705 24
0.775161 44
0.143469 64
-123456
0.0911765 25
0.761765 45
0.147059 65
-123456
0.131805 26
0.765043 46
0.103152 66
-123456
0.127219 27
0.751479 47
0.121302 67
-123456
0.133531 22
0.74184 42
0.124629 62
-123456
0.103641 21
0.756303 41
0.140056 61
-123456
0.128655 20
0.774854 40
0.0964912 60
-123456
0.113779 23
0.765136 43
0.121086 63
-123456
-654321
0.125 25
0.770161 45
0.104839 65
-123456
0.0956175 26
0.808765 46
0.0956175 66
-123456
0.0663717 27
0.800885 47
0.132743 67
-123456
0.0920502 28
0.790795 48
0.117155 68
-123456
0.109312 23
0.761134 43
0.129555 63
-123456
0.1 22
0.8 42
0.1 62
-123456
0.0941704 21
0.775785 41
0.130045 61
-123456
0.0829694 20
0.746725 40
0.170306 60
-123456
0.131387 24
0.766423 44
0.10219 64
-123456
-654321
0.0769231 26
0.810256 46
0.112821 66
-123456
0.0684211 27
0.831579 47
0.1 67
-123456
0.0764706 28
0.817647 48
0.105882 68
-123456
0.0966184 29
0.797101 49
0.10628 69
-123456
0.0918635 24
0.792651 44
0.115486 64
-123456
0.114198 23
0.79321 43
0.0925926 63
-123456
0.129032 22
0.77957 42
0.0913979 62
-123456
0.103659 21
0.810976 41
0.0853659 61
-123456
0.0941176 25
0.805882 45
0.1 65
-123456
-654321
0.124224 27
0.78882 47
0.0869565 67
-123456
0.0625 28
0.80625 48
0.13125 68
-123456
0.0969697 29
0.769697 49
0.133333 69
-123456
0.0877193 30
0.807018 50
0.105263 70
-123456
0.107383 25
0.738255 45
0.154362 65
-123456
0.13369 24
0.775401 44
0.0909091 64
-123456
0.111111 23
0.777778 43
0.111111 63
-123456
0.0588235 22
0.79085 42
0.150327 62
-123456
0.0571429 26
0.828571 46
0.114286 66
-123456
-654321
0.142857 28
0.766917 48
0.0902256 68
-123456
0.156716 29
0.753731 49
0.0895522 69
-123456
0.0699301 30
0.804196 50
0.125874 70
-123456
0.114504 31
0.793893 51
0.0916031 71
-123456
0.0833333 26
0.795455 46
0.121212 66
-123456
0.0740741 25
0.833333 45
0.0925926 65
-123456
0.0874317 24
0.775956 44
0.136612 64
-123456
0.0968661 23
0.797721 43
0.105413 63
-123456
0.113636 27
0.787879 47
0.0984849 67
-123456
-654321
0.112 29
0.784 49
0.104 69
-123456
0.0708661 30
0.84252 50
0.0866142 70
-123456
0.118182 31
0.745455 51
0.136364 71
-123456
0.100917 32
0.798165 52
0.100917 72
-123456
0.156863 27
0.72549 47
0.117647 67
-123456
0.14 26
0.73 46
0.13 66
-123456
0.12931 25
0.75 45
0.12069 65
-123456
0.141058 24
0.760705 44
0.0982368 64
-123456
0.097561 28
0.829268 48
0.0731707 68
-123456
-654321
0.126582 30
0.835443 50
0.0379747 70
-123456
0.132653 31
0.744898 51
0.122449 71
-123456
0.161905 32
0.742857 52
0.0952381 72
-123456
0.0990099 33
0.821782 53
0.0792079 73
-123456
0.103774 28
0.849057 48
0.0471698 68
-123456
0.130952 27
0.809524 47
0.0595238 67
-123456
0.12 26
0.82 46
0.06 66
-123456
0.115854 25
0.777439 45
0.106707 65
-123456
0.132075 29
0.745283 49
0.122642 69
-123456
-654321
0.118421 31
0.776316 51
0.105263 71
-123456
0.172414 32
0.758621 52
0.0689655 72
-123456
0.123596 33
0.764045 53
0.11236 73
-123456
0.12 34
0.8 54
0.08 74
-123456
0.1 29
0.83 49
0.07 69
-123456
0.180723 28
0.710843 48
0.108434 68
-123456
0.153846 27
0.769231 47
0.0769231 67
-123456
0.131274 26
0.783784 46
0.0849421 66
-123456
0.060241 30
0.855422 50
0.0843373 70
-123456
-654321
0.0923077 32
0.815385 52
0.0923077 72
-123456
0.0789474 33
0.855263 53
0.0657895 73
-123456
0.152778 34
0.763889 54
0.0833333 74
-123456
0.157895 35
0.789474 55
0.0526316 75
-123456
0.148649 30
0.783784 50
0.0675676 70
-123456
0.0746269 29
0.80597 49
0.119403 69
-123456
0.12 28
0.76 48
0.12 68
-123456
0.169355 27
0.733871 47
0.0967742 67
-123456
0.119403 31
0.835821 51
0.0447761 71
-123456
-654321
0.0597015 33
0.835821 53
0.104478 73
-123456
0.196429 34
0.767857 54
0.0357143 74
-123456
0.160714 35
0.732143 55
0.107143 75
-123456
0.0384615 36
0.826923 56
0.134615 76
-123456
0.155172 31
0.706897 51
0.137931 71
-123456
0.18 30
0.72 50
0.1 70
-123456
0.15625 29
0.765625 49
0.078125 69
-123456
0.0869565 28
0.853261 48
0.0597826 68
-123456
0.164179 32
0.746269 52
0.0895522 72
-123456
-654321
0.148148 34
0.740741 54
0.111111 74
-123456
0.0862069 35
0.775862 55
0.137931 75
-123456
0.135593 36
0.813559 56
0.0508475 76
-123456
0.266667 37
0.711111 57
0.0222222 77
-123456
0.163265 32
0.795918 52
0.0408163 72
-123456
0.0263158 31
0.921053 51
0.0526316 71
-123456
0.04 30
0.88 50
0.08 70
-123456
0.154839 29
0.76129 49
0.083871 69
-123456
0.2 33
0.675 53
0.125 73
-123456
-654321
0.145833 35
0.729167 55
0.125 75
-123456
0.0909091 36
0.878788 56
0.030303 76
-123456
0.137255 37
0.803922 57
0.0588235 77
-123456
0.2 38
0.75 58
0.05 78
-123456
0.16129 33
0.774194 53
0.0645161 73
-123456
0.21875 32
0.71875 52
0.0625 72
-123456
0.0571429 31
0.8 51
0.142857 71
-123456
0.11039 30
0.831169 50
0.0584416 70
-123456
0.0625 34
0.833333 54
0.104167 74
-123456
-654321
0.0909091 36
0.848485 56
0.0606061 76
-123456
0.212121 37
0.757576 57
0.030303 77
-123456
0.235294 38
0.735294 58
0.0294118 78
-123456
0.0344828 39
0.827586 59
0.137931 79
-123456
0.107143 34
0.75 54
0.142857 74
-123456
0.12 33
0.82 53
0.06 73
-123456
0.222222 32
0.75 52
0.0277778 72
-123456
0.107143 31
0.803571 51
0.0892857 71
-123456
0.0344828 35
0.862069 55
0.103448 75
-123456
-654321
0.21875 37
0.6875 57
0.09375 77
-123456
0.310345 38
0.62069 58
0.0689655 78
-123456
0.107143 39
0.857143 59
0.0357143 79
-123456
0.0714286 35
0.75 55
0.178571 75
-123456
0.16 34
0.76 54
0.08 74
-123456
0.137931 33
0.793103 53
0.0689655 73
-123456
0.111111 32
0.811111 52
0.0777778 72
-123456
0.114286 36
0.828571 56
0.0571429 76
-123456
-654321
0.0769231 38
0.884615 58
0.0384615 78
-123456
0.16 39
0.8 59
0.04 79
-123456
0.1875 36
0.71875 56
0.09375 76
-123456
0.08 35
0.92 55
-123456
0.0769231 34
0.884615 54
0.0384615 74
-123456
0.210526 33
0.710526 53
0.0789474 73
-123456
0.151515 37
0.787879 57
0.0606061 77
-123456
-654321
0.166667 39
0.833333 59
-123456
0.0833333 37
0.875 57
0.0416667 77
-123456
0.105263 36
0.789474 56
0.105263 76
-123456
0.2 35
0.8 55
-123456
0.0877193 34
0.789474 54
0.122807 74
-123456
0.2 38
0.8 58
-123456
-654321
0.857143 58
0.142857 78
-123456
0.0740741 37
0.814815 57
0.111111 77
-123456
0.130435 36
0.73913 56
0.130435 76
-123456
0.152542 35
0.813559 55
0.0338983 75
-123456
0.0740741 39
0.851852 59
0.0740741 79
-123456
-654321
0.0842105 41
0.810526 61
0.105263 81
-123456
0.0970149 42
0.708955 62
0.19403 82
-123456
0.0901639 43
0.713115 63
0.196721 83
-123456
0.106007 44
0.780919 64
0.113074 84
-123456
0.123711 40
0.742268 60
0.134021 80
-123456
-654321
0.106557 42
0.795082 62
0.0983607 82
-123456
0.064 43
0.784 63
0.152 83
-123456
0.153285 44
0.70073 64
0.145985 84
-123456
0.083004 45
0.750988 65
0.166008 85
-123456
0.136 40
0.752 60
0.112 80
-123456
0.0454545 41
0.809091 61
0.145455 81
-123456
-654321
0.173913 43
0.702899 63
0.123188 83
-123456
0.0717949 44
0.748718 64
0.179487 84
-123456
0.0891089 45
0.772277 65
0.138614 85
-123456
0.115108 46
0.791367 66
0.0935252 86
-123456
0.136752 41
0.683761 61
0.179487 81
-123456
0.184211 40
0.684211 60
0.131579 80
-123456
0.133333 42
0.718518 62
0.148148 82
-123456
-654321
0.0707071 44
0.828283 64
0.10101 84
-123456
0.0714286 45
0.805804 65
0.122768 85
-123456
0.0993377 46
0.768212 66
0.13245 86
-123456
0.0842697 47
0.803371 67
0.11236 87
-123456
0.0797546 42
0.785276 62
0.134969 82
-123456
0.0604396 41
0.791209 61
0.148352 81
-123456
0.0794702 40
0.774834 60
0.145695 80
-123456
0.0628931 43
0.849057 63
0.0880503 83
-123456
-654321
0.145299 45
0.683761 65
0.17094 85
-123456
0.104377 46
0.754209 66
0.141414 86
-123456
0.181818 47
0.684492 67
0.13369 87
-123456
0.107784 48
0.748503 68
0.143713 88
-123456
0.0653266 43
0.798995 63
0.135678 83
-123456
0.122549 42
0.730392 62
0.147059 82
-123456
0.126582 41
0.727848 61
0.14557 81
-123456
0.0904762 40
0.8 60
0.109524 80
-123456
0.0988764 44
0.710112 64
0.191011 84
-123456
-654321
0.129278 46
0.707224 66
0.163498 86
-123456
0.104348 47
0.756522 67
0.13913 87
-123456
0.132353 48
0.735294 68
0.132353 88
-123456
0.142857 49
0.718894 69
0.138249 89
-123456
0.142342 44
0.695495 64
0.162162 84
-123456
0.123853 43
0.729358 63
0.146789 83
-123456
0.110638 42
0.774468 62
0.114894 82
-123456
0.0849057 41
0.745283 61
0.169811 81
-123456
0.138514 45
0.763514 65
0.097973 85
-123456
-654321
0.121693 47
0.740741 67
0.137566 87
-123456
0.0867052 48
0.757225 68
0.156069 88
-123456
0.0969388 49
0.811224 69
0.0918367 89
-123456
0.121387 50
0.722543 70
0.156069 90
-123456
0.0853659 45
0.802846 65
0.111789 85
-123456
0.120419 44
0.748691 64
0.13089 84
-123456
0.110169 43
0.745763 63
0.144068 83
-123456
0.0773481 42
0.767956 62
0.154696 82
-123456
0.141975 46
0.734568 66
0.123457 86
-123456
-654321
0.104167 48
0.791667 68
0.104167 88
-123456
0.122302 49
0.769784 69
0.107914 89
-123456
0.139706 50
0.757353 70
0.102941 90
-123456
0.0787402 51
0.80315 71
0.11811 91
-123456
0.112745 46
0.75 66
0.137255 86
-123456
0.185792 45
0.677596 65
0.136612 85
-123456
0.153846 44
0.741259 64
0.104895 84
-123456
0.0923913 43
0.788043 63
0.119565 83
-123456
0.136905 47
0.785714 67
0.077381 87
-123456
-654321
0.141593 49
0.769912 69
0.0884956 89
-123456
0.132231 50
0.752066 70
0.115702 90
-123456
0.153153 51
0.756757 71
0.0900901 91
-123456
0.133929 52
0.723214 72
0.142857 92
-123456
0.109375 47
0.789062 67
0.101562 87
-123456
0.136364 46
0.754545 66
0.109091 86
-123456
0.143284 45
0.731343 65
0.125373 85
-123456
0.178295 44
0.643411 64
0.178295 84
-123456
0.0631579 48
0.810526 68
0.126316 88
-123456
-654321
0.148515 50
0.712871 70
0.138614 90
-123456
0.110092 51
0.761468 71
0.12844 91
-123456
0.157895 52
0.780702 72
0.0614035 92
-123456
0.137931 53
0.758621 73
0.103448 93
-123456
0.104762 48
0.733333 68
0.161905 88
-123456
0.163793 47
0.706897 67
0.12931 87
-123456
0.113445 46
0.760504 66
0.12605 86
-123456
0.19598 45
0.708543 65
0.0954774 85
-123456
0.0769231 49
0.798077 69
0.125 89
-123456
-654321
0.16092 51
0.689655 71
0.149425 91
-123456
0.190476 52
0.746032 72
0.0634921 92
-123456
0.13253 53
0.807229 73
0.060241 93
-123456
0.0666667 54
0.84 74
0.0933333 94
-123456
0.107143 49
0.821429 69
0.0714286 89
-123456
0.111111 48
0.822222 68
0.0666667 88
-123456
0.113208 47
0.823899 67
0.0628931 87
-123456
0.142222 46
0.755556 66
0.102222 86
-123456
0.125 50
0.775 70
0.1 90
-123456
-654321
0.151899 52
0.759494 72
0.0886076 92
-123456
0.0921053 53
0.842105 73
0.0657895 93
-123456
0.173333 54
0.733333 74
0.0933333 94
-123456
0.078125 55
0.796875 75
0.125 95
-123456
0.119403 50
0.835821 70
0.0447761 90
-123456
0.1 49
0.775 69
0.125 89
-123456
0.114943 48
0.816092 68
0.0689655 88
-123456
0.125523 47
0.782427 67
0.0920502 87
-123456
0.131868 51
0.802198 71
0.0659341 91
-123456
-654321
0.136364 53
0.787879 73
0.0757576 93
-123456
0.115385 54
0.807692 74
0.0769231 94
-123456
0.132075 55
0.811321 75
0.0566038 95
-123456
0.135593 56
0.762712 76
0.101695 96
-123456
0.106667 51
0.76 71
0.133333 91
-123456
0.183333 50
0.75 70
0.0666667 90
-123456
0.16 49
0.78 69
0.06 89
-123456
0.117647 48
0.759358 68
0.122995 88
-123456
0.227273 52
0.727273 72
0.0454545 92
-123456
-654321
0.211538 54
0.730769 74
0.0576923 94
-123456
0.15 55
0.8 75
0.05 95
-123456
0.0909091 56
0.863636 76
0.0454545 96
-123456
0.133333 57
0.783333 77
0.0833333 97
-123456
0.12963 52
0.851852 72
0.0185185 92
-123456
0.163636 51
0.781818 71
0.0545455 91
-123456
0.132353 50
0.808824 70
0.0588235 90
-123456
0.180233 49
0.767442 69
0.0523256 89
-123456
0.0425532 53
0.893617 73
0.0638298 93
-123456
-654321
0.125 55
0.8 75
0.075 95
-123456
0.142857 56
0.714286 76
0.142857 96
-123456
0.222222 57
0.694444 77
0.0833333 97
-123456
0.0833333 58
0.861111 78
0.0555556 98
-123456
0.0697674 53
0.837209 73
0.0930233 93
-123456
0.105263 52
0.824561 72
0.0701754 92
-123456
0.15873 51
0.666667 71
0.174603 91
-123456
0.208333 50
0.758333 70
0.0333333 90
-123456
0.152174 54
0.717391 74
0.130435 94
-123456
-654321
0.119048 56
0.880952 76
-123456
0.0909091 57
0.795455 77
0.113636 97
-123456
0.166667 58
0.7 78
0.133333 98
-123456
0.209302 59
0.72093 79
0.0697674 99
-123456
0.0645161 54
0.870968 74
0.0645161 94
-123456
0.181818 53
0.787879 73
0.030303 93
-123456
0.142857 52
0.785714 72
0.0714286 92
-123456
0.131579 51
0.807018 71
0.0614035 91
-123456
0.114286 55
0.857143 75
0.0285714 95
-123456
-654321
0.166667 57
0.777778 77
0.0555556 97
-123456
0.121212 58
0.848485 78
0.030303 98
-123456
0.242424 59
0.636364 79
0.121212 99
-123456
0.166667 55
0.785714 75
0.047619 95
-123456
0.0697674 54
0.837209 74
0.0930233 94
-123456
0.1875 53
0.71875 73
0.09375 93
-123456
0.137931 52
0.781609 72
0.0804598 92
-123456
0.0967742 56
0.741935 76
0.16129 96
-123456
-654321
0.0714286 58
0.809524 78
0.119048 98
-123456
0.128205 59
0.74359 79
0.128205 99
-123456
0.233333 56
0.7 76
0.0666667 96
-123456
0.181818 55
0.757576 75
0.0606061 95
-123456
0.173913 54
0.826087 74
-123456
0.148649 53
0.797297 73
0.0540541 93
-123456
0.131579 57
0.815789 77
0.0526316 97
-123456
-654321
0.222222 59
0.703704 79
0.0740741 99
-123456
0.103448 57
0.793103 77
0.103448 97
-123456
0.0769231 56
0.769231 76
0.153846 96
-123456
0.225806 55
0.677419 75
0.0967742 95
-123456
0.226415 54
0.735849 74
0.0377358 94
-123456
0.166667 58
0.766667 78
0.0666667 98
-123456
-654321
0.238095 58
0.666667 78
0.0952381 98
-123456
0.0740741 57
0.851852 77
0.0740741 97
-123456
0.222222 56
0.703704 76
0.0740741 96
-123456
0.153846 55
0.807692 75
0.0384615 95
-123456
0.222222 59
0.777778 79
-123456
-654321
0.0792079 61
0.752475 81
0.168317 101
-123456
0.0909091 62
0.701299 82
0.207792 102
-123456
0.0537634 63
0.784946 83
0.16129 103
-123456
0.0677083 64
0.760417 84
0.171875 104
-123456
0.103896 60
0.74026 80
0.155844 100
-123456
-654321
0.0697674 62
0.72093 82
0.209302 102
-123456
0.08 63
0.79 83
0.13 103
-123456
0.0775862 64
0.793103 84
0.12931 104
-123456
0.0693069 65
0.762376 85
0.168317 105
-123456
0.0582524 60
0.747573 80
0.194175 100
-123456
0.0958904 61
0.835616 81
0.0684932 101
-123456
-654321
0.0860215 63
0.741935 83
0.172043 103
-123456
0.1 64
0.746154 84
0.153846 104
-123456
0.0530973 65
0.79646 85
0.150442 105
-123456
0.088 66
0.784 86
0.128 106
-123456
0.0849057 61
0.707547 81
0.207547 101
-123456
0.123711 60
0.773196 80
0.103093 100
-123456
0.0851064 62
0.765957 82
0.148936 102
-123456
-654321
0.0840336 64
0.815126 84
0.10084 104
-123456
0.0567376 65
0.780142 85
0.163121 105
-123456
0.0926829 66
0.756098 86
0.15122 106
-123456
0.0588235 67
0.823529 87
0.117647 107
-123456
0.076087 62
0.826087 82
0.0978261 102
-123456
0.12 61
0.69 81
0.19 101
-123456
0.0603448 60
0.818965 80
0.12069 100
-123456
0.0752688 63
0.774194 83
0.150538 103
-123456
-654321
0.0938967 65
0.769953 85
0.13615 105
-123456
0.0979381 66
0.783505 86
0.118557 106
-123456
0.0863309 67
0.816547 87
0.0971223 107
-123456
0.0384615 68
0.802198 88
0.159341 108
-123456
0.0535714 63
0.8125 83
0.133929 103
-123456
0.125 62
0.741667 82
0.133333 102
-123456
0.0704225 61
0.795775 81
0.133803 101
-123456
0.089172 60
0.745223 80
0.165605 100
-123456
0.0967742 64
0.754839 84
0.148387 104
-123456
-654321
0.0988142 66
0.766798 86
0.134387 106
-123456
0.145 67
0.7225 87
0.1325 107
-123456
0.156463 68
0.741497 88
0.102041 108
-123456
0.102703 69
0.810811 89
0.0864865 109
-123456
0.06875 64
0.83125 84
0.1 104
-123456
0.117284 63
0.746914 83
0.135802 103
-123456
0.106509 62
0.763314 82
0.130178 102
-123456
0.0839161 61
0.762238 81
0.153846 101
-123456
0.0960452 65
0.819209 85
0.0847458 105
-123456
-654321
0.0724638 67
0.815217 87
0.112319 107
-123456
0.106195 68
0.738938 88
0.154867 108
-123456
0.143498 69
0.730942 89
0.125561 109
-123456
0.17094 70
0.688034 90
0.141026 110
-123456
0.121212 65
0.766234 85
0.112554 105
-123456
0.144279 64
0.711443 84
0.144279 104
-123456
0.164251 63
0.68599 83
0.149758 103
-123456
0.133333 62
0.76 82
0.106667 102
-123456
0.119427 66
0.710191 86
0.170382 106
-123456
-654321
0.0729167 68
0.796875 88
0.130208 108
-123456
0.182266 69
0.655172 89
0.162562 109
-123456
0.136585 70
0.721951 90
0.141463 110
-123456
0.106599 71
0.781726 91
0.111675 111
-123456
0.133733 66
0.722555 86
0.143713 106
-123456
0.125628 65
0.773869 85
0.100503 105
-123456
0.0918367 64
0.816327 84
0.0918367 104
-123456
0.128866 63
0.71134 83
0.159794 103
-123456
0.0852459 67
0.806557 87
0.108197 107
-123456
-654321
0.130137 69
0.739726 89
0.130137 109
-123456
0.17931 70
0.710345 90
0.110345 110
-123456
0.0993377 71
0.794702 91
0.10596 111
-123456
0.144928 72
0.717391 92
0.137681 112
-123456
0.111111 67
0.792115 87
0.0967742 107
-123456
0.129518 66
0.76506 86
0.105422 106
-123456
0.0895522 65
0.791045 85
0.119403 105
-123456
0.100775 64
0.790698 84
0.108527 104
-123456
0.152318 68
0.721854 88
0.125828 108
-123456
-654321
0.0819672 70
0.770492 90
0.147541 110
-123456
0.166667 71
0.736842 91
0.0964912 111
-123456
0.105691 72
0.682927 92
0.211382 112
-123456
0.122642 73
0.783019 93
0.0943396 113
-123456
0.109827 68
0.774566 88
0.115607 108
-123456
0.134969 67
0.717791 87
0.147239 107
-123456
0.149254 66
0.69403 86
0.156716 106
-123456
0.0798611 65
0.788194 85
0.131944 105
-123456
0.153153 69
0.747748 89
0.0990991 109
-123456
-654321
0.115385 71
0.75 91
0.134615 111
-123456
0.171429 72
0.742857 92
0.0857143 112
-123456
0.101852 73
0.777778 93
0.12037 113
-123456
0.0736842 74
0.821053 94
0.105263 114
-123456
0.13 69
0.75 89
0.12 109
-123456
0.143885 68
0.719424 88
0.136691 108
-123456
0.151079 67
0.733813 87
0.115108 107
-123456
0.120623 66
0.817121 86
0.0622568 106
-123456
0.137255 70
0.764706 90
0.0980392 110
-123456
-654321
0.115789 72
0.778947 92
0.105263 112
-123456
0.208791 73
0.681319 93
0.10989 113
-123456
0.137931 74
0.724138 94
0.137931 114
-123456
0.170213 75
0.723404 95
0.106383 115
-123456
0.108434 70
0.819277 90
0.0722892 110
-123456
0.131313 69
0.747475 89
0.121212 109
-123456
0.144444 68
0.788889 88
0.0666667 108
-123456
0.154088 67
0.751572 87
0.0943396 107
-123456
0.101266 71
0.78481 91
0.113924 111
-123456
-654321
0.186667 73
0.72 93
0.0933333 113
-123456
0.140845 74
0.774648 94
0.084507 114
-123456
0.118421 75
0.802632 95
0.0789474 115
-123456
0.132075 76
0.754717 96
0.113208 116
-123456
0.154762 71
0.785714 91
0.0595238 111
-123456
0.101449 70
0.782609 90
0.115942 110
-123456
0.142857 69
0.733333 89
0.12381 109
-123456
0.109453 68
0.81592 88
0.0746269 108
-123456
0.0727273 72
0.836364 92
0.0909091 112
-123456
-654321
0.0923077 74
0.876923 94
0.0307692 114
-123456
0.192982 75
0.754386 95
0.0526316 115
-123456
0.118644 76
0.830508 96
0.0508475 116
-123456
0.207792 77
0.74026 97
0.0519481 117
-123456
0.170213 72
0.723404 92
0.106383 112
-123456
0.172414 71
0.724138 91
0.103448 111
-123456
0.153846 70
0.769231 90
0.0769231 110
-123456
0.16092 69
0.752874 89
0.0862069 109
-123456
0.192982 73
0.684211 93
0.122807 113
-123456
-654321
0.240741 75
0.666667 95
0.0925926 115
-123456
0.265306 76
0.653061 96
0.0816327 116
-123456
0.153846 77
0.769231 97
0.0769231 117
-123456
0.138462 78
0.830769 98
0.0307692 118
-123456
0.196078 73
0.745098 93
0.0588235 113
-123456
0.183673 72
0.693878 92
0.122449 112
-123456
0.156863 71
0.764706 91
0.0784314 111
-123456
0.170543 70
0.736434 90
0.0930233 110
-123456
0.217391 74
0.695652 94
0.0869565 114
-123456
-654321
0.26 76
0.7 96
0.04 116
-123456
0.236842 77
0.710526 97
0.0526316 117
-123456
0.131579 78
0.736842 98
0.131579 118
-123456
0.139535 79
0.813953 99
0.0465116 119
-123456
0.234043 74
0.680851 94
0.0851064 114
-123456
0.181818 73
0.763636 93
0.0545455 113
-123456
0.0909091 72
0.818182 92
0.0909091 112
-123456
0.229167 71
0.680556 91
0.0902778 111
-123456
0.146341 75
0.707317 95
0.146341 115
-123456
-654321
0.205882 77
0.764706 97
0.0294118 117
-123456
0.133333 78
0.688889 98
0.177778 118
-123456
0.127273 79
0.8 99
0.0727273 119
-123456
0.103448 75
0.862069 95
0.0344828 115
-123456
0.0857143 74
0.771429 94
0.142857 114
-123456
0.175 73
0.75 93
0.075 113
-123456
0.222222 72
0.74359 92
0.034188 112
-123456
0.0666667 76
0.8 96
0.133333 116
-123456
-654321
0.184211 78
0.789474 98
0.0263158 118
-123456
0.0869565 79
0.869565 99
0.0434783 119
-123456
0.0444444 76
0.911111 96
0.0444444 116
-123456
0.26 75
0.68 95
0.06 115
-123456
0.162791 74
0.767442 94
0.0697674 114
-123456
0.166667 73
0.761905 93
0.0714286 113
-123456
0.0882353 77
0.764706 97
0.147059 117
-123456
-654321
0.181818 79
0.757576 99
0.0606061 119
-123456
0.178571 77
0.785714 97
0.0357143 117
-123456
0.135135 76
0.72973 96
0.135135 116
-123456
0.133333 75
0.822222 95
0.0444444 115
-123456
0.133333 74
0.813333 94
0.0533333 114
-123456
0.157895 78
0.684211 98
0.157895 118
-123456
-654321
0.175 78
0.75 98
0.075 118
-123456
0.138889 77
0.861111 97
-123456
0.159091 76
0.704545 96
0.136364 116
-123456
0.18 75
0.78 95
0.04 115
-123456
0.105263 79
0.842105 99
0.0526316 119
-123456
-654321
0.196078 81
0.666667 101
0.137255 121
-123456
0.135802 82
0.716049 102
0.148148 122
-123456
0.145455 83
0.709091 103
0.145455 123
-123456
0.0877193 84
0.710526 104
0.201754 124
-123456
0.104478 80
0.686567 100
0.208955 120
-123456
-654321
0.0967742 82
0.774194 102
0.129032 122
-123456
0.0634921 83
0.746032 103
0.190476 123
-123456
0.0540541 84
0.77027 104
0.175676 124
-123456
0.0986842 85
0.730263 105
0.171053 125
-123456
0.09375 80
0.796875 100
0.109375 120
-123456
0.144737 81
0.723684 101
0.131579 121
-123456
-654321
0.0813954 83
0.790698 103
0.127907 123
-123456
0.15493 84
0.71831 104
0.126761 124
-123456
0.0857143 85
0.771429 105
0.142857 125
-123456
0.0761421 86
0.781726 106
0.142132 126
-123456
0.0684932 81
0.821918 101
0.109589 121
-123456
0.0357143 80
0.875 100
0.0892857 120
-123456
0.0666667 82
0.816667 102
0.116667 122
-123456
-654321
0.0759494 84
0.683544 104
0.240506 124
-123456
0.0886076 85
0.721519 105
0.189873 125
-123456
0.0253165 86
0.759494 106
0.21519 126
-123456
0.0932203 87
0.813559 107
0.0932203 127
-123456
0.116883 82
0.792208 102
0.0909091 122
-123456
0.0481928 81
0.759036 101
0.192771 121
-123456
0.0759494 80
0.708861 100
0.21519 120
-123456
0.0625 83
0.725 103
0.2125 123
-123456
-654321
0.032967 85
0.824176 105
0.142857 125
-123456
0.10989 86
0.703297 106
0.186813 126
-123456
0.102362 87
0.76378 107
0.133858 127
-123456
0.0944882 88
0.708661 108
0.19685 128
-123456
0.103093 83
0.742268 103
0.154639 123
-123456
0.105263 82
0.763158 102
0.131579 122
-123456
0.0625 81
0.725 101
0.2125 121
-123456
0.0978261 80
0.782609 100
0.119565 120
-123456
0.126316 84
0.684211 104
0.189474 124
-123456
-654321
0.034188 86
0.820513 106
0.145299 126
-123456
0.0681818 87
0.80303 107
0.128788 127
-123456
0.0909091 88
0.747475 108
0.161616 128
-123456
0.107143 89
0.776786 109
0.116071 129
-123456
0.12963 84
0.694444 104
0.175926 124
-123456
0.13913 83
0.730435 103
0.130435 123
-123456
0.121212 82
0.646465 102
0.232323 122
-123456
0.0761905 81
0.8 101
0.12381 121
-123456
0.1 85
0.763636 105
0.136364 125
-123456
-654321
0.100671 87
0.758389 107
0.14094 127
-123456
0.0833333 88
0.786667 108
0.13 128
-123456
0.0972763 89
0.774319 109
0.128405 129
-123456
0.123967 90
0.727273 110
0.14876 130
-123456
0.102941 85
0.779412 105
0.117647 125
-123456
0.0930233 84
0.775194 104
0.131783 124
-123456
0.12069 83
0.724138 103
0.155172 123
-123456
0.107143 82
0.792857 102
0.1 122
-123456
0.107692 86
0.707692 106
0.184615 126
-123456
-654321
0.113208 88
0.773585 108
0.113208 128
-123456
0.117825 89
0.706949 109
0.175227 129
-123456
0.12 90
0.753333 110
0.126667 130
-123456
0.116129 91
0.780645 111
0.103226 131
-123456
0.109091 86
0.757576 106
0.133333 126
-123456
0.104575 85
0.705882 105
0.189542 125
-123456
0.153333 84
0.733333 104
0.113333 124
-123456
0.1 83
0.76 103
0.14 123
-123456
0.11588 87
0.716738 107
0.167382 127
-123456
-654321
0.125604 89
0.724638 109
0.149758 129
-123456
0.130137 90
0.712329 110
0.157534 130
-123456
0.142132 91
0.690355 111
0.167513 131
-123456
0.170213 92
0.712766 112
0.117021 132
-123456
0.159091 87
0.718182 107
0.122727 127
-123456
0.135 86
0.735 106
0.13 126
-123456
0.138095 85
0.685714 105
0.17619 125
-123456
0.131222 84
0.719457 104
0.149321 124
-123456
0.134298 88
0.721074 108
0.144628 128
-123456
-654321
0.137931 90
0.710345 110
0.151724 130
-123456
0.139073 91
0.748344 111
0.112583 131
-123456
0.183099 92
0.65493 112
0.161972 132
-123456
0.130435 93
0.708075 113
0.161491 133
-123456
0.128099 88
0.733471 108
0.13843 128
-123456
0.0852713 87
0.790698 107
0.124031 127
-123456
0.117647 86
0.75817 106
0.124183 126
-123456
0.125828 85
0.781457 105
0.0927152 125
-123456
0.147651 89
0.751678 109
0.100671 129
-123456
-654321
0.106918 91
0.767296 111
0.125786 131
-123456
0.137931 92
0.786207 112
0.0758621 132
-123456
0.121739 93
0.773913 113
0.104348 133
-123456
0.180645 94
0.709677 114
0.109677 134
-123456
0.11465 89
0.77707 109
0.10828 129
-123456
0.153355 88
0.747604 108
0.0990415 128
-123456
0.133971 87
0.727273 107
0.138756 127
-123456
0.134146 86
0.737805 106
0.128049 126
-123456
0.130081 90
0.707317 110
0.162602 130
-123456
-654321
0.142857 92
0.734694 112
0.122449 132
-123456
0.0816327 93
0.826531 113
0.0918367 133
-123456
0.141593 94
0.787611 114
0.0707965 134
-123456
0.166667 95
0.676471 115
0.156863 135
-123456
0.152542 90
0.737288 110
0.110169 130
-123456
0.162996 89
0.713656 109
0.123348 129
-123456
0.08 88
0.85 108
0.07 128
-123456
0.139394 87
0.727273 107
0.133333 127
-123456
0.154545 91
0.718182 111
0.127273 131
-123456
-654321
0.141414 93
0.79798 113
0.0606061 133
-123456
0.150538 94
0.731183 114
0.11828 134
-123456
0.223404 95
0.691489 115
0.0851064 135
-123456
0.148515 96
0.752475 116
0.0990099 136
-123456
0.16092 91
0.747126 111
0.091954 131
-123456
0.161074 90
0.724832 110
0.114094 130
-123456
0.177778 89
0.727778 109
0.0944444 129
-123456
0.161074 88
0.731544 108
0.107383 128
-123456
0.208333 92
0.677083 112
0.114583 132
-123456
-654321
0.126582 94
0.759494 114
0.113924 134
-123456
0.230769 95
0.707692 115
0.0615385 135
-123456
0.101266 96
0.822785 116
0.0759494 136
-123456
0.166667 97
0.708333 117
0.125 137
-123456
0.188235 92
0.717647 112
0.0941176 132
-123456
0.253731 91
0.656716 111
0.0895522 131
-123456
0.141221 90
0.736641 110
0.122137 130
-123456
0.214286 89
0.685714 109
0.1 129
-123456
0.173333 93
0.746667 113
0.08 133
-123456
-654321
0.183099 95
0.760563 115
0.056338 135
-123456
0.151899 96
0.746835 116
0.101266 136
-123456
0.154762 97
0.761905 117
0.0833333 137
-123456
0.135593 98
0.745763 118
0.118644 138
-123456
0.209677 93
0.693548 113
0.0967742 133
-123456
0.109589 92
0.753425 112
0.136986 132
-123456
0.151899 91
0.759494 111
0.0886076 131
-123456
0.111732 90
0.776536 110
0.111732 130
-123456
0.233766 94
0.61039 114
0.155844 134
-123456
-654321
0.209302 96
0.627907 116
0.162791 136
-123456
0.0980392 97
0.764706 117
0.137255 137
-123456
0.0701754 98
0.789474 118
0.140351 138
-123456
0.132075 99
0.849057 119
0.0188679 139
-123456
0.170213 94
0.765957 114
0.0638298 134
-123456
0.181818 93
0.672727 113
0.145455 133
-123456
0.0943396 92
0.830189 112
0.0754717 132
-123456
0.151079 91
0.769784 111
0.0791367 131
-123456
0.121951 95
0.804878 115
0.0731707 135
-123456
-654321
0.219512 97
0.731707 117
0.0487805 137
-123456
0.212766 98
0.723404 118
0.0638298 138
-123456
0.289474 99
0.684211 119
0.0263158 139
-123456
0.172414 95
0.724138 115
0.103448 135
-123456
0.1875 94
0.75 114
0.0625 134
-123456
0.259259 93
0.722222 113
0.0185185 133
-123456
0.138554 92
0.783133 112
0.0783133 132
-123456
0.166667 96
0.759259 116
0.0740741 136
-123456
-654321
0.1 98
0.85 118
0.05 138
-123456
0.194444 99
0.722222 119
0.0833333 139
-123456
0.155556 96
0.8 116
0.0444444 136
-123456
0.097561 95
0.853659 115
0.0487805 135
-123456
0.103448 94
0.810345 114
0.0862069 134
-123456
0.155556 93
0.744444 113
0.1 133
-123456
0.219512 97
0.780488 117
-123456
-654321
0.25 99
0.625 119
0.125 139
-123456
0.325 97
0.6 117
0.075 137
-123456
0.206897 96
0.724138 116
0.0689655 136
-123456
0.173913 95
0.73913 115
0.0869565 135
-123456
0.136364 94
0.795455 114
0.0681818 134
-123456
0.133333 98
0.733333 118
0.133333 138
-123456
-654321
0.111111 98
0.777778 118
0.111111 138
-123456
0.186047 97
0.72093 117
0.0930233 137
-123456
0.229508 96
0.672131 116
0.0983607 136
-123456
0.409091 95
0.545455 115
0.0454545 135
-123456
0.16129 99
0.709677 119
0.129032 139
-123456
-654321
0.12963 101
0.666667 121
0.203704 141
-123456
0.125 102
0.725 122
0.15 142
-123456
0.116279 103
0.744186 123
0.139535 143
-123456
0.0531915 104
0.787234 124
0.159574 144
-123456
0.0454545 100
0.659091 120
0.295455 140
-123456
-654321
0.0357143 102
0.696429 122
0.267857 142
-123456
0.106383 103
0.723404 123
0.170213 143
-123456
0.0181818 104
0.709091 124
0.272727 144
-123456
0.114504 105
0.740458 125
0.145038 145
-123456
0.0645161 100
0.741935 120
0.193548 140
-123456
0.0576923 101
0.711538 121
0.230769 141
-123456
-654321
0.0983607 103
0.704918 123
0.196721 143
-123456
0.109375 104
0.828125 124
0.0625 144
-123456
0.102041 105
0.714286 125
0.183673 145
-123456
0.0978261 106
0.673913 126
0.228261 146
-123456
0.0847458 101
0.745763 121
0.169492 141
-123456
0.0408163 100
0.795918 120
0.163265 140
-123456
0.0909091 102
0.80303 122
0.106061 142
-123456
-654321
0.0491803 104
0.819672 124
0.131148 144
-123456
0.0909091 105
0.727273 125
0.181818 145
-123456
0.0606061 106
0.818182 126
0.121212 146
-123456
0.0662651 107
0.759036 127
0.174699 147
-123456
0.0677966 102
0.830508 122
0.101695 142
-123456
0.0862069 101
0.827586 121
0.0862069 141
-123456
0.04 100
0.84 120
0.12 140
-123456
0.186441 103
0.610169 123
0.20339 143
-123456
-654321
0.125 105
0.736111 125
0.138889 145
-123456
0.0779221 106
0.792208 126
0.12987 146
-123456
0.0987654 107
0.765432 127
0.135802 147
-123456
0.0692641 108
0.78355 128
0.147186 148
-123456
0.0533333 103
0.786667 123
0.16 143
-123456
0.106667 102
0.8 122
0.0933333 142
-123456
0.027027 101
0.824324 121
0.148649 141
-123456
0.0289855 100
0.797101 120
0.173913 140
-123456
0.115385 104
0.74359 124
0.141026 144
-123456
-654321
0.146067 106
0.696629 126
0.157303 146
-123456
0.0786517 107
0.775281 127
0.146067 147
-123456
0.0447761 108
0.800995 128
0.154229 148
-123456
0.054878 109
0.817073 129
0.128049 149
-123456
0.0864198 104
0.753086 124
0.160494 144
-123456
0.103774 103
0.754717 123
0.141509 143
-123456
0.119048 102
0.702381 122
0.178571 142
-123456
0.0990099 101
0.712871 121
0.188119 141
-123456
0.158537 105
0.682927 125
0.158537 145
-123456
-654321
0.0909091 107
0.718182 127
0.190909 147
-123456
0.10241 108
0.771084 128
0.126506 148
-123456
0.0882353 109
0.794118 129
0.117647 149
-123456
0.104803 110
0.720524 130
0.174672 150
-123456
0.109244 105
0.756303 125
0.134454 145
-123456
0.0769231 104
0.778846 124
0.144231 144
-123456
0.141414 103
0.79798 123
0.0606061 143
-123456
0.0909091 102
0.787879 122
0.121212 142
-123456
0.0948276 106
0.844828 126
0.0603448 146
-123456
-654321
0.155556 108
0.703704 128
0.140741 148
-123456
0.0964912 109
0.719298 129
0.184211 149
-123456
0.101333 110
0.789333 130
0.109333 150
-123456
0.119403 111
0.783582 131
0.0970149 151
-123456
0.140741 106
0.740741 126
0.118519 146
-123456
0.0803571 105
0.785714 125
0.133929 145
-123456
0.149533 104
0.747664 124
0.102804 144
-123456
0.135417 103
0.729167 123
0.135417 143
-123456
0.075 107
0.766667 127
0.158333 147
-123456
-654321
0.119658 109
0.760684 129
0.119658 149
-123456
0.0833333 110
0.786111 130
0.130556 150
-123456
0.127907 111
0.784884 131
0.0872093 151
-123456
0.0852273 112
0.772727 132
0.142045 152
-123456
0.130435 107
0.768116 127
0.101449 147
-123456
0.0925926 106
0.796296 126
0.111111 146
-123456
0.111111 105
0.777778 125
0.111111 145
-123456
0.100671 104
0.771812 124
0.127517 144
-123456
0.0989011 108
0.769231 128
0.131868 148
-123456
-654321
0.121311 110
0.754098 130
0.12459 150
-123456
0.102564 111
0.784615 131
0.112821 151
-123456
0.157303 112
0.719101 132
0.123596 152
-123456
0.106599 113
0.746193 133
0.147208 153
-123456
0.159574 108
0.734043 128
0.106383 148
-123456
0.162791 107
0.72093 127
0.116279 147
-123456
0.15625 106
0.729167 126
0.114583 146
-123456
0.149733 105
0.679144 125
0.171123 145
-123456
0.122494 109
0.737194 129
0.140312 149
-123456
-654321
0.125 111
0.744318 131
0.130682 151
-123456
0.142241 112
0.758621 132
0.0991379 152
-123456
0.16129 113
0.688172 133
0.150538 153
-123456
0.127358 114
0.735849 134
0.136792 154
-123456
0.112462 109
0.732523 129
0.155015 149
-123456
0.145374 108
0.726872 128
0.127753 148
-123456
0.095 107
0.775 127
0.13 147
-123456
0.121951 106
0.77561 126
0.102439 146
-123456
0.127737 110
0.748175 130
0.124088 150
-123456
-654321
0.152778 112
0.701389 132
0.145833 152
-123456
0.0986842 113
0.769737 133
0.131579 153
-123456
0.151515 114
0.787879 134
0.0606061 154
-123456
0.105634 115
0.78169 135
0.112676 155
-123456
0.11 110
0.795 130
0.095 150
-123456
0.118812 109
0.769802 129
0.111386 149
-123456
0.127517 108
0.744966 128
0.127517 148
-123456
0.0887574 107
0.792899 127
0.118343 147
-123456
0.138889 111
0.736111 131
0.125 151
-123456
-654321
0.155039 113
0.751938 133
0.0930233 153
-123456
0.152778 114
0.75 134
0.0972222 154
-123456
0.122642 115
0.754717 135
0.122642 155
-123456
0.125 116
0.789062 136
0.0859375 156
-123456
0.0540541 111
0.828829 131
0.117117 151
-123456
0.114286 110
0.778571 130
0.107143 150
-123456
0.140673 109
0.733945 129
0.125382 149
-123456
0.159341 108
0.747253 128
0.0934066 148
-123456
0.144 112
0.736 132
0.12 152
-123456
-654321
0.135135 114
0.774775 134
0.0900901 154
-123456
0.185567 115
0.742268 135
0.0721649 155
-123456
0.117117 116
0.810811 136
0.0720721 156
-123456
0.222222 117
0.666667 137
0.111111 157
-123456
0.122951 112
0.803279 132
0.0737705 152
-123456
0.105263 111
0.782895 131
0.111842 151
-123456
0.125 110
0.790441 130
0.0845588 150
-123456
0.151786 109
0.794643 129
0.0535714 149
-123456
0.171429 113
0.742857 133
0.0857143 153
-123456
-654321
0.153061 115
0.826531 135
0.0204082 155
-123456
0.136364 116
0.8 136
0.0636364 156
-123456
0.205128 117
0.666667 137
0.128205 157
-123456
0.0697674 118
0.813953 138
0.116279 158
-123456
0.163043 113
0.73913 133
0.0978261 153
-123456
0.140187 112
0.775701 132
0.0841122 152
-123456
0.112069 111
0.801724 131
0.0862069 151
-123456
0.173913 110
0.713043 130
0.113043 150
-123456
0.15 114
0.7875 134
0.0625 154
-123456
-654321
0.186047 116
0.755814 136
0.0581395 156
-123456
0.2 117
0.685714 137
0.114286 157
-123456
0.126984 118
0.777778 138
0.0952381 158
-123456
0.129032 119
0.758065 139
0.112903 159
-123456
0.186441 114
0.711864 134
0.101695 154
-123456
0.144444 113
0.788889 133
0.0666667 153
-123456
0.127517 112
0.778524 132
0.0939597 152
-123456
0.146497 111
0.738854 131
0.11465 151
-123456
0.139241 115
0.78481 135
0.0759494 155
-123456
-654321
0.114286 117
0.771429 137
0.114286 157
-123456
0.0806452 118
0.774194 138
0.145161 158
-123456
0.142857 119
0.730159 139
0.126984 159
-123456
0.0806452 115
0.887097 135
0.0322581 155
-123456
0.191781 114
0.726027 134
0.0821918 154
-123456
0.178082 113
0.753425 133
0.0684932 153
-123456
0.124424 112
0.764977 132
0.110599 152
-123456
0.168675 116
0.638554 136
0.192771 156
-123456
-654321
0.123288 118
0.849315 138
0.0273973 158
-123456
0.0666667 119
0.866667 139
0.0666667 159
-123456
0.0943396 116
0.830189 136
0.0754717 156
-123456
0.131148 115
0.754098 135
0.114754 155
-123456
0.08 114
0.92 134
-123456
0.10559 113
0.813665 133
0.0807453 153
-123456
0.111111 117
0.822222 137
0.0666667 157
-123456
-654321
0.15 119
0.816667 139
0.0333333 159
-123456
0.0925926 117
0.851852 137
0.0555556 157
-123456
0.225352 116
0.704225 136
0.0704225 156
-123456
0.163934 115
0.836066 135
-123456
0.227273 114
0.7 134
0.0727273 154
-123456
0.206897 118
0.706897 138
0.0862069 158
-123456
-654321
0.166667 118
0.785714 138
0.047619 158
-123456
0.145455 117
0.781818 137
0.0727273 157
-123456
0.192982 116
0.77193 136
0.0350877 156
-123456
0.163265 115
0.785714 135
0.0510204 155
-123456
0.128205 119
0.846154 139
0.025641 159
-123456
-654321
0.0263158 121
0.947368 141
0.0263158 161
-123456
0.0327869 122
0.885246 142
0.0819672 162
-123456
0.891892 143
0.108108 163
-123456
0.0659341 124
0.802198 144
0.131868 164
-123456
0.047619 120
0.880952 140
0.0714286 160
-123456
-654321
0.0638298 122
0.808511 142
0.12766 162
-123456
0.0555556 123
0.888889 143
0.0555556 163
-123456
0.0392157 124
0.803922 144
0.156863 164
-123456
0.0421053 125
0.852632 145
0.105263 165
-123456
0.0434783 120
0.782609 140
0.173913 160
-123456
0.145833 121
0.625 141
0.229167 161
-123456
-654321
0.0392157 123
0.803922 143
0.156863 163
-123456
0.849057 144
0.150943 164
-123456
0.0666667 125
0.853333 145
0.08 165
-123456
0.0756303 126
0.756303 146
0.168067 166
-123456
0.139535 121
0.697674 141
0.162791 161
-123456
0.0212766 120
0.87234 140
0.106383 160
-123456
0.0740741 122
0.777778 142
0.148148 162
-123456
-654321
0.0535714 124
0.892857 144
0.0535714 164
-123456
0.0408163 125
0.897959 145
0.0612245 165
-123456
0.867925 146
0.132075 166
-123456
0.0514286 127
0.857143 147
0.0914286 167
-123456
0.0576923 122
0.826923 142
0.115385 162
-123456
0.131148 121
0.819672 141
0.0491803 161
-123456
0.0952381 120
0.714286 140
0.190476 160
-123456
0.0909091 123
0.772727 143
0.136364 163
-123456
-654321
0.152542 125
0.745763 145
0.101695 165
-123456
0.0759494 126
0.810127 146
0.113924 166
-123456
0.0597015 127
0.80597 147
0.134328 167
-123456
0.0913462 128
0.793269 148
0.115385 168
-123456
0.027027 123
0.797297 143
0.175676 163
-123456
0.125 122
0.8125 142
0.0625 162
-123456
0.0363636 121
0.818182 141
0.145455 161
-123456
0.0142857 120
0.871429 140
0.114286 160
-123456
0.0483871 124
0.774194 144
0.177419 164
-123456
-654321
0.0909091 126
0.784091 146
0.125 166
-123456
0.106667 127
0.813333 147
0.08 167
-123456
0.103448 128
0.793103 148
0.103448 168
-123456
0.0816327 129
0.804082 149
0.114286 169
-123456
0.0779221 124
0.779221 144
0.142857 164
-123456
0.104651 123
0.744186 143
0.151163 163
-123456
0.137931 122
0.758621 142
0.103448 162
-123456
0.140845 121
0.704225 141
0.15493 161
-123456
0.105263 125
0.736842 145
0.157895 165
-123456
-654321
0.0860215 127
0.795699 147
0.11828 167
-123456
0.0863309 128
0.805755 148
0.107914 168
-123456
0.117904 129
0.737991 149
0.144105 169
-123456
0.0824742 130
0.845361 150
0.0721649 170
-123456
0.12766 125
0.734043 145
0.138298 165
-123456
0.084507 124
0.774648 144
0.140845 164
-123456
0.0909091 123
0.831169 143
0.0779221 163
-123456
0.128571 122
0.757143 142
0.114286 162
-123456
0.0864198 126
0.82716 146
0.0864198 166
-123456
-654321
0.0857143 128
0.771429 148
0.142857 168
-123456
0.064 129
0.816 149
0.12 169
-123456
0.0725552 130
0.839117 150
0.0883281 170
-123456
0.0880503 131
0.786164 151
0.125786 171
-123456
0.0862069 126
0.784483 146
0.12931 166
-123456
0.0803571 125
0.821429 145
0.0982143 165
-123456
0.075 124
0.808333 144
0.116667 164
-123456
0.0891089 123
0.811881 143
0.0990099 163
-123456
0.148936 127
0.77305 147
0.0780142 167
-123456
-654321
0.0992908 129
0.787234 149
0.113475 169
-123456
0.133758 130
0.745223 150
0.121019 170
-123456
0.111111 131
0.792271 151
0.0966184 171
-123456
0.062069 132
0.786207 152
0.151724 172
-123456
0.0705128 127
0.794872 147
0.134615 167
-123456
0.0847458 126
0.762712 146
0.152542 166
-123456
0.1 125
0.807692 145
0.0923077 165
-123456
0.125874 124
0.755245 144
0.118881 164
-123456
0.0933333 128
0.786667 148
0.12 168
-123456
-654321
0.0740741 130
0.830688 150
0.0952381 170
-123456
0.0926366 131
0.786223 151
0.12114 171
-123456
0.0780488 132
0.819512 152
0.102439 172
-123456
0.0978723 133
0.748936 153
0.153191 173
-123456
0.0949367 128
0.78481 148
0.120253 168
-123456
0.103093 127
0.762887 147
0.134021 167
-123456
0.128834 126
0.791411 146
0.0797546 166
-123456
0.0736196 125
0.815951 145
0.110429 165
-123456
0.122995 129
0.796791 149
0.0802139 169
-123456
-654321
0.0649351 131
0.796537 151
0.138528 171
-123456
0.133333 132
0.742857 152
0.12381 172
-123456
0.0928962 133
0.786885 153
0.120219 173
-123456
0.110497 134
0.790055 154
0.0994475 174
-123456
0.0956175 129
0.796813 149
0.10757 169
-123456
0.10101 128
0.813131 148
0.0858586 168
-123456
0.0405405 127
0.790541 147
0.168919 167
-123456
0.111842 126
0.710526 146
0.177632 166
-123456
0.149425 130
0.764368 150
0.0862069 170
-123456
-654321
0.0928571 132
0.789286 152
0.117857 172
-123456
0.102484 133
0.782609 153
0.114907 173
-123456
0.141667 134
0.7625 154
0.0958333 174
-123456
0.0843373 135
0.783133 155
0.13253 175
-123456
0.116466 130
0.759036 150
0.124498 170
-123456
0.11336 129
0.740891 149
0.145749 169
-123456
0.118644 128
0.792373 148
0.0889831 168
-123456
0.134328 127
0.75 147
0.115672 167
-123456
0.110014 131
0.77433 151
0.115656 171
-123456
-654321
0.108434 133
0.819277 153
0.0722892 173
-123456
0.0915493 134
0.816901 154
0.0915493 174
-123456
0.0802139 135
0.823529 155
0.0962567 175
-123456
0.125786 136
0.773585 156
0.100629 176
-123456
0.121827 131
0.807107 151
0.071066 171
-123456
0.146341 130
0.731707 150
0.121951 170
-123456
0.100304 129
0.787234 149
0.112462 169
-123456
0.0700935 128
0.827103 148
0.102804 168
-123456
0.141176 132
0.741176 152
0.117647 172
-123456
-654321
0.12234 134
0.797872 154
0.0797872 174
-123456
0.126437 135
0.816092 155
0.0574713 175
-123456
0.131429 136
0.76 156
0.108571 176
-123456
0.103261 137
0.820652 157
0.076087 177
-123456
0.110526 132
0.773684 152
0.115789 172
-123456
0.1222 131
0.773931 151
0.10387 171
-123456
0.0891089 130
0.816832 150
0.0940594 170
-123456
0.135294 129
0.770588 149
0.0941176 169
-123456
0.122222 133
0.777778 153
0.1 173
-123456
-654321
0.108527 135
0.79845 155
0.0930233 175
-123456
0.113636 136
0.833333 156
0.0530303 176
-123456
0.170068 137
0.734694 157
0.0952381 177
-123456
0.102941 138
0.808824 158
0.0882353 178
-123456
0.125 133
0.78125 153
0.09375 173
-123456
0.0846154 132
0.807692 152
0.107692 172
-123456
0.0933333 131
0.816667 151
0.09 171
-123456
0.100478 130
0.784689 150
0.114833 170
-123456
0.113924 134
0.78481 154
0.101266 174
-123456
-654321
0.15625 136
0.8125 156
0.03125 176
-123456
0.117117 137
0.801802 157
0.0810811 177
-123456
0.137097 138
0.790323 158
0.0725806 178
-123456
0.158879 139
0.757009 159
0.0841122 179
-123456
0.2 134
0.75 154
0.05 174
-123456
0.132075 133
0.781132 153
0.0867925 173
-123456
0.137931 132
0.793103 152
0.0689655 172
-123456
0.147287 131
0.736434 151
0.116279 171
-123456
0.137097 135
0.75 155
0.112903 175
-123456
-654321
0.173077 137
0.740385 157
0.0865385 177
-123456
0.152174 138
0.76087 158
0.0869565 178
-123456
0.215909 139
0.738636 159
0.0454545 179
-123456
0.104167 135
0.833333 155
0.0625 175
-123456
0.0736842 134
0.810526 154
0.115789 174
-123456
0.134146 133
0.788618 153
0.0772358 173
-123456
0.100775 132
0.79845 152
0.100775 172
-123456
0.0666667 136
0.833333 156
0.1 176
-123456
-654321
0.125 138
0.78125 158
0.09375 178
-123456
0.157895 139
0.75 159
0.0921053 179
-123456
0.195652 136
0.75 156
0.0543478 176
-123456
0.0784314 135
0.833333 155
0.0882353 175
-123456
0.127273 134
0.757576 154
0.115152 174
-123456
0.100559 133
0.810056 153
0.0893855 173
-123456
0.118812 137
0.821782 157
0.0594059 177
-123456
-654321
0.105263 139
0.815789 159
0.0789474 179
-123456
0.105263 137
0.815789 157
0.0789474 177
-123456
0.146341 136
0.817073 156
0.0365854 176
-123456
0.115385 135
0.846154 155
0.0384615 175
-123456
0.140704 134
0.768844 154
0.0904523 174
-123456
0.208955 138
0.746269 158
0.0447761 178
-123456
-654321
0.192982 138
0.754386 158
0.0526316 178
-123456
0.126316 137
0.821053 157
0.0526316 177
-123456
0.150538 136
0.741935 156
0.107527 176
-123456
0.16 135
0.74 155
0.1 175
-123456
0.121212 139
0.787879 159
0.0909091 179
-123456
-654321
0.0869565 141
0.73913 161
0.173913 181
-123456
0.09375 142
0.84375 162
0.0625 182
-123456
0.0533333 143
0.786667 163
0.16 183
-123456
0.0175439 144
0.824561 164
0.157895 184
-123456
0.0227273 140
0.840909 160
0.136364 180
-123456
-654321
0.0232558 142
0.860465 162
0.116279 182
-123456
0.0789474 143
0.789474 163
0.131579 183
-123456
0.904762 164
0.0952381 184
-123456
0.0776699 145
0.834951 165
0.0873786 185
-123456
0.0645161 140
0.774194 160
0.16129 180
-123456
0.131579 141
0.710526 161
0.157895 181
-123456
-654321
0.0666667 143
0.866667 163
0.0666667 183
-123456
0.758621 164
0.241379 184
-123456
0.0517241 145
0.862069 165
0.0862069 185
-123456
0.0564516 146
0.782258 166
0.16129 186
-123456
0.05 141
0.9 161
0.05 181
-123456
0.04 140
0.82 160
0.14 180
-123456
0.0666667 142
0.866667 162
0.0666667 182
-123456
-654321
0.123077 144
0.723077 164
0.153846 184
-123456
0.0727273 145
0.727273 165
0.2 185
-123456
0.0740741 146
0.814815 166
0.111111 186
-123456
0.0653595 147
0.803922 167
0.130719 187
-123456
0.0545455 142
0.818182 162
0.127273 182
-123456
0.0263158 141
0.947368 161
0.0263158 181
-123456
0.0597015 140
0.80597 160
0.134328 180
-123456
0.0408163 143
0.877551 163
0.0816327 183
-123456
-654321
0.0483871 145
0.870968 165
0.0806452 185
-123456
0.0185185 146
0.833333 166
0.148148 186
-123456
0.0520231 147
0.843931 167
0.104046 187
-123456
0.0615385 148
0.846154 168
0.0923077 188
-123456
0.0757576 143
0.742424 163
0.181818 183
-123456
0.0689655 142
0.844828 162
0.0862069 182
-123456
0.0377358 141
0.90566 161
0.0566038 181
-123456
0.0615385 140
0.815385 160
0.123077 180
-123456
0.0363636 144
0.927273 164
0.0363636 184
-123456
-654321
0.0694444 146
0.861111 166
0.0694444 186
-123456
0.0684932 147
0.890411 167
0.0410959 187
-123456
0.0566038 148
0.886792 168
0.0566038 188
-123456
0.0656566 149
0.813131 169
0.121212 189
-123456
0.057971 144
0.855072 164
0.0869565 184
-123456
0.0126582 143
0.924051 163
0.0632911 183
-123456
0.0821918 142
0.794521 162
0.123288 182
-123456
0.887324 161
0.112676 181
-123456
0.0769231 145
0.782051 165
0.141026 185
-123456
-654321
0.0481928 147
0.879518 167
0.0722892 187
-123456
0.0617284 148
0.740741 168
0.197531 188
-123456
0.0930233 149
0.872093 169
0.0348837 189
-123456
0.0862745 150
0.796078 170
0.117647 190
-123456
0.0526316 145
0.736842 165
0.210526 185
-123456
0.181818 144
0.688312 164
0.12987 184
-123456
0.0930233 143
0.802326 163
0.104651 183
-123456
0.0697674 142
0.813953 162
0.116279 182
-123456
0.0684932 146
0.849315 166
0.0821918 186
-123456
-654321
0.0849057 148
0.811321 168
0.103774 188
-123456
0.0454545 149
0.809091 169
0.145455 189
-123456
0.0810811 150
0.837838 170
0.0810811 190
-123456
0.0833333 151
0.816667 171
0.1 191
-123456
0.0841122 146
0.813084 166
0.102804 186
-123456
0.026087 145
0.791304 165
0.182609 185
-123456
0.11215 144
0.813084 164
0.0747664 184
-123456
0.109244 143
0.756303 163
0.134454 183
-123456
0.0932203 147
0.813559 167
0.0932203 187
-123456
-654321
0.0784314 149
0.813725 169
0.107843 189
-123456
0.0973451 150
0.831858 170
0.0707965 190
-123456
0.0862944 151
0.827411 171
0.0862944 191
-123456
0.0506329 152
0.852321 172
0.0970464 192
-123456
0.123711 147
0.783505 167
0.0927835 187
-123456
0.0526316 146
0.859649 166
0.0877193 186
-123456
0.0676692 145
0.842105 165
0.0902256 185
-123456
0.0708661 144
0.811024 164
0.11811 184
-123456
0.131387 148
0.773723 168
0.0948905 188
-123456
-654321
0.0743243 150
0.817568 170
0.108108 190
-123456
0.0933333 151
0.806667 171
0.1 191
-123456
0.0801887 152
0.834906 172
0.0849057 192
-123456
0.0934066 153
0.804945 173
0.101648 193
-123456
0.105263 148
0.81203 168
0.0827068 188
-123456
0.0967742 147
0.819355 167
0.083871 187
-123456
0.0894309 146
0.821138 166
0.0894309 186
-123456
0.0810811 145
0.837838 165
0.0810811 185
-123456
0.0588235 149
0.838235 169
0.102941 189
-123456
-654321
0.0763052 151
0.823293 171
0.100402 191
-123456
0.112554 152
0.792208 172
0.0952381 192
-123456
0.0987013 153
0.794805 173
0.106494 193
-123456
0.0913462 154
0.846154 174
0.0625 194
-123456
0.108434 149
0.771084 169
0.120482 189
-123456
0.0866667 148
0.846667 168
0.0666667 188
-123456
0.103448 147
0.810345 167
0.0862069 187
-123456
0.0727273 146
0.8 166
0.127273 186
-123456
0.0853659 150
0.786585 170
0.128049 190
-123456
-654321
0.0900563 152
0.812383 172
0.097561 192
-123456
0.0929368 153
0.814126 173
0.0929368 193
-123456
0.079646 154
0.849558 174
0.0707965 194
-123456
0.113043 155
0.821739 175
0.0652174 195
-123456
0.0732759 150
0.806035 170
0.12069 190
-123456
0.0521327 149
0.834123 169
0.113744 189
-123456
0.104545 148
0.809091 168
0.0863636 188
-123456
0.140909 147
0.795455 167
0.0636364 187
-123456
0.0997567 151
0.790754 171
0.109489 191
-123456
-654321
0.0682927 153
0.831707 173
0.1 193
-123456
0.146597 154
0.811518 174
0.0418848 194
-123456
0.0730769 155
0.842308 175
0.0846154 195
-123456
0.0995851 156
0.838174 176
0.0622407 196
-123456
0.0854701 151
0.834758 171
0.0797721 191
-123456
0.0790698 150
0.851163 170
0.0697674 190
-123456
0.08 149
0.808889 169
0.111111 189
-123456
0.116379 148
0.810345 168
0.0732759 188
-123456
0.104956 152
0.830904 172
0.0641399 192
-123456
-654321
0.105611 154
0.811881 174
0.0825083 194
-123456
0.0833333 155
0.809028 175
0.107639 195
-123456
0.128472 156
0.770833 176
0.100694 196
-123456
0.083871 157
0.806452 177
0.109677 197
-123456
0.0853994 152
0.834711 172
0.0798898 192
-123456
0.0913979 151
0.817204 171
0.0913979 191
-123456
0.077193 150
0.807018 170
0.115789 190
-123456
0.124161 149
0.778524 169
0.0973154 189
-123456
0.105606 153
0.816167 173
0.0782269 193
-123456
-654321
0.0994152 155
0.853801 175
0.0467836 195
-123456
0.11399 156
0.834197 176
0.0518135 196
-123456
0.0962567 157
0.812834 177
0.0909091 197
-123456
0.11828 158
0.801075 178
0.0806452 198
-123456
0.105528 153
0.819095 173
0.0753769 193
-123456
0.0840336 152
0.852941 172
0.0630252 192
-123456
0.0947581 151
0.810484 171
0.0947581 191
-123456
0.0816327 150
0.80102 170
0.117347 190
-123456
0.1 154
0.828571 174
0.0714286 194
-123456
-654321
0.116279 156
0.790698 176
0.0930233 196
-123456
0.0773481 157
0.845304 177
0.0773481 197
-123456
0.11236 158
0.825843 178
0.0617978 198
-123456
0.116564 159
0.822086 179
0.0613497 199
-123456
0.100671 154
0.834452 174
0.064877 194
-123456
0.0796813 153
0.832669 173
0.0876494 193
-123456
0.12963 152
0.787037 172
0.0833333 192
-123456
0.10989 151
0.82967 171
0.0604396 191
-123456
0.0960452 155
0.830508 175
0.0734463 195
-123456
-654321
0.112994 157
0.841808 177
0.0451977 197
-123456
0.0927152 158
0.834437 178
0.0728477 198
-123456
0.125749 159
0.796407 179
0.0778443 199
-123456
0.0884354 155
0.85034 175
0.0612245 195
-123456
0.123288 154
0.815068 174
0.0616438 194
-123456
0.106522 153
0.804348 173
0.0891304 193
-123456
0.0802139 152
0.818182 172
0.101604 192
-123456
0.101266 156
0.841772 176
0.056962 196
-123456
-654321
0.115854 158
0.77439 178
0.109756 198
-123456
0.0666667 159
0.833333 179
0.1 199
-123456
0.116438 156
0.80137 176
0.0821918 196
-123456
0.0913706 155
0.847716 175
0.0609137 195
-123456
0.112676 154
0.838028 174
0.0492958 194
-123456
0.0921788 153
0.843575 173
0.0642458 193
-123456
0.0555556 157
0.875 177
0.0694444 197
-123456
-654321
0.153846 159
0.784615 179
0.0615385 199
-123456
0.125 157
0.779412 177
0.0955882 197
-123456
0.0675676 156
0.851351 176
0.0810811 196
-123456
0.101796 155
0.856287 175
0.0419162 195
-123456
0.108696 154
0.830435 174
0.0608696 194
-123456
0.116279 158
0.806202 178
0.0775194 198
-123456
-654321
0.0689655 158
0.87931 178
0.0517241 198
-123456
0.0902256 157
0.804511 177
0.105263 197
-123456
0.0634921 156
0.883598 176
0.0529101 196
-123456
0.108696 155
0.793478 175
0.0978261 195
-123456
0.0285714 159
0.87619 179
0.0952381 199
-123456
-654321
0.0136986 161
0.986301 181
-123456
0.0416667 162
0.958333 182
-123456
0.0246914 163
0.975309 183
-123456
0.027933 164
0.972067 184
-123456
1 180
-123456
-654321
0.0365854 162
0.963415 182
-123456
0.0253165 163
0.974684 183
-123456
0.103896 164
0.896104 184
-123456
0.0452489 165
0.954751 185
-123456
0.012987 160
0.987013 180
-123456
1 181
-123456
-654321
0.0135135 163
0.986486 183
-123456
0.0212766 164
0.978723 184
-123456
1 185
-123456
0.0227273 166
0.977273 186
-123456
0.0215054 161
0.978495 181
-123456
0.0531915 160
0.946809 180
-123456
0.0253165 162
0.974684 182
-123456
-654321
0.0595238 164
0.940476 184
-123456
0.0560748 165
0.943925 185
-123456
0.0454545 166
0.954545 186
-123456
0.0486891 167
0.951311 187
-123456
1 182
-123456
0.0107527 161
0.989247 181
-123456
0.0434783 160
0.956522 180
-123456
0.0618557 163
0.938144 183
-123456
-654321
0.042735 165
0.957265 185
-123456
0.0434783 166
0.956522 186
-123456
0.00763359 167
0.992366 187
-123456
0.0390879 168
0.960912 188
-123456
0.0258621 163
0.974138 183
-123456
0.00934579 162
0.990654 182
-123456
0.0265487 161
0.973451 181
-123456
0.025 160
0.975 180
-123456
0.0350877 164
0.964912 184
-123456
-654321
0.0206897 166
0.97931 186
-123456
0.0413223 167
0.958678 187
-123456
0.0518519 168
0.948148 188
-123456
0.0296804 169
0.97032 189
-123456
0.0359712 164
0.964029 184
-123456
0.0277778 163
0.972222 183
-123456
0.0486111 162
0.951389 182
-123456
0.00680272 81
0.0204082 161
0.972789 181
-123456
0.0431655 165
0.956835 185
-123456
-654321
0.0258065 167
0.974194 187
-123456
0.027027 168
0.972973 188
-123456
0.0316456 169
0.968354 189
-123456
0.03125 170
0.96875 190
-123456
0.04 165
0.96 185
-123456
0.0261438 164
0.973856 184
-123456
0.0218978 163
0.978102 183
-123456
0.0275862 162
0.972414 182
-123456
0.0196078 166
0.980392 186
-123456
-654321
0.0374332 168
0.962567 188
-123456
0.0157068 169
0.984293 189
-123456
0.0294118 170
0.970588 190
-123456
0.0311203 171
0.96888 191
-123456
0.021978 166
0.978022 186
-123456
0.0421687 165
0.957831 185
-123456
0.0473373 164
0.952663 184
-123456
0.00581395 163
0.994186 183
-123456
0.0257732 167
0.974227 187
-123456
-654321
0.0358974 169
0.964103 189
-123456
0.0414508 170
0.958549 190
-123456
0.0283401 171
0.97166 191
-123456
0.025729 172
0.974271 192
-123456
0.0334928 167
0.966507 187
-123456
0.015625 166
0.984375 186
-123456
0.0173913 165
0.982609 185
-123456
0.0428571 164
0.957143 184
-123456
0.0514019 168
0.948598 188
-123456
-654321
0.0438247 170
0.956175 190
-123456
0.0462046 171
0.953795 191
-123456
0.04 172
0.96 192
-123456
0.0393325 173
0.960667 193
-123456
0.0201613 168
0.979839 188
-123456
0.0160643 167
0.983936 187
-123456
0.0307692 166
0.969231 186
-123456
0.0352113 165
0.964789 185
-123456
0.0268199 169
0.97318 189
-123456
-654321
0.0730897 171
0.92691 191
-123456
0.0278552 172
0.972145 192
-123456
0.0393604 173
0.96064 193
-123456
0.0229592 174
0.977041 194
-123456
0.0557491 169
0.944251 189
-123456
0.0465116 168
0.953488 188
-123456
0.0224359 167
0.977564 187
-123456
0.0379747 166
0.962025 186
-123456
0.0307167 170
0.969283 190
-123456
-654321
0.027933 172
0.972067 192
-123456
0.044289 173
0.955711 193
-123456
0.0418782 174
0.958122 194
-123456
0.034749 175
0.965251 195
-123456
0.0271084 170
0.972892 190
-123456
0.037464 169
0.962536 189
-123456
0.0645161 168
0.935484 188
-123456
0.0338462 167
0.966154 187
-123456
0.0414013 171
0.958599 191
-123456
-654321
0.0538793 173
0.946121 193
-123456
0.0386473 174
0.961353 194
-123456
0.0539326 175
0.946067 195
-123456
0.0384615 176
0.961538 196
-123456
0.0516432 171
0.948357 191
-123456
0.043257 170
0.956743 190
-123456
0.0455635 169
0.954436 189
-123456
0.0247525 168
0.975248 188
-123456
0.0465838 172
0.953416 192
-123456
-654321
0.0338681 174
0.966132 194
-123456
0.0408163 175
0.959184 195
-123456
0.0380349 176
0.961965 196
-123456
0.0321911 177
0.967809 197
-123456
0.0378486 172
0.962151 192
-123456
0.0309478 171
0.969052 191
-123456
0.0433213 170
0.956679 190
-123456
0.040636 169
0.959364 189
-123456
0.0310345 173
0.968966 193
-123456
-654321
0.0316056 175
0.968394 195
-123456
0.0326087 176
0.967391 196
-123456
0.0345324 177
0.965468 197
-123456
0.0386643 178
0.961336 198
-123456
0.0474308 173
0.952569 193
-123456
0.0356436 172
0.964356 192
-123456
0.0384615 171
0.961538 191
-123456
0.0533049 170
0.946695 190
-123456
0.0427046 174
0.957295 194
-123456
-654321
0.0462963 176
0.953704 196
-123456
0.0464789 177
0.953521 197
-123456
0.0472441 178
0.952756 198
-123456
0.0511182 179
0.948882 199
-123456
0.0358209 174
0.964179 194
-123456
0.0438034 173
0.956197 193
-123456
0.0456554 172
0.954345 192
-123456
0.0522023 171
0.947798 191
-123456
0.0508862 175
0.949114 195
-123456
-654321
0.0336488 177
0.966351 197
-123456
0.0386399 178
0.96136 198
-123456
0.0368509 179
0.963149 199
-123456
0.0429864 175
0.957014 195
-123456
0.0372671 174
0.962733 194
-123456
0.0437406 173
0.956259 193
-123456
0.0362776 172
0.963722 192
-123456
0.049904 176
0.950096 196
-123456
-654321
0.046875 178
0.953125 198
-123456
0.032491 179
0.967509 199
-123456
0.0319635 176
0.968037 196
-123456
0.0392799 175
0.96072 195
-123456
0.00182149 94
0.0364299 174
0.961749 194
-123456
0.0382082 173
0.961792 193
-123456
0.0462963 177
0.953704 197
-123456
-654321
0.0389016 179
0.961098 199
-123456
0.0429253 177
0.957075 197
-123456
0.0435685 176
0.956432 196
-123456
0.0494148 175
0.950585 195
-123456
0.0331126 174
0.966887 194
-123456
0.037296 178
0.962704 198
-123456
-654321
0.0508475 178
0.949153 198
-123456
0.0506608 177
0.949339 197
-123456
0.0488189 176
0.951181 196
-123456
0.0531108 175
0.946889 195
-123456
0.0496278 179
0.950372 199
-123456
-654321
