0.964674 1
0.0353261 11
-123456
0.963755 2
0.0362454 12
-123456
0.950413 3
0.0495868 13
-123456
0.962963 4
0.037037 14
-123456
0.963094 0
0.0369062 10
-123456
-654321
0.963563 2
0.0364372 12
-123456
0.957895 3
0.0421053 13
-123456
0.957661 4
0.0423387 14
-123456
0.966972 5
0.0330275 15
-123456
0.951199 0
0.0488007 10
-123456
0.959432 1
0.040568 11
-123456
-654321
0.97136 3
0.0286396 13
-123456
0.964286 4
0.0357143 14
-123456
0.963054 5
0.0369458 15
-123456
0.966507 6
0.0334928 16
-123456
0.95814 1
0.0418605 11
-123456
0.969858 0
0.0301418 10
-123456
0.965675 2
0.0343249 12
-123456
-654321
0.968 4
0.032 14
-123456
0.957606 5
0.042394 15
-123456
0.961988 6
0.0380117 16
-123456
0.967532 7
0.0324675 17
-123456
0.967302 2
0.0326975 12
-123456
0.948655 1
0.0488998 11
0.00244499 41
-123456
0.956204 0
0.0437956 10
-123456
0.951705 3
0.0482955 13
-123456
-654321
0.95114 5
0.0488599 15
-123456
0.958084 6
0.0419162 16
-123456
0.951807 7
0.0481928 17
-123456
0.970238 8
0.0297619 18
-123456
0.974063 3
0.0259366 13
-123456
0.940476 2
0.0595238 12
-123456
0.953079 1
0.0469208 11
-123456
0.968836 0
0.0311641 10
-123456
0.949555 4
0.0504451 14
-123456
-654321
0.959707 6
0.040293 16
-123456
0.945098 7
0.054902 17
-123456
0.953125 8
0.046875 18
-123456
0.958491 9
0.0415094 19
-123456
0.940945 4
0.0590551 14
-123456
0.9375 3
0.0625 13
-123456
0.949807 2
0.050193 12
-123456
0.96564 1
0.0331754 11
0.00118483 41
-123456
0.977186 5
0.0228137 15
-123456
-654321
0.973958 7
0.0260417 17
-123456
0.976526 8
0.0234742 18
-123456
0.969849 9
0.0301508 19
-123456
0.947137 5
0.0528634 15
-123456
0.972093 4
0.027907 14
-123456
0.942222 3
0.0577778 13
-123456
0.968699 2
0.029654 12
0.00164745 42
-123456
0.951691 6
0.0483092 16
-123456
-654321
0.968354 8
0.0316456 18
-123456
0.956098 9
0.0439024 19
-123456
0.977654 6
0.0223464 16
-123456
0.955 5
0.045 15
-123456
0.967213 4
0.0327869 14
-123456
0.965049 3
0.0349515 13
-123456
0.958084 7
0.0419162 17
-123456
-654321
0.959064 9
0.0409357 19
-123456
0.962766 7
0.037234 17
-123456
0.97561 6
0.0243902 16
-123456
0.968586 5
0.0314136 15
-123456
0.949881 4
0.0477327 14
0.00238663 54
-123456
0.964072 8
0.0359281 18
-123456
-654321
0.96875 8
0.03125 18
-123456
0.940476 7
0.0595238 17
-123456
0.973154 6
0.0268456 16
-123456
0.964481 5
0.0355191 15
-123456
0.932203 9
0.0677966 19
-123456
-654321
0.136095 1
0.781065 11
0.0828402 21
-123456
0.0607477 2
0.85514 12
0.0841122 22
-123456
0.084507 3
0.830986 13
0.084507 23
-123456
0.0357143 4
0.862245 14
0.102041 24
-123456
0.0609137 0
0.852792 10
0.0862944 20
-123456
-654321
0.100806 2
0.818548 12
0.0806452 22
-123456
0.0922509 3
0.833948 13
0.0738007 23
-123456
0.0735294 4
0.841912 14
0.0845588 24
-123456
0.0987654 5
0.802469 15
0.0987654 25
-123456
0.0843373 0
0.807229 10
0.108434 20
-123456
0.104777 1
0.784284 11
0.11094 21
-123456
-654321
0.11811 3
0.814961 13
0.0669291 23
-123456
0.0732601 4
0.838828 14
0.0879121 24
-123456
0.0675105 5
0.822785 15
0.109705 25
-123456
0.10274 6
0.811644 16
0.0856164 26
-123456
0.107576 1
0.784849 11
0.107576 21
-123456
0.093985 0
0.770677 10
0.135338 20
-123456
0.0986842 2
0.796053 12
0.105263 22
-123456
-654321
0.0843373 4
0.801205 14
0.114458 24
-123456
0.0674847 5
0.865031 15
0.0674847 25
-123456
0.0710383 6
0.846995 16
0.0819672 26
-123456
0.0843373 7
0.855422 17
0.060241 27
-123456
0.0962801 2
0.811816 12
0.0919037 22
-123456
0.0909091 1
0.843434 11
0.0656566 21
-123456
0.113924 0
0.829114 10
0.056962 20
-123456
0.0880503 3
0.811321 13
0.100629 23
-123456
-654321
0.0921986 5
0.801418 15
0.106383 25
-123456
0.0428571 6
0.864286 16
0.0928571 26
-123456
0.0567376 7
0.829787 17
0.113475 27
-123456
0.104294 8
0.779141 18
0.116564 28
-123456
0.10303 3
0.842424 13
0.0545455 23
-123456
0.0751445 2
0.872832 12
0.0520231 22
-123456
0.104762 1
0.806349 11
0.0888889 21
-123456
0.0972973 0
0.778378 10
0.124324 20
-123456
0.106509 4
0.804734 14
0.0887574 24
-123456
-654321
0.0952381 6
0.857143 16
0.047619 26
-123456
0.092437 7
0.773109 17
0.134454 27
-123456
0.0916667 8
0.8 18
0.108333 28
-123456
0.158333 9
0.733333 19
0.108333 29
-123456
0.088 4
0.832 14
0.08 24
-123456
0.0704225 3
0.788732 13
0.140845 23
-123456
0.0988024 2
0.817365 12
0.0838323 22
-123456
0.126506 1
0.813253 11
0.060241 21
-123456
0.0551181 5
0.84252 15
0.102362 25
-123456
-654321
0.125 7
0.821429 17
0.0535714 27
-123456
0.0789474 8
0.868421 18
0.0526316 28
-123456
0.0797101 9
0.811594 19
0.108696 29
-123456
0.104762 5
0.847619 15
0.047619 25
-123456
0.117647 4
0.823529 14
0.0588235 24
-123456
0.0884956 3
0.823009 13
0.0884956 23
-123456
0.107937 2
0.819048 12
0.0730159 22
-123456
0.0673077 6
0.826923 16
0.105769 26
-123456
-654321
0.0769231 8
0.846154 18
0.0769231 28
-123456
0.0319149 9
0.893617 19
0.0744681 29
-123456
0.101266 6
0.835443 16
0.0632911 26
-123456
0.0612245 5
0.857143 15
0.0816327 25
-123456
0.116279 4
0.802326 14
0.0813954 24
-123456
0.0774648 3
0.838028 13
0.084507 23
-123456
0.0952381 7
0.821429 17
0.0833333 27
-123456
-654321
0.0638298 9
0.787234 19
0.148936 29
-123456
0.060241 7
0.86747 17
0.0722892 27
-123456
0.0449438 6
0.842697 16
0.11236 26
-123456
0.131313 5
0.747475 15
0.121212 25
-123456
0.103139 4
0.807175 14
0.0896861 24
-123456
0.0731707 8
0.890244 18
0.0365854 28
-123456
-654321
0.0434783 8
0.913043 18
0.0434783 28
-123456
0.0666667 7
0.9 17
0.0333333 27
-123456
0.135417 6
0.78125 16
0.0833333 26
-123456
0.0714286 5
0.818681 15
0.10989 25
-123456
0.113924 9
0.772152 19
0.113924 29
-123456
-654321
0.079646 11
0.778761 21
0.141593 31
-123456
0.109375 12
0.8125 22
0.078125 32
-123456
0.0674157 13
0.775281 23
0.157303 33
-123456
0.143564 14
0.727723 24
0.128713 34
-123456
0.102564 10
0.760684 20
0.136752 30
-123456
-654321
0.123288 12
0.80137 22
0.0753425 32
-123456
0.0559441 13
0.881119 23
0.0629371 33
-123456
0.0825083 14
0.815181 24
0.10231 34
-123456
0.0342466 15
0.869863 25
0.0958904 35
-123456
0.0977444 10
0.729323 20
0.172932 30
-123456
0.100775 11
0.837209 21
0.0620155 31
-123456
-654321
0.0729167 13
0.829861 23
0.0972222 33
-123456
0.121827 14
0.766497 24
0.111675 34
-123456
0.0559441 15
0.86014 25
0.0839161 35
-123456
0.140625 16
0.742188 26
0.117188 36
-123456
0.0652174 11
0.847826 21
0.0869565 31
-123456
0.075188 10
0.819549 20
0.105263 30
-123456
0.08 12
0.82 22
0.1 32
-123456
-654321
0.140541 14
0.738739 24
0.120721 34
-123456
0.0824176 15
0.785714 25
0.131868 35
-123456
0.0714286 16
0.828571 26
0.1 36
-123456
0.0710059 17
0.804734 27
0.12426 37
-123456
0.145455 12
0.739394 22
0.115152 32
-123456
0.0759494 11
0.78481 21
0.139241 31
-123456
0.111732 10
0.782123 20
0.106145 30
-123456
0.11875 13
0.75 23
0.13125 33
-123456
-654321
0.104972 15
0.767956 25
0.127072 35
-123456
0.1 16
0.773684 26
0.126316 36
-123456
0.100503 17
0.773869 27
0.125628 37
-123456
0.126437 18
0.793103 28
0.0804598 38
-123456
0.102161 13
0.799607 23
0.0982318 33
-123456
0.144068 12
0.762712 22
0.0932203 32
-123456
0.0958904 11
0.771689 21
0.13242 31
-123456
0.16129 10
0.725806 20
0.112903 30
-123456
0.11828 14
0.774194 24
0.107527 34
-123456
-654321
0.125 16
0.803571 26
0.0714286 36
-123456
0.0791367 17
0.848921 27
0.0719424 37
-123456
0.164384 18
0.767123 28
0.0684932 38
-123456
0.0875912 19
0.817518 29
0.0948905 39
-123456
0.101523 14
0.812183 24
0.0862944 34
-123456
0.0972222 13
0.802083 23
0.100694 33
-123456
0.104396 12
0.818681 22
0.0769231 32
-123456
0.0895522 11
0.865672 21
0.0447761 31
-123456
0.0866142 15
0.866142 25
0.0472441 35
-123456
-654321
0.0810811 17
0.810811 27
0.108108 37
-123456
0.151515 18
0.69697 28
0.151515 38
-123456
0.11828 19
0.795699 29
0.0860215 39
-123456
0.132743 15
0.752212 25
0.115044 35
-123456
0.097561 14
0.780488 24
0.121951 34
-123456
0.108333 13
0.783333 23
0.108333 33
-123456
0.153061 12
0.765306 22
0.0816327 32
-123456
0.0568182 16
0.863636 26
0.0795455 36
-123456
-654321
0.142857 18
0.72449 28
0.132653 38
-123456
0.0833333 19
0.75 29
0.166667 39
-123456
0.12766 16
0.819149 26
0.0531915 36
-123456
0.132743 15
0.761062 25
0.106195 35
-123456
0.124402 14
0.751196 24
0.124402 34
-123456
0.122449 13
0.809524 23
0.0680272 33
-123456
0.126126 17
0.756757 27
0.117117 37
-123456
-654321
0.0842105 19
0.852632 29
0.0631579 39
-123456
0.117647 17
0.776471 27
0.105882 37
-123456
0.141414 16
0.777778 26
0.0808081 36
-123456
0.0645161 15
0.822581 25
0.112903 35
-123456
0.116667 14
0.788889 24
0.0944444 34
-123456
0.0684932 18
0.835616 28
0.0958904 38
-123456
-654321
0.153846 18
0.807692 28
0.0384615 38
-123456
0.0645161 17
0.784946 27
0.150538 37
-123456
0.166667 16
0.72619 26
0.107143 36
-123456
0.128866 15
0.762887 25
0.108247 35
-123456
0.112245 19
0.72449 29
0.163265 39
-123456
-654321
0.144444 21
0.788889 31
0.0666667 41
-123456
0.0824742 22
0.742268 32
0.175258 42
-123456
0.0408163 23
0.795918 33
0.163265 43
-123456
0.105263 24
0.77193 34
0.122807 44
-123456
0.0657895 20
0.815789 30
0.118421 40
-123456
-654321
0.171053 22
0.736842 32
0.0921053 42
-123456
0.113208 23
0.764151 33
0.122642 43
-123456
0.142157 24
0.715686 34
0.142157 44
-123456
0.12766 25
0.829787 35
0.0425532 45
-123456
0.151163 20
0.767442 30
0.0813954 40
-123456
0.0978261 21
0.76087 31
0.141304 41
-123456
-654321
0.209302 23
0.674419 33
0.116279 43
-123456
0.0981308 24
0.775701 34
0.126168 44
-123456
0.152 25
0.752 35
0.096 45
-123456
0.122222 26
0.744444 36
0.133333 46
-123456
0.192308 21
0.653846 31
0.153846 41
-123456
0.178218 20
0.722772 30
0.0990099 40
-123456
0.12844 22
0.733945 32
0.137615 42
-123456
-654321
0.059322 24
0.855932 34
0.0847458 44
-123456
0.136531 25
0.752768 35
0.110701 45
-123456
0.116505 26
0.786408 36
0.0970874 46
-123456
0.0677966 27
0.822034 37
0.110169 47
-123456
0.139785 22
0.741935 32
0.11828 42
-123456
0.07 21
0.75 31
0.18 41
-123456
0.0964912 20
0.77193 30
0.131579 40
-123456
0.0930233 23
0.790698 33
0.116279 43
-123456
-654321
0.120104 25
0.775457 35
0.104439 45
-123456
0.125786 26
0.754717 36
0.119497 46
-123456
0.130719 27
0.745098 37
0.124183 47
-123456
0.117647 28
0.738562 38
0.143791 48
-123456
0.125786 23
0.786164 33
0.0880503 43
-123456
0.148387 22
0.754839 32
0.0967742 42
-123456
0.0774648 21
0.788732 31
0.133803 41
-123456
0.0652174 20
0.73913 30
0.195652 40
-123456
0.117216 24
0.758242 34
0.124542 44
-123456
-654321
0.166667 26
0.713675 36
0.119658 46
-123456
0.106145 27
0.731844 37
0.162011 47
-123456
0.13125 28
0.75625 38
0.1125 48
-123456
0.0853659 29
0.756098 39
0.158537 49
-123456
0.139037 24
0.764706 34
0.0962567 44
-123456
0.114458 23
0.746988 33
0.138554 43
-123456
0.121212 22
0.717172 32
0.161616 42
-123456
0.0914634 21
0.77439 31
0.134146 41
-123456
0.138702 25
0.718121 35
0.143177 45
-123456
-654321
0.0915033 27
0.784314 37
0.124183 47
-123456
0.112 28
0.784 38
0.104 48
-123456
0.138614 29
0.752475 39
0.108911 49
-123456
0.126866 25
0.742537 35
0.130597 45
-123456
0.137931 24
0.724138 34
0.137931 44
-123456
0.0762712 23
0.788136 33
0.135593 43
-123456
0.128713 22
0.752475 32
0.118812 42
-123456
0.0982143 26
0.758929 36
0.142857 46
-123456
-654321
0.0707965 28
0.831858 38
0.0973451 48
-123456
0.0925926 29
0.824074 39
0.0833333 49
-123456
0.12037 26
0.796296 36
0.0833333 46
-123456
0.114428 25
0.746269 35
0.139303 45
-123456
0.168605 24
0.738372 34
0.0930233 44
-123456
0.0934579 23
0.831776 33
0.0747664 43
-123456
0.12931 27
0.767241 37
0.103448 47
-123456
-654321
0.142857 29
0.744898 39
0.112245 49
-123456
0.159574 27
0.744681 37
0.0957447 47
-123456
0.150442 26
0.752212 36
0.0973451 46
-123456
0.121212 25
0.777778 35
0.10101 45
-123456
0.120833 24
0.8 34
0.0791667 44
-123456
0.158879 28
0.719626 38
0.121495 48
-123456
-654321
0.114035 28
0.763158 38
0.122807 48
-123456
0.153846 27
0.721154 37
0.125 47
-123456
0.113043 26
0.756522 36
0.130435 46
-123456
0.10989 25
0.791209 35
0.0989011 45
-123456
0.09375 29
0.833333 39
0.0729167 49
-123456
-654321
0.147059 31
0.705882 41
0.147059 51
-123456
0.161765 32
0.705882 42
0.132353 52
-123456
0.111111 33
0.833333 43
0.0555556 53
-123456
0.113475 34
0.737589 44
0.148936 54
-123456
0.132353 30
0.75 40
0.117647 50
-123456
-654321
0.0952381 32
0.714286 42
0.190476 52
-123456
0.0886076 33
0.78481 43
0.126582 53
-123456
0.119266 34
0.788991 44
0.0917431 54
-123456
0.141844 35
0.77305 45
0.0851064 55
-123456
0.0736842 30
0.831579 40
0.0947368 50
-123456
0.166667 31
0.75 41
0.0833333 51
-123456
-654321
0.132353 33
0.691176 43
0.176471 53
-123456
0.0927835 34
0.731959 44
0.175258 54
-123456
0.0625 35
0.839286 45
0.0982143 55
-123456
0.106952 36
0.796791 46
0.0962567 56
-123456
0.0759494 31
0.78481 41
0.139241 51
-123456
0.141026 30
0.653846 40
0.205128 50
-123456
0.157895 32
0.736842 42
0.105263 52
-123456
-654321
0.0744681 34
0.851064 44
0.0744681 54
-123456
0.129032 35
0.758065 45
0.112903 55
-123456
0.0962567 36
0.748663 46
0.15508 56
-123456
0.110092 37
0.798165 47
0.0917431 57
-123456
0.0843373 32
0.795181 42
0.120482 52
-123456
0.0795455 31
0.761364 41
0.159091 51
-123456
0.111111 30
0.733333 40
0.155556 50
-123456
0.120879 33
0.681319 43
0.197802 53
-123456
-654321
0.10101 35
0.767677 45
0.131313 55
-123456
0.104712 36
0.790576 46
0.104712 56
-123456
0.0827068 37
0.789474 47
0.12782 57
-123456
0.0866142 38
0.787402 48
0.125984 58
-123456
0.137615 33
0.724771 43
0.137615 53
-123456
0.150538 32
0.752688 42
0.0967742 52
-123456
0.0948276 31
0.775862 41
0.12931 51
-123456
0.125 30
0.738636 40
0.136364 50
-123456
0.126126 34
0.72973 44
0.144144 54
-123456
-654321
0.1247 36
0.752998 46
0.122302 56
-123456
0.136054 37
0.789116 47
0.0748299 57
-123456
0.125984 38
0.755906 48
0.11811 58
-123456
0.10219 39
0.788321 49
0.109489 59
-123456
0.124138 34
0.765517 44
0.110345 54
-123456
0.148148 33
0.785185 43
0.0666667 53
-123456
0.070922 32
0.751773 42
0.177305 52
-123456
0.127119 31
0.745763 41
0.127119 51
-123456
0.117318 35
0.782123 45
0.100559 55
-123456
-654321
0.16055 37
0.711009 47
0.12844 57
-123456
0.167568 38
0.702703 48
0.12973 58
-123456
0.168539 39
0.662921 49
0.168539 59
-123456
0.168724 35
0.687243 45
0.144033 55
-123456
0.132275 34
0.756614 44
0.111111 54
-123456
0.0977011 33
0.770115 43
0.132184 53
-123456
0.168605 32
0.709302 42
0.122093 52
-123456
0.128788 36
0.734848 46
0.136364 56
-123456
-654321
0.11811 38
0.771654 48
0.110236 58
-123456
0.139665 39
0.698324 49
0.162011 59
-123456
0.118421 36
0.796053 46
0.0855263 56
-123456
0.126582 35
0.787975 45
0.085443 55
-123456
0.18239 34
0.742138 44
0.0754717 54
-123456
0.0789474 33
0.782895 43
0.138158 53
-123456
0.0797546 37
0.797546 47
0.122699 57
-123456
-654321
0.136364 39
0.757576 49
0.106061 59
-123456
0.0958904 37
0.787671 47
0.116438 57
-123456
0.138756 36
0.755981 46
0.105263 56
-123456
0.106667 35
0.786667 45
0.106667 55
-123456
0.151515 34
0.712121 44
0.136364 54
-123456
0.0733333 38
0.806667 48
0.12 58
-123456
-654321
0.117188 38
0.78125 48
0.101562 58
-123456
0.062069 37
0.848276 47
0.0896552 57
-123456
0.084507 36
0.802817 46
0.112676 56
-123456
0.165563 35
0.735099 45
0.0993377 55
-123456
0.135714 39
0.771429 49
0.0928571 59
-123456
-654321
0.0862069 41
0.810345 51
0.103448 61
-123456
0.109091 42
0.745455 52
0.145455 62
-123456
0.12963 43
0.703704 53
0.166667 63
-123456
0.137097 44
0.733871 54
0.129032 64
-123456
0.0819672 40
0.836066 50
0.0819672 60
-123456
-654321
0.19697 42
0.69697 52
0.106061 62
-123456
0.15873 43
0.714286 53
0.126984 63
-123456
0.0634921 44
0.857143 54
0.0793651 64
-123456
0.0864198 45
0.759259 55
0.154321 65
-123456
0.0217391 40
0.847826 50
0.130435 60
-123456
0.180556 41
0.680556 51
0.138889 61
-123456
-654321
0.0625 43
0.796875 53
0.140625 63
-123456
0.05 44
0.816667 54
0.133333 64
-123456
0.117647 45
0.823529 55
0.0588235 65
-123456
0.09375 46
0.78125 56
0.125 66
-123456
0.0897436 41
0.782051 51
0.128205 61
-123456
0.174603 40
0.714286 50
0.111111 60
-123456
0.0961538 42
0.788462 52
0.115385 62
-123456
-654321
0.111111 44
0.755556 54
0.133333 64
-123456
0.0909091 45
0.831169 55
0.0779221 65
-123456
0.0891089 46
0.742574 56
0.168317 66
-123456
0.118227 47
0.763547 57
0.118227 67
-123456
0.19403 42
0.761194 52
0.0447761 62
-123456
0.111111 41
0.777778 51
0.111111 61
-123456
0.0886076 40
0.78481 50
0.126582 60
-123456
0.151515 43
0.681818 53
0.166667 63
-123456
-654321
0.097561 45
0.780488 55
0.121951 65
-123456
0.184211 46
0.684211 56
0.131579 66
-123456
0.0932203 47
0.745763 57
0.161017 67
-123456
0.139098 48
0.725564 58
0.135338 68
-123456
0.123596 43
0.752809 53
0.123596 63
-123456
0.175 42
0.75 52
0.075 62
-123456
0.11236 41
0.730337 51
0.157303 61
-123456
0.129032 40
0.677419 50
0.193548 60
-123456
0.0851064 44
0.776596 54
0.138298 64
-123456
-654321
0.0952381 46
0.733333 56
0.171429 66
-123456
0.124031 47
0.713178 57
0.162791 67
-123456
0.125 48
0.738636 58
0.136364 68
-123456
0.152542 49
0.711864 59
0.135593 69
-123456
0.162393 44
0.683761 54
0.153846 64
-123456
0.158416 43
0.722772 53
0.118812 63
-123456
0.150943 42
0.707547 52
0.141509 62
-123456
0.132075 41
0.745283 51
0.122642 61
-123456
0.0952381 45
0.704762 55
0.2 65
-123456
-654321
0.114754 47
0.797814 57
0.0874317 67
-123456
0.161765 48
0.720588 58
0.117647 68
-123456
0.142322 49
0.722846 59
0.134831 69
-123456
0.125 45
0.757353 55
0.117647 65
-123456
0.111111 44
0.769231 54
0.119658 64
-123456
0.0983607 43
0.745902 53
0.155738 63
-123456
0.1 42
0.8 52
0.1 62
-123456
0.112 46
0.744 56
0.144 66
-123456
-654321
0.136719 48
0.761719 58
0.101562 68
-123456
0.142857 49
0.710526 59
0.146617 69
-123456
0.124294 46
0.740113 56
0.135593 66
-123456
0.1375 45
0.76875 55
0.09375 65
-123456
0.166667 44
0.696429 54
0.136905 64
-123456
0.10828 43
0.796178 53
0.0955414 63
-123456
0.157447 47
0.706383 57
0.13617 67
-123456
-654321
0.120172 49
0.785408 59
0.0944206 69
-123456
0.148649 47
0.699324 57
0.152027 67
-123456
0.136612 46
0.737705 56
0.125683 66
-123456
0.139037 45
0.743316 55
0.117647 65
-123456
0.129032 44
0.754839 54
0.116129 64
-123456
0.130653 48
0.698492 58
0.170854 68
-123456
-654321
0.140187 48
0.724299 58
0.135514 68
-123456
0.142157 47
0.75 57
0.107843 67
-123456
0.109929 46
0.748227 56
0.141844 66
-123456
0.184049 45
0.693252 55
0.122699 65
-123456
0.15311 49
0.746412 59
0.100478 69
-123456
-654321
0.0909091 51
0.872727 61
0.0363636 71
-123456
0.169811 52
0.754717 62
0.0754717 72
-123456
0.12 53
0.76 63
0.12 73
-123456
0.0887097 54
0.75 64
0.16129 74
-123456
0.113208 50
0.660377 60
0.226415 70
-123456
-654321
0.149254 52
0.671642 62
0.179104 72
-123456
0.145455 53
0.672727 63
0.181818 73
-123456
0.0823529 54
0.764706 64
0.152941 74
-123456
0.108844 55
0.748299 65
0.142857 75
-123456
0.123077 50
0.723077 60
0.153846 70
-123456
0.145161 51
0.709677 61
0.145161 71
-123456
-654321
0.161765 53
0.720588 63
0.117647 73
-123456
0.104167 54
0.8125 64
0.0833333 74
-123456
0.208333 55
0.729167 65
0.0625 75
-123456
0.148936 56
0.744681 66
0.106383 76
-123456
0.166667 51
0.777778 61
0.0555556 71
-123456
0.0724638 50
0.73913 60
0.188406 70
-123456
0.102941 52
0.808824 62
0.0882353 72
-123456
-654321
0.123288 54
0.712329 64
0.164384 74
-123456
0.160494 55
0.691358 65
0.148148 75
-123456
0.123457 56
0.765432 66
0.111111 76
-123456
0.133028 57
0.743119 67
0.123853 77
-123456
0.0857143 52
0.771429 62
0.142857 72
-123456
0.117647 51
0.779412 61
0.102941 71
-123456
0.05 50
0.783333 60
0.166667 70
-123456
0.210526 53
0.644737 63
0.144737 73
-123456
-654321
0.137931 55
0.666667 65
0.195402 75
-123456
0.108911 56
0.772277 66
0.118812 76
-123456
0.155039 57
0.713178 67
0.131783 77
-123456
0.0796813 58
0.776892 68
0.143426 78
-123456
0.177778 53
0.688889 63
0.133333 73
-123456
0.0957447 52
0.87234 62
0.0319149 72
-123456
0.11215 51
0.813084 61
0.0747664 71
-123456
0.117021 50
0.712766 60
0.170213 70
-123456
0.129032 54
0.763441 64
0.107527 74
-123456
-654321
0.0873786 56
0.796117 66
0.116505 76
-123456
0.0757576 57
0.787879 67
0.136364 77
-123456
0.122951 58
0.811475 68
0.0655738 78
-123456
0.131833 59
0.742765 69
0.125402 79
-123456
0.0961538 54
0.798077 64
0.105769 74
-123456
0.137615 53
0.770642 63
0.0917431 73
-123456
0.154639 52
0.649485 62
0.195876 72
-123456
0.0588235 51
0.803922 61
0.137255 71
-123456
0.108108 55
0.738739 65
0.153153 75
-123456
-654321
0.132716 57
0.768519 67
0.0987654 77
-123456
0.0769231 58
0.801282 68
0.121795 78
-123456
0.139706 59
0.735294 69
0.125 79
-123456
0.0984849 55
0.818182 65
0.0833333 75
-123456
0.078125 54
0.757812 64
0.164062 74
-123456
0.0875912 53
0.766423 63
0.145985 73
-123456
0.139344 52
0.721311 62
0.139344 72
-123456
0.122449 56
0.77551 66
0.102041 76
-123456
-654321
0.148352 58
0.774725 68
0.0769231 78
-123456
0.0857143 59
0.785714 69
0.128571 79
-123456
0.141026 56
0.730769 66
0.128205 76
-123456
0.0375 55
0.85 65
0.1125 75
-123456
0.0893855 54
0.821229 64
0.0893855 74
-123456
0.0967742 53
0.793548 63
0.109677 73
-123456
0.133758 57
0.732484 67
0.133758 77
-123456
-654321
0.150215 59
0.729614 69
0.120172 79
-123456
0.123077 57
0.757692 67
0.119231 77
-123456
0.112069 56
0.771552 66
0.116379 76
-123456
0.130233 55
0.75814 65
0.111628 75
-123456
0.143564 54
0.767327 64
0.0891089 74
-123456
0.118257 58
0.778008 68
0.103734 78
-123456
-654321
0.137555 58
0.746725 68
0.115721 78
-123456
0.149533 57
0.714953 67
0.135514 77
-123456
0.0869565 56
0.817391 66
0.0956522 76
-123456
0.155963 55
0.729358 65
0.114679 75
-123456
0.147059 59
0.731092 69
0.121849 79
-123456
-654321
0.129032 61
0.806452 71
0.0645161 81
-123456
0.125 62
0.796875 72
0.078125 82
-123456
0.131579 63
0.75 73
0.118421 83
-123456
0.131944 64
0.777778 74
0.0902778 84
-123456
0.216667 60
0.7 70
0.0833333 80
-123456
-654321
0.125 62
0.722222 72
0.152778 82
-123456
0.115942 63
0.84058 73
0.0434783 83
-123456
0.0350877 64
0.859649 74
0.105263 84
-123456
0.111111 65
0.803922 75
0.0849673 85
-123456
0.144578 60
0.686747 70
0.168675 80
-123456
0.118644 61
0.762712 71
0.118644 81
-123456
-654321
0.128571 63
0.757143 73
0.114286 83
-123456
0.136364 64
0.787879 74
0.0757576 84
-123456
0.0588235 65
0.870588 75
0.0705882 85
-123456
0.142132 66
0.751269 76
0.106599 86
-123456
0.0806452 61
0.822581 71
0.0967742 81
-123456
0.056338 60
0.873239 70
0.0704225 80
-123456
0.12987 62
0.727273 72
0.142857 82
-123456
-654321
0.0875 64
0.8 74
0.1125 84
-123456
0.0987654 65
0.753086 75
0.148148 85
-123456
0.0714286 66
0.77551 76
0.153061 86
-123456
0.0991736 67
0.785124 77
0.115702 87
-123456
0.153846 62
0.681319 72
0.164835 82
-123456
0.113636 61
0.852273 71
0.0340909 81
-123456
0.0694444 60
0.861111 70
0.0694444 80
-123456
0.0952381 63
0.797619 73
0.107143 83
-123456
-654321
0.0769231 65
0.778846 75
0.144231 85
-123456
0.0864198 66
0.82716 76
0.0864198 86
-123456
0.0820896 67
0.80597 77
0.11194 87
-123456
0.0949153 68
0.779661 78
0.125424 88
-123456
0.117647 63
0.77451 73
0.107843 83
-123456
0.0909091 62
0.840909 72
0.0681818 82
-123456
0.0879121 61
0.835165 71
0.0769231 81
-123456
0.08 60
0.79 70
0.13 80
-123456
0.166667 64
0.733333 74
0.1 84
-123456
-654321
0.103704 66
0.807407 76
0.0888889 86
-123456
0.0606061 67
0.765152 77
0.174242 87
-123456
0.0866667 68
0.846667 78
0.0666667 88
-123456
0.115493 69
0.769014 79
0.115493 89
-123456
0.141844 64
0.794326 74
0.0638298 84
-123456
0.0948276 63
0.767241 73
0.137931 83
-123456
0.109244 62
0.806723 72
0.0840336 82
-123456
0.0992366 61
0.763359 71
0.137405 81
-123456
0.154472 65
0.788618 75
0.0569106 85
-123456
-654321
0.105691 67
0.837398 77
0.0569106 87
-123456
0.107383 68
0.778524 78
0.114094 88
-123456
0.109415 69
0.776081 79
0.114504 89
-123456
0.116129 65
0.767742 75
0.116129 85
-123456
0.114504 64
0.80916 74
0.0763359 84
-123456
0.0729927 63
0.839416 73
0.0875912 83
-123456
0.109489 62
0.744526 72
0.145985 82
-123456
0.171053 66
0.690789 76
0.138158 86
-123456
-654321
0.0952381 68
0.782313 78
0.122449 88
-123456
0.109091 69
0.788636 79
0.102273 89
-123456
0.105882 66
0.794118 76
0.1 86
-123456
0.0753425 65
0.849315 75
0.0753425 85
-123456
0.0584795 64
0.80117 74
0.140351 84
-123456
0.100559 63
0.782123 73
0.117318 83
-123456
0.119048 67
0.785714 77
0.0952381 87
-123456
-654321
0.0681818 69
0.814935 79
0.116883 89
-123456
0.107623 67
0.780269 77
0.112108 87
-123456
0.111111 66
0.828283 76
0.0606061 86
-123456
0.0794393 65
0.799065 75
0.121495 85
-123456
0.104712 64
0.806283 74
0.0890052 84
-123456
0.128141 68
0.773869 78
0.0979899 88
-123456
-654321
0.125 68
0.774038 78
0.100962 88
-123456
0.10221 67
0.798343 77
0.0994475 87
-123456
0.0914127 66
0.797784 76
0.110803 86
-123456
0.125 65
0.775 75
0.1 85
-123456
0.0933522 69
0.792079 79
0.114569 89
-123456
-654321
0.115942 71
0.826087 81
0.057971 91
-123456
0.109756 72
0.829268 82
0.0609756 92
-123456
0.123288 73
0.753425 83
0.123288 93
-123456
0.103226 74
0.793548 84
0.103226 94
-123456
0.152778 70
0.791667 80
0.0555556 90
-123456
-654321
0.102564 72
0.833333 82
0.0641026 92
-123456
0.166667 73
0.772727 83
0.0606061 93
-123456
0.13253 74
0.795181 84
0.0722892 94
-123456
0.0886699 75
0.837438 85
0.0738916 95
-123456
0.0869565 70
0.847826 80
0.0652174 90
-123456
0.0769231 71
0.846154 81
0.0769231 91
-123456
-654321
0.0543478 73
0.869565 83
0.076087 93
-123456
0.0823529 74
0.835294 84
0.0823529 94
-123456
0.0526316 75
0.863158 85
0.0842105 95
-123456
0.0851064 76
0.787234 86
0.12766 96
-123456
0.0886076 71
0.810127 81
0.101266 91
-123456
0.0930233 70
0.790698 80
0.116279 90
-123456
0.134831 72
0.786517 82
0.0786517 92
-123456
-654321
0.126214 74
0.834951 84
0.038835 94
-123456
0.09375 75
0.802083 85
0.104167 95
-123456
0.12 76
0.82 86
0.06 96
-123456
0.0876494 77
0.864542 87
0.0478088 97
-123456
0.0555556 72
0.8 82
0.144444 92
-123456
0.0545455 71
0.854545 81
0.0909091 91
-123456
0.0808081 70
0.838384 80
0.0808081 90
-123456
0.0707071 73
0.868687 83
0.0606061 93
-123456
-654321
0.112069 75
0.801724 85
0.0862069 95
-123456
0.0683761 76
0.854701 86
0.0769231 96
-123456
0.168 77
0.776 87
0.056 97
-123456
0.0802469 78
0.805556 88
0.114198 98
-123456
0.0769231 73
0.820513 83
0.102564 93
-123456
0.0792079 72
0.910891 82
0.00990099 92
-123456
0.0806452 71
0.774194 81
0.145161 91
-123456
0.08 70
0.83 80
0.09 90
-123456
0.106796 74
0.815534 84
0.0776699 94
-123456
-654321
0.047619 76
0.836735 86
0.115646 96
-123456
0.139535 77
0.755814 87
0.104651 97
-123456
0.0540541 78
0.878378 88
0.0675676 98
-123456
0.117284 79
0.781893 89
0.100823 99
-123456
0.0620155 74
0.844961 84
0.0930233 94
-123456
0.0723684 73
0.815789 83
0.111842 93
-123456
0.0890411 72
0.842466 82
0.0684932 92
-123456
0.100671 71
0.765101 81
0.134228 91
-123456
0.0949367 75
0.822785 85
0.0822785 95
-123456
-654321
0.0993789 77
0.776398 87
0.124224 97
-123456
0.0621118 78
0.863354 88
0.0745342 98
-123456
0.0879121 79
0.81978 89
0.0923077 99
-123456
0.100592 75
0.822485 85
0.0769231 95
-123456
0.0754717 74
0.805031 84
0.119497 94
-123456
0.0833333 73
0.858974 83
0.0576923 93
-123456
0.0638298 72
0.836879 82
0.0992908 92
-123456
0.119497 76
0.811321 86
0.0691824 96
-123456
-654321
0.082397 78
0.838951 88
0.0786517 98
-123456
0.0812183 79
0.829949 89
0.0888325 99
-123456
0.0857143 76
0.811429 86
0.102857 96
-123456
0.0843373 75
0.837349 85
0.0783133 95
-123456
0.0728155 74
0.830097 84
0.0970874 94
-123456
0.101604 73
0.770053 83
0.128342 93
-123456
0.0430622 77
0.856459 87
0.100478 97
-123456
-654321
0.0676417 79
0.85192 89
0.0804388 99
-123456
0.0632911 77
0.848101 87
0.0886076 97
-123456
0.0917874 76
0.816425 86
0.0917874 96
-123456
0.116592 75
0.798206 85
0.0852018 95
-123456
0.0765306 74
0.841837 84
0.0816327 94
-123456
0.0815451 78
0.854077 88
0.0643777 98
-123456
-654321
0.102941 78
0.813025 88
0.0840336 98
-123456
0.0948081 77
0.835214 87
0.0699774 97
-123456
0.106667 76
0.797778 86
0.0955556 96
-123456
0.0805785 75
0.822314 85
0.0971074 95
-123456
0.0955665 79
0.794089 89
0.110345 99
-123456
-654321
0.0414201 81
0.95858 91
-123456
0.0580645 82
0.941935 92
-123456
0.0239521 83
0.976048 93
-123456
0.0350404 84
0.96496 94
-123456
0.0490798 80
0.95092 90
-123456
-654321
0.0581395 82
0.94186 92
-123456
0.044335 83
0.955665 93
-123456
0.0568182 84
0.943182 94
-123456
0.0384615 85
0.961538 95
-123456
0.031746 80
0.968254 90
-123456
0.0418605 81
0.95814 91
-123456
-654321
0.040404 83
0.959596 93
-123456
0.0615385 84
0.938462 94
-123456
0.010101 85
0.989899 95
-123456
0.0281955 86
0.971804 96
-123456
0.0388889 81
0.961111 91
-123456
0.0338164 80
0.966184 90
-123456
0.0291262 82
0.970874 92
-123456
-654321
0.0521739 84
0.947826 94
-123456
0.027027 85
0.972973 95
-123456
0.0240385 86
0.975962 96
-123456
0.0516717 87
0.948328 97
-123456
0.0381356 82
0.961864 92
-123456
0.0521327 81
0.947867 91
-123456
0.055 80
0.945 90
-123456
0.0511628 83
0.948837 93
-123456
-654321
0.0461538 85
0.953846 95
-123456
0.037594 86
0.962406 96
-123456
0.0379747 87
0.962025 97
-123456
0.0442055 88
0.955795 98
-123456
0.0387597 83
0.96124 93
-123456
0.05 82
0.95 92
-123456
0.0722892 81
0.927711 91
-123456
0.0297398 80
0.97026 90
-123456
0.023622 84
0.976378 94
-123456
-654321
0.0453172 86
0.954683 96
-123456
0.0534591 87
0.946541 97
-123456
0.0431267 88
0.956873 98
-123456
0.0441035 89
0.955896 99
-123456
0.056213 84
0.943787 94
-123456
0.0306748 83
0.969325 93
-123456
0.0418994 82
0.958101 92
-123456
0.0347826 81
0.965217 91
-123456
0.0242424 85
0.975758 95
-123456
-654321
0.0297767 87
0.970223 97
-123456
0.0421836 88
0.957816 98
-123456
0.0304818 89
0.969518 99
-123456
0.0428212 85
0.957179 95
-123456
0.0417755 84
0.958225 94
-123456
0.0418848 83
0.958115 93
-123456
0.0379404 82
0.96206 92
-123456
0.0244565 86
0.975543 96
-123456
-654321
0.0367816 88
0.963218 98
-123456
0.0392857 89
0.960714 99
-123456
0.0453401 86
0.95466 96
-123456
0.0474934 85
0.952507 95
-123456
0.0418719 84
0.958128 94
-123456
0.0486111 83
0.951389 93
-123456
0.025522 87
0.974478 97
-123456
-654321
0.0347752 89
0.965225 99
-123456
0.0271399 87
0.97286 97
-123456
0.0468432 86
0.953157 96
-123456
0.0334728 85
0.966527 95
-123456
0.0320151 84
0.967985 94
-123456
0.0229885 88
0.977012 98
-123456
-654321
0.0376007 88
0.962399 98
-123456
0.0361446 87
0.963855 97
-123456
0.0290118 86
0.970988 96
-123456
0.000931099 45
0.0428305 85
0.956238 95
-123456
0.0436933 89
0.956307 99
-123456
-654321
