1 354623
2 519464
3 704739
4 943821
5 1235762
6 1482548
7 1761841
8 1967753
9 2252347
10 2505975
11 2768166
12 2982496
13 3305506
14 3521651
15 3749694
16 4026305
17 4296188
18 4519908
19 4782311
20 5011519
21 5280395
22 5532795
23 5773980
24 6009020
25 6272925
26 6505386
27 6753367
28 7008400
29 7258042
30 7482232
31 7737966
32 7972775
33 8221693
34 8467827
35 8707042
36 8946593
37 9192216
38 9423015
39 9666072
40 9903660
41 10157071
42 10380492
43 10625820
44 10855874
45 11093288
46 11340362
47 11570289
48 11805563
49 12044625
50 12276559
51 12515676
52 12745434
53 12984390
54 13216591
55 13449810
56 13683649
57 13911800
58 14151882
59 14382346
60 14602170
61 14842289
62 15074584
63 15305286
64 15537754
65 15755552
66 15991447
67 16215921
68 16444299
69 16682370
70 16916249
71 17122773
72 17341413
73 17595053
74 17817580
75 18038754
76 18250370
77 18473241
78 18724459
79 18945561
80 19151532
81 19381659
82 19611704
83 19829798
84 20053031
85 20277338
86 20499635
87 20714654
88 20941451
89 21165767
90 21390035
91 21607562
92 21819177
93 22042967
94 22275864
95 22483893
96 22703762
97 22923418
98 23140395
99 23366903
100 23580534
101 23800167
102 24016186
103 24233895
104 24447164
105 24666042
106 24886406
107 25104343
108 25319498
109 25533340
110 25740178
111 25969684
112 26186252
113 26391976
114 26597634
115 26828863
116 27045630
117 27256714
118 27455991
119 27672226
120 27901682
121 28114686
122 28312349
123 28528536
124 28747060
125 28958613
126 29170650
127 29387376
128 29597703
129 29804930
130 30017278
131 30230262
132 30443217
133 30649816
134 30854223
135 31071349
136 31289203
137 31490625
138 31698226
139 31907134
140 32117579
141 32337398
142 32543949
143 32743935
144 32950347
145 33169768
146 33373290
147 33586009
148 33785688
149 33988176
150 34212882
151 34417578
152 34615729
153 34824643
154 35032204
155 35245310
156 35444658
157 35651638
158 35857158
159 36063420
160 36273414
161 36477714
162 36680854
163 36884730
164 37094450
165 37302431
166 37503111
167 37702050
168 37910645
169 38123800
170 38326437
171 38522092
172 38722093
173 38937900
174 39143466
175 39339145
176 39541311
177 39749030
178 39950603
179 40157164
180 40358778
181 40563338
182 40758774
183 40968576
184 41171988
185 41377497
186 41572657
187 41775985
188 41977442
189 42188883
190 42380396
191 42583597
192 42782385
193 42988209
194 43188110
195 43391098
196 43589598
197 43791122
198 43990386
199 44198320
200 44395071
201 44594699
202 44792403
203 44999717
204 45200070
205 45400267
206 45592321
207 45797044
208 46001506
209 46200547
210 46398051
211 46599210
212 46792515
213 47000329
214 47198357
215 47398485
216 47593803
217 47794036
218 47988069
219 48192643
220 48391228
221 48587423
222 48784241
223 48983677
224 49183809
225 49382155
226 49579313
227 49774339
228 49971467
229 50176099
230 50371191
231 50568627
232 50765022
233 50961007
234 51158868
235 51358225
236 51557177
237 51754182
238 51951318
239 52143539
240 52345910
241 52547905
242 52742871
243 52935279
244 53131066
245 53330128
246 53531767
247 53725189
248 53918674
249 54112750
250 54316370
251 54515634
252 54708796
253 54901580
254 55098724
255 55300469
256 55498145
257 55692614
258 55887626
259 56081854
260 56281884
261 56475790
262 56671235
263 56866842
264 57058588
265 57259992
266 57454589
267 57648800
268 57841920
269 58039393
270 58236455
271 58431097
272 58623008
273 58820216
274 59013887
275 59207790
276 59402579
277 59600587
278 59793637
279 59987481
280 60180036
281 60380075
282 60570815
283 60767023
284 60958584
285 61154333
286 61349973
287 61541630
288 61733150
289 61930118
290 62120609
291 62316005
292 62510017
293 62703621
294 62893280
295 63087884
296 63286152
297 63477178
298 63669087
299 63862247
300 64054755
301 64248558
302 64444111
303 64635278
304 64828055
305 65021570
306 65212492
307 65408888
308 65602115
309 65793331
310 65985448
311 66178593
312 66374216
313 66566467
314 66760110
315 66950946
316 67142551
317 67339288
318 67532494
319 67727118
320 67918162
321 68108330
322 68302540
323 68500612
324 68693534
325 68885055
326 69077086
327 69269594
328 69466627
329 69660876
330 69851853
331 70044128
332 70236664
333 70435073
334 70628608
335 70818770
336 71009226
337 71201065
338 71397596
339 71590111
340 71780183
341 71972533
342 72162476
343 72357941
344 72551134
345 72742386
346 72931370
347 73120983
348 73310973
349 73508238
350 73697356
351 73885555
352 74074114
353 74265528
354 74458346
355 74646259
356 74834338
357 75023768
358 75209518
359 75401453
360 75588228
361 75773944
362 75958053
363 76142204
364 76328833
365 76518134
366 76699672
367 76881694
368 77063809
369 77250539
370 77435857
371 77614964
372 77795678
373 77979310
374 78158993
375 78336546
376 78518402
377 78698298
378 78876850
379 79052169
380 79227443
381 79407818
382 79585251
383 79758046
384 79929461
385 80103489
386 80276695
387 80449517
388 80619704
389 80791872
390 80961006
391 81126734
392 81292335
393 81463597
394 81630976
395 81794539
396 81955676
397 82119635
398 82282746
399 82445748
400 82608392
401 82767030
402 82922219
403 83081282
404 83237918
405 83391750
406 83549897
407 83702199
408 83849686
409 84001584
410 84152528
411 84295862
412 84446871
413 84590118
414 84730961
415 84877675
416 85016556
417 85151645
418 85290853
419 85429472
420 85562798
421 85696076
422 85827011
423 85955924
424 86084302
425 86208520
426 86330785
427 86462536
428 86581531
429 86698475
430 86819062
431 86938943
432 87050788
433 87165560
434 87279631
435 87390901
436 87505394
437 87615895
438 87718934
439 87827689
440 87924809
441 88025782
442 88121374
443 88220596
444 88312735
445 88409820
446 88504999
447 88596725
448 88684291
449 88776786
450 88860598
451 88948159
452 89031219
453 89115522
454 89194776
455 89277336
456 89353711
457 89433824
458 89513077
459 89589761
460 89661405
461 89736833
462 89805646
463 89876971
464 89945405
465 90015919
466 90080407
467 90149078
468 90210274
469 90274926
470 90335021
471 90395899
472 90453229
473 90517063
474 90572452
475 90629914
476 90684857
477 90740750
478 90793170
479 90847473
480 90898060
481 90950892
482 91000571
483 91051990
484 91099032
485 91147258
486 91192363
487 91238696
488 91282844
489 91328320
490 91371533
491 91415910
492 91458299
493 91505810
494 91548571
495 91591662
496 91632157
497 91672970
498 91712569
499 91752979
500 91791821
501 91831340
502 91869820
503 91908865
504 91947095
505 91985250
506 92022180
507 92059671
508 92097993
509 92136002
510 92172894
511 92209644
512 92245736
513 92281657
514 92316883
515 92352073
516 92386477
517 92420867
518 92454804
519 92488893
520 92527608
521 92562471
522 92596619
523 92629831
524 92662886
525 92695832
526 92728292
527 92760403
528 92792171
529 92823545
530 92854570
531 92884845
532 92914477
533 92944242
534 92973852
535 93002930
536 93031229
537 93059211
538 93086071
539 93113660
540 93140682
541 93167380
542 93193600
543 93218786
544 93243718
545 93268254
546 93291904
547 93314989
548 93338349
549 93361312
550 93383567
551 93404635
552 93425263
553 93445890
554 93466867
555 93486372
556 93505321
557 93529422
558 93548437
559 93566666
560 93583963
561 93601991
562 93619735
563 93636723
564 93652580
565 93668293
566 93682870
567 93697182
568 93710838
569 93724430
570 93738202
571 93751178
572 93763643
573 93776357
574 93788296
575 93800041
576 93811616
577 93822557
578 93833178
579 93844023
580 93853961
581 93863674
582 93873348
583 93882277
584 93891125
585 93899540
586 93907585
587 93915248
588 93922953
589 93930393
590 93937397
591 93944404
592 93951140
593 93957582
594 93963984
595 93970082
596 93975954
597 93981933
598 93987497
599 93992847
600 93998065
601 94003080
602 94007908
603 94012576
604 94016979
605 94021364
606 94025527
607 94029534
608 94033428
609 94037250
610 94041147
611 94044705
612 94048182
613 94051607
614 94054910
615 94058185
616 94061240
617 94064304
618 94067119
619 94069784
620 94072526
621 94074928
622 94077286
623 94079598
624 94081794
625 94083990
626 94086088
627 94088257
628 94090255
629 94092097
630 94093856
631 94095573
632 94097213
633 94098744
634 94100247
635 94101744
636 94103198
637 94104540
638 94105815
639 94106947
640 94108032
641 94109116
642 94110126
643 94111127
644 94112095
645 94113061
646 94113979
647 94114886
648 94115755
649 94116622
650 94117476
651 94118270
652 94119030
653 94119801
654 94120554
655 94121263
656 94121952
657 94122659
658 94123298
659 94123910
660 94124519
661 94125111
662 94125676
663 94126264
664 94126820
665 94127363
666 94127884
667 94128395
668 94128900
669 94129412
670 94129879
671 94130347
672 94130804
673 94131263
674 94131717
675 94132146
676 94132598
677 94133042
678 94133458
679 94133869
680 94134284
681 94134690
682 94135087
683 94135502
684 94135893
685 94136301
686 94136689
687 94137062
688 94137430
689 94137804
690 94138151
691 94138497
692 94138842
693 94139203
694 94139542
695 94139876
696 94140211
697 94140542
698 94140870
699 94141200
700 94141522
701 94141841
702 94142162
703 94142485
704 94142817
705 94143136
706 94143459
707 94143772
708 94144087
709 94144399
710 94144711
711 94145012
712 94145313
713 94145613
714 94145916
715 94146213
716 94146515
717 94146812
718 94147108
719 94147408
720 94147709
721 94148000
722 94148284
723 94148569
724 94148848
725 94149131
726 94149412
727 94149694
728 94149969
729 94150247
730 94150525
731 94150802
732 94151081
733 94151367
734 94151641
735 94151916
736 94152191
737 94152468
738 94152741
739 94153019
740 94153293
741 94153572
742 94153845
743 94154123
744 94154393
745 94154664
746 94154936
747 94155209
748 94155483
749 94155754
750 94156030
751 94156299
752 94156566
753 94156830
754 94157093
755 94157359
756 94157621
757 94157883
758 94158143
759 94158405
760 94158668
761 94158929
762 94159192
763 94159456
764 94159716
765 94159978
766 94160239
767 94160500
768 94160762
769 94161024
770 94161284
771 94161544
772 94161804
773 94162065
774 94162326
775 94162588
776 94162847
777 94163111
778 94163382
779 94163640
780 94163899
781 94164158
782 94164415
783 94164672
784 94164930
785 94165187
786 94165444
787 94165705
788 94165959
789 94166214
790 94166468
791 94166723
792 94166977
793 94167236
794 94167492
795 94167749
796 94168005
797 94168270
798 94168520
799 94168771
800 94169022
801 94169273
802 94169525
803 94169775
804 94170024
805 94170274
806 94170524
807 94170775
808 94171024
809 94171277
810 94171526
811 94171775
812 94172025
813 94172273
814 94172523
815 94172772
816 94173022
817 94173271
818 94173519
819 94173769
820 94174016
821 94174265
822 94174513
823 94174761
824 94175008
825 94175259
826 94175507
827 94175756
828 94176003
829 94176252
830 94176499
831 94176747
832 94176994
833 94177242
834 94177488
835 94177735
836 94177981
837 94178228
838 94178475
839 94178723
840 94178970
841 94179221
842 94179469
843 94179715
844 94179961
845 94180208
846 94180454
847 94180700
848 94180945
849 94181191
850 94181439
851 94181685
852 94181930
853 94182177
854 94182423
855 94182669
856 94182916
857 94183168
858 94183415
859 94183659
860 94183903
861 94184147
862 94184391
863 94184637
864 94184881
865 94185125
866 94185368
867 94185612
868 94185854
869 94186097
870 94186340
871 94186584
872 94186826
873 94187072
874 94187315
875 94187558
876 94187801
877 94188044
878 94188290
879 94188534
880 94188774
881 94189017
882 94189258
883 94189501
884 94189741
885 94189983
886 94190223
887 94190464
888 94190705
889 94190945
890 94191189
891 94191430
892 94191671
893 94191912
894 94192154
895 94192395
896 94192637
897 94192877
898 94193116
899 94193356
900 94193595
901 94193836
902 94194077
903 94194318
904 94194557
905 94194797
906 94195039
907 94195279
908 94195519
909 94195759
910 94195999
911 94196239
912 94196478
913 94196718
914 94196958
915 94197198
916 94197439
917 94197679
918 94197918
919 94198158
920 94198397
921 94198638
922 94198879
923 94199123
924 94199363
925 94199604
926 94199843
927 94200083
928 94200323
929 94200564
930 94200803
931 94201042
932 94201280
933 94201519
934 94201759
935 94201999
936 94202238
937 94202478
938 94202720
939 94202959
940 94203201
941 94203440
