1 146884
2 303200
3 537851
4 913354
5 1453143
6 1827152
7 2298602
8 2498917
9 2990531
10 3380825
11 3795431
12 4021241
13 4647710
14 4896773
15 5192268
16 5643601
17 6089844
18 6366174
19 6772956
20 7050937
21 7468542
22 7847759
23 8177471
24 8476450
25 8888702
26 9192807
27 9556889
28 9929823
29 10299196
30 10585045
31 10980054
32 11286005
33 11659553
34 12010182
35 12338334
36 12655664
37 13011209
38 13309395
39 13650717
40 13964079
41 14336258
42 14608640
43 14953666
44 15247650
45 15553984
46 15899556
47 16197853
48 16507232
49 16816250
50 17113987
51 17436191
52 17729145
53 18036204
54 18336152
55 18641628
56 18945568
57 19217760
58 19547786
59 19840773
60 20097266
61 20431589
62 20727350
63 21019879
64 21328114
65 21584329
66 21890196
67 22166946
68 22457388
69 22793226
70 23094189
71 23307045
72 23565563
73 23936286
74 24224735
75 24478357
76 24715592
77 24989459
78 25364855
79 25617407
80 25828519
81 26134326
82 26437012
83 26698809
84 26958241
85 27232168
86 27504041
87 27745029
88 28013695
89 28290203
90 28567167
91 28819548
92 29050154
93 29310040
94 29623277
95 29843493
96 30100950
97 30356414
98 30593415
99 30874928
100 31109856
101 31366887
102 31598392
103 31845146
104 32087387
105 32338567
106 32599868
107 32836701
108 33079289
109 33318849
110 33530193
111 33822099
112 34055672
113 34267949
114 34478514
115 34767283
116 35002304
117 35228143
118 35417210
119 35660449
120 35946154
121 36164068
122 36343403
123 36594119
124 36844581
125 37069367
126 37285313
127 37529616
128 37757402
129 37969076
130 38185567
131 38415996
132 38647794
133 38863159
134 39065680
135 39297416
136 39546009
137 39737972
138 39955593
139 40172990
140 40384801
141 40638875
142 40849044
143 41035319
144 41250277
145 41489178
146 41690009
147 41918736
148 42105111
149 42304706
150 42561829
151 42764538
152 42946173
153 43164485
154 43384153
155 43604032
156 43790565
157 44001221
158 44208516
159 44405080
160 44631893
161 44833391
162 45032367
163 45232590
164 45439339
165 45658173
166 45849652
167 46033225
168 46250237
169 46468514
170 46665885
171 46842447
172 47030498
173 47269454
174 47463527
175 47634784
176 47830064
177 48046453
178 48239939
179 48435891
180 48629304
181 48830981
182 49003108
183 49226257
184 49412372
185 49617316
186 49792974
187 49989754
188 50186778
189 50399399
190 50556665
191 50753232
192 50936355
193 51142038
194 51325346
195 51521214
196 51704282
197 51896128
198 52081485
199 52281678
200 52462779
201 52652337
202 52831483
203 53041751
204 53218399
205 53405463
206 53569486
207 53771362
208 53973794
209 54154422
210 54338420
211 54529172
212 54699037
213 54912164
214 55079115
215 55264838
216 55436148
217 55628447
218 55795197
219 55989340
220 56171262
221 56344986
222 56521947
223 56711080
224 56885508
225 57071029
226 57249192
227 57419166
228 57596560
229 57786406
230 57957482
231 58144289
232 58320447
233 58498103
234 58678152
235 58850207
236 59032552
237 59213163
238 59395039
239 59554607
240 59735828
241 59937004
242 60107231
243 60267732
244 60444622
245 60614334
246 60805690
247 60968622
248 61138075
249 61308308
250 61494771
251 61682704
252 61851222
253 62012575
254 62189404
255 62367810
256 62546716
257 62717854
258 62887992
259 63059257
260 63233966
261 63399603
262 63572076
263 63743394
264 63907135
265 64085453
266 64253757
267 64420042
268 64588722
269 64765589
270 64933874
271 65101946
272 65261732
273 65439472
274 65604875
275 65774815
276 65931437
277 66115456
278 66278257
279 66442998
280 66604363
281 66778276
282 66933699
283 67106593
284 67268786
285 67440111
286 67599490
287 67756844
288 67914026
289 68094963
290 68248924
291 68410833
292 68576947
293 68745792
294 68897182
295 69069280
296 69241719
297 69397263
298 69560731
299 69723091
300 69883721
301 70053276
302 70211954
303 70367174
304 70529368
305 70697854
306 70853366
307 71013812
308 71182187
309 71337831
310 71497807
311 71664433
312 71828253
313 71988215
314 72153781
315 72308961
316 72477371
317 72639653
318 72802876
319 72974408
320 73131552
321 73288274
322 73454934
323 73621407
324 73784278
325 73941575
326 74107066
327 74268215
328 74433877
329 74601044
330 74758050
331 74917703
332 75080890
333 75259333
334 75426438
335 75580628
336 75737768
337 75897844
338 76064279
339 76227601
340 76388531
341 76551345
342 76707573
343 76868528
344 77040748
345 77203401
346 77358992
347 77520003
348 77679162
349 77852288
350 78012355
351 78166976
352 78324540
353 78490119
354 78657734
355 78816449
356 78976015
357 79138851
358 79294673
359 79458320
360 79618882
361 79777687
362 79927687
363 80076640
364 80242060
365 80403254
366 80549959
367 80697446
368 80850961
369 81021323
370 81175088
371 81317671
372 81467582
373 81636586
374 81791592
375 81935540
376 82088054
377 82246324
378 82404828
379 82548194
380 82692178
381 82845093
382 83008568
383 83156142
384 83295424
385 83449530
386 83605060
387 83742510
388 83886368
389 84043038
390 84194437
391 84334394
392 84470204
393 84618557
394 84773964
395 84912724
396 85043297
397 85188012
398 85335836
399 85471259
400 85624948
401 85763991
402 85889719
403 86038312
404 86182221
405 86315601
406 86459496
407 86602550
408 86722706
409 86867404
410 87015384
411 87131732
412 87273165
413 87401759
414 87521437
415 87681085
416 87808346
417 87918948
418 88056044
419 88200512
420 88307249
421 88435068
422 88561224
423 88681123
424 88813506
425 88924965
426 89030152
427 89170429
428 89277993
429 89375124
430 89496503
431 89623008
432 89716368
433 89826489
434 89946232
435 90051963
436 90164338
437 90287333
438 90380348
439 90511100
440 90593272
441 90699424
442 90783997
443 90891387
444 90969575
445 91082178
446 91169734
447 91263382
448 91341310
449 91449518
450 91521817
451 91617514
452 91696813
453 91788734
454 91859971
455 91952196
456 92018904
457 92109065
458 92186635
459 92271016
460 92335292
461 92423521
462 92484403
463 92560727
464 92627513
465 92710755
466 92770034
467 92856006
468 92910916
469 92987179
470 93046429
471 93114166
472 93167663
473 93237734
474 93288277
475 93355168
476 93409118
477 93472427
478 93521818
479 93583817
480 93630726
481 93692164
482 93741582
483 93805129
484 93851995
485 93907329
486 93950261
487 94001104
488 94043166
489 94093859
490 94135267
491 94184558
492 94225501
493 94274491
494 94318288
495 94368495
496 94408449
497 94456375
498 94494957
499 94539276
500 94577495
501 94619825
502 94658301
503 94700691
504 94741421
505 94783148
506 94820189
507 94860280
508 94903059
509 94942551
510 94980653
511 95019939
512 95058386
513 95097591
514 95135418
515 95174296
516 95210871
517 95247856
518 95283871
519 95321742
520 95358824
521 95396911
522 95436073
523 95471413
524 95508089
525 95545725
526 95582655
527 95624062
528 95661890
529 95698922
530 95736626
531 95772271
532 95806163
533 95842323
534 95880241
535 95916984
536 95952082
537 95987620
538 96019091
539 96055170
540 96090737
541 96126596
542 96163790
543 96196672
544 96230766
545 96264908
546 96297088
547 96327214
548 96362099
549 96396336
550 96430393
551 96459435
552 96487977
553 96518440
554 96555178
555 96584797
556 96613586
557 96641237
558 96670689
559 96700009
560 96731121
561 96759792
562 96786895
563 96815319
564 96842299
565 96870075
566 96894489
567 96918917
568 96940689
569 96962445
570 96987696
571 97009741
572 97030334
573 97053944
574 97074567
575 97094357
576 97114586
577 97132796
578 97150927
579 97171757
580 97189267
581 97206276
582 97225468
583 97240245
584 97256121
585 97271582
586 97285269
587 97298205
588 97312380
589 97325807
590 97337647
591 97350669
592 97362577
593 97373738
594 97385615
595 97396188
596 97406500
597 97417968
598 97428071
599 97437778
600 97447598
601 97456920
602 97466029
603 97474854
604 97482808
605 97491224
606 97498970
607 97506173
608 97513143
609 97520146
610 97528340
611 97535029
612 97541870
613 97548716
614 97555400
615 97562410
616 97568747
617 97575709
618 97581867
619 97587349
620 97594020
621 97599063
622 97604114
623 97609170
624 97613944
625 97618881
626 97623658
627 97629194
628 97634361
629 97638900
630 97643269
631 97647585
632 97651876
633 97655765
634 97659628
635 97663842
636 97668179
637 97672132
638 97676059
639 97679313
640 97682388
641 97685638
642 97688544
643 97691497
644 97694372
645 97697365
646 97700182
647 97702998
648 97705708
649 97708517
650 97711422
651 97714046
652 97716583
653 97719203
654 97721853
655 97724315
656 97726714
657 97729427
658 97731802
659 97734067
660 97736353
661 97738602
662 97740759
663 97743113
664 97745380
665 97747574
666 97749714
667 97751821
668 97753953
669 97756180
670 97758208
671 97760256
672 97762241
673 97764272
674 97766327
675 97768230
676 97770292
677 97772357
678 97774307
679 97776266
680 97778243
681 97780186
682 97782083
683 97784122
684 97786046
685 97788116
686 97790103
687 97792061
688 97793998
689 97795990
690 97797825
691 97799679
692 97801511
693 97803453
694 97805286
695 97807118
696 97808916
697 97810718
698 97812503
699 97814318
700 97816101
701 97817882
702 97819657
703 97821474
704 97823338
705 97825143
706 97826960
707 97828723
708 97830524
709 97832323
710 97834130
711 97835899
712 97837655
713 97839420
714 97841213
715 97842951
716 97844736
717 97846536
718 97848329
719 97850117
720 97851929
721 97853720
722 97855460
723 97861857
724 97863584
725 97865329
726 97867048
727 97868805
728 97870515
729 97872229
730 97873966
731 97875695
732 97877427
733 97879185
734 97880899
735 97882605
736 97884321
737 97886037
738 97887735
739 97889491
740 97891204
741 97892938
742 97894665
743 97896414
744 97898111
745 97899826
746 97901552
747 97903261
748 97904979
749 97906698
750 97908432
751 97910180
752 97911908
753 97913614
754 97915341
755 97917058
756 97918782
757 97920508
758 97922230
759 97923930
760 97925638
761 97927359
762 97929067
763 97930790
764 97932486
765 97934203
766 97935908
767 97937630
768 97939360
769 97941073
770 97942769
771 97944487
772 97946183
773 97947899
774 97949605
775 97951314
776 97953016
777 97954748
778 97956486
779 97958207
780 97959908
781 97961625
782 97963330
783 97965037
784 97966762
785 97968451
786 97970183
787 97971918
788 97973633
789 97975336
790 97977039
791 97978753
792 97980468
793 97982182
794 97983875
795 97985593
796 97987297
797 97989063
798 97990776
799 97992467
800 97994193
801 97995926
802 97997650
803 97999360
804 98001076
805 98002791
806 98004515
807 98006235
808 98007950
809 98009697
810 98011410
811 98013130
812 98014842
813 98016552
814 98018279
815 98019989
816 98021718
817 98023433
818 98025156
819 98026872
820 98028593
821 98030305
822 98032003
823 98033715
824 98035432
825 98037160
826 98038867
827 98040595
828 98042303
829 98044021
830 98045745
831 98047448
832 98049170
833 98050909
834 98052605
835 98054317
836 98056042
837 98057755
838 98059468
839 98061199
840 98062907
841 98064624
842 98066357
843 98068069
844 98069776
845 98071500
846 98073216
847 98074923
848 98076632
849 98078337
850 98080061
851 98081771
852 98083480
853 98085204
854 98086919
855 98088630
856 98090366
857 98092077
858 98093806
859 98095514
860 98097207
861 98098928
862 98100632
863 98102355
864 98104065
865 98105773
866 98107490
867 98109208
868 98110914
869 98112631
870 98114351
871 98116057
872 98117767
873 98119494
874 98121214
875 98122915
876 98124623
877 98126345
878 98128086
879 98129805
880 98131529
881 98133251
882 98134969
883 98136695
884 98138423
885 98140131
886 98141855
887 98143566
888 98145289
889 98147006
890 98148723
891 98150442
892 98152161
893 98153881
894 98155601
895 98157315
896 98159036
897 98160756
898 98162491
899 98164208
900 98165940
901 98167656
902 98169388
903 98171092
904 98172812
905 98174543
906 98176263
907 98177994
908 98179705
909 98181430
910 98183143
911 98184855
912 98186571
913 98188284
914 98189992
915 98191719
916 98193450
917 98195166
918 98196883
919 98198606
920 98200319
921 98202028
922 98203743
923 98205463
924 98207183
925 98208883
926 98210613
927 98212338
928 98214062
929 98215788
930 98217509
931 98219223
932 98220960
933 98222673
934 98224405
935 98226127
936 98227850
937 98229578
938 98231302
939 98233024
940 98234741
941 98236458
