1 343110
2 378220
3 653749
4 834803
5 1090876
6 1144137
7 1509023
8 1568260
9 1800553
10 1981181
11 2199307
12 2275730
13 2574070
14 2660414
15 2855742
16 3019180
17 3215081
18 3317993
19 3541444
20 3655896
21 3831390
22 3964012
23 4143434
24 4268747
25 4429705
26 4561535
27 4712236
28 4852292
29 4981628
30 5119194
31 5256956
32 5396184
33 5499644
34 5656220
35 5756299
36 5902768
37 5995898
38 6139262
39 6234624
40 6386225
41 6451048
42 6609768
43 6685080
44 6804116
45 6909372
46 7030589
47 7092850
48 7241294
49 7313004
50 7417927
51 7512463
52 7625349
53 7680600
54 7808156
55 7875669
56 7973431
57 8048218
58 8158981
59 8212070
60 8321262
61 8388225
62 8480651
63 8537311
64 8646235
65 8691130
66 8783730
67 8849780
68 8920320
69 8986310
70 9068152
71 9116214
72 9200745
73 9266309
74 9324699
75 9388229
76 9457888
77 9508955
78 9564817
79 9637293
80 9681691
81 9739533
82 9803732
83 9853432
84 9899192
85 9965718
86 10001786
87 10059106
88 10106284
89 10159902
90 10193257
91 10263036
92 10297176
93 10343238
94 10390915
95 10438736
96 10462805
97 10523376
98 10551406
99 10596857
100 10629108
101 10681132
102 10701473
103 10753242
104 10783551
105 10822244
106 10854224
107 10896878
108 10919889
109 10961338
110 10988921
111 11023509
112 11049310
113 11083392
114 11112101
115 11141735
116 11166788
117 11201756
118 11223897
119 11253323
120 11285485
121 11312763
122 11335657
123 11366181
124 11388104
125 11416917
126 11437856
127 11465821
128 11486971
129 11509650
130 11531446
131 11558897
132 11572181
133 11601275
134 11618271
135 11637519
136 11658990
137 11678117
138 11696544
139 11715406
140 11734291
141 11751836
142 11770155
143 11785220
144 11804589
145 11819068
146 11835053
147 11851671
148 11867010
149 11879846
150 11898815
151 11910235
152 11925025
153 11940146
154 11953814
155 11967240
156 11982326
157 11993596
158 12009275
159 12019985
160 12033596
161 12046811
162 12058151
163 12070421
164 12086018
165 12093323
166 12108705
167 12121823
168 12130768
169 12143878
170 12159120
171 12165008
172 12181095
173 12191777
174 12200367
175 12213977
176 12225568
177 12233190
178 12246991
179 12256982
180 12271220
181 12281294
182 12295075
183 12302922
184 12314538
185 12325233
186 12335645
187 12343895
188 12356399
189 12363783
190 12374126
191 12383187
192 12393491
193 12400396
194 12411432
195 12418296
196 12428420
197 12435819
198 12446383
199 12453423
200 12463040
201 12468958
202 12478375
203 12484809
204 12493422
205 12499460
206 12508262
207 12513689
208 12521795
209 12527221
210 12534797
211 12540748
212 12548898
213 12553967
214 12561312
215 12566173
216 12572840
217 12578975
218 12585319
219 12590608
220 12597363
221 12602729
222 12610296
223 12615994
224 12621912
225 12628058
226 12634362
227 12640545
228 12647006
229 12652862
230 12659007
231 12665730
232 12671750
233 12678566
234 12684221
235 12690466
236 12696486
237 12702873
238 12709247
239 12716151
240 12721678
241 12726687
242 12732034
243 12737734
244 12743057
245 12748962
246 12754769
247 12760481
248 12765306
249 12771189
250 12776294
251 12781346
252 12786642
253 12790993
254 12795936
255 12800809
256 12805696
257 12810333
258 12815164
259 12819721
260 12824434
261 12828416
262 12832548
263 12836925
264 12841197
265 12845185
266 12849428
267 12852807
268 12856895
269 12860335
270 12863470
271 12867045
272 12870623
273 12874305
274 12877756
275 12880577
276 12884163
277 12887482
278 12890474
279 12893440
280 12896294
281 12899081
282 12901450
283 12904282
284 12906640
285 12909262
286 12911671
287 12913594
288 12915751
289 12917712
290 12919484
291 12921510
292 12923140
293 12925084
294 12926691
295 12928366
296 12929611
297 12930811
298 12932010
299 12933173
300 12934168
301 12935095
302 12935953
303 12936923
304 12937742
305 12938568
306 12939357
307 12940021
308 12940728
309 12941531
310 12942286
311 12943050
312 12943646
313 12944256
314 12944843
315 12945381
316 12945938
317 12946501
318 12946969
319 12947482
320 12947980
321 12948413
322 12948803
323 12949208
324 12949590
325 12949961
326 12950292
327 12950661
328 12951008
329 12951337
330 12951713
331 12952032
332 12952378
333 12952712
334 12953055
335 12953358
336 12953711
337 12953999
338 12954277
339 12954603
340 12954912
341 12955173
342 12955454
343 12955730
344 12955961
345 12956214
346 12956458
347 12956731
348 12956990
349 12957260
350 12957522
351 12957767
352 12958010
353 12958234
354 12958465
355 12958692
356 12958913
357 12959143
358 12959371
359 12959596
360 12959831
361 12960052
362 12960274
363 12960493
364 12960710
365 12960927
366 12961145
367 12961368
368 12961598
369 12961822
370 12962038
371 12962255
372 12962473
373 12962690
374 12962908
375 12963133
376 12963345
377 12963565
378 12963778
379 12964001
380 12964214
381 12964433
382 12964656
383 12964872
384 12965083
385 12965295
386 12965509
387 12965724
388 12965936
389 12966152
390 12966366
391 12966580
392 12966791
393 12967010
394 12967221
395 12967435
396 12967649
397 12967859
398 12968074
399 12968287
400 12968497
401 12968704
402 12968911
403 12969121
404 12969329
405 12969547
406 12969754
407 12969961
408 12970170
409 12970377
410 12970586
411 12970796
412 12971003
413 12971210
414 12971420
415 12971627
416 12971834
417 12972042
418 12972248
419 12972454
420 12972663
421 12972871
422 12973078
423 12973284
424 12973495
425 12973704
426 12973915
427 12974122
428 12974329
429 12974536
430 12974744
431 12974951
432 12975157
433 12975367
434 12975575
435 12975781
436 12975991
437 12976199
438 12976405
439 12976612
440 12976819
441 12977025
442 12977233
443 12977443
444 12977652
445 12977860
446 12978068
447 12978275
448 12978482
449 12978688
450 12978894
451 12979100
452 12979306
453 12979517
454 12979724
455 12979930
456 12980136
457 12980342
458 12980548
459 12980754
460 12980960
461 12981167
462 12981379
463 12981587
464 12981793
465 12981999
466 12982209
467 12982416
468 12982623
469 12982831
470 12983038
471 12983245
472 12983451
473 12983657
474 12983867
475 12984074
476 12984282
477 12984488
478 12984695
479 12984901
480 12985107
481 12985313
482 12985524
483 12985731
484 12985942
485 12986148
486 12986354
487 12986560
488 12986766
489 12986972
490 12987178
491 12987384
492 12987590
493 12987796
494 12988003
495 12988209
496 12988416
497 12988623
498 12988829
499 12989035
500 12989241
501 12989450
502 12989662
503 12989868
504 12990077
505 12990283
506 12990489
507 12990695
508 12990901
509 12991107
510 12991313
511 12991519
512 12991725
513 12991935
514 12992141
515 12992347
516 12992554
517 12992760
518 12992966
519 12993172
520 12993382
521 12993588
522 12993793
523 12993999
524 12994205
525 12994411
526 12994618
527 12994824
528 12995032
529 12995238
530 12995449
531 12995656
532 12995862
533 12996069
534 12996276
535 12996484
536 12996690
537 12996896
538 12997102
