1 464689
2 214934
3 236819
4 292795
5 352522
6 282616
7 329367
8 225315
9 337521
10 291563
11 299269
12 239046
13 385304
14 244236
15 258364
16 322158
17 313023
18 252454
19 309743
20 255241
21 313672
22 291470
23 279018
24 262251
25 307828
26 267833
27 285317
28 290106
29 287726
30 257757
31 295316
32 262929
33 289390
34 282851
35 274509
36 269759
37 286675
38 262178
39 278198
40 266607
41 296466
42 253960
43 281202
44 265342
45 265601
46 282849
47 261917
48 271769
49 268908
50 263447
51 273198
52 264712
53 267393
54 263646
55 266142
56 269178
57 253823
58 274051
59 265480
60 248448
61 275068
62 259528
63 266181
64 264358
65 245566
66 263526
67 257607
68 258928
69 271701
70 262254
71 234819
72 245968
73 291600
74 252529
75 249566
76 237623
77 252068
78 288766
79 248000
80 230013
81 261860
82 261961
83 249676
84 247824
85 253859
86 251464
87 246140
88 252694
89 253837
90 254551
91 248213
92 237145
93 248071
94 265169
95 236543
96 247524
97 248095
98 239698
99 259778
100 240024
101 247413
102 238198
103 248571
104 238443
105 246946
106 249052
107 244878
108 242582
109 240572
110 230989
111 265216
112 239669
113 230583
114 229994
115 262677
116 243127
117 237020
118 221734
119 242903
120 263851
121 234252
122 219322
123 243915
124 249917
125 237020
126 232749
127 244396
128 239326
129 231141
130 233500
131 239314
132 239383
133 235285
134 227703
135 240021
136 245063
137 228642
138 232489
139 234287
140 230650
141 251934
142 230690
143 222923
144 230847
145 246405
146 227118
147 238965
148 221664
149 225707
150 252617
151 228709
152 220820
153 234640
154 236378
155 234306
156 222130
157 231617
158 233378
159 226268
160 235616
161 228135
162 226950
163 231488
164 230290
165 233053
166 223814
167 225074
168 233046
169 234767
170 226332
171 217425
172 226440
173 242529
174 225162
175 216989
176 229486
177 232739
178 224097
179 226099
180 224812
181 231987
182 217143
183 235021
184 222157
185 233268
186 216476
187 226644
188 224234
189 236066
190 211568
191 226581
192 220958
193 229329
194 221447
195 225976
196 220793
197 224876
198 225105
199 227989
200 218298
201 221831
202 219149
203 235399
204 218665
205 222784
206 212471
207 228604
208 231205
209 216796
210 219482
211 224044
212 217936
213 232014
214 215278
215 222575
216 216391
217 226528
218 214679
219 223935
220 220541
221 221317
222 218162
223 221730
224 217451
225 220510
226 222289
227 216276
228 218613
229 223171
230 220121
231 219428
232 218048
233 217508
234 220091
235 220862
236 220444
237 218836
238 218993
239 213076
240 224113
241 224892
242 216299
243 212948
244 221111
245 216245
246 224352
247 214010
248 214315
249 218409
250 221730
251 221228
252 213517
253 217133
254 218821
255 219508
256 219146
257 215233
258 220066
259 215314
260 217626
261 214893
262 216965
263 220524
264 212111
265 219820
266 215847
267 219120
268 213861
269 219270
270 214141
271 215658
272 215871
273 218864
274 214314
275 214830
276 211250
277 223834
278 212926
279 214901
280 213356
281 222038
282 210925
283 217826
284 212094
285 217000
286 216416
287 212274
288 211611
289 219352
290 210450
291 216144
292 214938
293 215051
294 209680
295 219537
296 215561
297 211726
298 212347
299 213780
300 216705
301 214778
302 212224
303 211609
304 213641
305 218365
306 210541
307 213492
308 214009
309 211711
310 216465
311 213946
312 212354
313 212699
314 218273
315 211371
316 212147
317 213860
318 213594
319 219119
320 210997
321 209778
322 214940
323 215005
324 216986
325 211602
326 212282
327 212531
328 217781
329 215093
330 211093
331 212684
332 213030
333 219352
334 214266
335 210525
336 211144
337 212567
338 216876
339 213199
340 210539
341 212989
342 209852
343 215989
344 213880
345 211878
346 208934
347 213482
348 209963
349 214006
350 209141
351 208328
352 212576
353 212478
354 208712
355 207794
356 207799
357 213770
358 205190
359 207596
360 206538
361 205117
362 206531
363 202735
364 205354
365 205435
366 200931
367 205259
368 201619
369 206132
370 200546
371 197624
372 203795
373 202752
374 198147
375 196446
376 196944
377 202334
378 196308
379 193793
380 193569
381 194692
382 199136
383 191190
384 189436
385 192166
386 190359
387 190295
388 187989
389 189264
390 186019
391 182962
392 182761
393 187978
394 184062
395 180478
396 177779
397 180485
398 183023
399 175866
400 178687
401 174721
402 171308
403 174850
404 175717
405 169779
406 169701
407 167590
408 162915
409 166939
410 169224
411 158155
412 161194
413 158096
414 155285
415 160513
416 156675
417 149090
418 152660
419 151956
420 142788
421 146050
422 143092
423 145686
424 140899
425 136609
426 134577
427 139810
428 131131
429 129033
430 136079
431 131456
432 123403
433 125739
434 125082
435 122381
436 121487
437 120858
438 117282
439 118749
440 107028
441 110651
442 105232
443 108754
444 101570
445 106173
446 100501
447 100501
448 100216
449 101001
450 92446
451 96084
452 91347
453 92425
454 86919
455 90190
456 84045
457 87692
458 82972
459 87795
460 78930
461 82610
462 75806
463 78348
464 75504
465 77240
466 71094
467 75108
468 67504
469 70968
470 66236
471 66892
472 63268
473 69705
474 61036
475 62989
476 60417
477 61352
478 57732
479 59702
480 55859
481 58018
482 54803
483 56341
484 52015
485 53057
486 49855
487 51686
488 49281
489 50512
490 48050
491 53534
492 47469
493 48509
494 46698
495 47403
496 44698
497 45163
498 43787
499 44637
500 42970
501 43620
502 42540
503 43189
504 42283
505 42213
506 40934
507 41453
508 41427
509 40519
510 39862
511 39867
512 39324
513 39195
514 43527
515 39924
516 38645
517 38477
518 37772
519 38002
520 37485
521 37394
522 38406
523 37691
524 37106
525 36824
526 36101
527 35795
528 35235
529 34877
530 34411
531 33629
532 32807
533 32856
534 32816
535 32257
536 31374
537 30944
538 29738
539 30475
540 29912
541 29462
542 28946
543 33409
544 29103
545 27970
546 26735
547 25937
548 26177
549 25650
550 24745
551 23373
552 22749
553 22754
554 23050
555 21483
556 20752
557 20201
558 19920
559 19522
560 18534
561 18415
562 17880
563 17654
564 16793
565 16825
566 15616
567 15371
568 14669
569 14536
570 14771
571 13895
572 13337
573 13553
574 12770
575 12522
576 12341
577 11644
578 11306
579 11532
580 10535
581 10297
582 10297
583 9494
584 9392
585 8939
586 8579
587 8150
588 8205
589 7899
590 7460
591 7464
592 7207
593 6904
594 6879
595 6509
596 6266
597 6398
598 5932
599 5725
600 5581
601 5359
602 5159
603 5001
604 4714
605 4680
606 4470
607 4273
608 4179
609 4095
610 4171
611 3799
612 3758
613 3677
614 3561
615 3501
616 3269
617 3303
618 3059
619 2858
620 2962
621 2585
622 2540
623 2494
624 2380
625 2366
626 2287
627 2340
628 2157
629 2009
630 1926
631 1866
632 1799
633 1668
634 1628
635 1652
636 1588
637 1473
638 1403
639 1241
640 1185
641 1193
642 1111
643 1101
644 1056
645 1066
646 1014
647 994
648 955
649 964
650 941
651 881
652 844
653 852
654 839
655 786
656 768
657 777
658 712
659 680
660 677
661 659
662 637
663 658
664 628
665 607
666 580
667 570
668 572
669 578
670 526
671 533
672 518
673 519
674 518
675 490
676 4323
677 508
678 474
679 469
680 474
681 467
682 451
683 469
684 446
685 478
686 449
687 428
688 423
689 433
690 399
691 399
692 396
693 409
694 393
695 387
696 385
697 381
698 376
699 378
700 370
701 369
702 370
703 375
704 385
705 376
706 373
707 361
708 364
709 362
710 360
711 350
712 347
713 347
714 350
715 343
716 353
717 347
718 346
719 343
720 346
721 336
722 330
723 329
724 323
725 326
726 322
727 327
728 327
729 325
730 323
731 322
732 325
733 331
734 318
735 319
736 319
737 320
738 317
739 324
740 325
741 323
742 318
743 323
744 313
745 315
746 319
747 315
748 314
749 314
750 319
751 315
752 309
753 313
754 310
755 309
756 307
757 306
758 304
759 307
760 307
761 304
762 304
763 307
764 304
765 304
766 308
767 308
768 309
769 307
770 304
771 305
772 307
773 307
774 304
775 305
776 303
777 307
778 309
779 306
780 303
781 305
782 301
783 300
784 302
785 300
786 302
787 303
788 299
789 298
790 298
791 298
792 301
793 300
794 297
795 300
796 299
797 306
798 294
799 295
800 297
801 294
802 294
803 291
804 293
805 293
806 297
807 295
808 292
809 295
810 293
811 293
812 295
813 291
814 291
815 291
816 294
817 291
818 291
819 298
820 291
821 291
822 290
823 290
824 289
825 293
826 291
827 293
828 291
829 291
830 290
831 291
832 290
833 298
834 292
835 292
836 292
837 290
838 289
839 293
840 289
841 289
842 289
843 288
844 288
845 290
846 289
847 292
848 290
849 290
850 291
851 288
852 288
853 289
854 288
855 289
856 290
857 288
858 289
859 286
860 288
861 290
862 287
863 287
864 286
865 287
866 285
867 287
868 285
869 286
870 287
871 287
872 285
873 286
874 285
875 289
876 285
877 285
878 290
879 286
880 285
881 283
882 284
883 286
884 284
885 283
886 286
887 284
888 283
889 287
890 284
891 283
892 283
893 284
894 283
895 284
896 286
897 284
898 283
899 284
900 282
901 283
902 283
903 285
904 282
905 284
906 284
907 283
908 282
909 283
910 282
911 282
912 283
913 282
914 283
915 283
916 283
917 284
918 280
919 283
920 283
921 283
922 283
923 283
924 283
925 282
926 283
927 283
928 283
929 285
930 282
931 285
932 282
933 282
934 281
935 282
936 281
937 281
938 283
939 281
940 283
941 280
