1 343241
2 164699
3 184888
4 234138
5 292805
6 248443
7 275642
8 203806
9 284952
10 252941
11 261537
12 212395
13 320450
14 217256
15 228485
16 271026
17 271308
18 224806
19 260508
20 226381
21 270532
22 251590
23 240678
24 231880
25 265462
26 233045
27 247129
28 250810
29 252455
30 225397
31 254130
32 231519
33 251638
34 245978
35 238941
36 236156
37 248360
38 231474
39 242048
40 234272
41 251874
42 228506
43 244555
44 230727
45 233167
46 250077
47 229710
48 235582
49 235131
50 235810
51 238366
52 230028
53 234876
54 236108
55 233136
56 234045
57 224669
58 239694
59 233991
60 220938
61 239864
62 229031
63 234562
64 232756
65 218586
66 232497
67 224898
68 232736
69 237377
70 230805
71 207720
72 223452
73 252349
74 223785
75 218389
76 216752
77 223305
78 250652
79 218268
80 207724
81 234100
82 231050
83 219420
84 220987
85 228442
86 223554
87 216119
88 224224
89 224934
90 228714
91 218048
92 212800
93 220462
94 237010
95 209459
96 221275
97 220488
98 214625
99 230437
100 215228
101 220638
102 214174
103 218527
104 218557
105 219379
106 221454
107 215416
108 220294
109 215139
110 208552
111 229736
112 213931
113 210831
114 207738
115 231451
116 214549
117 212149
118 204642
119 217031
120 229872
121 210335
122 202744
123 217308
124 219732
125 212656
126 209676
127 220961
128 211831
129 208236
130 210141
131 214039
132 218106
133 207994
134 206087
135 214261
136 222567
137 202974
138 209317
139 210090
140 208536
141 223911
142 208430
143 201402
144 208209
145 216731
146 208875
147 213542
148 200960
149 203574
150 221782
151 209863
152 200198
153 210380
154 209430
155 210520
156 205024
157 208417
158 207373
159 204348
160 211729
161 209247
162 204873
163 205366
164 207621
165 212728
166 202469
167 200255
168 210172
169 210475
170 207888
171 196707
172 201755
173 216560
174 203732
175 200573
176 203862
177 208560
178 203311
179 203991
180 207038
181 205895
182 197047
183 210895
184 201413
185 209997
186 196719
187 204567
188 203113
189 209024
190 196118
191 204668
192 200491
193 207085
194 197938
195 207986
196 200500
197 203002
198 201273
199 205439
200 202254
201 200963
202 199459
203 208548
204 198480
205 205212
206 193265
207 205886
208 205992
209 196745
210 203177
211 202864
212 195045
213 208822
214 195703
215 205000
216 197009
217 201664
218 195671
219 202665
220 204054
221 197428
222 198460
223 200669
224 198079
225 203357
226 198810
227 196305
228 198667
229 202267
230 200423
231 198583
232 197934
233 196914
234 199305
235 200300
236 200318
237 197632
238 198582
239 192857
240 203497
241 202950
242 196650
243 192989
244 197044
245 199696
246 202841
247 194076
248 194858
249 195139
250 205691
251 200677
252 194545
253 193527
254 198860
255 199448
256 203182
257 195551
258 196819
259 195350
260 197967
261 199065
262 197579
263 197124
264 193395
265 199355
266 200069
267 195396
268 194290
269 198841
270 194899
271 199693
272 193427
273 199074
274 195386
275 195000
276 195861
277 199579
278 194392
279 195053
280 194113
281 201647
282 191982
283 197507
284 192738
285 197193
286 197056
287 192311
288 192689
289 198532
290 191408
291 192224
292 199261
293 194671
294 190160
295 195532
296 195959
297 195157
298 192795
299 193617
300 193521
301 194629
302 196621
303 191705
304 194283
305 194810
306 192006
307 197006
308 194576
309 191646
310 193482
311 193941
312 197130
313 193400
314 195483
315 191554
316 193093
317 197837
318 194664
319 195881
320 192404
321 190566
322 195708
323 199037
324 194421
325 192351
326 193683
327 193557
328 198803
329 195769
330 191898
331 193086
332 193959
333 199532
334 195463
335 191114
336 192046
337 192948
338 197875
339 193899
340 191508
341 193548
342 191349
343 196676
344 194967
345 192554
346 190037
347 190714
348 191637
349 198399
350 190497
351 189005
352 190350
353 192937
354 193959
355 189017
356 189644
357 190762
358 186689
359 192646
360 188226
361 186832
362 184776
363 184709
364 187859
365 190626
366 182498
367 182876
368 183413
369 187701
370 186211
371 179540
372 181940
373 184675
374 181071
375 177978
376 182772
377 180836
378 179450
379 176187
380 176483
381 180972
382 178464
383 173793
384 172337
385 175184
386 174462
387 173283
388 171782
389 173240
390 170471
391 166733
392 166914
393 171890
394 168858
395 164986
396 161948
397 164972
398 164433
399 163991
400 164353
401 159784
402 156412
403 159868
404 157954
405 158298
406 155187
407 153978
408 148616
409 152744
410 151902
411 144276
412 151926
413 145214
414 143098
415 147892
416 140616
417 136567
418 140555
419 143479
420 130738
421 134288
422 132721
423 130092
424 129351
425 125283
426 123672
427 132112
428 120650
429 118135
430 121831
431 120961
432 113533
433 116145
434 115893
435 117053
436 112030
437 111477
438 104615
439 109850
440 99035
441 102146
442 97174
443 100587
444 93834
445 101877
446 93213
447 92731
448 89404
449 93323
450 85573
451 88616
452 84802
453 85303
454 80841
455 84151
456 81516
457 80885
458 77699
459 77746
460 73092
461 76955
462 70104
463 72363
464 70473
465 71737
466 65777
467 69451
468 62487
469 65802
470 65178
471 61616
472 59090
473 61083
474 56493
475 58232
476 56207
477 56577
478 53543
479 55668
480 52221
481 53743
482 51456
483 52371
484 48502
485 49723
486 46432
487 47628
488 45514
489 50924
490 44973
491 45887
492 43833
493 44818
494 43369
495 43950
496 41677
497 41935
498 40786
499 41591
500 40210
501 40923
502 39918
503 40461
504 39628
505 39705
506 38455
507 38946
508 38920
509 38224
510 37456
511 37488
512 36994
513 37296
514 42343
515 37880
516 36901
517 36520
518 36009
519 36171
520 35620
521 35579
522 35208
523 34388
524 34344
525 34293
526 33914
527 33556
528 33155
529 32988
530 32609
531 31904
532 31233
533 31157
534 31291
535 30814
536 30031
537 29640
538 28549
539 29302
540 28900
541 28431
542 27834
543 26859
544 30846
545 28147
546 26114
547 25220
548 25454
549 24934
550 24058
551 22798
552 22334
553 22320
554 22485
555 21078
556 20632
557 19734
558 19471
559 18961
560 18193
561 18062
562 17468
563 17270
564 16511
565 16449
566 15455
567 15070
568 14925
569 15491
570 15185
571 13973
572 13356
573 13444
574 12697
575 12408
576 12231
577 11542
578 11278
579 11329
580 10490
581 10183
582 10172
583 9372
584 9273
585 8829
586 8433
587 8111
588 8083
589 7852
590 7454
591 7393
592 7076
593 6808
594 6803
595 6460
596 6216
597 6322
598 5907
599 5650
600 5568
601 5298
602 5118
603 4943
604 4660
605 4580
606 4383
607 4244
608 4127
609 4032
610 4092
611 3777
612 3726
613 3544
614 3465
615 3368
616 3195
617 3145
618 2976
619 2778
620 2787
621 2476
622 2432
623 2376
624 2270
625 2231
626 2157
627 2164
628 2005
629 1862
630 1822
631 1737
632 1638
633 1541
634 1515
635 1500
636 1487
637 1381
638 1293
639 1173
640 1122
641 1096
642 1039
643 1016
644 967
645 957
646 921
647 916
648 861
649 863
650 848
651 779
652 755
653 752
654 759
655 722
656 687
657 688
658 633
659 603
660 592
661 577
662 567
663 572
664 539
665 529
666 496
667 495
668 488
669 486
670 464
671 460
672 437
673 445
674 434
675 416
676 445
677 423
678 408
679 396
680 408
681 394
682 384
683 392
684 373
685 386
686 383
687 355
688 355
689 360
690 331
691 337
692 335
693 338
694 324
695 324
696 323
697 319
698 315
699 311
700 313
701 306
702 307
703 310
704 314
705 308
706 304
707 299
708 295
709 291
710 291
711 287
712 283
713 281
714 290
715 279
716 287
717 276
718 276
719 271
720 274
721 262
722 258
723 262
724 256
725 259
726 256
727 258
728 253
729 260
730 255
731 255
732 253
733 254
734 254
735 253
736 254
737 256
738 254
739 258
740 252
741 265
742 249
743 250
744 250
745 250
746 250
747 247
748 252
749 247
750 252
751 248
752 242
753 239
754 240
755 242
756 239
757 240
758 237
759 238
760 238
761 241
762 237
763 238
764 239
765 236
766 238
767 239
768 239
769 238
770 238
771 237
772 238
773 239
774 237
775 240
776 236
777 242
778 242
779 235
780 235
781 236
782 234
783 233
784 235
785 233
786 234
787 236
788 231
789 233
790 231
791 231
792 231
793 231
794 234
795 232
796 233
797 234
798 230
799 229
800 231
801 232
802 230
803 228
804 228
805 229
806 228
807 228
808 228
809 230
810 229
811 228
812 237
813 228
814 228
815 228
816 229
817 227
818 227
819 229
820 226
821 226
822 226
823 226
824 226
825 227
826 226
827 230
828 226
829 230
830 227
831 226
832 226
833 227
834 227
835 226
836 226
837 226
838 226
839 227
840 228
841 227
842 228
843 224
844 225
845 226
846 225
847 229
848 226
849 225
850 227
851 225
852 225
853 224
854 224
855 224
856 225
857 225
858 226
859 223
860 223
861 222
862 222
863 224
864 222
865 235
866 223
867 223
868 222
869 221
870 222
871 222
872 223
873 223
874 222
875 222
876 222
877 222
878 228
879 223
880 221
881 221
882 223
883 223
884 220
885 219
886 221
887 219
888 219
889 220
890 220
891 219
892 222
893 221
894 219
895 220
896 222
897 221
898 221
899 220
900 218
901 223
902 220
903 219
904 219
905 218
906 219
907 219
908 220
909 219
910 219
911 219
912 219
913 219
914 219
915 219
916 219
917 219
918 220
919 3928
920 228
921 220
922 219
923 221
924 219
925 219
926 219
927 219
928 219
929 224
930 219
931 219
932 219
933 220
934 218
935 218
936 218
937 218
938 226
939 218
940 219
941 217
