1 464689
2 679623
3 916442
4 1209237
5 1561759
6 1844375
7 2173742
8 2399057
9 2736578
10 3028141
11 3327410
12 3566456
13 3951760
14 4195996
15 4454360
16 4776518
17 5089541
18 5341995
19 5651738
20 5906979
21 6220651
22 6512121
23 6791139
24 7053390
25 7361218
26 7629051
27 7914368
28 8204474
29 8492200
30 8749957
31 9045273
32 9308202
33 9597592
34 9880443
35 10154952
36 10424711
37 10711386
38 10973564
39 11251762
40 11518369
41 11814835
42 12068795
43 12349997
44 12615339
45 12880940
46 13163789
47 13425706
48 13697475
49 13966383
50 14229830
51 14503028
52 14767740
53 15035133
54 15298779
55 15564921
56 15834099
57 16087922
58 16361973
59 16627453
60 16875901
61 17150969
62 17410497
63 17676678
64 17941036
65 18186602
66 18450128
67 18707735
68 18966663
69 19238364
70 19500618
71 19735437
72 19981405
73 20273005
74 20525534
75 20775100
76 21012723
77 21264791
78 21553557
79 21801557
80 22031570
81 22293430
82 22555391
83 22805067
84 23052891
85 23306750
86 23558214
87 23804354
88 24057048
89 24310885
90 24565436
91 24813649
92 25050794
93 25298865
94 25564034
95 25800577
96 26048101
97 26296196
98 26535894
99 26795672
100 27035696
101 27283109
102 27521307
103 27769878
104 28008321
105 28255267
106 28504319
107 28749197
108 28991779
109 29232351
110 29463340
111 29728556
112 29968225
113 30198808
114 30428802
115 30691479
116 30934606
117 31171626
118 31393360
119 31636263
120 31900114
121 32134366
122 32353688
123 32597603
124 32847520
125 33084540
126 33317289
127 33561685
128 33801011
129 34032152
130 34265652
131 34504966
132 34744349
133 34979634
134 35207337
135 35447358
136 35692421
137 35921063
138 36153552
139 36387839
140 36618489
141 36870423
142 37101113
143 37324036
144 37554883
145 37801288
146 38028406
147 38267371
148 38489035
149 38714742
150 38967359
151 39196068
152 39416888
153 39651528
154 39887906
155 40122212
156 40344342
157 40575959
158 40809337
159 41035605
160 41271221
161 41499356
162 41726306
163 41957794
164 42188084
165 42421137
166 42644951
167 42870025
168 43103071
169 43337838
170 43564170
171 43781595
172 44008035
173 44250564
174 44475726
175 44692715
176 44922201
177 45154940
178 45379037
179 45605136
180 45829948
181 46061935
182 46279078
183 46514099
184 46736256
185 46969524
186 47186000
187 47412644
188 47636878
189 47872944
190 48084512
191 48311093
192 48532051
193 48761380
194 48982827
195 49208803
196 49429596
197 49654472
198 49879577
199 50107566
200 50325864
201 50547695
202 50766844
203 51002243
204 51220908
205 51443692
206 51656163
207 51884767
208 52115972
209 52332768
210 52552250
211 52776294
212 52994230
213 53226244
214 53441522
215 53664097
216 53880488
217 54107016
218 54321695
219 54545630
220 54766171
221 54987488
222 55205650
223 55427380
224 55644831
225 55865341
226 56087630
227 56303906
228 56522519
229 56745690
230 56965811
231 57185239
232 57403287
233 57620795
234 57840886
235 58061748
236 58282192
237 58501028
238 58720021
239 58933097
240 59157210
241 59382102
242 59598401
243 59811349
244 60032460
245 60248705
246 60473057
247 60687067
248 60901382
249 61119791
250 61341521
251 61562749
252 61776266
253 61993399
254 62212220
255 62431728
256 62650874
257 62866107
258 63086173
259 63301487
260 63519113
261 63734006
262 63950971
263 64171495
264 64383606
265 64603426
266 64819273
267 65038393
268 65252254
269 65471524
270 65685665
271 65901323
272 66117194
273 66336058
274 66550372
275 66765202
276 66976452
277 67200286
278 67413212
279 67628113
280 67841469
281 68063507
282 68274432
283 68492258
284 68704352
285 68921352
286 69137768
287 69350042
288 69561653
289 69781005
290 69991455
291 70207599
292 70422537
293 70637588
294 70847268
295 71066805
296 71282366
297 71494092
298 71706439
299 71920219
300 72136924
301 72351702
302 72563926
303 72775535
304 72989176
305 73207541
306 73418082
307 73631574
308 73845583
309 74057294
310 74273759
311 74487705
312 74700059
313 74912758
314 75131031
315 75342402
316 75554549
317 75768409
318 75982003
319 76201122
320 76412119
321 76621897
322 76836837
323 77051842
324 77268828
325 77480430
326 77692712
327 77905243
328 78123024
329 78338117
330 78549210
331 78761894
332 78974924
333 79194276
334 79408542
335 79619067
336 79830211
337 80042778
338 80259654
339 80472853
340 80683392
341 80896381
342 81106233
343 81322222
344 81536102
345 81747980
346 81956914
347 82170396
348 82380359
349 82594365
350 82803506
351 83011834
352 83224410
353 83436888
354 83645600
355 83853394
356 84061193
357 84274963
358 84480153
359 84687749
360 84894287
361 85099404
362 85305935
363 85508670
364 85714024
365 85919459
366 86120390
367 86325649
368 86527268
369 86733400
370 86933946
371 87131570
372 87335365
373 87538117
374 87736264
375 87932710
376 88129654
377 88331988
378 88528296
379 88722089
380 88915658
381 89110350
382 89309486
383 89500676
384 89690112
385 89882278
386 90072637
387 90262932
388 90450921
389 90640185
390 90826204
391 91009166
392 91191927
393 91379905
394 91563967
395 91744445
396 91922224
397 92102709
398 92285732
399 92461598
400 92640285
401 92815006
402 92986314
403 93161164
404 93336881
405 93506660
406 93676361
407 93843951
408 94006866
409 94173805
410 94343029
411 94501184
412 94662378
413 94820474
414 94975759
415 95136272
416 95292947
417 95442037
418 95594697
419 95746653
420 95889441
421 96035491
422 96178583
423 96324269
424 96465168
425 96601777
426 96736354
427 96876164
428 97007295
429 97136328
430 97272407
431 97403863
432 97527266
433 97653005
434 97778087
435 97900468
436 98021955
437 98142813
438 98260095
439 98378844
440 98485872
441 98596523
442 98701755
443 98810509
444 98912079
445 99018252
446 99118753
447 99219254
448 99319470
449 99420471
450 99512917
451 99609001
452 99700348
453 99792773
454 99879692
455 99969882
456 100053927
457 100141619
458 100224591
459 100312386
460 100391316
461 100473926
462 100549732
463 100628080
464 100703584
465 100780824
466 100851918
467 100927026
468 100994530
469 101065498
470 101131734
471 101198626
472 101261894
473 101331599
474 101392635
475 101455624
476 101516041
477 101577393
478 101635125
479 101694827
480 101750686
481 101808704
482 101863507
483 101919848
484 101971863
485 102024920
486 102074775
487 102126461
488 102175742
489 102226254
490 102274304
491 102327838
492 102375307
493 102423816
494 102470514
495 102517917
496 102562615
497 102607778
498 102651565
499 102696202
500 102739172
501 102782792
502 102825332
503 102868521
504 102910804
505 102953017
506 102993951
507 103035404
508 103076831
509 103117350
510 103157212
511 103197079
512 103236403
513 103275598
514 103319125
515 103359049
516 103397694
517 103436171
518 103473943
519 103511945
520 103549430
521 103586824
522 103625230
523 103662921
524 103700027
525 103736851
526 103772952
527 103808747
528 103843982
529 103878859
530 103913270
531 103946899
532 103979706
533 104012562
534 104045378
535 104077635
536 104109009
537 104139953
538 104169691
539 104200166
540 104230078
541 104259540
542 104288486
543 104321895
544 104350998
545 104378968
546 104405703
547 104431640
548 104457817
549 104483467
550 104508212
551 104531585
552 104554334
553 104577088
554 104600138
555 104621621
556 104642373
557 104662574
558 104682494
559 104702016
560 104720550
561 104738965
562 104756845
563 104774499
564 104791292
565 104808117
566 104823733
567 104839104
568 104853773
569 104868309
570 104883080
571 104896975
572 104910312
573 104923865
574 104936635
575 104949157
576 104961498
577 104973142
578 104984448
579 104995980
580 105006515
581 105016812
582 105027109
583 105036603
584 105045995
585 105054934
586 105063513
587 105071663
588 105079868
589 105087767
590 105095227
591 105102691
592 105109898
593 105116802
594 105123681
595 105130190
596 105136456
597 105142854
598 105148786
599 105154511
600 105160092
601 105165451
602 105170610
603 105175611
604 105180325
605 105185005
606 105189475
607 105193748
608 105197927
609 105202022
610 105206193
611 105209992
612 105213750
613 105217427
614 105220988
615 105224489
616 105227758
617 105231061
618 105234120
619 105236978
620 105239940
621 105242525
622 105245065
623 105247559
624 105249939
625 105252305
626 105254592
627 105256932
628 105259089
629 105261098
630 105263024
631 105264890
632 105266689
633 105268357
634 105269985
635 105271637
636 105273225
637 105274698
638 105276101
639 105277342
640 105278527
641 105279720
642 105280831
643 105281932
644 105282988
645 105284054
646 105285068
647 105286062
648 105287017
649 105287981
650 105288922
651 105289803
652 105290647
653 105291499
654 105292338
655 105293124
656 105293892
657 105294669
658 105295381
659 105296061
660 105296738
661 105297397
662 105298034
663 105298692
664 105299320
665 105299927
666 105300507
667 105301077
668 105301649
669 105302227
670 105302753
671 105303286
672 105303804
673 105304323
674 105304841
675 105305331
676 105309654
677 105310162
678 105310636
679 105311105
680 105311579
681 105312046
682 105312497
683 105312966
684 105313412
685 105313890
686 105314339
687 105314767
688 105315190
689 105315623
690 105316022
691 105316421
692 105316817
693 105317226
694 105317619
695 105318006
696 105318391
697 105318772
698 105319148
699 105319526
700 105319896
701 105320265
702 105320635
703 105321010
704 105321395
705 105321771
706 105322144
707 105322505
708 105322869
709 105323231
710 105323591
711 105323941
712 105324288
713 105324635
714 105324985
715 105325328
716 105325681
717 105326028
718 105326374
719 105326717
720 105327063
721 105327399
722 105327729
723 105328058
724 105328381
725 105328707
726 105329029
727 105329356
728 105329683
729 105330008
730 105330331
731 105330653
732 105330978
733 105331309
734 105331627
735 105331946
736 105332265
737 105332585
738 105332902
739 105333226
740 105333551
741 105333874
742 105334192
743 105334515
744 105334828
745 105335143
746 105335462
747 105335777
748 105336091
749 105336405
750 105336724
751 105337039
752 105337348
753 105337661
754 105337971
755 105338280
756 105338587
757 105338893
758 105339197
759 105339504
760 105339811
761 105340115
762 105340419
763 105340726
764 105341030
765 105341334
766 105341642
767 105341950
768 105342259
769 105342566
770 105342870
771 105343175
772 105343482
773 105343789
774 105344093
775 105344398
776 105344701
777 105345008
778 105345317
779 105345623
780 105345926
781 105346231
782 105346532
783 105346832
784 105347134
785 105347434
786 105347736
787 105348039
788 105348338
789 105348636
790 105348934
791 105349232
792 105349533
793 105349833
794 105350130
795 105350430
796 105350729
797 105351035
798 105351329
799 105351624
800 105351921
801 105352215
802 105352509
803 105352800
804 105353093
805 105353386
806 105353683
807 105353978
808 105354270
809 105354565
810 105354858
811 105355151
812 105355446
813 105355737
814 105356028
815 105356319
816 105356613
817 105356904
818 105357195
819 105357493
820 105357784
821 105358075
822 105358365
823 105358655
824 105358944
825 105359237
826 105359528
827 105359821
828 105360112
829 105360403
830 105360693
831 105360984
832 105361274
833 105361572
834 105361864
835 105362156
836 105362448
837 105362738
838 105363027
839 105363320
840 105363609
841 105363898
842 105364187
843 105364475
844 105364763
845 105365053
846 105365342
847 105365634
848 105365924
849 105366214
850 105366505
851 105366793
852 105367081
853 105367370
854 105367658
855 105367947
856 105368237
857 105368525
858 105368814
859 105369100
860 105369388
861 105369678
862 105369965
863 105370252
864 105370538
865 105370825
866 105371110
867 105371397
868 105371682
869 105371968
870 105372255
871 105372542
872 105372827
873 105373113
874 105373398
875 105373687
876 105373972
877 105374257
878 105374547
879 105374833
880 105375118
881 105375401
882 105375685
883 105375971
884 105376255
885 105376538
886 105376824
887 105377108
888 105377391
889 105377678
890 105377962
891 105378245
892 105378528
893 105378812
894 105379095
895 105379379
896 105379665
897 105379949
898 105380232
899 105380516
900 105380798
901 105381081
902 105381364
903 105381649
904 105381931
905 105382215
906 105382499
907 105382782
908 105383064
909 105383347
910 105383629
911 105383911
912 105384194
913 105384476
914 105384759
915 105385042
916 105385325
917 105385609
918 105385889
919 105386172
920 105386455
921 105386738
922 105387021
923 105387304
924 105387587
925 105387869
926 105388152
927 105388435
928 105388718
929 105389003
930 105389285
931 105389570
932 105389852
933 105390134
934 105390415
935 105390697
936 105390978
937 105391259
938 105391542
939 105391823
940 105392106
941 105392386
