# META DATA
# 
# experiment run at: Mon Aug 29 12:50:34 2022
# 
# gamma = 0.99
# epsilon = 0.05
# A = 100
# non_zero_transition = 1
# upper_reward = 1000
# action_prob = 1
# 
# VARIABLE IN THIS EXPERIMENT
# Number of states, S, is varied from 100 to 2000 with 100 increment
# 
# ACTUAL DATA
# number of states | microseconds
100 256
200 594
300 1636
400 2260
500 4016
600 4536
700 6924
800 9462
900 10750
1000 12875
1100 15005
1200 20157
1300 21124
1400 22311
1500 24128
1600 32488
1700 36329
1800 40130
1900 42158
2000 52372
100 271
200 694
300 1177
400 2481
500 3428
600 4738
700 6351
800 8900
900 10404
1000 11463
1100 16823
1200 17270
1300 26396
1400 24599
1500 26175
1600 30769
1700 30396
1800 35138
1900 39282
2000 50790
100 211
200 655
300 1181
400 2263
500 3522
600 5100
700 6743
800 7793
900 12608
1000 12334
1100 16247
1200 17425
1300 19258
1400 30223
1500 28020
1600 31819
1700 30810
1800 44882
1900 42255
2000 47611
100 253
200 762
300 1641
400 2206
500 3411
600 6295
700 6442
800 7823
900 10593
1000 12681
1100 13019
1200 20642
1300 21974
1400 26683
1500 28480
1600 31002
1700 34698
1800 32716
1900 41060
2000 49685
100 228
200 831
300 1283
400 2354
500 3526
600 4620
700 5229
800 8104
900 9912
1000 15148
1100 13849
1200 17126
1300 21109
1400 23411
1500 23499
1600 30057
1700 35203
1800 37573
1900 42539
2000 43232
243.8
707.2
1383.6
2312.8
3580.6
5057.8
6337.8
8416.4
10853.4
12900.2
14988.6
18524
21972.2
25445.4
26060.4
31227
33487.2
38087.8
-nan
-nan
