90.8609
91.9341
73.618
100.13
65.6348
61.4867
57.6383
53.5214
79.5833
81.4911
-654321
77.8799
73.8595
69.9482
66.1306
61.9937
57.9775
53.7201
80.2358
45.7916
81.6126
81.4029
-654321
74.141
70.0263
65.8579
62.0891
58.0763
53.9547
50.516
45.9256
41.7333
81.3003
81.9985
77.6876
-654321
69.4408
65.8064
61.5105
57.8865
53.76
49.6687
45.6314
41.8515
37.7993
77.2937
80.8005
84.5533
73.833
-654321
65.6373
61.9905
57.9457
54.1164
49.88
45.8492
67.8271
38.2145
33.7346
73.5622
77.4312
88.1927
81.949
69.6646
-654321
61.7174
57.8017
53.241
49.6574
45.8816
41.7155
37.9519
33.7794
29.8872
69.7708
74.0431
77.696
80.9036
89.2381
65.9126
-654321
57.9185
53.7521
49.6597
45.3847
41.3888
37.8435
33.8968
29.5343
26.0916
65.8927
109.561
73.918
94.837
81.3502
81.3435
61.6093
-654321
53.7635
49.7082
45.7471
41.8218
37.7577
33.573
29.773
25.3456
22.0034
61.81
66.0038
69.6323
73.6288
77.7508
80.944
81.6424
57.8433
-654321
49.7508
45.5473
41.8899
37.607
33.853
43.781
25.9647
21.6371
17.5264
57.6332
61.4395
65.3911
69.7828
73.6001
77.6128
81.5946
81.5602
53.6617
-654321
45.6145
41.9791
37.7469
34.078
30.0458
25.9426
21.7292
17.605
14.1241
53.8383
57.9027
61.5662
65.6865
69.8054
73.6932
77.4578
81.8952
81.4396
49.743
-654321
67.656
38.0239
33.7105
29.7907
25.8077
22.1991
17.7224
13.7093
10.2196
50.0925
53.639
57.9349
61.8814
65.9431
69.8121
73.5468
77.6409
81.1593
46.1998
-654321
37.7108
34.3241
29.3311
25.8274
21.916
18.0637
14.0924
9.90337
45.5291
50.1153
53.9242
58.0201
61.7741
65.5961
70.2205
73.307
77.6904
67.783
-654321
33.9095
29.4435
26.3675
21.4776
17.5297
13.781
9.63953
41.9867
45.5094
79.8006
53.8439
57.6579
61.8272
65.8325
70.0426
73.7686
37.7958
-654321
29.5966
25.7381
21.7023
17.7536
13.7232
9.80517
61.5641
41.3987
45.7996
49.6926
53.6163
57.8812
62.0865
65.8089
98.2233
33.6985
-654321
25.9322
21.5572
17.7765
13.5055
10.0975
33.593
37.6837
41.8371
45.9181
49.7173
53.6724
57.7876
61.6671
65.5505
29.8378
-654321
21.6884
17.3953
13.9595
9.62577
30.2083
33.4533
38.115
41.804
45.7985
49.5806
54.0512
58.1734
61.9785
26.2868
-654321
17.4965
13.4445
9.86081
25.8823
29.8965
33.7911
37.4522
41.9932
45.7709
49.265
53.5548
57.8761
21.9007
-654321
13.951
10.021
21.6277
26.258
29.5312
33.6821
37.4953
41.8309
45.9888
49.6192
53.8125
17.7014
-654321
9.8472
17.9227
21.6864
25.6854
29.5938
33.5065
37.7597
42.0246
46.3238
49.7425
14.0093
-654321
13.8219
17.8266
22.1426
26.1558
29.89
33.9617
37.903
41.538
46.0196
9.50546
-654321
97.8936
98.9546
94.5393
89.5155
84.0099
78.1955
71.9534
65.5302
59.9754
90.6122
-654321
98.9821
94.7342
90.097
84.4391
78.2878
72.4134
66.197
60.3201
54.4313
90.1483
98.8562
-654321
95.9153
90.6303
84.6428
78.4789
72.3344
66.5387
60.7527
54.3833
48.6562
98.2915
89.6727
99.0659
-654321
90.2489
84.9245
79.3999
72.3441
67.0375
61.2544
54.8545
48.9761
43.2034
99.2913
98.5061
91.4224
95.9517
-654321
84.4642
78.9407
72.723
66.87
60.9212
55.0638
49.0385
42.8742
36.9116
95.9025
99.206
99.9173
90.3217
90.1049
-654321
78.3299
72.7892
66.7539
60.2637
55.4271
48.989
42.8031
36.8676
30.7263
89.3239
95.7245
99.4527
98.2981
89.9768
84.3836
-654321
72.6928
66.8783
60.0248
54.8272
48.5319
42.5813
36.8377
30.3069
24.6676
84.2941
91.3196
95.8158
99.3644
97.6344
91.0101
78.435
-654321
66.3689
60.764
54.9569
48.5083
42.8995
36.8316
30.6747
24.6818
18.8785
78.3291
84.6935
90.3765
94.925
97.6237
98.3051
90.3944
73.0916
-654321
60.6555
54.6228
48.961
42.3493
36.2336
30.8051
24.7716
18.7499
12.641
72.2258
78.852
84.1906
90.2651
96.1217
98.7473
97.7281
90.2245
66.2482
-654321
55.2037
48.7953
43.0205
36.1246
30.5529
24.2807
19.0891
12.4806
6.78674
66.6901
72.2397
78.4989
84.0374
90.3127
97.0375
98.8686
98.9849
89.7752
60.7721
-654321
48.5838
41.811
36.866
30.5441
24.9755
18.5632
12.869
6.32515
0.81089
60.7743
66.4054
72.7371
78.6758
84.6539
90.7141
95.8476
99.054
97.7626
55.374
-654321
43.1336
36.7533
30.2392
24.5832
18.7878
12.8395
6.2271
0.659508
54.9908
60.6862
66.4792
73.2015
78.1587
84.5696
90.4559
95.9302
99.1854
48.9614
-654321
36.9543
30.6383
25.2094
18.6041
13.3336
6.50613
0
48.4078
54.8896
60.2946
66.267
72.9717
78.4603
84.2714
88.8628
95.156
42.3672
-654321
30.808
24.8009
18.4963
12.671
6.90969
0.829472
42.0415
48.6659
54.2156
61.0646
66.4733
73.2885
79.0806
84.4997
90.2879
36.9269
-654321
24.8457
18.1614
12.1291
6.46085
1.11744
36.5155
42.0682
48.7254
53.8005
60.5659
66.7071
72.2457
78.2508
84.8355
30.6422
-654321
18.6002
13.2627
6.5189
0.357737
31.5816
36.4992
42.5069
48.3503
54.5081
59.8935
66.1989
72.7665
78.6025
24.993
-654321
13.1768
6.32355
0.0181026
24.727
31.3963
36.8886
42.1633
48.1844
54.4495
60.2663
67.1599
72.8397
18.5231
-654321
6.20636
0.0504055
18.8264
24.2519
30.0494
36.2405
43.0165
48.6854
54.6198
61.2003
66.54
13.0734
-654321
0.722788
12.2882
17.7752
23.3689
30.2093
36.5227
42.6914
48.8277
54.5554
60.9765
6.838
-654321
7.35585
11.881
19.962
25.4895
31.2734
36.7231
42.9405
48.6013
54.3108
0.577116
-654321
107.17
114.523
116.065
117.499
114.126
108.891
102.212
98.1134
91.1739
89.3748
-654321
113.37
118.107
116.851
112.849
108.159
102.466
96.5233
90.771
85.4508
89.9256
103.254
-654321
115.901
115.319
112.788
108.294
102.283
96.2873
90.7588
84.6077
79.102
105.726
89.6904
113.132
-654321
117.313
113.369
108.343
103.597
97.1179
91.3657
85.2404
79.7855
73.7852
112.659
101.861
90.6294
117.846
-654321
113.461
108.774
102.666
97.6583
91.7701
85.479
79.8126
73.6187
67.3413
119.756
115.361
104.4
90.1771
118.695
-654321
107.528
103.412
97.5575
91.5451
85.9084
79.4875
73.6015
67.8792
61.4041
115.049
116.72
113.955
101.726
89.1273
115.349
-654321
102.473
96.7124
91.4963
85.8096
80.2085
72.9312
67.4279
60.9782
54.9709
110.816
119.171
117.271
116.546
105.415
90.0278
108.284
-654321
97.0551
91.136
85.8676
78.5737
73.1467
67.0894
62.0009
55.0642
48.7831
107.193
112.737
116.733
115.802
114.263
103.839
90.7194
102.715
-654321
91.1443
85.4087
78.8687
73.9786
66.9821
60.8628
55.3983
49.724
43.4647
103.07
110.198
112.403
114.15
117.452
115.121
104.977
91.8428
97.6022
-654321
84.9874
79.3228
73.8358
67.9375
60.7092
54.8891
49.4093
43.1116
37.3733
97.5481
102.245
109.669
111.903
116.686
117.889
109.035
104.713
90.2333
91.5578
-654321
79.9106
73.6693
67.4173
61.7332
54.8606
49.5466
43.2131
37.5945
31.6461
91.6238
96.3383
101.604
108.351
113.351
116.328
117.443
115.865
102.437
85.7271
-654321
73.9022
67.5134
61.2272
56.2708
49.2359
43.7772
37.562
31.4361
85.0463
91.381
97.4004
101.898
107.857
114.122
115.859
117.648
111.533
79.1735
-654321
67.3405
61.9501
54.9158
49.7083
43.0654
37.7209
31.5261
78.8529
85.1193
92.1274
98.3285
102.395
107.938
114.033
117.751
118.825
73.2555
-654321
61.6913
54.79
48.8805
43.3235
38.0867
30.3049
73.5133
79.1334
86.3168
91.3933
97.3198
101.943
109.495
113.461
119.098
67.8408
-654321
55.6016
49.6408
43.5673
37.1894
31.6317
67.634
72.701
79.2357
85.347
90.7939
98.0009
103.44
107.855
114.591
61.0482
-654321
49.4004
44.1998
37.1818
31.4873
61.3312
68.0497
72.9918
79.6543
85.6671
91.5623
97.3818
104.457
107.257
55.866
-654321
43.9572
37.5864
31.8365
55.2398
60.8524
66.9161
73.8887
79.4145
85.7452
91.99
96.0402
102.942
48.8505
-654321
37.8525
31.0302
49.3022
56.3955
61.2719
67.1409
73.8301
78.5306
85.3581
90.3331
97.7725
42.6066
-654321
32.1006
42.814
49.1308
55.5661
61.9079
67.6196
73.6772
80.3106
85.4232
91.3812
37.0975
-654321
37.4816
43.9573
49.4321
55.4104
60.5625
67.475
73.0936
79.1991
85.4398
31.9584
-654321
104.216
121.337
127.946
135.579
135.733
132.591
128.088
124.743
119.442
89.2415
-654321
116.265
131.659
129.785
134.152
135.32
130.868
124.205
117.994
113.51
90.5346
102.695
-654321
130.888
136.588
134.795
134.484
129.134
124.649
118.764
112.659
108.496
103.075
90.2649
120.027
-654321
131.555
134.759
131.347
126.958
124.258
118.002
112.007
107.622
102.202
118.578
105.128
89.8615
130.746
-654321
133.336
133.052
130.362
125.704
120.187
113.956
107.767
101.881
96.151
129.531
119.669
103.058
90.0717
135.183
-654321
130.617
129.167
122.863
119.517
113.773
108.596
102.623
96.5304
89.7591
133.097
128.313
117.948
104.184
90.4743
133.836
-654321
129.296
124.289
119.454
114.54
108.756
102.562
96.1773
90.3556
84.1241
133.964
133.967
129.717
117.848
103.101
90.5718
132.678
-654321
125.366
119.271
114.883
108.044
103.188
96.744
89.6004
84.5284
77.5626
129.939
137.298
136.588
128.524
119.969
104.753
91.5823
129.243
-654321
120.454
113.566
107.596
102.472
96.4765
88.8927
83.1887
78.6664
72.3731
129.975
133.352
134.838
132.627
129.325
120.771
102.98
91.4217
123.971
-654321
113.525
108.402
102.712
96.5152
90.557
83.9285
78.2106
71.9831
65.9473
124.891
128.661
129.863
134.712
127.962
132.604
115.173
105.647
89.7457
118.966
-654321
108.295
102.014
96.3496
91.0183
84.4143
78.5668
72.3588
66.3515
60.3057
119.132
125.859
129.456
133.672
133.774
131.642
131.985
119.143
108.325
113.666
-654321
102.882
95.7158
90.8208
84.4547
77.4919
72.7077
66.1271
60.4765
113.557
119.806
123.506
129.926
132.385
132.364
133.762
132.59
118.251
107.813
-654321
97.169
90.2279
84.9027
78.1695
73.0769
66.2016
60.671
107.955
113.379
120.437
124.245
129.158
132.121
134.708
135.419
125.22
102.658
-654321
89.5371
84.1357
78.6826
72.1586
65.9248
59.9564
102.981
107.628
113.039
120.682
123.587
126.273
134.639
135.341
132.354
95.7916
-654321
84.1596
78.3518
71.6986
66.0031
60.4053
95.5145
102.288
108.858
113.772
120.097
124.656
129.25
125.241
135.102
90.734
-654321
78.1364
72.2921
65.5251
60.9414
90.1157
96.2114
102.307
107.768
114.871
118.741
124.727
132.109
131.579
83.765
-654321
72.1529
65.8035
59.6802
83.1841
90.0853
95.9846
101.542
107.713
114.891
115.218
125.283
129.925
78.2456
-654321
65.9895
60.2391
77.4334
83.7262
89.793
96.5454
102.969
107.249
113.801
118.146
124.574
72.3156
-654321
60.7946
72.247
78.5982
83.8688
90.6175
96.3262
102.361
107.089
114.809
118.812
66.0072
-654321
65.7712
70.8066
78.1987
83.6319
89.9142
96.7306
102.454
108.744
112.761
59.8782
-654321
104.825
119.814
132.151
145.402
153.875
152.809
154.047
148.895
148.225
90.4638
-654321
116.374
132.262
145.342
147.441
156.832
151.86
151.67
149.103
142.89
90.1903
103.811
-654321
132.614
141.046
152.215
153.553
155.47
150.408
148.138
144.053
138.619
103.326
91.2025
118.701
-654321
140.477
153.891
154.138
154.781
150.844
148.889
142.738
139.264
134.014
118.355
107.344
88.1782
126.138
-654321
153.139
151.345
154.494
154.346
148.155
144.068
138.101
133.769
127.554
129.486
119.703
102.972
88.9017
144.111
-654321
154.816
153.334
152.994
145.126
142.702
136.848
133.627
127.935
122.518
140.194
134.766
117.105
102.858
90.1727
147.207
-654321
153.047
151.744
147.833
143.319
138.523
133.226
127.546
122.226
116.312
148.665
145.232
134.923
119.83
103.435
90.2652
157.628
-654321
149.066
147.635
144.483
138.594
133.77
127.9
121.263
116.206
110.317
154.277
148.917
142.18
134.454
118.888
103.465
89.8914
151.281
-654321
142.468
145.799
140.094
132.998
127.896
121.132
115.962
110.649
103.928
151.681
156.216
154.538
145.309
129.53
117.94
99.5951
90.1305
152.403
-654321
145.87
139.715
133.854
126.499
123.146
116.019
109.12
104.979
97.8423
151.311
153.771
150.621
150.258
141.766
135.069
115.587
102.926
90.2132
147.151
-654321
139.682
132.909
128.115
122.076
116.445
110.592
104.205
97.2616
92.2761
148.139
150.183
155.23
153.164
145.656
146.195
127.958
118.162
103.284
141.168
-654321
133.286
126.589
121.912
115.791
110.002
104.221
98.2194
92.8629
140.641
147.723
145.634
153.768
153.104
155.672
137.594
134.425
116.484
139.704
-654321
128.161
122.199
115.975
110.366
104.689
98.1178
92.7513
135.212
140.797
144.496
152.189
150.692
153.896
152.217
141.798
129.405
133.78
-654321
121.947
116.118
110.074
104.019
98.821
92.9994
134.331
137.82
138.242
148.658
150.213
154.687
157.746
158.141
142.218
127.145
-654321
115.838
110.289
104.205
98.3513
92.3744
127.871
133.224
137.798
141.889
146.794
152.381
153.97
156.502
151.797
121.294
-654321
110.781
104.041
98.0451
91.605
122.364
128.067
134.381
136.041
145.72
149.812
151.324
152.401
155.422
115.642
-654321
104.327
98.4161
92.1668
115.57
120.368
128.874
132.538
139.794
142.446
149.819
150.058
151.632
109.112
-654321
98.0673
92.0623
111.09
116.264
122.354
127.544
133.617
136.127
143.814
147.783
150.935
104.833
-654321
93.2878
103.99
109.939
114.84
122.582
127.178
131.62
138.546
145.508
146.008
97.91
-654321
97.9082
105.049
110.491
114.589
123.261
126.2
131.716
138.377
144.127
91.7334
-654321
105.584
116.495
133.523
144.577
160.717
165.044
173.68
171.551
170.271
90.7789
-654321
117.271
132.276
145.426
160.124
169.12
172.693
168.014
165.361
162.302
87.7459
104.325
-654321
135.091
150.212
157.614
161.045
169.519
168.702
167.146
165.688
163.994
102.629
90.751
116.288
-654321
144.682
158.634
161.291
169.166
170.945
167.716
167.375
162.271
159.832
118.8
102.261
89.4601
132.222
-654321
163.17
160.403
171.206
167.185
172.229
171.25
164.75
156.651
154.164
131.003
117.037
101.396
90.7351
146.565
-654321
163.92
171.296
170.954
170.182
169.838
165.422
158.24
154.602
150.275
150.844
129.883
120.764
104.055
91.2034
160.949
-654321
156.165
172.026
169.497
170.257
162.661
156.822
156.43
150.61
144.657
163.74
144.252
126.386
116.87
104.249
89.3404
165.36
-654321
172.589
170.183
164.191
162.377
160.525
154.564
150.036
143.526
139.221
167.425
161.841
146.266
132.55
120.247
105.538
88.7912
170.118
-654321
167.843
166.237
165.812
160.217
156.1
149.259
143.932
138.796
132.575
168.577
168.23
157.414
146.201
134.695
115.926
103.331
89.7672
170.826
-654321
170.379
165.392
157.985
154.161
149.123
143.117
138.804
133.213
127.992
172.239
173.681
164.141
154.886
144.126
129.63
118.134
103.867
89.7465
170.043
-654321
163.289
160.87
155.772
150.005
140.952
139.866
132.642
127.16
121.311
169.584
166.592
173.027
171.524
165.355
145.042
140.713
117.175
101.786
164.15
-654321
158.461
154.023
148.165
143.822
139.569
132.937
126.197
121.696
169.141
170.194
174.882
166.438
165.273
156.353
144.101
130.412
114.952
165.912
-654321
153.404
149.698
144.307
138.57
133.012
127.113
122.476
165.488
162.511
171.932
175.584
171.84
158.962
155.517
143.29
131.042
160.718
-654321
148.582
145.507
139.848
133.093
127.235
121.513
157.515
163.852
163.913
166.793
166.668
166.906
168.968
150.122
143.153
153.072
-654321
143.662
139.034
134.334
127.873
121.295
154.883
159.683
161.1
169.937
173.178
179.159
161.528
163.016
155.57
148.977
-654321
139.001
133.412
126.001
121.146
149.403
157.391
161.115
166.037
167.999
172.439
168.228
170.686
172.666
142.395
-654321
133.018
127.296
121.113
145.025
147.534
157.166
159.492
168.604
164.521
165.242
174.343
168.585
138.434
-654321
126.513
122.207
138.545
144.837
146.567
154.65
157.879
161.614
170.091
170.037
167.798
134.005
-654321
120.701
133.252
138.198
145.141
151.757
151.33
160.911
162.647
170.743
172.808
126.987
-654321
128.045
133.092
137.78
144.389
147.806
155.131
160.885
165.287
169.361
121.191
-654321
104.161
116.844
136.382
151.095
162.778
172.085
187.295
185.995
180.966
88.8548
-654321
116.326
132.479
152.947
160.094
165.625
182.323
185.032
186.161
187.57
90.5645
108.89
-654321
129.716
138.235
161.692
170.194
178.485
187.915
185.425
183.891
185.74
103.762
91.0565
120.418
-654321
142.572
157.556
163.249
187.129
179.245
190.016
188.762
189.276
187.454
119.134
104.185
89.6183
139.138
-654321
156.398
165.18
174.998
191.342
187.872
182.897
184.935
183.898
180.78
136.364
122.282
102.206
88.7383
144.823
-654321
165.053
181.214
192.311
191.238
175.71
186.843
187.527
181.418
177.274
144.841
127.863
115.103
102.717
90.6003
153.688
-654321
178.917
188.353
180.383
183.978
186.429
181.969
178.564
176.609
171.051
164.502
143.737
132.255
121.161
104.133
90.3711
173.001
-654321
183.325
188.965
189.241
186.354
185.922
179.466
173.948
171.133
166.261
174.783
164.46
155.284
131.146
117.01
103.774
90.6799
183.605
-654321
186.102
188.098
184.124
185.173
180.421
173.547
173.205
165.922
160.881
178.028
175.453
162.677
151.955
129.717
122.506
103.615
89.5315
185.41
-654321
189.776
183.535
181.455
181.547
174.133
170.688
167.149
159.543
154.898
183.22
183.545
167.379
157.588
145.391
129.678
116.51
104.078
90.9025
191.375
-654321
185.7
186.421
180.075
173.813
169.775
166.505
160.984
153.604
150.321
185.485
183.291
179.997
175.82
153.246
140.66
129.638
116.968
102.335
187.415
-654321
185.538
182.065
174.371
169.17
167.881
161.213
154.87
148.955
186.289
186.874
187.711
187.408
162.417
155.848
152.983
134.422
120.536
187.174
-654321
182.946
179.349
170.176
167.797
160.235
154.562
149.447
187.047
189.05
186.991
183.539
186.01
168.66
166.967
138.177
132.227
190.501
-654321
168.501
170.31
165.731
159.782
155.617
150.162
186.689
181.787
181.952
187.188
194.839
180.487
174.89
158.228
154.123
176.907
-654321
170.821
163.737
160.93
156.167
149.923
179.986
186.046
187.156
191.804
188.587
189.79
177.967
163.638
165.96
178.291
-654321
165.353
159.947
154.778
148.235
178.218
184.484
183.762
181.893
191.234
188.688
181.779
181.616
165.168
171.937
-654321
162.393
157.017
148.721
172.743
178.325
180.601
181.823
181.053
189.857
172.861
188.239
190.644
166.064
-654321
155.457
149.233
167.32
171.771
179.544
178.54
180.666
184.721
188.617
189.291
179.893
158.605
-654321
149.15
161.153
166.803
171.163
178.186
171.441
183.466
189.096
189.887
190.627
155.887
-654321
156.598
160.475
164.552
170.57
177.413
172.326
187.535
188.186
187.95
150.125
-654321
107.032
120.812
139.038
140.291
159
180.099
183.201
183.665
197.41
90.9475
-654321
111.966
129.996
139.474
165.977
172.585
186.338
201.443
202.395
207.601
88.9905
103.864
-654321
129.567
143.532
151.039
171
174.363
201.745
192.907
201.39
203.73
102.879
90.0855
115.277
-654321
144.206
152.077
175.92
181.884
203.431
199.739
208.057
207.162
202.213
118.865
100.885
92.0905
133.455
-654321
154.004
176.023
201.246
196.183
204.265
204.528
186.023
204.669
201.631
135.416
120.334
107.192
88.6065
150.991
-654321
176.936
186.909
208.754
197.468
212.193
207.153
203.784
205.149
202.269
141.094
129.098
119.281
105.863
91.2001
151.374
-654321
184.249
196.715
205.898
204.137
203.618
199.071
192.828
206.602
195.486
162.51
147.982
128.765
118.279
108.097
92.0127
169.075
-654321
188.023
198.159
210.605
206.534
203.458
204.011
206.053
196.543
199.029
166.166
161.76
151.369
127.945
119.099
107.23
89.9935
194.107
-654321
201.492
214.089
211.207
206.355
202.21
195.787
197.504
197.296
190.674
181.591
165.646
168.42
148.361
135.315
118.134
107.498
89.4975
202.865
-654321
197.089
210.116
201.966
204.573
201.461
196.36
192.197
186.542
182.955
204.48
175.134
177.338
160.694
147.005
131.937
121.367
104.383
90.4824
199.254
-654321
199.324
204.179
203.049
200.856
194.753
194.756
189.313
184.936
179.532
202.672
200.129
192.09
166.271
160.155
142.336
132.154
118.477
106.199
200.112
-654321
208.02
202.466
200.456
198.427
194.887
191.143
184.039
176.474
206.861
206.374
199.703
201.411
174.487
159.155
136.67
128.51
115.608
203.613
-654321
204.319
203.701
200.092
192.196
189.044
185.716
179.783
207.773
203.301
200.817
194.046
189.649
168.091
162.192
147.545
130.533
205.569
-654321
199.361
201.795
195.606
188.357
185.139
179.111
203.692
200.146
201.226
203.616
196.173
191.392
177.214
160.851
148.636
204.225
-654321
196.537
191.76
192.442
186.612
181.24
198.883
208.011
198.739
218.811
198.812
200.203
180.074
177.855
164.231
205.062
-654321
198.821
182.902
186.88
181.194
195.972
203.595
208.052
203.543
208.339
204.267
195.854
192.698
183.234
194.278
-654321
193.088
184.696
178.368
196.446
202.596
202.077
207.39
207.687
203.914
201.66
196.01
178.033
199.213
-654321
187.467
175.889
194.125
192.734
198.254
198.688
204.586
201.499
203.18
201.734
202.347
190.442
-654321
181.547
192.019
197.403
196.863
206.628
201.232
200.99
207.665
209.037
198.239
185.932
-654321
184.8
192.718
194.861
200.662
201.939
203.937
205.408
209.002
203.668
177.048
-654321
103.394
121.262
140.777
135.719
154.133
173.053
193.002
199.368
218.603
89.8486
-654321
116.146
133.951
138.305
163.228
183.314
197.355
199.877
207.516
219.65
91.2954
104.623
-654321
132.614
137.807
160.602
180.089
197.159
190.845
210.043
215.544
222.03
106.004
89.6425
121.494
-654321
147.574
152.362
165.207
190.611
205.659
203.278
209.24
225.541
218.672
119.748
104.183
90.4722
124.778
-654321
152.856
189.186
201.732
180.33
218.933
207.68
223.884
224.05
223.758
131.115
115.01
102.413
90.0822
145.641
-654321
166.682
182.977
211.12
188.468
218.94
222.011
222.303
229.924
222.857
143.907
129.805
116.037
108.18
89.0033
172.133
-654321
193.449
203.085
211.292
199.296
222.434
222.011
223.268
215.699
217.071
161.55
145.835
132.215
113.1
103.258
90.1173
179.982
-654321
198.116
215.795
211.752
222.948
221.861
217.047
222.539
222.169
221.753
176.703
158.713
145.73
138.784
113.448
103.378
88.8564
187.544
-654321
226.408
220.432
213.775
223.283
223.147
226.784
217.173
221.568
217.918
186.4
173.496
167.571
143.084
135.239
117.552
103.625
90.4088
197.461
-654321
214.348
223.426
223.271
226.03
210.457
223.899
217.293
212.598
207.61
204.714
187.857
177.279
163.673
147.771
135.659
123.275
105.025
88.8017
207.982
-654321
225.046
224.112
227.138
221.46
222.906
219.451
207.007
206.956
205.782
207.764
208.893
189.865
168.419
151.6
142.09
130.893
118.564
103.944
208.57
-654321
227.197
222.463
222.361
219.887
220.819
213.776
214.516
207.601
210.543
209.099
211.613
195.095
175.74
161.992
140.698
131.036
119.9
222.974
-654321
225.653
219.771
219.64
216.125
214.838
207.521
206.362
219.586
223.932
212.635
196.203
198.267
174.63
164.549
146.435
133.964
225.62
-654321
217.991
222.68
220.032
216.571
212.22
204.758
220.479
221.877
217.434
197.578
204.104
189.628
181.669
161.041
150.042
223.947
-654321
219.304
213.265
211.78
207.761
204.03
222.258
216.105
220.208
221.653
213.582
202.989
177.962
173.766
155.183
224.53
-654321
221.783
213.541
213.327
208.522
226.244
219.928
223.032
215.313
210.6
209.159
199.197
188.283
180.589
218.011
-654321
203.213
208.185
207.798
219.142
218.536
222.784
227.028
223.3
220.791
201.412
196.359
189.992
214.097
-654321
206.828
205.183
218.462
219.364
213.685
222.593
223.992
218.212
214.419
210.343
201.598
220.474
-654321
207.047
220.034
218.448
223.543
220.639
212.135
232.691
220.381
214.426
206.73
209.487
-654321
209.704
211.299
216.724
219.679
221.195
223.42
228.919
219.949
224.328
205.975
-654321
94.9368
107.58
108.223
125.004
128.757
142.563
153.157
152.526
170.648
85.7703
-654321
104.28
114.407
156.107
134.647
143.294
154.291
156.277
159.762
175.142
84.4509
95.6715
-654321
117.048
121.085
139.247
146.677
140.454
155.768
167.8
177.161
173.524
93.7887
85.8128
104.784
-654321
123.91
127.203
127.027
157.418
162.775
167.53
171.198
181.851
183.796
105.849
96.8609
85.4137
111.25
-654321
134.042
141.245
152.869
173.066
177.929
171.401
183.115
182.598
184.189
116.694
103.955
94.57
85.8798
122.083
-654321
144.091
151.086
164.602
184.394
182.358
176.833
176.676
190.435
185.443
126.784
110.64
105.546
97.6842
86.4191
137.111
-654321
146.658
154.728
168.695
177.592
176.026
183.382
175.782
183.809
182.956
134.168
119.867
117.257
102.218
94.7672
86.4164
141.902
-654321
170.894
171.29
165.894
168.718
183.807
182.328
178.351
184.37
185.61
146.014
137.683
121.804
111.164
101.207
92.7909
85.6253
155.225
-654321
160.933
170.236
179.971
174.736
185.365
175.598
179.838
180.713
177.43
152.433
146.804
129.299
125.677
113.735
105.855
94.2449
84.3524
159.14
-654321
174.41
172.857
178.411
184.042
184.064
184.265
184.153
179.778
177.178
166.178
152.921
145.669
128.594
116.539
114.185
101.662
95.9626
85.9032
170.734
-654321
178.351
188.76
184.448
179.06
183
182.844
180.3
178.892
173.825
167.299
166.2
148.748
143.656
130.284
127.279
111.142
102.814
93.7763
166.515
-654321
183.622
182.444
182.397
178.55
177.025
175.57
179.943
174.881
172.626
170.174
168.255
152.893
139.837
137.1
118.646
111.851
105.231
174.621
-654321
183.345
183.851
182.999
183.746
182.97
178.634
174.528
177.456
178.684
167.23
161.603
154.255
142.394
130.688
121.586
116.693
179.979
-654321
184.164
181.765
183.915
182.06
178.106
176.949
180.005
176.762
168.251
173.579
156.784
150.341
142.151
132.937
124.953
174.363
-654321
184.811
177.725
182.384
180.53
174.064
182.002
184.939
178.067
180.626
163.638
162.275
151.479
141.324
131.79
181.383
-654321
182.622
180.087
179.374
188.1
178.975
185.023
178.029
177.579
175.663
168.183
160.018
150.133
137.463
181.888
-654321
181.838
177.12
175.299
182.807
185.806
181.73
182.359
178.318
174.397
169.487
160.873
155.717
183.223
-654321
179.787
175.398
182.133
184.808
185.453
180.032
188.441
174.458
176.383
176.436
152.196
177.703
-654321
176.837
179.957
179.335
181.717
180.082
181.833
181.409
186.427
175.331
170.68
179.951
-654321
178.034
178.002
185.407
182.498
184.197
170.64
182.239
176.704
163.848
178.728
-654321
