265.205
272.233
253.974
250.062
263.843
242.036
238.064
234.082
260.063
265.157
-654321
258.101
254.397
250.334
246.335
242.497
238.58
234.345
260.58
226.37
263.202
261.746
-654321
254.716
250.457
246.463
242.472
272.461
234.556
230.557
226.554
222.377
261.629
270.412
258.309
-654321
250.086
246.503
242.186
238.173
266.391
230.213
254.217
222.248
218.122
258.077
261.49
262.001
254.324
-654321
246.271
242.128
238.189
234.222
230.185
226.341
222.225
218.393
236.374
254.208
258.129
273.004
262.067
250.131
-654321
242.055
238.254
234.021
230.159
226.395
222.143
218.264
214.342
210.34
250.269
254.369
257.901
261.537
272.705
246.311
-654321
238.1
234.336
230.259
226.257
222.241
218.424
214.128
210.111
205.996
246.376
250.116
264.678
257.991
261.479
262.086
242.262
-654321
234.423
230.177
226.037
222.149
218.143
214.269
210.224
205.833
202.412
242.163
246.322
250.042
254.126
258.057
262.176
262.081
269.62
-654321
260.199
226.053
222.21
218.285
213.948
224.436
206.176
202.155
198.28
238.196
242.263
245.983
250.455
254.294
257.989
261.482
261.844
234.368
-654321
226.199
222.207
218.197
236.389
210.284
206.486
202.086
198.224
194.317
234.09
238.34
242.096
246.434
250.125
254.086
257.811
261.573
262.006
230.427
-654321
222.323
218.333
214.17
220.835
206.322
218.319
212.091
194.223
190.488
230.446
234.252
238.222
242.423
246.099
250.154
254.49
258.305
261.666
254.169
-654321
218.271
236.265
210.301
206.368
218.285
197.909
194.2
190.302
186.356
226.09
230.139
233.969
272.486
242.144
246.049
250.15
254.592
280.423
222.228
-654321
213.748
210.156
206.346
202.12
198.173
194.207
190.038
194.296
182.124
222.173
226.309
230.454
266.356
238.313
242.472
245.945
249.988
286.222
218.003
-654321
210.332
206.324
202.485
198.093
193.956
190.197
186.334
182.183
177.982
218.08
222.055
226.471
230.202
234.106
238.182
242.246
246.602
279.966
214.523
-654321
206.089
201.965
198.114
194.022
190.177
186.275
182.14
178.119
173.809
214.163
218.239
222.399
226.075
230.205
234.204
238.688
242.103
246.259
210.367
-654321
202.049
197.982
194.224
190.412
186.084
182
178.344
174.087
170.221
210.531
214.575
217.902
222.13
226.46
230.161
233.976
237.963
242.202
206.229
-654321
198.292
193.936
190.249
186.383
182.477
178.164
174.194
169.888
165.872
205.97
210.367
214.128
218.4
222.208
225.819
230.33
233.99
272.232
202.265
-654321
194.215
190.208
186.208
188.457
178.365
174.532
170.245
166.302
162.358
202.245
224.067
210.586
236.444
218.042
221.822
226.333
230.123
234.19
198.466
-654321
190.368
186.607
182.093
178.103
174.414
170.46
166.501
162.041
158.204
197.829
202
206.043
210.408
214.43
218.046
221.97
226.07
230.253
194.256
-654321
186.292
182.044
178.392
174.338
170.186
166.67
162.042
158.445
154.236
194.532
198.41
201.883
205.832
210.597
214.496
218.041
222.489
226.014
189.806
-654321
182.385
177.998
174.042
170.328
166.123
161.876
158.155
154.305
150.733
190.298
194.352
198.154
202.325
206.202
209.637
214.267
217.765
222.433
186.518
-654321
178.092
174.532
169.82
166.496
157.919
158.761
153.498
149.794
146.732
186.005
190.533
194.447
198.264
202.408
206.648
210.388
214.367
218.392
182.357
-654321
176.318
170.049
166.221
162.509
158.608
153.982
150.649
145.714
142.308
182.142
186.138
189.956
194.695
197.684
202.432
206.605
210.083
214.427
178.212
-654321
170.008
166.472
161.972
158.554
154.208
150.495
146.558
142.502
138.369
178.014
182.595
185.99
189.543
194.356
198.656
202.445
206.344
209.989
174.209
-654321
166.333
162.435
158.973
154.372
150.518
146.35
142.295
138.075
133.758
173.588
178.453
182.001
186.159
190.673
194.244
197.611
201.934
206.365
170.482
-654321
162.248
158.168
154.053
150.495
146.243
142.976
138.403
134.601
130.24
170.631
174.469
178.241
182.852
186.272
190.23
193.944
198.316
202.196
166.525
-654321
157.906
153.847
150.125
146.231
142.564
138.209
133.807
129.571
103.946
166.704
170.535
173.832
178.017
182.705
186.056
190.174
194.596
198.316
162.762
-654321
154.212
150.669
146.514
142.005
138.646
133.981
130.544
126.186
122.266
162.233
166.239
170.084
175.01
178.58
182.02
185.839
190.118
194.136
158.374
-654321
149.26
145.967
141.389
137.567
190.53
129.731
125.833
122.051
183.449
158.349
161.945
166.797
170.317
173.981
178.356
181.829
185.887
190.103
153.666
-654321
146.137
128.597
139.24
134.394
130.554
126.252
121.967
118.215
114.157
154.136
158.295
162.418
166.694
170.061
173.335
178.329
182.128
186.348
149.837
-654321
142.241
138
134.582
190.108
126.154
122.081
118.126
114.524
110.942
150.125
153.968
157.8
161.593
166.037
169.919
174.435
178.756
182.236
146.787
-654321
138.555
134.677
110.867
126.311
121.922
118.264
114.765
109.424
107.095
146.517
150.416
153.725
158.676
205.482
166.069
169.518
174.918
178.271
142.296
-654321
134.383
189.6
126.537
121.69
118.086
114.055
111.248
106.805
103.257
142.501
146.92
199.863
153.923
158.891
205.672
166.641
170.196
174.281
138.503
-654321
130.291
126.138
122.067
117.924
115
109.647
105.602
102.139
98.1732
138.199
142.416
146.023
149.372
153.457
157.477
162.764
164.949
170.404
134.563
-654321
126.791
122.227
118.287
182.216
109.48
105.75
100.866
97.8788
93.8941
134.672
138.602
142.222
146.508
150.154
154.831
158.535
162.294
166.204
130.104
-654321
122.563
118.517
181.915
109.959
106.499
102.215
97.8111
94.1393
169.953
129.542
134.211
193.22
142.083
197.758
150.759
201.396
203.528
162.419
125.819
-654321
118.323
114.172
178.738
177.641
175.879
97.8222
95.0537
90.2193
85.98
188.227
131.016
133.807
138.318
142.305
146.062
150.092
153.269
158.412
122.25
-654321
113.21
111.169
105.76
101.528
98.7604
93.2027
89.6638
168.349
82.4263
121.524
126.614
189.375
134.568
138.683
142.329
197.83
150.581
146.106
118.429
-654321
111.175
177.955
102.292
98.4633
94.2887
90.6825
86.1397
83.4383
162.534
118.747
122.108
126.184
130.475
134.366
192.921
141.339
146.129
150.29
114.402
-654321
105.842
102.491
97.6657
94.9286
89.3555
86.5348
81.6775
163.947
73.9284
113.205
118.144
122.695
125.1
130.161
191.749
138.925
141.543
146.255
180.193
-654321
174.997
173.146
94.3064
170.232
86.1767
82.5676
77.9341
73.4475
159.705
110.759
181.719
118.156
122.137
126.555
129.428
134.067
138.558
142.701
106.316
-654321
173.576
94.7297
89.7699
86.5864
166.121
77.9464
161.246
69.5415
105.71
109.869
114.949
184.286
122.739
126.287
130.108
191.945
138.521
175.489
-654321
171.123
170.082
167.988
165.837
78.0612
161.299
159.536
103.192
106.577
111.271
113.363
183.501
185.995
126.908
129.418
134.694
98.0722
-654321
89.9155
86.1624
82.8042
77.5952
75.2021
158.89
99.6661
102.002
106.637
110.423
116.471
117.751
121.841
188.091
130.255
170.68
-654321
86.0335
82.8588
78.6741
161.397
69.8141
94.3416
99.1876
101.799
105.358
109.75
115.875
118.661
185.307
126.573
169.726
-654321
165.679
78.1345
75.2824
159.478
171.189
171.965
174.159
177.004
177.157
180.041
180.995
121.744
122.514
87.731
-654321
78.3324
161.681
160.052
86.6888
90.6565
172.271
173.645
101.966
106.082
179.682
181.572
118.21
82.892
-654321
73.9116
160.35
164.759
87.5347
91.3419
172.424
173.325
102.432
105.874
110.292
113.828
79.2548
-654321
70.3554
162.579
82.2358
85.4075
90.3135
171.466
96.5846
176.244
106.124
109.798
73.3233
-654321
73.0796
163.722
164.716
87.5828
90.6975
172.115
97.8839
176.097
106.24
69.4695
-654321
278.983
279.024
275.246
269.708
263.978
258.565
252.701
246.252
240.302
271.504
-654321
279.088
275.257
270.522
264.849
259.321
253.024
246.893
241.136
234.941
270.38
278.395
-654321
275.574
270.878
264.909
259.101
252.898
247
241.077
234.961
229.179
278.943
270.681
279.077
-654321
270.778
265.251
259.4
253.639
247.722
241.376
235.553
229.498
223.843
280.38
279.221
271.064
276.292
-654321
265.022
259.349
253.215
247.201
241.024
235.346
229.415
223.088
216.892
276.582
279.591
278.599
270.318
271.12
-654321
259.344
252.619
247.282
240.822
235.292
229.325
222.715
217.003
211.123
270.54
276.086
279.311
278.189
270.64
264.499
-654321
253.005
247.798
240.953
235.131
228.994
222.792
217.416
210.672
204.957
264.884
270.798
275.85
280.045
279.544
270.498
258.811
-654321
247.181
241.074
235.037
229.088
223.243
216.854
210.971
205.129
198.63
259.136
264.623
270.92
275.346
279.409
278.248
271.106
253.145
-654321
241.026
235.118
229.157
223.03
217.038
211.216
205.158
199.333
192.872
252.789
258.826
264.725
270.747
275.973
279.175
279.999
270.678
247.165
-654321
235.141
228.896
223.24
216.996
210.756
205.18
199.388
192.94
187.125
247.347
252.737
259.218
264.495
271.319
276.711
278.593
279.058
270.978
241.101
-654321
229.249
223.179
217.2
211.049
205.372
199.549
193.003
187.369
181.61
241.116
247.339
253.371
259.245
265.206
270.492
276.375
279.776
279.319
235.057
-654321
223.131
217.366
211.32
205.091
198.867
192.952
187.06
181.178
175.248
235.164
241.325
247.246
253.2
258.884
264.981
270.985
275.589
280.157
229.521
-654321
217.023
211.383
205.181
198.939
193.193
187.024
181.774
174.968
169.157
228.677
235.096
240.953
247.026
253.046
259.333
264.116
270.257
275.884
223.197
-654321
211.153
205.313
198.912
193.395
187.579
180.827
175.231
168.708
162.857
222.792
228.953
235.207
240.818
246.995
253.432
258.821
264.39
270.733
217.33
-654321
205.473
198.886
192.984
187.349
181.409
174.974
168.72
163.082
157.031
217.38
223.032
228.869
234.723
241.421
246.602
252.887
259.098
265.049
211.014
-654321
198.985
193.166
186.806
180.519
174.815
168.24
163.021
157.153
151.264
211.279
216.843
223.145
228.643
235.284
241.445
247.393
253.039
258.897
205.235
-654321
193.188
187.265
181.018
175
168.901
163.133
157.58
151.473
144.909
205.079
211.724
217.865
222.803
228.96
234.668
241.555
247.09
253.2
199.379
-654321
186.965
180.938
175.579
169.034
162.612
157.084
151.442
144.718
139.157
199.055
204.946
211.005
216.408
222.736
229.334
235.37
240.926
247.152
192.717
-654321
181.406
174.744
169.125
162.906
156.683
152.082
145.194
139.046
133.294
193.338
199.058
204.991
210.842
217.169
223.399
228.914
234.847
241.188
187.045
-654321
175.431
169.085
162.987
156.745
150.515
146.091
139.393
132.57
127.71
187.122
193.042
199.716
205.596
210.763
216.186
223.221
228.578
234.991
181.03
-654321
169.213
162.886
157.037
150.786
145.404
138.688
132.597
127.824
121.57
181.237
187.455
192.87
199.26
205.107
211.468
217.427
223.007
228.936
174.499
-654321
162.695
157.427
151.156
145.134
139.032
133.337
127.768
120.894
114.848
175.254
180.702
187.355
193.082
199.205
205.063
211.57
217.306
223.183
169.037
-654321
156.591
151.044
145.026
138.738
133.512
127.475
120.788
115.418
108.274
169.083
174.795
181.329
186.909
192.833
199.339
204.72
210.883
217.022
163.171
-654321
151.067
144.976
139.161
132.327
126.961
120.863
115.519
108.97
103.191
163.362
168.71
174.481
180.762
187.396
193.311
199.095
204.777
211.065
157.65
-654321
144.676
138.702
133.403
126.783
120.874
114.726
109.825
103.389
97.5018
155.911
163.126
169.341
175.116
181.144
188.252
192.845
199.373
205.357
150.782
-654321
139.181
132.956
127.528
120.799
114.872
109.838
103.274
97.6034
90.9915
151.276
157.294
163.387
168.596
174.787
180.894
187.489
193.119
199.311
145.202
-654321
133.412
164.475
120.012
115.55
109.252
103.059
95.735
91.1471
85.4658
144.734
151.787
157.494
162.862
169.1
176.263
181.638
186.808
192.696
138.799
-654321
127.851
120.497
115.057
109.393
102.471
96.6157
91.6823
84.2255
79.2972
138.808
145.692
151.157
157.148
162.746
168.861
174.871
180.555
186.995
132.271
-654321
121.72
115.685
108.657
148.734
97.4042
91.1583
84.6759
78.7081
72.8757
133.003
138.037
145.604
150.522
157.272
162.654
169.899
174.704
181.18
126.426
-654321
114.588
109.153
102.913
145.02
90.9514
84.5353
78.4287
73.2324
66.9845
127.897
168.955
139.611
144.918
150.978
157.211
162.879
168.331
175.046
120.679
-654321
109.192
101.786
97.8203
90.9336
136.199
78.6204
72.4351
66.6923
61.7328
121.425
127.432
133.239
172.211
145.353
150.998
156.788
162.205
168.929
115.028
-654321
102.413
97.1735
90.8571
85.1477
78.1377
73.5156
66.6071
61.5357
56.0653
115.397
121.279
127.516
132.926
138.45
144.276
150.407
157.107
163.382
109.085
-654321
96.4632
91.1791
84.6193
79.3667
73.097
66.1174
61.1801
54.2792
48.4606
108.007
155.691
121.565
126.976
178.4
137.889
146.011
150.998
156.422
102.404
-654321
91.7325
85.7585
78.6715
71.8679
66.0936
61.9839
54.1395
49.081
42.7971
102.842
164.158
155.685
120.537
128.4
134.339
139.397
145.539
151.3
155.858
-654321
85.3725
78.6125
72.3174
66.9987
61.4352
54.8801
48.6378
42.8203
37.7007
96.54
147.433
111.16
114.929
172.682
126.512
133.633
138.716
144.987
91.6292
-654321
79.0177
73.6232
125.484
61.3214
54.0695
123.857
41.6921
37.2563
30.9252
201.645
98.4042
102.668
108.831
113.333
122.03
127.003
132.965
138.739
85.3624
-654321
73.8961
67.0789
60.9903
55.5251
49.2418
42.216
36.2513
30.3885
25.5304
147.157
139.457
96.6012
148.679
110.239
156.629
119.513
212.965
132.59
78.8325
-654321
67.0056
60.6064
55.3062
48.1402
43.8091
37.3011
31.6006
96.116
19.1924
79.5873
85.6418
90.3149
156.72
148.288
108.488
114.078
171.892
127.12
74.5439
-654321
192.022
54.548
48.5248
108.126
37.4991
31.2433
95.6441
18.4011
87.8465
139.765
78.4014
148.554
91.5812
97.9988
103.295
109.219
209.379
120.679
66.1942
-654321
55.6846
49.4899
44.1935
115.82
30.8238
25.7382
19.9795
88.5873
5.41042
66.4951
73.6046
80.1436
135.431
92.6745
155.579
103.535
109.423
115.891
131.663
-654321
48.276
43.0479
103.674
29.9308
26.0579
103.711
87.5144
7.16499
0.858704
121.851
67.1765
128.378
133.836
84.6365
91.2915
145.2
103.165
109.292
126.949
-654321
42.1181
104.455
180.155
22.7954
17.9868
89.3903
7.05823
1.65626
55.3637
60.8854
65.6131
74.0214
80.1114
136.476
91.1418
97.5639
102.784
48.0826
-654321
36.3653
31.4807
26.0022
91.8564
100.589
95.9831
90.1931
186.511
55.2276
59.2388
66.5344
194.797
131.745
83.3148
89.9814
97.0786
120.382
-654321
100.82
26.0186
18.0952
14.2019
173.362
0
119.562
49.0119
188.808
130.795
66.3345
195.284
79.1564
147.067
91.1473
37.7436
-654321
96.6439
19.0015
12.2747
6.64289
1.84002
35.65
42.8199
111.29
115.918
130.613
136.4
71.6851
78.876
84.2682
100.963
-654321
17.8813
98.725
94.2502
81.7497
100.113
116.27
44.0722
47.877
189.251
121.363
124.62
127.172
79.9929
178.782
-654321
13.0423
9.25432
90.7827
96.7468
32.0556
38.4139
107.967
112.026
126.775
120.334
68.0561
72.0225
178.166
-654321
7.69485
91.5203
17.2381
26.5143
100.287
37.3171
184.445
112.014
55.5948
62.8188
67.4529
88.0593
-654321
80.6028
101.246
177.59
106.947
29.3365
116.399
184.987
122.814
116.49
61.1413
86.8088
-654321
7.57873
14.9882
18.2516
23.8287
30.3384
37.337
109.187
47.8275
55.4409
80.317
-654321
285.694
294.753
298.332
297.384
293.793
288.8
283.008
277.8
272.032
270.888
-654321
293.759
297.578
297.657
293.551
288.156
283.231
277.265
271.035
265.954
270.866
283.308
-654321
297.423
296.761
292.694
287.978
282.806
277.26
271.533
265.203
259.263
284.495
270.078
294.968
-654321
297.192
294.345
288.421
283.941
277.817
271.856
265.978
260.185
254.084
294.166
284.351
270.665
298.985
-654321
293.624
288.488
282.999
278.431
272.043
266.014
260.381
253.958
248.095
298.86
292.852
283.727
270.758
298.453
-654321
288.571
282.993
277.777
271.942
266.075
259.96
254.331
248.01
241.697
298.877
298.332
292.756
282.838
269.629
294.817
-654321
282.867
277.029
272.091
266.041
260.211
254.004
248.28
242.142
235.803
294.258
297.453
298
294.007
282.425
270.855
288.952
-654321
277.689
271.158
265.808
259.785
253.986
247.632
241.968
235.601
230.001
287.772
293.06
297.422
298.211
295.855
284.757
271.651
282.913
-654321
271.647
266.216
259.126
254.519
248.037
241.575
235.904
229.989
224.126
282.83
289.481
292.775
296.981
298.653
295.761
286.702
270.946
277.766
-654321
266.028
259.601
253.801
247.768
241.807
235.39
229.94
224.21
217.536
277.842
284.096
288.213
293.573
297.44
298.553
294.313
286.966
271.425
271.642
-654321
259.692
253.864
247.474
242.577
235.684
229.942
223.911
217.843
212.356
271.538
277.607
283.399
288.63
294.426
297.513
299.091
293.754
284.049
266.038
-654321
253.478
247.473
242.045
236.015
229.258
224.657
218.047
211.974
206.044
265.749
271.78
277.782
282.095
288.804
293.799
296.688
298.74
294.351
259.987
-654321
247.748
241.656
235.306
229.952
224.235
217.849
212.073
205.496
200.155
259.923
265.636
271.484
277.94
283.556
288.517
293.949
297.038
298.922
254.262
-654321
242.098
236.497
229.405
223.948
217.531
212.17
205.572
199.905
193.348
254.214
259.664
266.064
271.954
278.078
283.619
288.073
294.396
297.526
247.709
-654321
235.99
229.655
223.522
218.043
212.056
206.07
199.962
193.871
187.194
247.978
253.844
259.932
265.467
272.449
277.509
283.695
288.543
294.172
242.268
-654321
229.636
224.453
217.314
211.664
206.406
199.466
193.771
187.781
182.024
241.587
247.424
254.272
259.376
266.146
272.361
277.472
282.149
289.19
236.612
-654321
223.338
217.252
211.834
205.584
200.094
194.291
187.487
181.732
175.547
236.096
241.919
247.421
254.121
260.673
265.466
271.838
278.049
283.364
230.176
-654321
217.999
211.871
205.186
199.866
194.089
187.644
181.91
175.605
170.055
229.852
236.754
241.493
248.314
253.678
259.617
265.272
270.996
277.491
223.574
-654321
212.195
205.788
200.468
194.108
187.588
182.057
175.44
170.263
164.088
223.205
229.371
234.896
241.876
248.14
253.789
260.068
265.95
271.686
217.804
-654321
205.225
200.079
194.452
187.267
181.277
175.833
170.071
164.017
157.412
217.835
223.762
230.217
236.028
242.952
247.357
253.822
259.26
265.782
212.349
-654321
199.539
194.073
187.684
182.211
175.645
169.299
163.702
158.644
151.856
211.55
218.453
223.923
229.169
235.712
241.198
248.308
254.447
260.05
205.269
-654321
194.06
187.577
182.247
175.937
169.446
162.793
158.653
151.077
145.205
206.234
212.165
218.711
223.209
230.306
236.29
242.182
248.199
253.891
199.668
-654321
187.981
182.116
175.978
169.347
164.07
157.815
151.562
145.836
140.003
200.104
206.802
211.711
218.023
225.46
230.252
235.659
241.877
247.75
193.979
-654321
182.206
176.246
169.885
164.133
158.05
151.331
145.202
139.862
133.858
193.766
200.508
206.381
211.062
217.255
223.589
229.236
235.486
242.048
187.98
-654321
177.221
170.498
163.27
158.365
152.954
145.964
138.714
132.984
127.438
188.051
194.73
200.182
205.294
211.63
217.613
223.006
230.022
235.781
182.476
-654321
170.096
164.812
157.607
150.665
145.856
139.91
133.855
128.436
121.691
182.156
187.519
192.703
198.678
205.535
212.113
218.155
223.605
229.852
175.832
-654321
164.648
157.962
152.757
146.109
138.982
133.67
129.027
122.582
116.854
176.875
180.585
187.938
193.774
200.1
205.172
212.123
217.898
223.39
169.399
-654321
157.662
151.919
146.32
140.561
133.342
177.313
122.303
115.407
110.212
170.235
176.997
180.217
216.291
194.246
199.927
205.82
211.893
217.698
162.857
-654321
152.191
146.197
139.493
133.466
128.203
122.585
114.472
109.013
103.12
164.168
169.236
177.11
182.404
187.293
193.583
200.24
205.546
212.157
157.277
-654321
146.103
140.341
133.805
127.416
122.782
115.588
111.058
104.06
98.6215
158.266
164.741
168.996
176.529
182.465
188.093
192.614
199.687
206.159
152.263
-654321
140.596
132.968
128.907
121.274
116.262
109.463
103.507
98.9587
91.8099
152.643
156.965
163.965
168.987
176.151
182.129
187.646
193.798
199.241
145.899
-654321
133.343
127.344
159.914
117.291
109.549
103.473
97.2912
91.9345
84.8767
145.606
152.335
158.733
163.485
169.939
175.293
182.315
187.994
194.297
140.327
-654321
127.836
120.882
113.893
109.333
104.201
98.1365
91.334
85.5556
79.722
137.754
146.039
152.174
158.282
164.341
169.962
175.691
181.318
188.636
132.274
-654321
120.48
115.819
151.103
104.882
97.1849
93.7107
86.8985
79.1632
73.3079
134.533
141.463
145.525
150.545
158.586
188.083
168.597
207.983
181.684
125.748
-654321
115.931
108.799
103.281
97.5455
92.6376
136.552
133.676
75.1692
68.3303
127.774
134.079
137.674
144.742
152.749
158.574
163.575
168.872
176.391
121.614
-654321
108.967
103.606
97.9807
140.577
86.9382
78.066
71.5664
66.5314
61.4574
122.389
125.641
135.451
140.26
144.027
151.993
158.805
165.774
170.244
170.103
-654321
104.264
97.5011
92.1782
199.094
81.0139
73.1241
68.6263
122.199
54.8231
115.545
120.998
163.644
134.976
139.305
145.683
153.952
159.124
163.747
109.084
-654321
97.3511
91.8204
87.1663
144.109
75.5338
69.4243
60.5458
116.355
49.3053
152.202
113.981
122.496
127.594
133.931
140.514
146.26
192.871
157.166
148.639
-654321
92.1502
86.2696
143.332
74.5379
67.4351
120.231
56.7955
49.3457
42.6319
161.335
108.226
115.325
172.335
127.162
133.685
141.069
177.218
151.354
98.5075
-654321
137.342
80.7015
139.653
69.4831
131.51
115.498
124.409
44.4703
36.3869
204.486
102.793
153.439
114.732
161.171
163.172
134.502
139.888
146.069
92.0378
-654321
144.71
140.713
70.0587
60.7427
115.623
51.1742
185.188
116.086
99.4335
93.1728
203.163
148.11
152.166
155.263
122.157
126.896
169.187
139.873
84.3505
-654321
75.7821
137.034
59.4822
189.995
48.4736
42.5436
117.369
100.227
85.7297
90.7824
142.822
104.66
109.422
155.548
161.042
129.503
134.073
79.408
-654321
68.6821
133.935
55.1653
49.5099
43.17
38.8281
29.4763
132.701
84.4011
92.2533
158.251
104.133
109.385
170.667
121.162
127.34
128.751
-654321
63.6448
114.396
49.1038
186.329
37.8849
99.8385
127.999
80.9711
85.1219
92.4061
96.4558
161.805
109.65
116.198
122.035
68.8101
-654321
56.974
50.1442
108.251
117.273
99.7575
66.742
72.8365
80.3478
86.4708
152.036
98.7876
161.811
152.873
116.6
118.811
-654321
113.788
183.833
36.6873
100.657
62.8882
66.2767
74.2908
79.1322
136.473
139.75
202.496
102.342
110.079
57.3915
-654321
42.3816
38.0254
98.2447
56.623
60.3378
67.0221
74.3341
133.436
88.0717
152.717
155.02
102.923
187
-654321
38.0423
32.4344
52.0174
55.0424
132.199
68.0678
75.3005
197.062
136.927
90.5835
144.586
119.558
-654321
180.26
45.7671
51.0654
115.793
61.3583
193.609
73.0014
197.733
86.8589
91.28
105.369
-654321
37.0573
44.0166
187.298
55.2706
122.39
123.897
127.659
132.483
85.5025
180.416
-654321
283.265
295.232
307.343
315.255
316.21
311.993
310.493
305.629
298.708
271.026
-654321
297.442
309.485
313.645
315.848
314.197
310.304
304.613
299.33
294.293
270.07
284.921
-654321
310.4
314.344
315.36
313.885
311.147
304.83
299.353
294.935
288.569
283.543
270.107
298.57
-654321
313.968
315.171
310.968
310.338
304.604
299.055
293.368
287.853
282.483
298.224
283.626
270.351
311.502
-654321
315.657
313.093
310.838
304.881
299.178
294.534
288.428
282.445
276.422
309.569
300.283
285.192
270.035
316.235
-654321
312.018
309.672
304.35
300.183
294.498
288.558
282.827
276.348
270.501
315.771
312.128
298.218
284.822
270.679
315.192
-654321
310.224
305.231
299.972
294.143
289.2
282.79
276.654
270.92
264.926
315.247
314.864
309.993
299.655
282.782
270.936
313.904
-654321
304.091
299.191
293.737
288.483
282.467
277.313
270.902
264.983
258.71
312.21
315.01
316.314
309.725
298.335
284.49
271.757
308.471
-654321
298.437
294.34
288.149
282.905
276.558
270.591
264.668
258.426
252.42
309.967
312.491
315.677
316.003
309.61
298.049
285.439
271.971
303.793
-654321
293.012
288.408
282.876
276.674
270.893
264.687
258.318
252.392
246.568
306.012
310.28
312.134
315.894
314.772
308.771
298.766
285.33
270.444
299.687
-654321
288.117
282.693
277.243
270.61
264.515
258.604
252.91
246.663
240.742
300.393
305.786
309.487
311.242
315.384
312.244
308.287
301.111
284.686
294.563
-654321
282.606
276.719
270.605
264.976
258.433
253.163
246.618
240.257
234.716
294.152
300.281
305.683
311.011
312.253
316.694
315.141
312.952
298.198
288.658
-654321
276.954
270.387
264.608
258.762
252.146
246.518
241.019
234.679
229.069
288.66
294.522
299.731
306.601
310.18
312.083
314.756
314.202
311.976
282.43
-654321
270.473
264.748
258.88
251.929
246.293
241.339
234.152
229.508
222.58
282.704
288.486
293.245
300.051
305.188
310.265
313.927
314.993
312.971
276.636
-654321
264.767
259.016
252.708
247.423
240.065
234.568
228.554
223.363
216.53
276.974
282.072
288.11
294.256
300.12
303.692
308.899
313.565
316.394
270.481
-654321
258.17
252.967
246.949
240.406
234.769
229.251
222.888
216.438
210.528
270.488
276.599
283.163
288.394
294.892
299.343
305.887
308.78
312.115
264.303
-654321
252.594
246.788
241.331
235.049
229.214
223.301
217.05
211.015
204.782
264.935
270.91
276.27
282.93
288.028
294.406
300.312
304.04
310.361
258.554
-654321
246.264
240.383
234.769
229.166
222.803
216.727
211.428
205.129
198.071
258.494
264.484
270.303
276.37
282.644
289.181
294.956
299.81
304.814
252.652
-654321
241.311
234.464
228.635
223.067
215.654
210.518
204.65
198.624
192.621
252.661
258.58
264.416
269.926
277.522
282.544
288.557
294.473
299.301
246.271
-654321
235.224
228.737
223.03
216.101
210.818
204.636
198.627
192.74
186.517
246.681
254.046
259.267
265.043
271.486
276.425
282.534
288.721
294.465
241.338
-654321
228.673
222.656
216.194
210.747
205.275
198.455
191.766
186.713
180.63
241.957
246.663
253.26
258.562
264.891
271.151
276.091
282.717
288.261
235.042
-654321
223.827
216.587
209.301
204.839
198.968
192.929
186.105
180.707
174.612
234.596
240.94
246.673
253.059
259.291
264.269
271.205
276.199
282.559
228.385
-654321
217.148
210.729
204.994
198.877
192.849
186.559
180.252
174.759
168.618
228.726
234.334
240.679
246.175
253.024
258.213
264.585
270.887
276.772
222.758
-654321
211.72
204.518
198.477
192.941
186.488
181.385
175.813
169.43
161.643
222.908
228.609
233.709
240.374
246.696
252.384
258.334
264.062
269.96
216.872
-654321
203.849
198.173
192.216
187.014
180.449
174.333
168.389
162.451
156.634
217.236
222.122
228.16
233.96
240.582
246.375
252.196
258.669
264.831
210.399
-654321
198.694
192.641
186.456
181.473
174.744
168.802
161.464
156.81
150.824
210.193
216.48
222.623
228.992
234.956
240.618
246.543
252.539
259.02
204.656
-654321
192.748
185.199
181.291
173.926
168.654
162.696
156.019
150.108
144.522
204.226
210.779
216.621
222.49
228.352
234.399
240.219
246.412
252.363
199.289
-654321
186.685
199.704
175.397
167.841
162.888
155.514
151.566
145.01
140.03
198.601
205.267
210.874
215.175
222.57
228.103
234.482
241.135
246.632
192.316
-654321
179.463
174.932
169.316
161.587
155.782
150.677
143.836
138.943
132.206
192.877
197.674
205.464
211.548
216.672
222.783
228.302
235.583
240.411
187.454
-654321
174.974
166.611
186.757
156.834
150.562
143.445
140.306
132.347
124.897
186.753
192.651
197.896
205.433
210.514
216.894
222.015
229.087
234.737
180.9
-654321
168.464
163.004
156.597
150.86
145.035
138.833
132.952
126.187
119.342
180.056
187.937
191.187
198.497
204.87
220.667
216.727
222.663
227.704
174.963
-654321
162.64
156.967
150.387
142.598
184.155
132.984
125.831
120.78
115.03
175.343
180.751
187.28
193.983
198.015
204.732
210.87
216.518
222.374
168.231
-654321
157.129
150.137
144.826
139.159
132.749
125.992
120.528
113.462
107.974
167.208
173.955
181.181
185.992
191.222
199.163
203.559
210.316
216.541
162.231
-654321
180.312
144.457
139.163
132.833
125.877
171.628
115.13
108.164
102.966
162.267
192.857
172.664
181.356
185.611
192.904
197.6
204.706
210.191
155.89
-654321
143.957
138.847
131.734
126.131
121.517
157.607
110.836
103.431
96.5553
155.498
162.644
167.319
173.384
180.998
203.078
192.803
198.543
204.281
150.709
-654321
140.12
167.705
126.984
120.266
113.231
108.923
100.549
143.06
152.379
151.679
156.959
162.799
170.66
174.2
180.865
186.01
192.046
198.669
144.77
-654321
132.738
125.808
119.927
153.809
107.695
102.664
96.1883
91.7032
85.4348
146.217
150.871
157.431
188.628
169.451
228.851
182.343
185.72
192.894
138.905
-654321
127.39
121.055
167.342
108.507
101.665
142.026
91.4552
148.4
79.7145
138.615
145.626
150.069
155.743
163.439
166.629
173.169
181.065
186.405
131.998
-654321
121.006
209.097
107.998
102.448
96.0462
138.37
82.7587
144.248
128.335
134.015
138.997
144.408
150.338
184.527
162.024
203.782
174.408
179.643
125.607
-654321
155.497
110.79
103.869
96.5955
91.5037
85.6712
79.0212
74.2725
135.066
125.888
178.7
173.053
218.9
178.524
156.423
163.636
167.248
174.26
120.969
-654321
108.362
103.248
97.0115
150.282
137.286
77.7769
127.37
66.6283
61.4131
121.288
126.731
179.914
139.521
142.189
150.599
195.328
163.22
168.406
115.001
-654321
147.659
97.7647
91.3851
133.436
78.1968
128.46
135.508
117.537
114.555
119.924
163.91
134.179
183.573
144.038
151.006
157.12
162.281
152.509
-654321
97.9146
90.7861
135.62
132.964
72.6209
65.0103
60.852
109.487
156.444
160.241
127.509
166.937
138.22
145.308
148.596
157.09
159.206
-654321
140.525
197.316
133.393
71.0198
66.6171
57.764
102.568
108.367
168.593
159.029
164.208
165.212
172.315
144.793
149.723
95.5278
-654321
84.2656
80.6327
128.81
135.477
59.4944
156.389
159.395
107.975
113.991
159.767
163.69
169.115
172.054
145.106
91.6434
-654321
77.8239
71.8929
65.0873
132.921
201.547
144.136
145.483
164.74
114.92
121.493
124.028
131.743
137.675
83.8308
-654321
73.4105
137.23
59.6401
85.1726
152.793
144.297
103.909
164.486
114.45
160.071
125.921
133.487
76.3873
-654321
133.556
130.722
77.9683
148.448
90.7767
156.108
160.328
108.267
115.491
120.242
127.42
74.9825
-654321
60.2671
128.032
78.079
199.823
90.3159
142.784
149.379
109.911
114.982
120.368
123.637
-654321
136.044
195.361
144.602
85.8519
153.417
155.361
203.952
107.784
114.197
119.911
-654321
285.238
299.934
308.596
322.106
332.008
334.689
334.225
332.029
328.165
271.457
-654321
298.048
313.243
322.317
327.628
333.303
334.138
333.144
330.1
324.119
271.02
283.568
-654321
311.498
324.774
328.663
333.622
335.49
331.918
327.529
324.068
318.503
284.51
269.892
302.568
-654321
324.318
332.819
334.837
332.461
332.294
328.638
323.718
319.934
313.353
299.581
285.911
270.388
312.92
-654321
332.77
332.763
334.395
334.091
328.978
323.846
320.15
313.929
308.827
312.328
298.347
285.654
270.951
327.108
-654321
334.876
335.396
331.701
328.655
322.42
316.522
312.606
307.204
301.309
323.818
309.899
299.762
283.004
269.727
327.305
-654321
334.025
331.459
329.821
323.473
319.213
313.765
308.548
302.446
297.38
330.194
323.168
312.05
298.036
283.725
270.906
334.055
-654321
332.231
327.563
324.56
319.141
313.851
307.674
302.725
296.778
290.692
331.87
329.514
324.95
315.596
299.791
284.713
270.206
333.289
-654321
327.366
323.034
320.347
313.117
308.353
302.378
296.406
291.192
285.052
334.073
334.593
328.046
325.813
310.202
299.54
284.164
270.291
333.872
-654321
325.009
318.499
314.633
307.226
302.923
296.348
290.909
284.998
278.951
332.101
336.128
333.79
329.565
324.528
314.213
297.643
285.845
270.131
328.657
-654321
318.806
314.12
308.962
302.56
296.496
291.373
285.199
278.93
273.059
328.216
328.037
333.758
335.599
336.347
329.519
310.429
297.194
286.268
324.787
-654321
313.465
307.725
302.402
296.981
290.797
285.128
278.597
272.783
266.874
325.398
327.262
332.37
332.099
335.084
332.28
321.928
313.584
300.678
317.296
-654321
307.833
303.081
296.549
291.162
284.613
279.017
273.111
267.715
260.853
316.567
320.835
326.755
329.019
333.694
332.746
333.406
325.645
313.401
314.19
-654321
302.869
296.863
290.553
284.727
278.683
272.697
266.781
260.571
254.401
312.551
316.805
324.549
329.038
332.81
334.704
331.04
327.885
329.046
306.593
-654321
296.868
290.385
284.412
279.006
272.894
266.98
260.861
255.292
249.024
308.589
312.431
319.156
325.059
328.333
330.457
330.978
336.23
336.62
302.683
-654321
290.576
285.282
278.724
273.211
266.777
260.803
254.69
249.123
243.097
302.757
307.571
313.856
319.076
324.086
329.672
332.842
331.297
334.757
296.53
-654321
285.014
278.597
272.266
266.643
260.908
254.851
249.492
242.631
236.881
296.294
302.718
307.532
313.585
318.758
320.69
327.19
332.345
333.152
290.733
-654321
278.108
273.415
266.557
261.12
254.065
248.851
242.72
236.785
230.791
289.871
297.065
301.172
306.906
314.116
319.547
324.038
328.942
331.241
284.445
-654321
272.909
266.326
260.916
254.419
249.564
242.487
237.084
230.782
224.427
284.491
291.036
296.257
301.645
308.893
313.57
318.835
324.013
327.897
278.733
-654321
267.292
260.411
255.059
248.455
242.797
236.577
230.445
225.376
219.14
278.709
285.298
291.153
295.156
302.662
306.638
314.318
314.833
324.031
272.254
-654321
261.12
254.335
249.241
243.618
237.382
230.723
223.781
219.045
211.986
272.263
278.278
285.239
290.056
296.016
303.048
308.398
312.866
317.921
266.442
-654321
254.234
248.974
242.813
236.884
230.957
225.749
217.713
211.678
206.44
265.818
272.957
278.649
285.407
291.188
295.665
302.632
308.881
313.498
260.795
-654321
249.178
242.79
237.019
231.038
224.787
217.845
212.649
206.748
200.198
261.407
267.309
272.196
278.693
284.211
290.923
296.927
300.275
308.017
254.736
-654321
242.67
237.18
230.68
224.192
219.466
212.184
206.567
200.862
195.562
254.055
261.757
266.805
272.584
278.97
283.823
290.161
295.901
302.533
249.085
-654321
236.559
230.56
224.177
218.903
213.039
206.363
201.117
194.304
187.874
249.684
254.95
260.782
267.582
272.108
278.837
284.449
290.83
296.223
241.765
-654321
230.133
223.943
218.513
212.894
207.495
201.791
194.603
188.494
182.039
241.756
249.555
254.841
260.508
266.73
272.12
279.118
285.405
290.812
236.699
-654321
224.405
219.308
212.556
205.701
200.216
194.354
189.39
182.531
175.72
236.712
241.521
249.182
254.998
259.762
266.748
273.014
277.846
285.034
231.427
-654321
218.162
212.785
206.148
200.655
195.696
190.169
183.308
176.628
170.336
231.398
235.307
243.217
248.053
254.318
261.165
266.603
272.419
278.743
224.334
-654321
211.91
207.397
200.92
194.444
188.209
182.769
176.16
171.294
164.854
225.178
231.826
236.324
242.675
248.058
254.633
261.931
265.693
272.851
218.245
-654321
205.533
201.293
193.71
187.74
181.85
176.03
170.7
163.108
157.737
218.431
225.996
230.457
237.122
243.261
248.505
254.24
260.229
266.64
213.238
-654321
199.208
196.587
189.134
180.774
177.814
171.816
165.366
157.709
152.943
212.275
219.599
223.904
230.539
236.896
242.442
248.97
254.698
260.686
206.73
-654321
194.769
187.257
181.137
176.228
169.439
163.285
158.674
152.247
145.184
207.696
219.718
217.867
224.31
230.371
236.344
242.512
249.358
254.874
200.351
-654321
189.529
182.032
175.457
171.783
163.724
158.054
152.847
145.777
140.575
201.081
206.679
210.742
236.96
224.299
231.407
236.447
243.112
248.755
194.446
-654321
182.206
177.993
170.366
163.959
159.334
192.956
147.389
171.099
133.262
194.258
199.776
205.844
213.844
219.875
225.384
229.849
237.459
242.986
187.588
-654321
196.995
171.041
164.487
183.775
152.881
148.754
140.456
134.545
129.494
187.132
193.749
213.242
216.442
213.203
218.376
223.94
231.035
236.942
183.13
-654321
170.45
188.943
157.876
152.753
146.428
140.63
134.742
163.965
124.153
184.055
187.797
194.333
201.687
206.678
212.125
218.309
223.577
230.297
177.422
-654321
165.969
158.523
150.983
145.779
138.982
134.924
128.973
121.994
157.416
195.214
183.157
188.948
194.587
201.013
206.416
212.841
218.004
224.173
170.811
-654321
158.928
150.934
175.929
139.489
136.612
127.515
124.691
157.853
112.56
170.944
194.822
181.991
188.143
208.137
200.78
208.322
213.423
218.638
165.933
-654321
180.203
148.248
140.83
135.125
128.677
172.971
114.536
109.61
103.378
163.059
170.295
195.832
184.01
186.978
194.494
201.133
206.542
212.309
196.983
-654321
175.965
171.718
169.53
130.295
122.778
115.485
110.897
103.79
99.4104
186.189
165.625
170.903
177.611
184.066
218.047
208.059
212.463
206.635
151.05
-654321
140.777
132.622
129.401
160.746
115.36
110.131
160.298
97.9941
94.8377
152.868
159.244
164.588
170.067
176.491
182.744
189.08
194.883
200.278
146.875
-654321
135.125
163.842
161.169
209.142
109.307
102.853
99.3587
91.7456
175.182
193.178
156.658
162.025
192.676
196.756
200.498
204.572
194.118
184.017
-654321
130.58
160.981
115.527
112.412
205.382
97.7701
139.582
139.977
148.196
150.329
158.117
201.287
170.186
175.796
201.217
188.634
132.694
-654321
212.353
116.928
153.72
104.816
157.503
95.2174
168.784
185.061
218.615
154.75
158.385
164.211
206.601
179.643
181.68
177.331
-654321
170.45
112.298
104.157
96.5278
140.34
128.041
136.257
187.836
188.26
179.246
185.958
163.199
192.52
176.73
121.787
-654321
167.976
205.892
97.3003
93.0897
172.64
130.022
133.86
186.643
176.744
195.26
186.1
165.786
171.237
118.255
-654321
148.926
96.3471
152.711
114.025
211.314
177.405
181.729
139.887
190.295
153.157
185.815
164.754
154.1
-654321
146.52
139.671
110.233
116.558
161.048
164.076
134.049
141.287
220.674
151.021
157.305
148.581
-654321
202.278
146.673
111.863
155.009
124.222
214.743
134.543
141.362
147.33
152.242
143.577
-654321
97.571
161.566
109.303
116.919
174.35
163.749
180.711
140.676
146.933
140.954
-654321
284.455
301.733
316.228
326.25
339.83
347.187
353.189
353.706
349.284
271.216
-654321
297.5
310.759
327.401
342.109
349.208
354.24
348.327
349.224
344.392
270.018
283.631
-654321
315.275
325.821
336.951
342.376
349.457
347.977
350.378
350.92
344.755
283.585
272.926
297.813
-654321
325.939
341.267
349.502
347.741
352.349
355.968
344.416
343.477
341.05
297.27
283
270.119
314.712
-654321
335.585
343.699
348.789
355.839
351.488
350.068
342.33
339.965
333.212
309.374
296.478
283.251
271.519
327.879
-654321
339.226
345.117
349.913
349.378
349.436
344.245
339.628
335.005
331.758
328.73
309.523
297.439
284.935
270.899
342.476
-654321
345.047
350.686
352.127
349.492
343.181
341.18
336.087
330.391
323.825
338.924
323.496
308.819
299.856
285.57
269.877
346.121
-654321
349.8
348.686
347.518
343.852
339.571
335.496
330.327
324.853
319.8
346.337
343.975
327.591
312.336
297.886
284.596
270.718
351.471
-654321
350.691
348.923
344.341
341.544
336.197
328.772
324.069
319.412
313.441
348.797
346.363
341.649
323.6
312.574
295.745
284.572
270.156
347.15
-654321
350.333
345.374
340.054
337.033
329.407
325.209
318.488
314.645
308.455
352.852
347.705
346.255
337.643
325.858
311.077
300.126
284.098
270.856
347.65
-654321
345.405
338.246
335.231
331.331
325.305
318.575
313.832
307.687
302.282
348.472
352.732
352.39
349.933
336.255
320.826
312.925
301.215
284.261
348.212
-654321
340.41
335.94
330.989
324.15
318.108
314.046
307.917
302.163
296.922
348.746
352.442
351.858
351.576
344.381
342.53
326.637
314.363
300.873
345.893
-654321
334.188
330.905
325.616
319.086
312.958
308.046
301.888
295.991
290.137
338.751
350.881
348.883
350.049
346.371
342.884
337.287
326.549
314.084
338.729
-654321
330.466
325.105
320.003
314.324
307.999
302.141
296.116
290.725
284.077
340.29
343.606
348.68
349.377
352.479
349.562
340.44
336.188
326.869
333.974
-654321
325.11
319.692
313.683
308.141
301.845
296.174
290.684
284.112
278.055
334.674
337.78
341.332
347.253
352.024
353.635
351.449
341.228
336.419
329.746
-654321
318.296
312.994
307.683
301.907
296.179
290
283.535
278.584
271.785
330.556
336.863
339.583
346.022
349.23
350.289
353.465
351.035
348.87
325.938
-654321
313.466
307.632
301.647
296.321
290.879
284.464
277.83
272.982
266.048
324.13
330.115
334.588
342.077
339.747
348.45
351.881
349.44
347.848
318.222
-654321
307.666
301.79
296.101
289.927
282.941
277.888
271.918
266.591
260.405
318.552
325.293
329.289
336.344
340.532
345.492
349.527
347.268
351.857
314.024
-654321
302.279
295.686
290.103
284.121
276.888
272.168
266.131
260.542
253.816
312.922
319.519
325.246
330.502
334.668
339.654
341.555
347.917
351.447
307.404
-654321
295.558
289.871
284.579
278.327
271.793
265.922
259.653
253.98
248.176
306.921
313.387
319.039
322.999
328.888
335.781
341.896
346.245
348.505
301.839
-654321
289.762
284.269
277.527
271.685
266.029
260.206
254.032
247.745
242.881
301.513
306.258
313.136
319.688
325.461
327.316
336.965
338.374
344.151
296.832
-654321
284.35
278.244
272.357
266.3
259.481
254.507
247.323
242.275
235.787
295.6
302.379
307.792
313.726
319.438
325.836
331.803
335.097
338.263
290.787
-654321
278.8
271.034
266.416
260.854
253.449
247.632
241.147
235.311
230.238
290.17
296.159
302.425
306.885
313.192
319.999
325.426
330.14
335.426
284.086
-654321
272.739
265.544
259.785
254.119
247.171
242.065
236.222
229.586
223.389
283.213
289.011
296.408
301.906
308.168
314.164
319.346
325.5
331.249
277.312
-654321
267.057
259.338
254.053
248.247
242.464
235.714
230.486
222.989
218.626
277.416
284.94
290.347
295.39
301.095
307.795
313.988
320.25
324.032
272.579
-654321
260.235
253.725
248.607
241.609
235.059
230.227
223.85
218.521
211.672
271.834
277.216
284.012
288.67
296.834
301.598
307.838
312.355
319.188
265.447
-654321
253.388
257.185
253.357
236.272
229.315
223.914
218.694
211.525
206.004
266.539
270.34
278.375
284.285
290.092
295.3
301.367
306.303
313.034
260.568
-654321
249.009
240.909
236.726
229.205
224.118
217.557
212.599
204.841
199.977
260.246
266.268
271.481
277.471
284.725
289.7
296.088
302.789
307.151
253.506
-654321
242.32
235.91
228.815
224.337
217.963
212.605
205.54
198.74
193.952
253.18
260.249
265.539
272.325
277.061
280.128
290.653
295.935
301.977
248.892
-654321
236.075
228.931
224.457
217.593
211.388
207.511
199.786
193.112
204.642
247.582
253.969
258.948
264.9
270.918
277.875
283.513
289.899
295.766
241.749
-654321
229.679
223.984
216.692
211.676
206.735
200.975
193.781
187.271
200.634
242.442
247.237
253.908
258.037
265.65
271.544
277.762
282.499
289.606
234.754
-654321
225.012
224.164
211.619
207.265
199.704
193.329
186.703
180.922
176.054
236.248
240.812
249.867
253.926
260.316
265.883
272.867
277.033
283.574
231.644
-654321
218.942
210.296
206.593
200.026
193.387
187.905
182.768
195.224
170.249
228.876
237.055
241.843
248.172
253.669
259.67
265.863
273.07
277.558
221.207
-654321
210.628
205.867
199.648
192.958
187.44
183.448
177.283
205.298
163.22
227.977
229.839
235.196
240.999
246.954
253.463
261.926
266.28
271.739
216.199
-654321
206.048
197.777
194.792
217.468
181.265
175.095
169.982
163.544
157.961
217.723
223.543
230.918
247.694
240.644
248.006
253.459
252.64
266.167
212.766
-654321
201.587
221.169
205.018
201.007
176.139
170.002
164.611
157.646
152.539
212.118
223.273
224.97
229.38
236.243
241.988
255.945
253.071
259.71
204.805
-654321
193.911
187.659
183.609
175.827
169.32
188.013
158.035
150.781
146.842
206.58
211.551
218.075
223.4
246.597
233.315
241.312
256.9
254.157
199.115
-654321
188.421
181.126
195.163
170.038
165.47
158.493
180.415
146.893
139.54
198.507
206.983
212.657
224.894
223.436
230.845
236.987
242.181
248.396
193.655
-654321
182.338
176.676
170.088
163.435
159.143
221.587
147.404
139.592
135.388
193.516
200.525
205.662
212.844
237.492
223.895
229.182
249.795
242.359
185.678
-654321
209.454
171.053
164.999
157.091
153.033
145.747
139.784
132.072
126.622
219.055
208.443
200.218
207.136
211.707
216.097
223.985
227.989
236.13
182.339
-654321
172.203
165.409
195.908
151.003
145.803
139.784
134.553
178.11
160.414
181.724
188.6
208.703
199.361
207.453
211.997
218.793
224.521
230.291
176.187
-654321
163.398
196.138
192.358
175.431
141.185
181.786
164.681
120.986
177.482
182.445
188.322
194.368
201.374
205.243
211.198
218.464
224.01
192.066
-654321
158.234
151.773
221.136
174.014
131.679
124.655
122.954
170.843
176.878
198.704
186.566
208.467
198.652
229.699
219.475
217.142
189.403
-654321
152.086
176.707
171.712
133.483
127.088
121.502
160.725
193.083
174.736
199.668
204.704
207.663
213.796
216.313
211.531
195.65
-654321
176.71
217.582
134.152
126.979
159.316
196.801
189.022
167.911
174.84
183.834
187.646
207.202
198.881
204.692
182.214
-654321
185.979
168.181
165.171
173.024
150.886
158.554
187.658
166.191
211.535
184.118
232.019
193.255
198.898
147.741
-654321
132.09
162.792
160.169
145.711
220.416
159.677
162.389
194.169
210.352
182.007
215.615
195.018
185.479
-654321
128.449
159.777
139.79
146.448
150.224
195.722
161.925
190.914
175.181
213.511
188.406
179.265
-654321
120.319
134.97
217.578
175.148
178.928
223.211
163.093
168.561
193.924
180.654
175.269
-654321
127.309
132.946
139.973
146.409
193.747
183.565
164.622
190.447
175.906
160.284
-654321
284.943
297.487
316.241
323.398
347.591
352.399
367.46
363.954
368.072
271.275
-654321
300.488
313.653
329.519
344.621
345.652
353.232
363.632
364.198
368.234
270.076
284.422
-654321
310.07
329.691
340.013
355.423
352.94
363.48
365.765
368.683
367.421
284.53
271.155
302.684
-654321
327.406
343.059
352.437
366.589
355.171
366.971
367.369
369.73
362.207
297.912
283.823
271.17
313.835
-654321
336.856
342.514
358.329
370.166
368.404
366.698
368.011
363.531
362.454
313.675
298.435
281.432
268.92
324.017
-654321
355.785
363.561
367.745
368.433
367.876
365.61
365.639
359.114
356.652
323.857
310.789
297.946
286.103
271.667
344.509
-654321
361.04
366.826
365.449
368.204
365.343
363.163
358.352
356.427
350.952
340.302
329.243
307.652
298.322
287.436
270.331
346.018
-654321
359.816
368.903
369.911
365.249
363.987
361.214
355.78
350.614
347
357.316
348.061
330.309
312.97
297.948
284.987
270.768
365.698
-654321
366.726
368.356
363.791
365.372
357.15
356.537
350.496
346.816
341.35
355.949
351.879
343.929
327.935
310.894
299.784
284.532
270.525
360.891
-654321
366.56
369.487
363.562
362.558
356.992
352.68
345.311
340.841
334.99
365.5
363.318
355.002
341.163
327.236
313.364
298.233
283.916
270.879
369.058
-654321
367.324
366.18
359.525
355.183
347.926
346.579
340.787
335.269
329.945
368.305
363.879
363.138
351.588
340.101
327.551
313.978
297.405
284.42
369.099
-654321
364.203
361.893
356.077
351.204
346.587
340.456
335.498
330.21
324.798
365.664
367.11
361.717
363.768
349.037
337.186
323.934
312.886
296.37
366.714
-654321
360.573
356.146
351.186
347.395
340.114
335.924
330.9
324.278
318.213
369.758
368.111
369.533
370.243
361.049
347.678
348.55
331.028
312.74
365.548
-654321
352.777
350.467
346.85
341.239
333.542
330.265
323.404
318.346
313.101
367.219
365.82
368.106
365.203
362.814
361.82
359.663
344.237
324.814
360.115
-654321
353.564
347.027
340.367
336.167
330.177
323.98
318.761
313.257
306.874
359.114
364.687
368.492
368.958
368.777
359.344
363.909
340.17
335.494
356.154
-654321
346.456
340.647
336.119
329.739
322.274
319.161
312.607
306.942
301.293
357.312
359.714
363.81
368.924
365.701
370.67
365.726
364.433
351.713
351.283
-654321
341.045
333.481
330.959
324.561
318.767
313.31
307.163
301.197
295.284
348.466
357.716
361.275
364.975
370.965
367.885
366.233
367.774
363.465
347.773
-654321
335.41
331.087
324.954
318.297
312.324
306.476
300.764
294.889
288.299
344.735
351.2
353.309
360.931
365.124
368.374
363.093
369.92
365.076
341.062
-654321
330.364
324.403
318.431
312.629
307.092
301.277
294.241
287.883
283.397
341.733
346.838
348.889
356.769
358.115
360.989
367.175
366.858
369.121
336.073
-654321
324.521
318.329
312.11
307.141
300.827
295.287
288.368
282.708
276.999
333.447
341.908
345.431
353.245
358.342
363.02
362.468
366.654
368.561
330.674
-654321
318.223
312.345
306.811
300.269
294.853
288.975
282.178
276.611
271.071
330.846
336.192
335.232
345.236
352.337
356.433
362.024
362.016
369.067
323.919
-654321
312.009
306.944
300.896
294.117
288.555
282.484
276.627
270.836
264.71
323.957
329.654
336.964
339.779
344.904
349.876
357.233
360.13
362.414
317.004
-654321
306.316
300.47
294.872
289.278
282.124
276.887
270.539
264.98
258.414
318.422
322.85
328.033
337.014
342.068
343.907
351.806
352.842
360.549
312.866
-654321
300.613
294.457
289.128
282.971
277.633
270.129
264.249
257.823
253.136
312.38
318.127
323.924
328.878
336.454
339.976
344.81
349.982
357.29
306.283
-654321
294.938
288.854
281.751
276.328
270.385
265.145
258.579
252.966
247.295
306.196
310.302
318.72
323.464
330.239
334.001
340.735
343.802
351.645
300.775
-654321
288.232
282.021
275.813
270.916
263.021
258.702
253.769
246.914
240.701
299.866
307.342
313.13
317.358
324.042
329.869
335.567
342.348
346.274
296.018
-654321
283.221
277.05
270.086
264.64
258.95
252.509
246.721
240.812
234.848
295.015
301.254
306.237
312.95
317.37
323.715
329.94
336.319
338.649
288.677
-654321
277.62
270.653
264.266
258.915
252.453
248.371
240.592
234.745
228.199
288.322
294.301
300.663
306.663
312.694
318.709
325.192
330.508
335.589
283.132
-654321
271.998
265.695
258.837
252.272
246.666
241.054
234.089
228.612
222.133
282.361
289.016
294.987
300.594
306.614
313.784
318.533
324.863
330.433
277.046
-654321
263.894
258.904
253.456
247.363
242.206
233.961
228.196
221.996
216.503
276.815
283.053
288.686
295.56
300.581
306.399
313.091
291.992
324.625
270.521
-654321
259.419
251.797
247.128
239.381
235.541
229.021
222.967
223.948
210.654
270.881
275.827
282.026
288.805
295.21
300.069
306.09
313.337
318.67
264.414
-654321
252.607
247.019
241.637
233.648
229.361
222.484
224.459
212.232
204.126
265.225
270.813
276.321
283.052
289.64
295.11
300.597
306.207
312.357
257.947
-654321
246.213
239.512
234.725
226.428
240.186
217.259
209.656
204.108
198.098
258.872
265.402
269.699
277.339
281.47
288.126
294.389
301.264
306.567
251.873
-654321
240.521
234.678
229.779
221.599
217.296
210.373
215.803
200.064
191.987
248.027
259.443
265.248
270.78
276.177
280.956
288.802
293.911
300.397
245.819
-654321
233.996
227.872
240.662
216.846
209.45
205.02
198.315
191.964
185.743
253.85
253.69
259.686
264.928
270.842
275.952
282.005
289.418
294.319
239.057
-654321
229.021
222.809
217.183
210.947
204.567
198.212
192.891
202.867
181.661
240.563
245.727
248.465
259.899
269.928
271.738
276.44
281.896
288.345
233.015
-654321
224.026
217.254
219.721
204.622
197.906
192.041
187.409
198.953
174.751
235.311
238.949
243.527
258.784
258.093
262.919
270.936
276.853
282.312
229.138
-654321
216.427
210.596
228.112
198.882
193.385
232.718
198.972
174.85
191.938
230.058
234.451
240.279
243.1
247.598
264.683
263.163
259.112
276.667
228.571
-654321
210.07
205.446
197.656
192.179
187.906
181.858
175.07
168.876
164.693
222.948
230.058
233.514
239.297
246.544
253.124
259.061
266.106
270.794
217.003
-654321
203.61
198.042
192.177
202.699
179.408
173.609
168.008
160.93
156.15
216.198
223.482
226.941
249.08
241.81
246.441
251.491
260.11
265.262
209.871
-654321
225.044
191.53
186.825
179.161
195.732
167.026
163.374
154.619
151.278
209.767
236.1
223.907
231.331
235.195
241.419
246.128
250.958
258.126
215.509
-654321
192.389
186.197
181.293
208.114
168.897
163.76
158.099
149.169
204.656
211.158
217.003
242.156
227.977
235.334
239.512
242.267
252.604
196.989
-654321
187.801
181.291
174.719
167.674
198.723
154.735
149.035
198.264
204.539
211.782
216.939
223.434
230.877
235.578
253.233
246.172
235.108
-654321
198.472
195.043
170.79
160.203
156.477
148.795
220.244
211.706
204.655
211.007
216.74
227.4
231.882
250.055
240.76
185.613
-654321
210.555
168.523
164.425
157.136
177.888
202.116
221.189
199.748
215.8
209.525
223.761
226.131
228.1
236.258
181.028
-654321
170.069
162.436
156.831
151.629
200.197
202.533
208.386
198.535
216.613
232.693
216.098
220.436
228.613
208.805
-654321
188.279
159.128
151.743
176.743
231.25
187.664
207.656
210.863
226.37
240.237
216.582
222.942
170.161
-654321
223.552
150.474
169.208
197.14
178.819
186.234
219.604
197.4
215.128
211.707
216.565
187.867
-654321
180.95
162.04
205.175
173.502
198.379
205.503
221.784
199.848
205.381
210.296
181.946
-654321
197.492
164.086
203.802
172.759
199.026
233.567
237.294
197.446
204.713
151.819
-654321
283.463
301.349
309.078
327.432
331.935
359.963
360.246
375.352
383.74
270.595
-654321
297.168
306.721
323.431
332.767
349.851
364.134
378.115
378.874
386.633
268.934
284.997
-654321
311.178
327.511
335.128
353.039
370.758
383.872
380.41
384.324
386.887
284.767
271.481
298.256
-654321
325.473
339.817
352.555
367.444
379.084
382.609
380.793
385.62
382.789
300.679
284.023
271.05
310.577
-654321
342.662
353.955
372.285
372.543
391.488
380.558
383.848
386.217
388.206
312.308
297.839
284.5
270.472
330.397
-654321
359.788
369.593
377.929
377.227
388.696
385.154
387.727
387.16
386.68
318.546
309.241
300.349
283.509
269.589
345.49
-654321
363.115
379.513
382.156
382.989
387.449
379.166
375.816
381.708
375.951
342.727
323.867
312.927
302.233
287.121
271.412
362.9
-654321
379.997
385.397
385.634
386.518
387.472
382.093
382.359
381.73
372.513
355.688
339.506
330.957
316.226
299.581
283.991
270.872
365.207
-654321
373.506
384.888
387.903
380.154
384.042
377.563
379.356
372.342
371.869
372.039
358.885
334.328
326.187
308.973
297.804
283.217
271.186
374.39
-654321
386.434
380.942
385.206
385.243
381.219
374.528
372.631
367.343
366.276
380.813
360.877
357.127
336.578
326.569
313.634
300.233
287.917
270.284
380.18
-654321
384.62
385.287
386.096
381.093
379.98
371.778
369.948
366.518
359.184
383.108
377.045
373.586
359.217
339.713
322.584
313.943
299.55
283.931
384.134
-654321
385.594
382.549
380.297
378.743
376
370.83
365.483
360.371
353.984
385.141
379.012
372.124
366.841
353.64
339.427
327.467
313.935
298.845
385.202
-654321
385.678
382.516
378.776
377.006
370.813
364.742
359.246
354.699
346.984
386.174
387.873
382.434
380.823
365.405
354.683
339.313
325.581
313.602
389.573
-654321
384.551
383.352
373.486
373.105
364.203
358.791
352.004
349.587
343.735
386.515
384.649
387.17
381.501
381.789
360.906
356.155
337.664
324.442
383.646
-654321
376.575
376.69
369.484
364.974
361.617
354.71
349.195
343.729
337.542
381.988
386.224
387.027
384.011
385.311
382.104
364.582
353.866
339.633
382.716
-654321
374.337
369.623
363.868
360.277
353.464
346.49
343.539
338.141
331.933
380.926
387.778
385.986
387.2
383.459
379.863
384.505
365.994
358.778
379.429
-654321
371.428
364.134
360.809
352.531
349.038
344.477
337.243
332.979
326.313
379.444
382.872
386.413
387.472
382.84
388.636
387.829
376.582
376.715
372.888
-654321
364.635
359.035
354.683
349.423
343.822
336.304
332.644
326.027
320.829
377.78
380.378
376.514
386.887
388.122
386.232
388.32
376.227
376.886
372.835
-654321
360.453
355.693
348.323
344.08
338.51
331.13
326.273
320.251
314.226
372.492
373.401
378.93
382.367
384.765
387.05
388.549
384.874
377.128
366.687
-654321
353.607
350.478
343.234
337.38
332.882
325.865
320.25
315.216
308.68
366.148
370.453
374.943
382.29
381.314
385.426
382.557
387.416
384.127
357.796
-654321
349.995
344.504
337.322
332.279
326.112
320.22
314.472
308.505
301.748
360.246
362.654
363.778
376.671
380.985
374.223
385.444
384.447
385.631
356.126
-654321
343.951
334.645
332.982
326.497
320.615
314.258
308.733
303.064
296.828
353.628
359.775
366.506
371.746
371.125
378.004
381.676
388.829
387.26
349.016
-654321
338.729
332.246
326.679
319.862
314.616
308.57
302.842
296.664
290.558
349.22
355.409
362.2
365.109
371.911
377.521
381.942
383.107
383.39
339.262
-654321
331.906
325.969
320.295
314.064
308.406
302.295
296.492
289.818
284.74
341.987
348.916
355.35
360.671
362.102
372.833
375.876
378.488
382.036
337.158
-654321
326.685
320.767
315.123
308.472
302.167
295.959
289.441
284.275
279.209
338.434
343.258
344.257
355.83
360.379
364.054
367.454
369.997
379.62
331.11
-654321
320.661
313.783
308.342
301.82
296.783
290.414
283.845
278.42
272.391
331.795
338.354
344.576
347.607
354.754
357.372
360.195
371.942
374.975
326.277
-654321
314.633
308.794
302.271
295.852
290.544
284.624
278.465
272.141
266.552
325.144
331.911
338.188
344.172
350.451
354.757
356.974
363.422
370.845
320.103
-654321
308.44
302.657
295.919
289.766
284.928
277.276
272.543
266.023
260.591
320.941
326.643
332.037
338.241
344.518
348.332
354.535
359.561
364.68
313.941
-654321
302.216
296.674
290.981
283.628
277.607
272.826
265.754
259.724
254.245
314.567
319.919
325.78
331.601
338.251
343.631
350.211
354.224
357.86
309.005
-654321
297.028
290.562
285.05
278.724
271.557
266.604
260.656
254.435
247.461
308.119
313.605
320.354
325.157
300.436
332.941
344.747
349.555
352.986
301.937
-654321
290.318
284.008
278.621
272.558
267.131
259.963
255.299
247.92
241.771
301.937
307.576
314.002
320.14
325.198
332.425
316.015
341.678
348.685
296.342
-654321
284.815
278.883
272.508
264.803
252.873
253.058
247.454
242.14
236.645
296.501
301.862
308.384
313.495
319.758
325.489
332.348
337.593
343.556
289.25
-654321
279.154
272.731
266.758
261.717
254.364
248.114
242.787
236.876
231.08
289.384
295.952
302.123
308.291
315.018
292.056
324.822
331.87
337.793
285.386
-654321
272.466
269.01
261.956
254.473
247.298
241.958
237.341
230.94
223.985
269.241
290.778
297.391
302.083
308.939
313.395
320.291
326.034
331.26
277.632
-654321
265.687
252.729
254.039
249.017
243.56
249.03
230.257
224.122
219.287
277.081
284.954
291.381
296.396
301.961
308.825
288.67
304.805
326.176
272.551
-654321
259.305
253.715
247.924
242.693
237.056
231.196
224.551
218.489
212.634
272.903
278.559
284.439
291.38
295.436
301.784
308.527
314.901
320.402
265.372
-654321
253.668
248.109
242.399
237.229
231.072
224.846
219.408
212.529
206.857
266.745
271.14
277.582
269.26
290.341
297.704
302.72
308.804
313.3
261.642
-654321
246.964
241.551
236.538
229.895
223.527
218.636
211.725
206.525
201.487
252.61
269.344
273.517
264.825
283.943
291.5
277.592
301.073
308.168
254.486
-654321
240.539
236.576
230.398
224.089
218.096
211.172
230.56
201.545
195.406
254.595
259.981
265.732
272.079
277.911
267.855
290.867
297.004
302.628
248.91
-654321
237.069
230.156
227.04
218.416
211.57
206.339
199.812
208.586
204.808
249.068
252.723
259.59
266.126
273.58
279.24
266.056
290.053
295.842
242.391
-654321
229.836
222.939
225.041
213.352
205.827
198.554
195.901
188.353
180.361
255.029
245.537
252.042
264.323
265.927
259.855
279.743
284.895
290.478
236.264
-654321
223.665
218.487
211.499
205.819
200.664
194.234
188.189
181.847
237.075
241.574
248.183
248.478
259.322
266.536
273.032
278.205
284.793
248.165
-654321
218.507
222.537
206.776
200.939
194.081
188.693
180.778
229.647
235.356
242.895
247.242
254.254
253.118
266.146
259.97
278.192
227.084
-654321
211.466
206.204
200.365
192.689
203.875
182.098
230.265
229.899
234.774
241.086
246.752
253.617
260.379
258.294
272.517
223.926
-654321
215.316
199.954
207.252
188.902
182.459
217.289
241.693
231.663
234.969
242.476
246.084
249.247
259.954
265.549
212.355
-654321
197.765
194.552
204.664
211.518
214.978
216.139
225.192
230.769
249.227
250.818
245.638
255.554
260.529
208.31
-654321
193.473
204.54
214.624
207.615
221.579
223.126
223.037
233.16
235.253
241.66
245.911
254.255
201.577
-654321
205.129
200.339
213.4
206.281
232.959
235.546
220.973
232.839
236.328
241.701
243.762
194.454
-654321
180.859
194.36
212.423
229.773
211.829
225.675
226.846
229.283
236.192
240.376
188.953
-654321
203.542
195.253
211.754
214.395
212.751
244.123
242.121
246.819
235.497
181.77
-654321
279.636
298.909
310.39
321.511
337.811
362.837
377.23
377.818
393.195
270.464
-654321
300.462
320.365
324.876
339.839
359.499
375.648
393.861
400.949
393.295
268.823
286.651
-654321
314.465
322.061
347.456
358.252
365.833
382.887
389.125
400.298
397.151
286.248
270.442
301.795
-654321
324.023
338.746
357.777
366.206
376.453
385.719
385.34
403.485
398.23
296.808
285.158
269.618
310.238
-654321
342.076
362.039
364.918
379.328
386.925
395.608
401.322
403.785
402.85
307.875
299.452
282.754
270.807
325.911
-654321
353.911
362.829
378.175
381.704
402.939
397.666
406.855
403.726
398.868
320.828
313.483
298.932
282.789
270.684
340.611
-654321
370.42
381.306
390.904
388.995
404.911
405.114
407.134
401.7
401.26
345.043
324.37
307.599
296.457
284.596
269.643
347.948
-654321
384.274
391.864
402.573
392.211
403.342
407.689
403.232
406.007
394.648
365.39
349.191
328.904
316.542
299.358
283.643
270.352
367.279
-654321
396.443
407.326
399.807
400.45
403.233
406.547
396.378
400.141
391.307
377.042
346.669
345.097
330.151
311.133
300.373
281.011
271.077
381.829
-654321
387.873
408.253
400.112
408.532
404.126
401.373
398.35
396.667
390.128
386.031
368.879
357.488
342.108
332.524
311.335
298.482
284.759
269.572
385.428
-654321
399.177
406.516
405.709
402.457
399.625
396.432
390.804
393.331
385.542
385.802
390.995
363.773
352.921
335.652
329.778
312.579
297.821
286.46
401.522
-654321
401.78
405.183
405.184
399.319
394.897
395.774
388.167
382.787
380.801
393.878
389.666
381.014
372.3
363.751
329.768
324.311
313.48
296.044
404.141
-654321
404.984
403.552
403.183
399.434
395.065
391.349
385.839
382.227
377.14
401.183
400.739
393.632
377.039
372.58
353.415
341.505
325.22
313.387
401.946
-654321
403.043
402.709
398.16
395.773
393.834
387.047
381.949
375.68
372.837
405.099
405.156
397.931
397.231
383.007
371.811
356.885
337.784
330.716
401.739
-654321
401.634
398.764
394.348
393.535
388.671
384.02
376.879
373.037
365.355
400.168
400.787
400.557
398.696
383.942
373.373
368.45
358.639
340.858
402.94
-654321
395.703
396.579
384.662
386.777
379.718
377.452
370.615
367.733
360.757
397.085
403.404
402.545
393.559
401.247
392.608
388.618
363.951
359.551
399.551
-654321
392.475
393.51
384.905
382.477
375.894
369.32
365.369
361.504
354.623
402.31
403.248
402.253
401.126
398.777
397.532
388.911
386.067
367.447
398.086
-654321
389.082
385.453
383.028
377.131
368.329
363.588
360.944
354.79
349.479
400.201
403.876
402.608
407.438
404.715
399.942
387.347
403.136
388.012
393.926
-654321
382.828
381.2
374.516
370.967
365.79
360.709
355.538
347.978
343.397
396.106
400.89
404.125
406.099
406.701
400.706
396.764
392.337
388.21
393.04
-654321
382.992
376.844
372.048
365.199
359.187
355.054
349.01
343.918
336.802
391.148
389.393
395.837
399.841
402.632
407.356
398.808
397.253
395.923
387.635
-654321
376.798
370.572
366.175
360.596
354.671
348.848
343.736
336.862
331.882
384.851
394.76
399.792
393.376
398.766
402.327
402.589
402.484
401.081
381.609
-654321
370.865
364.833
361.152
355.49
348.35
343.109
337.831
331.505
325.611
382.182
385.619
396.086
393.009
401.562
391.019
404.705
406.658
406.196
377.329
-654321
367.092
360.708
352.676
349.843
343.637
337.027
332
326.039
319.769
377.889
379.752
387.8
395.041
395.022
398.066
400.51
394.132
404.164
371.793
-654321
361.163
355.273
344.891
343.605
337.359
332.262
325.654
320.422
314.416
373.115
377.222
376.19
383.469
393.4
399.494
393.113
404.728
398.676
363.838
-654321
355.852
347.727
343.577
337.103
330.295
325.856
319.557
312.916
307.136
365.599
369.284
374.386
379.617
386.529
391.292
393.557
398.598
402.206
361.124
-654321
349.013
343.644
337.633
331.956
325.5
319.318
313.584
307.33
301.808
361.101
366.422
372.931
378.447
380.991
387.524
388.675
390.985
399.101
355.238
-654321
343.966
337.059
331.462
325.462
319.944
314.037
307.877
301.854
295.993
354.084
361.122
367.252
372.295
376.503
381.742
387.738
387.332
393.406
349.633
-654321
337.771
330.685
326.177
320.036
314.068
308.263
302.78
295.549
289.018
348.453
354.925
360.717
366.646
371.148
376.056
385.077
385.221
387.874
343.261
-654321
331.705
325.732
319.908
313.258
308.263
302.371
295.663
289.402
283.572
341.729
348.622
353.899
356.529
366.338
373.533
379.905
383.224
385.417
336.616
-654321
325.364
319.476
313.931
308.148
301.934
296.201
290.266
283.975
277.414
337.403
343.433
346.593
352.862
361.35
361.496
370.575
375.288
382.048
330.729
-654321
319.775
313.272
308.258
301.311
295.188
288.786
283.333
277.94
271.973
331.968
337.622
342.77
349.346
351.701
352.381
364.679
372.196
374.878
325.114
-654321
313.101
307.325
301.193
295.671
290.33
283.195
277.87
272.219
266.206
325.55
332.111
336.217
341.302
348.229
355.186
360.185
367.212
370.834
320.051
-654321
306.945
301.225
295.62
290.229
282.887
279.209
272.153
265.562
259.885
319.645
325.418
332.368
337.519
343.187
348.484
352.089
360.365
365.662
313.75
-654321
281.035
296.056
290.132
283.641
277.313
271.846
267.252
259.944
254.188
313.395
319.401
325.463
331.048
334.653
342.915
347.839
353.068
356.705
309.817
-654321
295.671
290.452
284.157
278.586
270.239
266.143
258.827
252.896
247.252
284.28
312.404
319.148
325.498
333.023
334.767
343.973
349.471
354.829
301.583
-654321
289.729
283.337
276.573
272.287
264.807
260.467
253.888
246.419
241.104
301.27
305.613
312.755
320.834
326.897
331.784
337.921
308.791
347.381
295.75
-654321
284.654
275.967
271.44
265.874
259.074
248.741
246.677
241.997
234.929
295.425
300.484
307.853
313.196
319.413
326.062
312.028
338.333
342.916
290.555
-654321
277.24
260.882
265.395
259.414
247.844
247.867
241.906
236.722
229.699
288.708
294.747
301.392
307.387
287.548
321.499
325.535
330.589
337.711
283.139
-654321
259.909
265.288
260.142
248.986
247.819
240.98
249.231
229.34
222.661
284.578
290.543
295.381
302.568
307.463
312.995
319.458
326.45
331.567
278.817
-654321
266.203
258.29
252.257
247.036
239.801
235.094
229.24
222.213
216.513
278.086
282.793
289.69
289.048
280.922
286.29
313.015
322.001
325.24
272.654
-654321
259.097
253.285
248.685
241.92
236.41
228.832
223.078
217.763
210.677
270.592
277.856
285.296
288.763
295.466
301.389
284.606
314.319
319.532
264.964
-654321
253.879
247.275
241.492
236.56
229.586
223.33
218.892
220.898
265.033
272.548
278.407
267.191
272.268
295.877
301.285
306.589
313.348
258.266
-654321
246.956
251.952
234.193
247.645
223.29
237.219
212.578
257.923
266.456
273.029
263.824
283.197
288.805
295.683
302.195
307.953
254.99
-654321
241.865
234.788
229.275
241.086
237.547
212.042
254.641
265.035
266.088
260.179
277.888
281.301
272.141
275.347
301.493
245.121
-654321
236.387
232.916
223.609
223.896
219.717
248.16
252.006
258.465
255.982
273.066
277.666
282.8
273.049
295.259
252.979
-654321
229.762
227.951
218.03
211.221
241.423
256.226
248.13
260.02
266.002
271.541
278.026
283.481
289.768
249.573
-654321
228.212
217
210.309
236.254
240.057
256.975
252.746
260.583
265.558
272.872
265.414
283.761
231.374
-654321
225.416
220.425
231.343
234.263
243.626
243.659
252.656
252.55
264.708
270.815
277.849
220.907
-654321
211.639
238.949
230.216
236.397
252.541
244.202
251.199
259.449
265.094
271.287
218.878
-654321
216.528
221.386
231.453
235.522
241.177
256.807
248.773
259.542
264.55
210.791
-654321
273.986
310.311
283.723
308.779
311.909
319.807
334.416
335.048
350.014
265.853
-654321
284.956
293.142
303.221
315.872
328.756
334.871
344.001
348.021
354.045
266.119
274.8
-654321
293.36
304.786
310.452
332.207
326.488
338.268
337.374
347.442
361.093
274.616
265.883
285.337
-654321
303.794
312.055
321.322
328.743
332.989
337.129
352.571
361.186
361.408
286.233
275.029
267.203
296.485
-654321
308.971
315.995
333.706
345.64
353.133
355.552
358.492
359.468
360.395
292.361
282.384
276.458
265.751
302.851
-654321
321.948
335.943
343.449
346.994
356.193
354.681
360.447
367.716
364.037
305.548
292.47
283.566
275.101
265.877
314.59
-654321
327.184
341.466
353.642
359.832
357.523
363.789
364.503
364.873
360.993
315.97
301.093
296.349
285.848
275.066
264.98
317.948
-654321
344.515
344.523
358.82
360.265
362.481
367.817
363.921
364.23
362.115
321.391
311.554
312.016
293.009
281.486
272.694
266.161
330.432
-654321
353.983
352.074
359.469
357.517
363.886
364.846
362.1
361.541
362.703
331.24
317.79
310.478
299.113
294.644
284.526
276.271
264.942
337.031
-654321
360.83
360.276
350.644
362.627
362.461
362.141
363.04
362.544
357.914
348.87
330.014
312.006
317.844
303.094
297.188
285.808
273.997
265.807
349.096
-654321
354.921
367.111
362.777
364.646
361.254
360.931
362.13
356.642
357.603
343.204
337.405
330.341
322.715
311.005
296.982
295.833
284.233
275.071
361.899
-654321
359.526
360.51
365.06
363.58
364.814
357.387
360.74
356.48
353.315
349.231
354.436
344.609
335.764
319.035
314.979
300.555
291.774
282.943
365.551
-654321
364.469
364.17
362.51
360.264
362.255
359.39
359.029
354.941
348.663
361.364
352.243
354.528
339.933
329.187
324.027
309.026
304.941
293.939
364.015
-654321
363.023
362.401
358.391
360.21
359.616
355.904
353.161
350.175
346.045
357.847
362.574
353.354
346.158
342.072
333.739
321.374
311.817
303.2
357.092
-654321
381.085
364.192
361.074
359.365
368.006
352.745
351.087
347.695
342.393
364.508
362.459
359.053
350.505
348.482
342.585
332.301
321.588
310.728
364.889
-654321
364.952
363.737
360.139
357.292
353.054
351.245
346.953
343.601
340.788
363.151
364.161
364.747
360.206
355.752
352.471
340.527
332.582
317.56
362.389
-654321
364.067
357.771
358.058
350.764
351.114
347.142
343.766
340.178
336.416
364.832
379.698
363.556
354.137
355.744
359.239
344.429
337.197
334.291
362.825
-654321
360.201
353.265
351.297
352.135
347.791
343.071
340.221
337.101
333.375
363.604
363.157
365.598
364.207
363.073
358.61
351.199
351.188
333.548
361.702
-654321
359.407
350.529
347.395
347.729
343.802
339.795
337.102
333.838
329.905
361.862
361.574
364.289
364.147
366.061
364.841
363.208
360.172
349.239
356.897
-654321
350.194
350.788
347.796
344.913
341.228
336.832
333.244
329.038
325.998
362.263
361.57
364.743
364.415
360.557
362.859
361.142
363.587
347.663
357.187
-654321
351.176
348.72
344.984
340.954
337.487
333.042
329.446
325.392
321.728
358.444
358.033
359.936
361.428
362.342
360.812
359.541
356.997
363.397
353.252
-654321
345.825
342.403
340.715
337.28
333.595
329.127
325.746
320.999
318.607
351.806
357.492
359.482
356.15
363.812
363.375
362.084
356.172
358.761
350.699
-654321
344.054
341.056
336.714
332.622
329.565
326.055
321.991
317.521
313.93
349.907
350.146
358.672
356.76
361.61
361.427
363.181
359.323
367.116
346.631
-654321
340.452
335.375
333.06
327.997
325.556
322.276
318.423
314.392
309.982
348.339
350.525
350.64
352.763
358.771
361.68
362.416
364.2
352.514
343.755
-654321
337.08
331.893
329.736
325.838
322.277
317.667
314.329
310.201
306.27
343.228
347.321
351.274
355.651
352.371
361.12
357.06
360.443
364.522
340.416
-654321
331.277
329.88
325.3
321.403
318.216
314.016
310.1
306.393
302.61
339.659
343.142
347.636
352.016
355.053
358.836
361.836
357.409
361.903
337.242
-654321
329.323
325.928
321.76
318.042
314.325
310.492
306.591
302.54
298.44
336.901
341.309
344.41
347.919
349.677
351.921
353.312
359.302
363.202
332.093
-654321
325.384
322.324
318.07
314.223
310.275
306.419
302.303
298.485
294.454
333.453
336.345
340.561
341.571
347.985
352.01
355.682
355.67
359.294
329.641
-654321
322.523
317.657
313.909
310.117
306.16
302.054
298.17
294.902
290.474
329.746
333.517
334.94
341.914
336.019
348.777
348.292
351.439
356.531
325.235
-654321
317.603
314.456
310.191
306.17
302.292
298.444
294.24
290.563
286.373
326.085
329.212
333.803
336.644
341.378
344.656
349.063
347.682
354.165
322.353
-654321
314.562
310.532
305.817
302.262
297.784
294.871
290.077
286.304
282.66
322.062
326.557
329.427
333.269
336.27
341.814
345.191
347.62
351.117
318.166
-654321
310.533
306.031
302.345
298.156
293.892
291.163
286.49
281.83
278.369
318.451
321.819
325.591
330.092
333.357
336.871
341.899
339.985
348.149
313.711
-654321
306.638
302.698
297.399
294.299
290.412
286.357
282.273
278.267
273.925
314.191
318.023
322.41
325.725
329.499
333.315
337.392
340.517
343.738
310.382
-654321
302.436
297.798
294.942
290.337
286.391
282.313
278.157
274.566
270.515
309.902
314.519
318.816
322.131
325.947
329.207
331.906
337.543
340.71
305.749
-654321
298.662
294.19
290.742
286.266
273.453
279.147
274.479
269.468
266.042
305.469
309.818
313.979
318.022
321.903
326.283
329.916
333.068
337.299
302.136
-654321
294.251
290.477
286.03
282.36
278.763
274.893
270.657
265.616
262.36
302.404
306.136
310.511
314.575
318.058
322.266
325.395
328.835
332.082
298.276
-654321
290.524
287.051
282.726
277.786
274.113
271.062
266.407
262.292
258.373
297.796
283.705
306.22
310.027
313.984
317.714
292.757
326.365
329.451
293.88
-654321
287.203
281.685
278.68
274.833
270.118
265.667
262.499
257.605
254.959
278.882
298.483
302.338
305.829
309.646
314.119
317.191
322.017
325.747
290.408
-654321
282.455
278.391
274.843
270.246
266.11
262.619
257.992
254.594
250.826
290.504
294.963
298.457
302.733
306.194
310.191
313.805
318.354
322.163
286.108
-654321
278.699
275.154
269.602
266.943
262.073
258.742
254.203
251.277
245.497
286.528
290.277
294.568
298.429
302.447
288.386
311.451
313.228
318.088
282.271
-654321
274.419
270.071
265.61
262.587
257.708
254.473
250.141
256.048
254.304
282.157
287.189
290.862
294.27
299.189
301.472
306.693
310.054
314.399
277.955
-654321
270.679
266.405
263.227
261.322
254.58
257.208
246.077
242.376
271.221
272.917
275.439
290.899
293.563
297.65
302.965
306.559
310.138
275.089
-654321
266.354
261.249
258.323
254.492
250.597
246.346
242.484
273.702
278.871
282.386
285.23
290.255
293.995
297.389
302.482
306.386
270.325
-654321
263.303
258.305
254.804
249.246
245.849
241.397
270.444
274.171
278.975
281.974
285.433
290.482
294.191
298.883
302.405
266.301
-654321
258.817
254.792
250.983
246.697
242.534
265.319
270.237
274.306
278.938
282.184
286.768
289.319
294.262
298.318
262.408
-654321
259.082
249.549
255.001
242.334
262.338
266.958
270.284
275.273
271.646
283.056
286.92
290.536
294.533
257.357
-654321
250.505
245.611
242.682
258.962
263.283
267.413
267.367
273.781
278.422
273.807
276.006
290.706
252.789
-654321
256.061
241.929
254.859
258.373
261.651
266.918
267.666
274.79
278.703
282.886
286.11
250.627
-654321
242.511
251.124
253.904
258.795
263.258
265.835
266.977
275.014
278.366
282.277
246.808
-654321
245.964
250.007
254.787
257.922
262.848
264.798
267.37
274.764
278.364
241.588
-654321
