37.4654
27.9523
46.9185
20.1615
54.128
12.0875
8.22375
4.00634
30.0216
31.9753
-654321
28.6948
24.6432
20.5681
16.4508
12.8316
8.7152
4.72295
0.541247
32.7709
31.898
-654321
23.9417
20.1678
16.3061
48.7223
8.26033
4.28809
0
31.1759
39.8549
28.2902
-654321
20.1882
16.1968
12.0938
8.15193
4.075
0.135948
28.432
30.8118
32.3537
24.3821
-654321
16.0923
12.07
8.47125
4.37624
0.20361
24.3508
28.1375
32.0674
31.8779
20.1221
-654321
12.0389
8.3044
4.22521
0.124125
19.942
23.9081
28.5025
31.9256
31.9828
16.2758
-654321
8.53339
4.0311
0.220475
16.271
20.1205
24.3816
28.1315
31.4556
31.7864
12.1861
-654321
4.40558
0.274842
12.4791
15.9762
20.3054
24.4919
27.9725
31.5878
32.2988
7.97724
-654321
30.2288
8.21886
11.9541
16.316
20.0529
24.3848
27.7741
31.5016
32.4182
4.1994
-654321
3.8493
8.3494
12.1556
16.2143
20.186
36.0752
28.1207
42.5784
31.4897
0.125393
-654321
49.6032
48.7005
45.548
40.572
34.4139
29.1011
22.906
16.285
10.5013
41.9123
-654321
50.4966
46.2745
40.5063
35.1586
29.1351
22.9
16.6194
11.2957
40.4226
48.9972
-654321
45.6984
41.1571
35.1014
28.9356
23.2157
17.2965
11.0287
48.6499
40.0761
48.4815
-654321
41.1765
35.0244
29.5145
23.4502
17.2861
11.1094
49.5673
48.4142
41.1141
46.5742
-654321
34.9404
29.3118
23.4573
17.4601
11.2826
45.3259
49.3801
49.6149
40.9195
40.8763
-654321
29.3424
22.7828
17.1059
11.1701
40.1401
45.9342
48.8327
47.9157
40.655
35.6123
-654321
23.2219
17.01
11.2627
34.6567
39.8437
45.2505
50.07
48.858
39.8935
29.2375
-654321
16.9799
11.5983
29.3096
35.5775
40.7779
46.3962
50.1073
48.3237
41.0193
23.2432
-654321
11.0065
22.5176
28.6781
35.4882
40.8162
44.4182
48.4326
49.5682
39.7858
16.9615
-654321
17.5236
22.6281
29.274
34.8298
40.1495
46.386
50.1972
48.2756
40.7824
11.3717
-654321
55.232
65.0719
67.9245
67.5989
62.0809
59.3573
52.1853
48.1564
42.4008
40.7009
-654321
62.609
66.8231
68.0932
63.4783
59.0394
53.1432
47.1635
41.3869
39.4873
55.7146
-654321
68.0829
67.5606
65.0822
57.8658
52.5968
46.9196
41.6754
54.3035
40.4482
64.6232
-654321
67.0136
63.8693
59.5815
53.2354
48.0405
41.9558
64.4358
54.0734
40.7729
68.1821
-654321
63.208
59.1265
53.2145
47.7086
41.9391
68.3151
64.6055
54.6865
40.5294
67.3122
-654321
59.0548
53.2456
47.2332
42.5606
66.4541
68.863
65.0734
54.7289
40.9259
62.1015
-654321
54.2975
47.1403
41.9001
63.8749
67.8369
68.8986
63.4983
55.0395
41.5104
58.9369
-654321
47.4167
41.5072
59.441
64.8947
68.1661
70.0869
65.6359
54.3426
41.0858
53.6281
-654321
42.4131
53.2131
59.0499
64.2042
68.6572
69.4478
66.1968
55.067
39.8939
47.3496
-654321
47.4189
53.4383
58.5469
64.4123
65.494
69.7631
62.5926
54.6928
40.8899
42.7518
-654321
55.9417
69.4556
77.5325
86.1485
80.2186
83.6534
77.5483
75.1361
69.4782
40.1996
-654321
64.5098
80.2676
85.5281
84.4535
84.756
76.3403
75.0437
68.6281
40.4166
57.4152
-654321
72.6485
82.1876
85.7672
84.0852
77.7769
74.6855
69.2511
54.2743
39.8422
68.3296
-654321
81.7682
85.9629
86.0247
81.084
75.5445
69.2139
69.2339
55.1271
41.166
79.3972
-654321
85.6728
84.0332
80.4726
75.564
69.3992
78.8248
66.4456
53.7946
40.1197
85.2481
-654321
83.9991
79.2677
74.9466
69.5161
85.905
79.4033
68.059
55.0526
41.1391
85.7489
-654321
79.6699
75.6825
70.6335
86.4317
85.6583
77.1156
70.1694
55.6292
41.4833
83.699
-654321
75.7814
69.7401
83.1158
84.5834
89.4602
79.2461
64.4713
55.5201
40.2838
80.3056
-654321
70.6905
82.0586
83.296
86.4243
85.246
79.2978
69.6135
53.8114
41.5652
75.7588
-654321
76.1774
79.8496
82.7448
85.4312
86.368
82.0727
66.2203
54.2824
40.0303
68.1737
-654321
54.9737
69.1162
81.3306
94.1565
102.876
100.53
102.006
103.183
93.5905
40.7089
-654321
69.0358
84.7065
98.601
96.5953
103.546
99.2903
102.233
98.7751
41.221
55.1762
-654321
80.3701
91.3531
101.425
104.931
107.74
101.102
99.4091
55.3246
38.6175
69.5616
-654321
94.0848
101.727
104.236
103.75
102.16
98.3179
68.1392
54.5641
41.3731
83.7334
-654321
97.9838
104.593
103.527
101.985
94.3661
87.3754
68.9075
56.3213
40.3809
94.5299
-654321
104.745
106.91
99.4418
98.6866
94.5021
81.0574
68.3874
53.8241
41.2335
105.516
-654321
104.488
97.9875
97.8042
101.003
94.3042
83.2624
67.6588
55.8207
39.9805
104.64
-654321
104.491
98.6798
105.941
105.355
97.2347
80.7159
68.8835
56.1652
40.1842
99.889
-654321
101.336
103.82
104.544
93.8304
91.5939
81.9967
72.0902
54.2301
40.8112
100.069
-654321
100.201
104.087
103.671
106.027
90.1588
82.7205
64.1357
53.7523
40.0264
100.359
-654321
54.9599
66.5104
85.0499
98.9535
113.191
115.789
122.905
121.442
121.903
41.0867
-654321
67.7687
83.7243
98.5323
107.05
109.11
120.193
122.469
119.092
40.3298
52.6563
-654321
83.5718
102.132
112.598
116.742
123.061
120.761
122.267
54.3213
40.0435
68.5398
-654321
89.5446
107.469
118.823
119.733
126.509
124.898
68.3653
56.4081
40.9437
86.2049
-654321
107.751
119.048
121.835
121.396
115.78
79.8859
71.1279
54.1535
40.878
108.538
-654321
112.191
123.295
120.229
121.752
93.6125
87.5566
67.4788
54.3223
38.9648
106.748
-654321
119.24
115.903
120.384
104.902
99.4538
79.9896
70.8783
58.1413
39.7951
115.118
-654321
122.068
118.881
113.711
109.039
100.418
85.0505
70.3754
53.8358
40.6605
120.981
-654321
118.592
118.994
117.668
107.016
96.0283
82.3302
70.5622
53.7471
40.7356
122.734
-654321
118.064
117.947
109.58
103.358
97.8626
80.8547
70.2517
52.4637
39.9364
117.895
-654321
53.7169
69.9574
85.4438
99.9791
111.345
127.735
134.571
134.21
137.04
41.796
-654321
66.4843
80.4655
97.5349
108.898
123.549
129.088
136.461
133.069
41.5716
53.6513
-654321
83.568
92.1933
109.276
127.077
126.698
134.913
137.43
53.5098
39.3468
67.627
-654321
100.26
113.61
117.028
131.625
138.196
136.465
65.0827
54.1639
40.6234
82.8676
-654321
104.74
120.977
133.427
132.932
139.731
83.2759
70.3014
53.9121
39.8578
100.829
-654321
118.504
127.18
133.722
137.261
102.997
79.6937
69.2091
54.3117
41.243
111.29
-654321
129.926
129.015
139.78
111.849
94.1444
76.4246
65.9431
55.4832
41.04
118.713
-654321
140.846
136.429
122.419
108.936
95.3938
81.1879
67.927
55.4331
40.1523
132.213
-654321
139.492
127.256
129.04
108.527
101.396
84.3421
70.5313
52.271
40.4165
135.793
-654321
135.716
132.028
124.76
110.862
96.6841
79.4047
70.7633
54.2414
39.9814
140.065
-654321
56.1671
68.6667
84.3978
94.4055
106.42
129.515
138.005
152.944
153.725
40.5412
-654321
66.3719
77.6725
99.0573
103.87
116.109
142.667
146.438
147.235
41.2525
56.6032
-654321
82.7056
94.0765
110.36
127.771
139.526
146.066
153.254
55.7477
40.6362
69.5346
-654321
94.4716
111.141
134.482
134.461
144.878
143.395
67.8166
53.9916
41.9922
81.3622
-654321
103.47
133.561
137.012
144.011
155.199
88.0328
71.8799
54.5277
41.7064
89.9137
-654321
122.348
141.009
141.11
150.142
99.3855
85.2624
69.3166
54.1478
40.3439
108.654
-654321
138.809
146.479
150.768
120.75
102.898
81.7187
66.98
57.4422
41.1838
130.333
-654321
149.502
148.36
126.134
112.515
90.7329
82.3288
71.5711
56.037
40.5727
145.662
-654321
154.397
144.965
120.51
111.831
97.8324
82.0963
70.7762
54.9634
40.4081
148.871
-654321
144.853
137.939
120.312
109.936
97.3572
81.3643
68.0411
54.0967
40.3703
147
-654321
52.7293
69.9505
79.5974
98.9767
115.202
126.901
134.61
153.581
161.079
40.2994
-654321
68.4342
83.6978
92.95
104.256
125.151
134.663
157.241
159.862
41.3585
49.761
-654321
81.5847
97.2961
111.997
120.288
138.87
145.241
164.339
52.0918
40.8801
69.0203
-654321
98.7746
108.351
126.463
136.509
140.089
162.937
69.2241
53.8968
40.1637
84.2392
-654321
115.101
127.55
129.829
138.955
163.396
81.4427
69.6779
52.4205
41.105
99.8417
-654321
133.443
150.765
150.44
163.037
90.9369
86.4532
69.7758
53.991
41.1834
113.593
-654321
135.98
158.857
164.145
111.337
91.4346
81.2489
70.3818
56.0631
39.4946
117.503
-654321
162.126
164.931
131.983
106.703
98.8754
86.418
65.5919
53.6454
40.5702
144.419
-654321
158.144
146.037
126.276
109.505
100.214
86.3341
69.4597
54.5888
39.9207
150.248
-654321
153.473
139.31
126.27
111.688
95.5794
80.5211
69.1572
54.5802
41.4964
160.103
-654321
44.6497
77.8954
60.7839
77.8002
83.9439
91.2083
105.071
113.424
121.609
35.415
-654321
53.8106
63.0199
75.7612
88.2312
87.6957
103.524
117.398
118.485
36.0687
48.0044
-654321
63.7287
68.8821
79.738
96.8602
108.3
101.008
121.284
46.0157
35.522
55.1063
-654321
79.1661
77.4066
86.3554
98.0279
107.112
118.785
53.5801
44.4155
35.3079
65.4152
-654321
79.4786
91.4385
97.8147
115.568
120.757
65.643
54.5153
45.9459
35.7524
71.5603
-654321
85.754
101.349
115.102
115.979
72.8188
62.6368
53.8566
45.9157
35.9078
83.4138
-654321
101.904
107.967
126.279
75.7538
72.6176
66.8849
54.7416
46.7695
35.1764
91.646
-654321
122.134
120.177
90.6992
81.4455
73.5321
64.0564
58.9061
46.1499
35.6841
105.132
-654321
116.991
102.17
93.0273
76.2474
68.8374
63.507
55.8114
44.0422
34.2289
102.317
-654321
110.24
106.032
92.1354
83.5106
75.9426
63.895
55.3397
45.2391
36.1091
117.512
-654321
