265.223
272.269
253.971
250.072
263.873
242.033
238.093
234.104
260.079
265.161
-654321
258.108
254.402
250.438
246.382
242.559
238.629
234.448
260.617
226.423
263.244
261.794
-654321
254.678
250.503
246.412
242.501
272.44
234.498
230.564
226.498
222.373
261.585
270.381
258.355
-654321
250.098
246.495
242.21
238.176
266.392
230.183
254.222
222.252
218.213
258.08
261.388
262.114
254.331
-654321
246.293
242.188
238.154
234.307
230.188
226.351
222.213
218.396
236.366
254.228
258.11
272.99
262.054
250.162
-654321
242.105
238.161
233.985
230.17
226.34
222.147
218.244
214.381
210.366
250.193
254.365
257.893
261.551
271.424
246.33
-654321
238.162
234.315
230.25
226.307
222.246
218.503
214.14
210.101
206.044
246.323
276.087
264.728
258.044
261.56
262.104
242.254
-654321
234.344
230.183
226.024
222.161
218.165
214.315
210.172
205.876
202.448
242.195
246.267
250.109
254.112
258.028
262.13
262.093
269.666
-654321
260.253
226.052
222.191
218.251
213.942
224.429
206.11
202.148
198.297
238.126
242.243
245.952
250.404
254.324
258.007
261.559
261.892
234.313
-654321
226.11
222.265
218.163
236.441
210.322
206.462
202.068
198.163
194.306
234.081
238.399
242.123
246.364
250.127
254.088
257.788
261.495
262.006
230.474
-654321
222.421
218.323
214.155
220.948
223.885
218.179
212.142
194.333
190.531
230.49
234.21
238.289
242.461
246.145
250.047
254.437
258.348
261.677
254.091
-654321
218.196
214.221
210.365
206.273
202.323
197.927
194.272
190.26
186.39
226.078
230.149
233.984
272.543
242.128
246.065
250.168
254.645
280.46
222.38
-654321
213.878
210.233
206.394
202.184
198.135
194.318
190.018
194.4
182.195
222.168
226.384
230.52
234.341
238.329
242.519
245.975
250.049
286.256
217.994
-654321
210.307
224.379
202.448
198.115
194.106
190.17
186.287
182.234
178.01
218.094
221.993
226.387
230.131
234.101
238.153
242.274
246.542
279.969
214.484
-654321
206.071
202.065
198.257
194.042
190.035
186.225
182.204
178.153
173.823
214.131
218.22
222.418
226.16
230.212
234.163
238.765
242.044
246.23
210.289
-654321
202.042
198.015
194.268
190.321
186.111
182.039
178.251
174.089
170.31
210.603
214.563
217.94
222.22
226.569
230.195
234.046
237.894
242.219
206.162
-654321
198.261
194.057
190.164
186.501
182.404
178.266
174.314
169.818
165.967
205.955
210.413
214.304
218.45
222.25
225.825
230.165
233.999
238.2
202.402
-654321
194.33
190.243
186.389
188.321
178.405
174.528
170.343
166.24
162.306
202.27
224.257
210.785
236.449
218.068
222.103
226.461
230.169
234.16
198.496
-654321
190.171
186.585
182.154
178.082
174.312
170.451
166.471
162.153
158.079
197.989
201.98
205.811
210.326
214.575
218.005
221.934
226.267
230.256
194.359
-654321
186.424
181.943
178.255
174.215
170.284
166.76
162.057
158.299
154.151
194.309
198.462
201.899
205.93
210.48
214.475
218.171
222.514
226.044
189.788
-654321
182.425
178.139
173.95
170.473
166.003
161.893
158.185
154.438
150.667
190.164
194.235
198.442
202.367
206.211
209.683
214.299
217.874
222.447
186.45
-654321
177.865
174.584
169.938
166.59
161.884
158.623
153.583
149.771
146.793
186.006
190.626
194.64
198.279
202.484
206.462
210.463
214.405
218.363
182.233
-654321
174.527
169.96
166.084
162.572
158.899
154.185
150.489
145.749
142.393
182.395
186.077
190.054
194.695
197.822
202.351
206.66
210.358
214.479
178.298
-654321
170.016
166.43
161.886
158.375
154.372
150.447
146.487
142.522
138.387
178.018
182.548
185.71
189.544
194.353
198.835
202.307
206.203
210.022
174.142
-654321
166.605
162.177
159.009
154.345
150.387
146.482
142.355
138.06
133.871
173.757
178.458
182.251
186.461
190.498
194.272
197.766
201.972
206.352
170.498
-654321
162.482
158.665
154.273
150.585
146.277
142.862
138.319
134.516
130.325
170.442
174.48
178.259
182.617
186.294
190.308
193.927
198.388
202.261
166.434
-654321
157.881
153.882
150.058
146.362
142.617
138.196
133.993
129.622
125.89
166.608
170.497
174.251
177.995
182.518
186.035
190.415
194.433
198.314
162.805
-654321
154.013
150.235
146.178
141.936
138.538
133.832
130.439
126.126
122.201
162.481
166.326
170.029
174.598
178.572
181.975
185.934
190.151
194.186
158.56
-654321
149.178
146.276
141.601
137.725
190.657
129.813
125.727
122.269
183.539
158.292
161.943
166.558
170.265
211.628
178.376
181.846
186.11
190.095
153.507
-654321
146.279
128.274
139.191
134.26
130.583
126.59
121.988
118.302
113.797
154.306
158.078
162.446
166.662
170.697
173.457
177.964
181.859
186.32
149.856
-654321
142.048
137.917
134.276
189.943
126.074
122.032
118.454
114.584
111.2
150.216
153.869
157.693
161.688
165.865
170.012
174.632
179.079
182.237
146.444
-654321
138.639
134.516
110.535
126.218
121.815
118.798
114.652
109.554
107.308
146.113
150.629
153.821
158.511
205.705
166.349
169.48
174.75
178.382
142.592
-654321
134.084
189.469
126.701
121.731
117.912
114.085
111.053
106.491
103.115
142.394
146.779
199.864
153.969
158.82
205.078
166.706
169.963
174.279
138.315
-654321
130.222
126.025
122.237
117.732
114.727
179.755
105.485
102.573
98.289
138.27
142.345
145.853
149.397
153.487
157.483
162.967
165.331
170.267
134.67
-654321
126.605
122.558
118.506
182.352
109.757
105.266
101.206
97.628
93.8605
134.638
138.702
142.498
146.548
150.365
154.765
158.53
162.457
166.241
130.061
-654321
122.528
118.63
181.464
110.031
106.238
101.916
98.0721
93.9152
169.618
129.783
134.013
193.357
142.311
197.624
150.611
201.229
203.387
162.34
126.154
-654321
118.036
114.19
178.949
177.732
176.557
98.3018
95.0157
89.9402
168.26
127.31
131.407
133.642
138.244
142.45
146.227
150.22
154.031
158.441
121.931
-654321
113.447
110.608
105.949
101.639
98.6402
93.182
89.5878
168.519
38.3312
121.689
126.536
189.252
134.722
138.484
142.378
197.717
150.383
146.07
118.43
-654321
111.018
178.161
102.408
98.2225
94.4669
90.5851
86.1509
83.5682
162.464
118.794
122.295
126.5
130.759
134.121
193.291
141.425
146.15
150.165
114.375
-654321
105.977
103.012
97.7694
94.9192
89.6297
86.5806
81.7904
163.935
74.2687
113.38
117.805
122.363
125.236
129.964
134.768
138.491
141.882
146.308
180.197
-654321
101.766
97.4036
172.072
170.003
168.122
82.9041
77.698
73.6954
159.274
110.965
181.954
118.719
122.358
126.406
128.864
134.055
138.573
142.849
106.72
-654321
173.758
94.809
89.8556
86.71
81.9148
77.4162
73.3985
69.7111
105.716
109.86
114.573
184.475
122.603
126.529
130.463
192.121
138.387
174.947
-654321
170.971
170.611
86.8743
165.789
78.2143
161.547
159.518
102.905
106.916
111.073
113.024
183.709
186.233
126.898
129.645
134.76
97.9909
-654321
89.5469
85.6809
82.2904
77.5648
75.026
159.082
99.629
101.772
107.365
111.299
116.579
117.393
122.431
187.893
130.151
171.554
-654321
85.511
82.7625
78.3221
74.8261
69.8315
93.5932
98.6013
101.096
104.975
109.715
116.315
118.866
185.122
126.296
170.097
-654321
166.086
78.5232
75.3801
159.262
171.192
172.437
173.827
177.394
177.945
180.079
180.435
186.437
122.771
87.8218
-654321
78.5132
161.724
159.682
86.879
90.6712
172.429
98.1423
102.016
105.976
179.652
181.079
118.266
82.8179
-654321
74.1831
160.229
164.547
168.784
170.252
172.484
172.937
102.437
105.957
110.407
113.628
78.8109
-654321
70.5173
77.523
82.9075
85.5963
90.5669
171.714
97.4891
176.22
106.144
109.835
73.55
-654321
73.0734
164.078
165.165
87.5339
90.5197
93.8328
97.7486
175.742
106.243
69.8905
-654321
278.848
278.981
275.247
269.698
264.008
258.579
252.745
246.246
240.282
271.567
-654321
279.314
275.51
270.601
264.811
259.22
252.986
246.971
241.196
235.097
270.263
278.153
-654321
275.638
270.836
264.891
259.115
252.931
247.021
241.032
235.039
229.119
278.927
270.686
279.341
-654321
270.943
265.184
259.52
253.63
247.606
241.325
235.562
229.548
223.661
280.343
278.973
271.279
275.852
-654321
264.968
259.319
253.228
247.36
241.102
235.329
229.292
223.191
216.953
276.484
279.502
278.571
269.995
271.247
-654321
259.293
252.921
247.175
240.836
235.273
229.347
222.676
217.152
211.185
270.793
275.688
279.462
278.09
270.614
264.521
-654321
253.033
247.544
241.105
235.237
228.974
222.913
217.482
210.816
205.014
264.879
270.623
276.017
280.016
279.066
270.099
258.952
-654321
247.031
241.069
234.909
229.046
223.25
217.008
210.939
205.038
198.747
259.128
264.864
270.861
275.707
279.274
278.929
270.793
253.094
-654321
241.074
235.091
229.22
223.017
217.1
211.168
205.139
199.476
192.773
252.659
258.941
264.64
270.883
275.954
279.414
279.168
270.895
247.071
-654321
235.097
228.934
223.396
216.795
211.067
205.147
199.522
193.046
186.996
247.125
252.683
259.218
264.41
271.244
276.688
278.326
278.814
270.633
241.042
-654321
229.417
223.291
217.389
211.138
205.104
199.377
193.087
187.303
181.618
241.261
247.137
253.317
259.175
265.249
270.645
276.296
279.429
279.554
235.229
-654321
223.16
217.371
211.308
205.334
198.887
193.073
187.097
181.124
175.299
235.332
241.331
247.37
253.198
258.849
264.938
270.987
275.15
279.981
229.349
-654321
217.025
211.414
205.302
198.989
193.109
187.059
181.865
175.191
169.055
228.871
235.142
240.881
247.224
253.262
259.329
264.098
270.34
275.899
223.307
-654321
211.365
205.535
198.988
193.55
187.533
180.824
175.236
168.995
162.844
222.786
228.864
235.138
241.113
247.063
253.543
258.81
264.507
270.912
217.451
-654321
205.303
198.763
192.759
187.079
181.231
174.906
168.833
163.091
156.97
217.329
222.986
228.657
234.342
241.527
246.739
252.832
259.28
265.117
210.929
-654321
198.918
192.956
187.103
180.392
174.606
168.158
163.045
157.094
151.082
211.248
216.576
223.178
228.661
235.323
241.259
247.452
253.15
258.838
205.197
-654321
193.208
188
180.947
174.994
168.82
163.276
157.403
151.334
145.191
205.035
211.666
218.025
222.904
229
234.871
241.514
246.998
253.248
199.481
-654321
186.865
181.042
175.582
169.123
162.791
157.1
151.352
144.785
139.4
199.215
204.772
211.145
216.608
222.872
229.238
235.534
240.73
247.171
192.846
-654321
181.431
174.642
168.867
163.048
156.745
151.706
145.19
138.652
133.163
193.49
199.344
205.024
210.879
217.205
223.107
228.621
235.166
241.108
186.668
-654321
175.367
168.803
163.105
156.709
150.758
146.03
139.617
132.613
127.702
187.156
193.153
199.735
205.581
210.746
216.415
223.136
228.576
235.19
181.126
-654321
169.076
162.953
157.124
150.755
145.453
138.711
132.687
127.801
121.851
181.112
187.468
192.81
198.85
205.04
211.442
217.582
222.654
228.888
174.669
-654321
162.849
157.533
151.027
144.927
138.742
132.874
127.353
121.213
115.299
174.999
180.818
187.172
193.405
199.251
205.112
211.607
217.176
223.244
168.878
-654321
156.716
150.726
145.093
138.724
133.348
127.721
120.894
115.041
108.062
169.327
174.346
181.438
186.905
192.642
198.966
204.444
210.934
216.925
162.873
-654321
150.926
145.202
139.455
132.347
127.008
120.873
115.942
109.298
103.151
163.481
168.877
174.519
181.158
187.154
193.379
198.972
205.128
211.104
157.9
-654321
144.739
138.537
133.32
127.075
121.804
115.442
110.126
103.375
97.3732
155.874
163.254
168.93
174.89
181.397
188.646
192.837
199.37
205.376
151.286
-654321
139.2
133.307
127.396
120.916
114.566
109.883
102.878
97.8235
91.1124
151.151
156.951
163.279
168.657
175.072
181.193
187.689
192.544
199.215
145.193
-654321
133.947
164.002
120.354
115.302
108.572
103.245
95.9279
91.0214
85.116
144.806
151.863
157.637
162.491
168.429
175.984
181.926
187.217
192.785
138.553
-654321
127.821
120.421
115.018
109.766
102.196
96.0761
91.4352
84.5907
79.3418
137.714
145.312
150.994
156.842
162.727
168.87
174.857
180.942
186.981
132.288
-654321
121.24
115.667
108.445
148.453
97.5492
91.3811
84.4745
78.2055
73.6692
133.219
138.978
145.786
150.495
156.975
162.336
170.088
174.657
181.299
126.53
-654321
115.079
108.943
102.554
145.228
90.7683
84.5236
78.4301
73.4426
66.7682
127.572
168.622
139.89
145.387
150.92
157.284
162.676
167.905
174.948
120.62
-654321
108.337
102.393
97.749
90.7226
136.098
78.9527
72.2449
66.8462
61.2304
121.158
127.904
133.192
172.876
145.886
151.076
156.589
162.401
169.229
115.215
-654321
103.469
96.426
91.0914
85.1837
77.871
73.1982
67.0976
61.2756
56.2072
115.361
120.821
127.768
132.84
138.372
144.271
150.621
156.703
163.188
108.593
-654321
96.6217
91.5691
84.9047
79.5181
73.4106
65.7592
60.8261
55.7321
48.7641
109.113
155.715
120.81
127.421
132.201
137.522
146.099
150.445
156.486
102.292
-654321
90.701
147.942
78.4
71.7943
66.2616
61.7846
53.609
49.2542
42.956
102.769
109.09
156.979
121.254
127.76
134.376
138.965
145.313
150.913
96.9701
-654321
85.031
78.3833
72.6009
67.4087
61.5769
54.951
48.8859
43.5953
37.7767
96.8501
147.808
110.786
166.919
122.326
126.652
134.419
139.356
144.987
92.3033
-654321
78.167
75.2823
124.745
61.2623
54.5916
48.5563
42.4127
36.264
30.9192
140.847
98.3502
102.507
109.244
113.345
121.888
126.647
133.286
139.083
85.0067
-654321
73.9059
67.6653
61.9375
55.4315
49.2546
119.339
35.4821
31.2479
25.5483
146.858
140.07
96.8947
148.014
110.216
208.901
120.158
212.935
132.866
79.1855
-654321
67.7368
60.5614
54.9893
48.5719
44.2781
37.1394
31.422
96.5469
19.9068
79.7991
85.8091
90.3202
145.481
147.871
109.101
113.945
120.35
126.972
74.7878
-654321
192.142
55.5085
49.0826
109.134
37.3168
30.8066
95.6197
18.347
86.8601
139.287
78.859
84.6323
91.356
98.4657
102.854
109.397
209.342
120.898
66.1825
-654321
55.2388
48.5087
44.5034
36.2697
30.5402
26.0473
19.6561
88.8305
5.66257
67.1696
73.6794
79.2712
85.3633
92.0598
96.7709
103.594
109.963
115.45
131.924
-654321
48.3827
43.8391
102.256
29.7726
25.8006
103.71
87.9213
6.74897
91.0011
61.2904
67.2562
128.664
197.891
84.9944
151.384
145.355
102.868
108.724
54.4062
-654321
42.0147
104.163
180.751
106.328
18.1884
89.6875
7.39611
1.10505
54.9085
60.9376
65.9532
73.7202
79.8781
136.787
91.3219
96.5943
103.132
48.0584
-654321
37.8164
31.4533
25.9239
92.0475
101.309
95.5925
0.0637512
187.749
55.3612
59.0927
123.258
128.879
132.054
84.1615
150.613
97.2677
120.74
-654321
101.736
27.0401
17.5765
13.5132
84.4939
0
119.759
48.7626
115.907
130.653
66.1997
139.005
78.8904
135.621
91.6271
37.7226
-654321
96.669
19.6238
12.5225
6.92307
2.75188
35.384
42.5137
111.068
116.07
130.797
68.8387
71.9817
132.459
84.524
101.177
-654321
17.9425
12.4909
93.0006
81.3155
99.7039
116.216
44.3189
47.9032
117.444
121.024
124.655
127.049
79.9212
97.0432
-654321
11.2522
96.9705
90.9909
96.8443
32.2338
38.3737
108.681
111.674
126.642
121.373
68.146
71.7556
92.5047
-654321
7.44588
91.8529
17.4153
108.66
99.849
36.9565
185.072
112.24
54.9827
62.0331
67.2935
88.7836
-654321
80.4142
15.0117
93.8678
106.358
29.347
36.5131
184.936
186.659
116.907
61.0107
86.413
-654321
7.18433
15.1139
18.3286
23.985
30.1793
37.4891
109.761
122.163
55.0974
79.6986
-654321
285.232
294.468
298.299
297.17
293.757
288.834
282.986
277.876
272.171
271.265
-654321
294.309
297.134
297.352
293.698
288.211
283.236
277.245
271.099
265.858
270.756
283.537
-654321
297.453
296.416
292.44
287.887
282.909
277.172
271.577
265.365
259.51
284.476
269.662
295.19
-654321
297.426
293.867
288.483
284.042
277.962
271.764
266.003
260.233
254.264
294.099
284.357
270.673
298.874
-654321
294.283
289.347
283.396
278.491
271.894
265.863
260.349
254.12
247.697
299.027
292.149
283.939
271.161
298.276
-654321
288.451
283.262
277.456
271.871
265.951
259.974
254.406
247.787
241.792
298.469
298.37
293.66
283.851
269.745
294.236
-654321
283.062
276.693
272.18
266.063
260.253
253.928
248.314
242.353
235.921
294.213
296.898
298.143
294.496
282.317
270.878
289.358
-654321
277.489
271.415
265.596
259.909
253.918
247.743
241.937
235.737
230.025
287.924
293.685
296.943
298.155
294.387
284.194
270.973
283.149
-654321
271.743
265.936
259.293
254.541
247.95
241.538
235.97
229.808
223.821
282.579
289.332
293.166
296.996
298.107
295.198
286.881
270.907
277.984
-654321
266.005
259.887
253.863
247.803
241.776
235.541
229.915
224.291
217.868
278.035
283.846
288.256
293.643
297.267
298.169
293.6
286.417
271.286
271.963
-654321
259.601
253.433
247.586
242.302
235.838
229.834
223.85
217.648
212.167
271.622
277.727
283.528
288.851
294.45
297.847
298.324
295.356
283.814
266.067
-654321
253.206
247.378
241.935
236.517
229.256
224.559
217.94
212.089
205.817
265.541
271.785
277.798
281.768
290.306
294.514
296.062
298.324
294.98
259.426
-654321
247.766
242.017
235.458
230.139
224.117
217.851
212.43
205.707
200.161
260.204
265.995
271.583
278.28
283.045
288.439
294.197
296.217
299.159
254.26
-654321
242.398
236.406
229.201
223.798
217.665
212.593
205.553
199.867
193.402
254.023
259.62
266.034
271.342
278.177
283.686
288.48
295.083
297.715
248.008
-654321
236.104
229.658
223.288
217.913
212.106
206.015
200.043
194.044
187.283
247.965
254.401
259.543
265.523
272.485
277.493
283.291
288.209
294.268
242.176
-654321
229.59
224.161
217.647
211.796
206.242
199.367
193.557
187.702
181.991
241.892
247.545
253.998
259.519
265.756
272.419
277.603
282.339
289.15
236.642
-654321
223.174
217.747
211.736
205.996
199.89
194.006
187.8
181.934
175.494
235.967
241.519
247.767
254.113
260.511
265.151
271.976
277.859
283.481
230.194
-654321
218.27
211.681
205.813
200.02
194.065
187.527
181.994
175.68
170
229.74
236.43
241.504
248.21
253.972
259.519
265.259
271.11
277.299
223.427
-654321
212.226
205.563
200.358
193.944
187.274
182.202
175.291
170.218
163.797
223.253
229.714
235.136
242.21
248.333
254.394
259.672
266.019
271.647
218.077
-654321
205.164
200.286
194.36
187.29
181.331
176.034
169.871
164.182
157.681
217.833
223.253
230.157
235.93
242.926
247.225
254.165
259.627
265.888
212.326
-654321
199.83
194.208
187.564
181.854
175.612
169.547
163.889
158.695
151.725
211.705
218.239
223.754
229.562
235.582
241.208
248.502
254.244
260.024
205.666
-654321
193.652
186.933
182.237
176.255
169.996
162.806
159.037
151.356
145.613
206.278
212.179
218.535
222.969
230.089
235.833
241.762
248.141
253.823
199.498
-654321
188.062
182.462
175.731
169.247
164.094
158.12
151.509
145.618
140.305
200.122
206.485
211.967
217.807
225.21
230.182
235.594
242.008
247.824
193.758
-654321
182.404
176.275
169.746
164.149
158.109
151.337
145.044
139.864
134.087
193.798
200.358
206.324
211.201
217.78
223.841
229.956
235.338
242.008
187.7
-654321
176.664
170.294
163.83
157.787
152.608
146.185
139.313
132.991
126.894
188.083
194.285
199.87
205.303
211.544
217.583
222.741
230.078
235.649
181.697
-654321
169.835
164.975
158.182
150.584
146.162
139.562
134.149
127.88
121.827
182.109
187.546
192.826
198.732
204.994
212.275
217.442
223.938
229.996
176.042
-654321
164.782
157.949
152.869
146.002
138.723
133.526
128.168
122.585
117.129
176.896
181.14
187.375
193.728
199.835
205.128
212.261
217.134
223.73
169.559
-654321
158.262
152.394
145.675
140.217
133.487
176.875
122.282
115.59
109.84
170.614
177.381
180.365
187.528
193.387
199.671
205.584
211.647
217.548
163.727
-654321
152.394
146.423
141.233
133.383
128.833
121.543
114.365
109.442
103.504
164.312
169.526
176.864
182.423
187.516
193.335
200.061
205.942
212.138
157.964
-654321
146.122
140.19
132.819
126.715
122.876
115.607
110.877
104.29
98.3531
158.51
164.265
168.574
176.226
182.014
188.322
193.419
199.527
206.382
151.806
-654321
140.103
133.301
128.796
122.745
116.331
109.893
103.585
99.5241
90.5787
152.577
156.925
165.003
169.803
176.393
180.763
188.276
193.691
199.162
145.522
-654321
134.146
126.313
159.838
116.802
109.542
103.925
97.0918
91.2957
84.9974
145.532
152.613
158.527
163.461
170.481
175.969
182.204
188.31
194.131
141.219
-654321
127.583
121.305
114.079
109.509
104.333
97.8109
91.2857
85.4182
80.66
138.068
146.67
179.748
158.129
189.15
169.808
175.658
181.183
188.106
132.441
-654321
121.216
114.837
151.168
104.467
97.4164
92.8744
87.2659
78.9856
73.419
133.743
140.419
145.445
150.865
156.979
164.185
191.462
175.109
181.909
127.096
-654321
116.152
108.629
103.856
97.3318
92.3211
135.83
132.303
74.4731
68.522
127.545
134.841
137.761
145.655
151.909
196.875
164.008
168.415
176.473
121.916
-654321
164.388
104.62
96.7032
141.095
136.524
77.8858
74.1046
67.6597
62.4827
122.542
125.12
134.519
139.931
143.951
152.313
158.902
190.884
170.239
116.452
-654321
103.854
97.0304
92.392
198.911
80.1323
140.963
68.388
120.907
54.3321
115.828
121.092
127.208
135.095
139.706
145.719
181.352
158.752
163.812
108.354
-654321
97.246
91.6387
87.2427
144.128
76.1434
69.8028
61.2669
116.272
49.2075
151.862
114.289
159.471
128.12
134.089
140.232
146.504
152.043
157.499
103.391
-654321
91.6962
86.1659
79.136
74.2147
67.4646
61.092
56.315
124.807
43.2991
161.407
107.707
116.546
120.616
127.261
132.785
141.121
146.313
151.474
98.3654
-654321
136.97
80.774
138.523
137.991
131.246
115.622
124.314
44.8266
36.4723
203.622
102.365
152.449
167.446
212.143
163.156
133.458
139.486
146.006
92.0619
-654321
145.587
74.7609
69.6464
60.5615
116.648
50.3993
108.024
116.321
99.4785
93.513
143.499
147.81
152.834
155.698
121.908
126.96
215.407
139.8
84.3056
-654321
75.435
137.201
61.5765
116.596
47.5882
43.0506
116.608
100.641
85.3719
90.9659
143.302
106.231
109.116
155.731
160.824
128.884
133.833
80.7343
-654321
69.2058
61.8478
55.4439
49.652
42.9821
39.5781
31.0476
132.668
84.8476
91.832
99.2034
104.105
109.675
169.934
121.102
127.231
73.4602
-654321
63.495
115.909
48.6622
187.572
36.9289
100.425
129.002
80.4346
85.9973
91.6872
156.032
161.383
110.521
115.88
121.729
68.0549
-654321
129.065
49.311
107.45
117.152
99.4064
66.6197
140.417
79.3697
86.4813
152.41
157.254
161.201
111.483
116.186
61.9064
-654321
50.4383
184.657
36.4868
101.029
62.7676
66.6702
74.7231
80.2369
135.955
140.007
203.002
101.694
110.426
115.52
-654321
107.546
37.5534
98.4339
55.8642
60.6046
136.347
74.4859
132.106
87.0483
92.8725
154.444
102.853
186.47
-654321
38.4175
33.5002
51.5064
54.7117
131.454
136.834
74.7195
197.393
86.8861
90.8817
143.925
119.805
-654321
179.751
45.4476
51.4708
128.986
62.0989
194.512
72.9083
198.504
87.2896
91.1409
105.549
-654321
115.718
44.1904
188.123
54.3091
120.156
124.757
127.67
132.166
85.7359
99.2521
-654321
283.819
295.404
307.327
316.431
315.856
312.115
310.53
305.661
298.818
271.036
-654321
297.847
310.027
311.962
316.543
313.584
310.804
304.724
299.52
294.385
270.385
284.747
-654321
310.912
314.06
316.089
313.812
311.05
304.523
298.781
294.843
288.555
283.722
269.738
298.145
-654321
314.876
315.333
309.26
310.266
304.274
299.094
293.813
287.983
282.329
298.387
283.519
270.224
312.933
-654321
315.476
312.682
309.536
304.369
299.321
294.135
288.115
282.311
276.508
310.054
299.247
285.791
270.251
314.777
-654321
312.496
309.985
304.82
300.253
294.541
288.553
283.053
276.421
270.342
315.847
312.084
298.714
284.192
270.665
315.158
-654321
309.588
305.754
299.575
294.004
288.866
282.695
276.762
270.768
265.063
315.953
315.693
308.135
299.435
284.124
270.568
314.362
-654321
304.577
299.049
294.552
288.781
283.262
277.26
270.91
264.951
259.161
312.925
314.652
316.62
308.909
296.701
284.229
271.925
308.796
-654321
298.762
294.662
288.368
282.684
276.421
270.782
264.616
258.178
252.654
309.511
312.952
315.043
315.655
309.86
297.461
285.348
272.043
304.056
-654321
293.225
288.274
282.388
276.569
271.016
264.728
258.484
252.528
246.755
305.426
310.249
311.588
316.025
313.801
308.679
299.2
284.666
270.115
299.709
-654321
287.978
282.772
276.999
270.897
264.437
258.79
252.588
246.269
240.684
300.607
304.769
309.394
313.038
315.394
310.918
311.018
300.461
285.134
294.949
-654321
282.405
276.505
271.215
264.806
258.175
253.113
246.878
240.56
234.721
294.736
300.563
305.956
310.754
311.992
316.171
312.324
313.168
295.192
288.941
-654321
277.021
270.313
264.424
258.907
252.388
246.72
240.905
234.949
228.988
288.221
294.625
299.628
306.807
310.175
312.772
314.899
314.646
311.237
282.647
-654321
270.714
264.656
259.025
252.551
246.845
240.972
234.373
229.18
222.623
282.567
288.386
293.197
300.131
305.085
311.325
313.537
314.497
315.2
276.803
-654321
264.846
258.8
253.077
247.38
239.911
234.565
228.55
223.25
216.798
277.241
282.261
288.134
294.187
299.927
303.289
310.192
314.933
316.786
270.252
-654321
258.171
252.989
246.771
240.222
234.399
229.641
222.676
216.504
210.42
270.748
276.541
283.313
288.367
294.66
299.538
305.87
309.967
312.708
264.385
-654321
252.597
246.797
241.132
235.35
228.632
223.068
217.345
211.152
204.176
264.782
271.203
276.362
283.055
288.398
294.717
300.271
303.478
310.512
258.521
-654321
246.65
240.617
235.146
228.892
222.688
217.219
210.7
204.87
198.344
258.482
264.547
270.521
276.681
282.789
288.97
294.983
299.808
304.932
252.934
-654321
241.197
234.718
228.661
222.613
216.317
210.139
205.034
198.583
192.024
253.142
258.343
264.023
269.986
277.871
282.915
288.313
294.917
299.114
246.173
-654321
235.073
228.399
223.071
216.062
210.99
204.636
198.663
192.835
187.416
246.46
253.97
258.884
264.521
271.365
276.439
281.68
288.653
294.655
240.675
-654321
228.317
222.603
216.34
211.63
205.516
198.889
191.994
186.84
180.6
241.569
247.026
253.073
258.289
264.958
270.967
276.198
282.353
287.833
234.984
-654321
223.562
216.245
208.74
203.929
199.327
192.235
185.574
181.002
174.782
234.823
241.325
246.663
252.433
259.246
264.272
271.208
276.001
282.438
229.138
-654321
217.289
210.54
204.854
198.453
191.772
186.532
180.429
174.872
168.786
229.066
234.372
240.876
246.742
252.226
258.109
265.02
270.907
276.677
222.426
-654321
211.608
204.566
198.119
193.102
186.232
180.71
175.219
169.388
161.796
222.949
228.996
234.007
240.161
246.385
252.54
258.649
264.673
270.139
216.766
-654321
204.363
198.48
192.902
186.831
180.641
175.58
168.908
163.144
156.736
216.758
222.669
228.145
233.378
240.91
246.552
252.114
259.02
264.815
210.754
-654321
198.37
192.585
186.816
181.106
174.851
168.916
161.833
155.855
150.719
210.196
216.538
223.396
228.538
234.887
240.333
246.083
252.151
258.817
204.983
-654321
192.525
185.45
180.607
174.439
168.49
162.518
156.05
150.187
144.203
204.406
211.029
216.463
222.094
229.415
234.765
240.703
246.713
252.429
199.414
-654321
187.304
199.805
175.742
168.034
163.051
156.218
151.272
145.092
139.491
199.023
203.835
210.331
217.294
221.285
228.423
235.571
241.149
247.049
191.912
-654321
180.08
174.849
168.464
162.261
156.325
150.453
144.312
138.103
132.743
192.491
197.477
206.338
210.477
217.104
223.063
228
235.061
240.518
186.345
-654321
174.398
167.037
188.046
156.39
150.876
144.312
140.505
180.274
125.472
187.826
192.732
198.828
205.701
209.965
217.269
221.915
232.076
234.608
180.86
-654321
168.634
162.903
155.456
150.36
144.705
139.893
132.997
126.414
120.074
180.251
188.358
191.171
198.611
205.298
220.741
217.073
222.7
228.186
175.808
-654321
163.53
157.232
150.682
142.458
184.005
132.002
126.18
121.209
114.786
175.227
180.91
186.376
194.075
198.571
204.599
211.154
216.971
222.226
168.309
-654321
157.62
150.746
144.541
139.339
132.693
125.617
121.278
114.419
108.575
167.12
173.919
180.647
187.911
191.03
199.533
203.808
210.68
216.381
162.336
-654321
220.861
143.001
138.714
133.761
126.764
120.342
113.979
108.453
146.27
161.607
169.509
173.347
180.364
185.49
192.85
197.496
204.618
210.27
156.498
-654321
144.343
139.093
131.836
126.53
120.95
156.519
110.164
103.241
96.7726
157.345
187.02
168.22
173.702
181.391
203.309
193.438
199.641
204.158
151.286
-654321
140.097
132.051
126.051
119.738
113.234
108.613
100.363
143.059
90.4558
150.418
156.555
162.564
170.885
174.992
180.793
186.052
192.525
198.402
143.304
-654321
180.675
126.166
118.993
154.757
107.854
102.254
97.7101
91.2391
87.0799
145.037
150.759
156.484
188.281
169.857
195.724
181.344
185.63
192.621
138.908
-654321
127.031
121.502
114.577
109.069
102.887
142.807
91.1489
84.3029
79.3394
137.895
146.476
149.492
156.598
162.462
167.042
174.316
180.768
186.818
132.08
-654321
120.778
209.22
108.468
100.44
96.4421
150.874
83.5489
79.3578
127.702
134.26
138.962
175.367
149.725
156.593
161.416
203.307
174.322
179.577
126.099
-654321
115.35
111.678
103.173
97.1343
91.5548
85.0597
77.9644
74.0826
66.5962
175.291
215.001
172.546
218.206
177.881
156.517
224.629
191.685
173.992
121.025
-654321
163.589
159.752
97.0632
89.9585
85.5844
143.861
127.783
66.9228
60.9488
121.603
127.765
181.059
140.884
143.128
149.883
154.587
163.172
168.514
116.019
-654321
147.486
97.7482
90.4852
133.388
77.0628
127.54
135.834
116.814
155.74
120.022
163.521
133.816
137.573
142.698
150.958
197.582
162.519
108.501
-654321
96.965
91.3211
135.479
133.471
72.3313
63.8583
60.505
151.189
156.342
119.669
128.357
166.248
139.104
145.548
149.842
157.402
159.172
-654321
140.666
197.985
133.138
70.3426
124.547
130.409
102.883
108.789
114.019
159.087
163.324
213.454
173.077
144.863
150.265
95.589
-654321
147.586
79.8966
195.869
136.326
131.394
156.4
159.607
107.624
113.387
160.233
164.015
168.589
171.486
144.125
90.8228
-654321
77.6222
140.108
65.4833
133.202
140.153
144.296
144.908
164.696
114.099
173.011
174.889
131.943
138.948
82.8652
-654321
73.4211
138.115
60.0933
137.069
152.887
143.974
104.458
108.862
167.199
160.198
126.086
133.159
129.215
-654321
133.439
57.9458
76.9999
148.475
90.356
96.8621
160.584
108.601
115.839
118.934
127.721
73.7339
-654321
59.8809
129.472
78.3952
200.155
90.7591
143.837
148.47
108.878
115.547
120.439
193.836
-654321
67.0821
125.54
144.389
85.7348
91.1957
155.462
204.197
107.794
113.759
119.745
-654321
285.263
299.074
308.613
321.446
332.162
334.279
334.188
331.133
328.173
270.978
-654321
297.883
314.398
323.475
329.21
336.866
334.456
333.547
329.066
324.205
270.769
284.558
-654321
312.107
325.331
328.19
333.104
334.633
331.047
326.905
324.072
318.337
284.539
270.094
301.385
-654321
324.66
330.763
334.453
333.783
332.528
327.864
324.084
320.564
313.621
299.711
287.504
270.476
314.438
-654321
330.703
331.673
335.318
332.98
328.752
324.494
319.591
313.689
308.371
311.855
298.159
285.79
270.59
326.006
-654321
334.917
334.702
330.713
330.926
322.018
316.442
312.846
308.594
301.773
324.305
311.31
296.523
282.54
269.104
330.181
-654321
333.988
331.517
328.971
323.34
319.292
313.005
308.609
302.208
296.639
330.425
322.967
313.421
299.844
282.323
270.755
334.039
-654321
332.575
327.562
324.703
318.868
314.07
308.242
302.81
296.877
290.965
331.778
331.03
323.253
313.322
298.175
285.003
270.406
333.781
-654321
325.582
322.462
320.434
313.06
308.403
302.43
296.362
291.427
285.072
331.843
334.09
325.674
325.807
313.254
299.034
283.759
270.303
333.174
-654321
324.189
319.789
314.465
308.128
302.763
296.611
290.494
284.745
278.709
332.48
334.967
333.385
331.269
326.391
313.122
299.622
285.846
270.046
328.547
-654321
318.254
314.183
308.938
302.362
296.729
291.353
285.504
279.254
272.771
328.362
328.898
335.38
336.944
333.837
328.535
308.639
297.646
283.543
323.982
-654321
314.72
307.92
302.365
296.929
290.912
285.18
278.671
272.747
267.087
324.443
327.015
331.133
334.299
335.824
331.689
323.673
311.258
301.611
318.389
-654321
307.476
303.182
296.914
291.112
284.739
278.846
273.115
267.697
261.092
317.198
322.531
328.341
332.045
331.43
332.709
332.384
328.583
315.192
313.722
-654321
302.791
296.483
290.221
284.593
278.735
273.294
266.54
260.793
254.755
311.615
317.602
324.563
327.8
333.114
333.168
333.805
330.385
328.726
306.388
-654321
297.087
290.624
284.359
278.818
272.628
266.851
260.869
255.385
249.259
309.02
311.971
318.872
325.353
328.122
327.557
330.93
334.02
326.975
302.668
-654321
290.356
284.613
278.995
273.43
267.019
261.266
254.815
248.993
242.84
303.111
307.786
313.907
318.402
324.167
330.122
332.723
331.046
336.121
296.675
-654321
284.607
278.966
272.405
266.363
260.776
254.612
249.332
243.106
237.057
295.546
302.646
307.354
313.47
319.25
323.149
329.189
333.892
332.296
290.765
-654321
278.312
273.431
266.815
260.799
254.788
248.456
242.658
236.476
230.566
290.621
296.946
301.774
306.621
314.351
319.616
324.068
329.157
331.097
284.863
-654321
273.557
266.629
260.948
254.916
249.423
242.486
237.05
230.356
224.883
284.042
290.897
295.726
301.95
308.616
312.617
317.313
323.558
329.044
278.001
-654321
267.102
259.806
255.229
248.31
242.839
236.45
230.43
225.521
218.51
278.532
284.994
291.295
295.156
302.847
307.591
313.952
314.296
322.831
272.247
-654321
260.758
254.356
248.449
242.85
236.927
231.115
224.346
219.417
212.625
272.246
279.027
285.211
290.034
296.506
303.132
308.712
314.222
318.378
266.62
-654321
254.756
248.6
242.916
237.656
230.64
225.594
218.28
212.186
206.652
266.038
272.506
278.623
285.157
291.041
296.426
302.833
308.446
313.393
260.57
-654321
249.271
243.136
237.312
231.211
225.218
218.055
213.023
206.59
200.183
260.829
267.101
273.089
278.621
284.524
290.244
297.492
303.262
307.884
254.588
-654321
242.55
236.999
231.092
224.109
219.472
212.58
207.574
201.017
194.493
253.817
262.06
266.828
272.751
279.592
284.28
289.972
295.323
302.144
249.489
-654321
237.551
230.34
223.702
218.925
212.878
206.734
201.453
194.406
187.637
248.821
255.201
260.529
267.301
272.182
278.549
284.638
290.684
296.425
241.33
-654321
229.975
225.036
219.047
213.132
207.662
201.291
194.294
188.493
182.019
242.204
248.89
254.544
260.672
266.364
272.553
278.964
285.286
290.977
237.646
-654321
224.17
219.728
212.252
205.489
201.261
194.793
189.888
182.721
175.557
236.84
241.05
248.34
255.053
260.23
267.21
272.156
278.284
284.999
231.384
-654321
218.354
212.631
205.691
201.281
195.075
189.452
182.978
176.579
170.44
231.153
236.186
243.08
247.673
253.588
260.295
267.026
272.143
278.731
223.98
-654321
212.487
206.815
200.919
194.214
187.566
182.738
175.945
171.524
164.127
225.557
232.881
236.07
242.453
248.869
255.559
261.237
265.654
273.221
218.12
-654321
205.827
201.363
194.008
187.289
182.569
175.913
171.001
162.842
158.354
219.39
225.993
230.693
237.333
243.06
247.728
254.311
260.384
266.564
212.754
-654321
198.257
195.422
188.255
181.527
176.739
171.858
165.537
158.066
153.835
212.356
219.79
224.831
230.147
236.462
242.123
248.872
254.41
260.306
206.301
-654321
193.996
188.063
180.552
176.43
171.008
164.591
158.486
151.482
145.844
207.669
220.53
217.55
224.587
230.471
236.386
242.733
250.249
254.58
199.797
-654321
188.39
181.582
175.609
169.294
163.837
156.98
152.502
147.627
139.821
201.093
216.067
211.172
217.837
223.905
231.221
237.232
242.486
248.873
195.098
-654321
182.854
176.449
169.393
188.774
158.733
151.977
146.807
138.665
133.927
194.016
199.496
206.054
214.081
219.77
225.648
230.186
237.07
242.885
187.335
-654321
177.555
171.739
164.867
183.892
153.004
148.329
140.095
134.676
129.607
187.711
192.775
200.108
207.094
213.783
218.043
223.801
230.988
237.001
182.788
-654321
192.197
188.944
157.352
152.636
145.852
140.641
134.699
128.116
123.953
200.561
186.894
194.645
200.171
206.364
211.292
218.685
222.957
230.728
177.208
-654321
166.369
159.019
151.608
145.915
140.408
135.957
129.645
160.294
118.048
196.004
214.912
187.992
194.974
200.568
206.088
213.053
219.139
224.987
171.23
-654321
159.619
152.294
146.137
185.996
134.817
128.672
124.866
157.781
113.001
171.503
195.826
182.684
188.74
208.333
201.038
207.775
212.875
218.144
165.801
-654321
180.811
147.543
140.541
135.229
128.997
121.471
115.919
109.558
102.67
163.081
169.91
194.929
184.303
186.917
194.751
201.453
206.006
212.113
196.257
-654321
175.912
139.602
169.968
129.716
173.553
116.275
165.221
103.483
98.5456
159.316
164.432
169.889
177.327
183.006
188.918
208.089
201.008
206.084
193.145
-654321
140.492
133.851
178.294
160.702
115.425
109.675
103.076
146.243
94.9466
153.721
198.139
165.257
170.62
177.154
182.461
188.339
195.106
211.902
146.609
-654321
135.554
164.009
160.17
158.519
151.378
102.153
98.7615
91.259
175.193
193.24
157.243
163.033
192.758
178.02
201.289
203.803
194.607
185.584
-654321
165.39
160.475
115.306
165.189
162.154
98.6799
140.442
141.21
148.156
150.184
159.047
201.069
170.445
175.015
200.921
188.46
132.705
-654321
212.481
116.79
113.06
104.671
157.551
156.964
168.587
140.098
219.668
153.369
198.341
165.757
205.952
178.677
181.667
129.363
-654321
116.587
152.677
147.397
96.7888
139.339
128.855
135.941
186.781
146.17
178.305
158.553
163.265
193.8
177.166
121.797
-654321
112.872
206.541
97.4568
92.0862
172.625
130.7
134.15
187.766
189.298
194.967
199.159
165.557
170.75
117.975
-654321
149.771
96.444
90.7695
168.255
120.617
178.259
181.613
139.758
191.157
195.272
186.886
164.444
112.684
-654321
145.578
201.209
110.979
116.767
161.966
164.671
133.631
141.221
220.37
152.545
158.055
148.592
-654321
141.302
146.665
111.445
155.103
122.21
214.052
133.849
141.927
146.583
152.093
143.711
-654321
97.1987
161.578
109.313
115.385
123.891
164.811
180.5
140.876
147.47
140.965
-654321
283.862
301.241
316.039
326.548
341.403
346.473
353.18
351.285
350.491
270.91
-654321
300.128
309.863
326.69
341.457
346.792
349.206
351.324
351.904
345.411
269.974
284.583
-654321
312.637
326.89
337.483
343.847
348.79
347.888
351.568
348.715
344.463
282.487
272.396
297.159
-654321
324.667
342.63
347.845
347.138
351.409
356.328
345.812
343.601
340.974
297.451
283.566
270.157
313.192
-654321
336.195
343.675
348.984
356.175
351.901
351.56
341.347
339.557
333.449
313.277
296.157
283.831
270.816
326.189
-654321
340.609
345.806
350.151
348.727
349.616
345.006
339.747
334.781
332.267
326.148
309.533
297.038
283.443
270.415
342.672
-654321
346.087
350.357
351.89
349.599
342.989
341.868
336.89
330.436
323.992
339.59
324.706
306.539
299.2
285.989
270.172
349.24
-654321
352.409
347.54
348.504
345.445
340.174
336.156
329.669
325.188
319.581
346.092
340.602
323.675
313.081
298.15
284.273
270.017
348.717
-654321
350.947
349.785
344.522
340.815
335.321
329.178
324.846
318.953
313.47
349.402
345.982
341.242
325.835
312.766
296.12
283.628
270.439
348.333
-654321
348.855
345.139
340.429
336.223
328.713
325.11
318.69
314.666
308.409
353.019
348.282
346.727
335.127
326.242
311.419
300.124
285.084
270.458
349.237
-654321
344.585
341.254
334.444
331.173
325.551
319.133
313.836
307.536
302.113
347.29
351.878
351.719
350.594
335.489
326.329
312.791
301.43
284.647
346.254
-654321
341.861
335.064
331.204
324.528
318.661
313.746
308.045
302.211
296.266
349.413
353.349
353.392
352.706
349.43
340.643
325.364
316.634
300.275
345.582
-654321
334.685
331.499
326.413
319.165
312.937
307.33
301.823
295.96
290.178
340.047
349.934
351.355
350.212
348.975
347.082
338.539
326.931
318.523
337.369
-654321
329.965
326.16
319.746
314.403
308.296
302.375
295.709
290.506
284.286
339.434
343.448
345.649
350.579
351.903
349.502
342.199
329.126
323.159
334.609
-654321
324.175
317.689
313.921
308.166
301.709
295.76
290.641
283.964
278.218
334.785
340.542
341.45
345.533
349.539
353.221
351.392
348.555
337.74
330.67
-654321
319.778
313.188
307.406
301.99
296.176
290.183
283.824
278.888
271.83
330.962
336.205
339.149
346.046
352.019
351.233
352.925
346.569
343.442
325.999
-654321
313.672
307.789
302.168
296.7
290.576
284.433
277.943
272.599
265.951
324.362
330.385
335.354
341.617
341.224
347.814
351.292
351.167
350.874
319
-654321
307.751
301.91
295.928
289.683
282.993
278.008
272.264
266.907
260.433
318.726
324.421
329.519
337.345
339.46
346.174
347.448
351.578
351.347
313.994
-654321
301.959
296.153
289.67
283.85
276.986
272.199
265.773
260.354
253.945
312.934
319.467
324.294
330.017
334.325
339.935
342.655
346.098
352.305
308.16
-654321
295.551
289.534
284.601
278.728
272.352
265.906
259.707
254.385
248.139
307.532
312.988
319.435
324.135
328.661
335.547
342.6
342.661
347.564
301.161
-654321
289.664
284.299
277.884
272.09
265.852
260.269
253.424
248.169
242.279
300.667
306.898
313.485
319.547
325.301
328.225
336.48
337.808
344.818
296.517
-654321
284.342
277.978
272.556
266.821
260.257
254.222
247.11
241.292
236.292
296.302
302.046
307.588
313.542
319.428
324.75
332.058
336.178
337.98
290.906
-654321
279.016
271.551
266.531
259.161
253.071
248.617
241.706
235.768
229.966
289.967
296.543
301.837
307.471
313.857
320.321
325.64
330.894
335.93
284.396
-654321
272.84
266.202
260.159
254.378
247.437
242.276
236.47
229.871
223.715
283.309
289.454
296.232
301.746
308.283
313.837
319.911
324.884
330.573
278.26
-654321
267.106
258.766
253.495
247.619
242.074
235.061
229.849
223.173
217.924
277.762
284.439
290.768
295.303
301.918
308
313.312
320.201
323.884
272.398
-654321
260.673
253.013
248.655
242.269
234.792
229.99
224.669
218.134
212.078
272.469
277.019
284.596
289.386
296.09
301.428
306.858
312.829
319.786
265.572
-654321
253.625
247.099
241.391
236.072
230.182
224.211
217.959
212.022
206.156
266.415
270.694
278.244
283.772
290.578
295.52
301.523
307.046
312.998
260.286
-654321
243.883
240.854
236.73
230.574
223.627
218.602
220.752
205.324
200.102
259.471
266.282
271.254
278.21
284.952
289.905
295.587
301.887
307.339
252.403
-654321
241.523
235.742
228.553
224.429
217.924
212.767
205.459
199.346
194.472
253.159
260.887
265.555
271.531
277.23
282.862
291.045
295.314
301.693
249.086
-654321
236.109
229.578
224.038
218.125
210.586
206.139
200.345
192.814
204.69
249.003
253.554
258.267
265.265
271.609
277.202
283.817
290.077
295.641
242.199
-654321
230.237
224.911
217.024
211.321
206.664
200.651
192.866
186.567
200.57
242.787
248.101
253.488
258.023
265.186
272.886
276.821
283.347
289.84
234.397
-654321
225.8
217.785
212.613
206.31
199.913
193.753
188.894
182.49
175.682
235.748
241.095
249.982
254.025
260.152
265.316
273.211
277.089
284.215
229.872
-654321
217.832
210.083
207.165
200.722
194.578
187.845
183.846
173.689
169.611
228.255
236.913
241.826
247.953
252.922
259.544
266.092
272.778
277.563
220.753
-654321
211.891
205.499
199.738
193.206
187.274
182.253
175.638
170.377
161.922
228.108
228.838
235.914
239.938
247.215
253.586
260.597
265.956
271.852
236.145
-654321
205.57
199.272
194.917
188.175
181.822
176.332
170.782
163.647
159.176
217.587
224.624
230.906
232.751
240.419
248.834
253.601
252.864
265.868
211.744
-654321
201.479
221.44
205.465
181.792
176.063
169.509
163.984
157.553
152.429
212.449
215.431
241.67
229.057
235.7
240.849
246.754
252.958
259.714
229.119
-654321
194.035
187.352
184.152
196.816
169.311
189.091
157.688
150.701
145.669
207.216
211.826
217.912
224.676
246.081
234.838
242.507
247.778
254.231
198.482
-654321
188.274
181.508
194.293
169.311
165.783
158.412
180.867
147.325
139.092
224.871
206.451
212.604
219.894
223.56
231.311
236.473
242.939
248.356
194.26
-654321
182.971
177.036
168.424
201.79
198.344
180.876
178.015
138.998
135.584
193.586
225.425
215.967
212.002
218.297
223.235
244.578
234.555
242.875
187.1
-654321
208.637
206.008
165.441
157.254
152.316
144.863
140.258
133.537
126.461
233.996
194.729
200.183
206.996
213.735
217.987
223.966
229.161
235.521
212.617
-654321
195.489
165.582
196.309
151.791
145.34
139.969
134.557
164.718
160.724
182.908
188.555
209.233
198.499
206.174
211.551
219.327
224.112
230.3
174.289
-654321
162.619
196.054
150.084
175.933
186.221
133.78
128.738
121.009
208.99
182.01
187.364
192.63
201.549
204.415
210.237
243.544
223.639
170.581
-654321
157.733
151.488
221.186
173.03
132.041
125.941
123.449
171.748
176.714
199.844
186.729
195.698
198.53
208.193
219.679
217.242
188.998
-654321
152.692
176.563
172.718
132.85
126.555
121.729
160.915
228.193
173.496
180.642
205.487
209.413
237.902
215.675
211.544
157.49
-654321
176.023
217.32
134.121
162.052
159.415
196.337
188.975
168.299
175.77
185.03
188.015
207.606
224.458
204.194
181.833
-654321
185.382
166.905
165.551
122.422
150.929
158.805
187.551
166.516
211.315
214.024
202.632
208.966
199.679
147.833
-654321
131.77
213.419
160.367
190.181
179.504
159.634
162.013
194.108
177.51
214.264
231.036
194.637
185.12
-654321
128.2
160.717
184.499
176.163
150.759
155.708
161.108
190.242
175.447
182.14
188.307
180.294
-654321
159.39
134.253
139.929
218.378
220.994
222.841
163.356
169.193
194.052
181.464
174.642
-654321
127.53
132.601
140.492
145.448
152.848
184.192
164.865
192.016
175.327
160.535
-654321
285.643
295.205
314.909
324.502
348.942
352.586
368.356
366.4
365.918
271.603
-654321
299.005
315.545
331.219
339.681
345.175
352.094
364.962
368.368
364.632
270.393
283.142
-654321
313.525
327.911
342.654
353.19
356.866
365.023
367.84
366.637
366.378
285.326
271.38
302.977
-654321
328.758
343.11
353.589
368.457
357.001
370.077
368.694
370.595
361.957
297.622
283.126
271.325
310.753
-654321
337.011
347.175
361.329
369.397
367.694
367.355
368.642
363.053
361.296
310.63
300.408
284.324
269.673
325.286
-654321
352.129
355.315
364.911
368.274
367.121
367.525
365.992
361.894
356.83
323.161
314.21
298.389
284.194
271.048
344.966
-654321
358.431
365.363
365.072
367.826
367.232
362.757
359.934
355.851
349.822
344.391
327.407
308.853
296.787
284.729
272.228
346.734
-654321
359.505
367.332
367.702
363.302
366.869
358.815
356.244
352.12
347.305
355.842
346.843
330.885
312.755
300.398
287.313
270.876
366.273
-654321
366.803
369.48
362.282
364.994
361.635
355.816
348.116
345.575
340.396
353.623
353.748
343.356
327.387
309.263
300.493
284.083
270.15
367.947
-654321
367.289
370.767
362.817
361.678
356.657
351.059
346.027
341.093
335.277
365.998
359.842
354.185
340.269
325.855
313.199
298.586
284.883
270.679
368.175
-654321
367.951
366.872
360.838
356.024
346.124
345.204
340.79
335.515
330.166
366.179
363.503
361.839
355.856
339.312
324.942
312.038
296.4
284.021
369.649
-654321
361.631
362.529
353.259
352.312
345.648
342.237
336.149
329.782
324.912
368.254
364.845
362.419
360.991
346.588
343.921
324.147
310.666
296.975
366.783
-654321
361.918
355.994
349.976
345.972
340.681
336.316
331.148
324.549
318.179
367.999
369.122
367.313
367.445
363.568
338.637
343.362
325.998
311.737
366.334
-654321
354.01
349.236
347.283
341.584
333.525
330.738
324.077
318.42
312.955
365.658
367.317
369.847
368.926
361.601
362.79
363.117
342.003
323.71
362.039
-654321
351.934
346.239
340.887
335.854
329.439
323.694
317.943
312.975
306.988
362.043
364.825
369.496
365.235
366.087
365.498
364.84
348.024
336.706
357.647
-654321
347.626
339.702
336.499
329.535
323.594
318.804
311.891
306.939
301.124
355.496
359.154
364.636
368.681
368.531
365.342
361.85
359.869
352.191
350.418
-654321
341.184
337.101
330.889
325.347
318.617
313.403
306.92
301.084
295.413
350.17
355.404
358.273
364.309
369.854
370.232
369.389
359.201
362.906
347.7
-654321
335.007
331.102
324.983
318.167
312.487
306.97
300.692
295.321
288.409
345.102
352.093
354.78
359.912
358.647
372.304
367.718
370.573
365.699
340.888
-654321
330.281
324.285
318.233
312.642
306.191
301.14
294.332
288.128
283.598
340.741
346.628
350.47
356.858
360.238
362.963
365.445
369.661
369.603
335.742
-654321
324.766
318.507
311.885
306.387
301.161
294.962
288.387
282.564
276.742
334.797
342.323
347.773
352.055
354.975
361.022
366.343
369.983
368.792
330.756
-654321
318.172
311.943
307.629
300.738
294.156
289.422
282.364
276.355
270.741
329.864
336.391
335.851
346.986
352.541
357.708
362.047
365.023
359.52
324.147
-654321
312.091
306.781
300.282
293.911
289.113
282.443
276.839
270.763
265.359
323.803
329.535
336.886
337.673
345.074
351.138
355.448
364.271
364.183
317.567
-654321
306.292
300.317
294.492
289.402
283.142
276.681
270.718
265.042
258.61
317.913
323.064
327.177
336.339
341.895
344.957
351.711
352.911
360.374
312.767
-654321
301.09
295.037
288.997
282.663
277.713
270.983
264.189
258.012
253.249
313.165
317.714
324.228
330.197
335.89
338.232
343.47
348.891
355.923
306.268
-654321
294.378
289.108
281.808
276.969
270.928
265.101
258.846
252.534
247.193
306.137
310.903
318.603
323.785
329.876
334.227
339.751
345.096
351.694
301.401
-654321
287.439
282.196
276.553
270.672
262.967
258.211
253.456
246.892
240.795
301.309
306.578
313.306
318.521
324.323
329.737
335.117
342.54
345.255
295.505
-654321
283.781
276.199
270.65
264.244
259.708
252.769
246.737
240.762
234.18
294.575
301.385
307.196
313.377
318.213
323.393
330.346
336.293
340.363
288.149
-654321
277.547
271.068
263.876
259.02
253.283
247.687
241.075
234.692
228.717
287.235
294.627
300.541
306.559
312.629
319.387
324.802
329.996
335.97
282.659
-654321
270.89
265.347
258.308
252.699
245.292
240.561
234.115
228.275
221.538
282.987
289.554
295.073
300.816
307.218
312.983
318.602
324.337
330.043
277.097
-654321
264.894
259.376
254.231
246.594
242.868
234.486
228.076
222.739
216.784
275.829
282.624
288.836
295.184
299.785
306.353
312.948
318.67
324.529
270.328
-654321
259.69
251.79
247.301
239.859
233.771
229.543
222.82
215.979
210.278
270.351
276.476
282.318
288.919
295.508
300.536
306.552
312.523
318.44
264.327
-654321
252.093
246.681
241.663
232.939
229.986
222.937
224.41
211.659
204.451
266.076
269.933
276.58
282.714
289.15
295.194
300.781
306.1
312.79
258.593
-654321
246.012
241.445
234.963
227.955
221.846
216.602
209.623
204.579
197.836
258.287
265.722
269.356
277.81
282.215
289.349
292.841
301.602
306.466
251.614
-654321
241.254
233.551
228.791
222.065
216.996
210.028
215.032
199.6
192.619
254.34
259.093
255.453
260.794
276.212
280.768
289.152
294.32
300.515
245.769
-654321
235.142
230.279
227.094
216.605
210.103
205.393
198.61
192.453
185.848
248.154
253.251
259.315
255.773
271.233
276.724
282.467
288.199
294.514
239.835
-654321
229.046
222.231
217.743
210.649
216.525
198.574
193.361
203.018
180.901
242.158
244.907
247.112
259.797
256.739
270.335
276.855
282.64
288.18
233.768
-654321
222.95
216.673
209.812
204.869
198.287
190.727
186.161
198.653
175.138
235.77
242.205
243.78
251.119
258.466
262.723
271.14
277.787
282.504
230.106
-654321
216.415
212.014
204.559
199
193.229
186.755
199.992
175.165
168.556
228.623
233.951
240.271
242.825
248.649
259.689
262.882
269.989
276.68
239.784
-654321
209.473
205.175
198.034
192.634
187.135
182.275
175.826
203.621
164.278
222.635
230.947
233.887
239.844
243.827
252.187
258.419
265.556
270.642
217.68
-654321
204.832
197.915
191.785
201.961
179.515
173.069
168.145
186.001
155.854
216.691
243.815
226.625
249.19
242.156
243.544
259.778
265.435
264.797
209.087
-654321
223.718
191.429
216.245
180.217
195.436
167.939
186.494
154.881
151.288
210.97
216.168
223.809
229.707
236.777
240.226
246.406
253.46
258.387
215.163
-654321
192.281
186.568
180.69
174.417
191.796
163.311
157.886
149.428
204.172
211.942
216.623
223.324
228.468
249.968
239.969
242.034
252.318
197.417
-654321
217.194
181.226
174.812
167.982
199.33
196.279
149.406
198.18
205.138
212.681
216.705
222.952
232.258
235.029
251.361
246.586
235.356
-654321
200.612
194.632
170.044
159.47
196.418
149.353
220.232
198.84
204.857
209.414
217.062
244.226
231.513
248.716
240.766
185.555
-654321
175.618
225.718
163.17
158.344
178.189
232.797
192.781
199.317
213.952
210.068
223.025
226.706
226.975
235.074
200.568
-654321
170.779
163.473
157.19
151.541
199.34
232.63
207.904
199.767
216.417
232.505
236.248
220.538
228.223
176.82
-654321
187.44
159.305
151.831
196.113
210.65
188.684
193.236
211.983
237.778
240.556
223.94
222.958
168.476
-654321
224.79
151.148
168.963
197.175
197.989
185.453
191.159
197.636
204.387
211.342
216.601
188.124
-654321
181.047
160.894
205.292
174.727
198.739
205.553
222.8
197.633
205.872
210.683
182.071
-654321
196.283
164.532
204.555
172.886
199.436
233.768
210.661
197.326
204.919
151.887
-654321
283.522
301.443
308.716
322.887
333.89
359.6
356.095
371.319
383.116
270.308
-654321
298.632
309.102
323.531
338.961
355.049
367.196
377.796
381.274
383.01
269.255
284.248
-654321
311.1
329.018
335.601
350.75
364.269
383.846
379.078
383.703
389.236
285.497
270.609
298.337
-654321
328.407
341.286
354.55
369.772
379.437
380.396
382.901
387.326
385.782
298.107
283.443
270.465
311.503
-654321
340.987
353.952
371.841
368.169
386.468
380.853
383.134
384.906
385.259
308.513
298.077
284.538
270.63
334.055
-654321
360.52
369.218
374.071
388.305
392.601
382.027
386.398
387.003
384.089
322.802
309.819
301.046
284.075
271.892
340.569
-654321
359.346
379.777
379.648
382.945
382.161
386.529
382.306
384.167
378.184
332.976
321.2
311.573
299.249
285.773
270.407
359.152
-654321
380.565
392.388
387.027
374.471
387.725
382.504
381.473
381.441
372.706
349.628
341.541
327.704
318.317
297.819
286.34
270.591
368.876
-654321
376.421
386.857
385.831
384.949
384.738
377.845
375.76
373.962
372.686
367.172
357.885
344.029
325.178
314.051
298.618
283.233
271.517
370.241
-654321
378.12
381.088
386.743
385.41
378.2
374.928
371.169
367.779
366.04
379.62
367.623
349.066
336.433
329.558
313.955
298.858
285.979
270.068
373.119
-654321
387.561
382.16
384.625
379.781
379.253
373.183
369.811
365.084
357.694
381.468
380.756
372.823
355.015
342.895
322.181
313.431
299.908
283.119
390.251
-654321
387.876
386.453
383.443
379.863
375.333
371.36
365.215
360.583
353.919
384.417
378.44
376.771
366.437
353.888
338.499
327.62
313.859
298.435
385.403
-654321
381.01
382.55
374.26
377.81
370.966
365.384
358.8
355.696
348.493
387.881
386.009
380.45
383.814
365.292
351.61
343.924
323.589
314.978
388.355
-654321
383.807
380.681
373.722
371.323
363.762
358.143
353.479
349.848
343.233
386.716
387.814
383.996
376.681
371.554
368.031
357.732
334.926
329.232
383.205
-654321
379.383
373.197
371.062
367.276
361.707
353.447
349.716
342.867
338.041
381.277
385.156
388.357
381.05
385.215
376.812
361.052
357.683
339.769
383.041
-654321
374.477
370.785
364.707
357.826
356.047
348.728
343.763
338.082
331.843
378.767
382.691
385.681
388.123
388.206
378.745
381.739
370.07
361.47
377.702
-654321
371.022
365.375
358.796
353.507
349.904
344.575
337.117
332.412
326.08
379.581
380.587
385.231
381.498
385.711
388.652
387.074
379.079
366.901
376.008
-654321
367.578
358.704
354.825
349.782
343.355
336.121
331.836
326.407
320.808
376.424
383.117
377.577
389.635
386.031
389.425
390.11
376.028
382.022
368.034
-654321
358.926
356.24
348.398
343.775
338.858
330.557
326.076
320.512
314.556
373.663
376.353
380.109
385.449
377.139
385.336
391.268
386.088
381.469
366.318
-654321
353.234
349.098
343.944
337.39
332.697
326.46
320.398
314.54
308.474
365.908
368.355
375.233
379.992
382.261
380.538
383.532
384.809
387.693
360.325
-654321
350.669
342.049
337.27
331.919
326.785
320.59
314.58
309.329
301.543
358.298
363.921
365.019
376.022
382.805
377.438
386.323
384.209
388.373
356.171
-654321
343.908
336.166
332.604
326.891
319.951
313.752
308.988
302.89
296.471
355.094
359.798
366.82
372.499
371.53
382.233
381.71
383.612
387.358
349.522
-654321
338.141
331.312
326.307
319.712
314.754
308.172
302.359
296.31
291.02
349.929
355.392
358.824
363.943
367.864
379.462
372.723
382.834
382.262
336.743
-654321
332.505
325.708
319.642
314.758
308.323
302.087
296.315
290.337
285.332
341.95
349.189
355.339
360.511
364.626
372.724
375.048
379.627
381.281
336.538
-654321
326.029
320.414
314.941
308.032
301.971
296.442
289.932
284.224
278.8
338.754
343.9
346.764
354.641
361.631
364.541
369.339
368.206
379.33
332.636
-654321
320.627
313.617
308.235
301.772
296.727
290.685
284.23
278.063
273.249
331.303
337.325
344.36
348.653
354.616
359.098
361.501
369.473
375.914
326.706
-654321
314.615
308.323
303.022
296.15
290.281
284.128
278.811
272.09
266.245
325.764
331.712
338.723
344.829
350.47
354.319
355.96
366.052
366.565
320.5
-654321
309.24
302.232
296.054
290.085
284.756
278.089
271.86
266.151
259.88
320.831
326.769
332.057
336.091
344.899
348.596
355.346
360.56
365.044
313.319
-654321
302.224
296.669
290.293
283.886
277.721
272.083
266.115
259.912
253.826
314.737
320.146
325.25
333.256
338.378
341.973
350.04
351.617
356.816
308.913
-654321
295.186
290.669
285.523
277.912
271.649
265.698
261.05
253.566
247.974
308.355
313.132
320.265
325.105
332.505
332.514
344.807
344.328
354.172
301.781
-654321
290.812
284.198
277.964
271.967
266.473
260.72
254.314
248.996
242.205
302.12
308.62
314.301
320.276
325.564
331.503
336.534
343.428
349.874
296.266
-654321
284.858
278.674
272.392
266.403
261.018
253.029
250.082
242.087
236.192
296.887
302.096
308.147
313.321
319.261
327.031
331.481
337.361
344.077
289.549
-654321
279.08
272.809
267.571
261.504
254.459
249.227
242.194
235.832
231.366
289.88
295.785
301.622
308.437
314.383
318.588
325.845
331.513
337.502
285.041
-654321
271.723
265.492
260.116
254.889
247.578
241.14
237.149
231.876
223.699
268.838
290.88
277.508
302.047
308.402
314.457
320.334
325.446
331.92
277.725
-654321
265.518
252.473
250.319
248.81
242.968
235.971
230.312
223.605
219.304
277.272
268.448
291.021
295.455
293.241
308.093
314.527
320.701
325.469
273.644
-654321
259.314
253.569
247.839
241.981
237.647
229.743
224.679
218.036
220.489
272.564
278.939
284.962
289.832
295.593
301.986
308.297
314.353
320.467
265.937
-654321
254.549
248.639
242.311
236.619
231.36
225.136
224.608
220.518
207.395
266.856
270.463
277.257
286.194
289.688
297.569
302.741
308.847
314.437
261.353
-654321
246.737
241.666
236.514
232.925
223.646
219.285
213.07
206.581
201.854
260.679
266.306
273.029
264.413
283.884
290.611
276.298
301.868
307.884
253.703
-654321
241.307
237.045
230.61
224.761
217.543
210.812
207.699
200.981
194.902
254.817
259.639
265.543
272.223
278.001
284.185
290.437
296.166
302.23
250.129
-654321
236.951
232.232
225.329
218.173
211.698
206.924
199.935
194.107
205.223
248.918
253.788
260.051
268.685
261.572
279.496
266.667
289.771
295.757
241.335
-654321
229.721
225.256
225.491
213.5
206.262
199.562
196.134
189.64
182.251
253.68
248.362
252.843
265.071
266.644
260.178
264.91
285.037
290.616
235.336
-654321
223.317
242.854
212.215
205.487
200.537
193.973
187.825
182.264
236.195
242.095
248.577
248.218
260.302
257.135
273.044
278.415
284.795
232.893
-654321
217.576
222.373
206.276
200.26
194.318
218.576
181.988
228.12
235.298
242.096
247.24
254.762
261.052
265.058
260.435
278.208
225.271
-654321
211.268
205.869
199.426
220.459
204.423
181.659
223.814
230.547
233.982
240.04
250.077
253.188
260.52
258.778
272.984
224.212
-654321
215.058
199.311
207.703
187.615
181.689
217.789
225.79
231.743
235.154
254.063
245.768
248.935
260.263
266.257
212.173
-654321
200.096
195.037
233.621
212.074
235.566
235.163
224.306
231.333
236.547
250.438
245.767
251.228
259.96
207.037
-654321
192.651
204.749
213.509
208.584
221.281
225.384
223.024
234.046
235.057
243.156
249.245
253.203
202.296
-654321
203.913
200.206
213.393
207.762
212.722
236.149
222.081
233.416
249.143
241.058
247.259
195.657
-654321
213.204
208.849
212.355
230.337
210.708
225.468
226.649
229.509
236.874
240.678
187.7
-654321
186.433
193.675
212.102
238.154
212.609
244.013
225.21
246.66
234.755
181.42
-654321
280.423
297.828
312.965
320.476
338.227
361.175
363.953
378.437
391.556
271.148
-654321
298.832
318.877
327.009
337.739
357.588
374.36
395.004
402.879
395.747
269.293
286.587
-654321
310.082
326.508
348.19
355.161
368.325
385.468
392.556
398.475
397.926
285.996
270.068
299.866
-654321
326.54
344.482
350.276
381.26
377.951
384.945
392.187
398.342
401.953
297.971
284.51
270.13
307.803
-654321
341.202
352.307
366.135
374.158
393.243
400.062
405.21
401.68
401.662
307.58
299.656
283.59
270.585
327.078
-654321
351.491
358.889
376.643
384.372
398.213
407.46
408.521
405.227
403.659
325.258
314.106
297.495
283.474
269.163
341.52
-654321
372.894
378.036
392.938
395.008
412.08
398.302
404.201
401.861
397.982
339.151
323.473
305.747
297.252
284.631
270.18
354.036
-654321
378.032
392.315
404.779
395.221
404.743
401.994
402.385
403.283
395.735
364.189
343.445
326.466
315.908
299.531
284.654
271.15
370.096
-654321
393.202
407.749
402.88
405.666
402.952
403.77
398.363
396.591
393.826
378.576
352.802
346.889
331.9
312.378
297.024
285.443
270.116
385.348
-654321
398.269
405.211
402.192
401.031
402.069
403.613
398.087
399.002
386.249
387.094
370.82
357.52
342.108
327.794
311.359
300.863
285.69
271.171
381.59
-654321
398.168
407.703
404.29
402.53
402.648
400.476
391.367
393.27
386.732
391.951
391.534
370.847
357.959
344.402
330.756
307.974
296.462
285.31
399.229
-654321
396.917
402.395
405.497
398.676
396.812
397.199
390.462
385.162
381.7
392.357
393.219
385.37
366.812
355.497
338.308
325.823
311.985
295.091
400.915
-654321
406.847
401.514
403.22
398.882
397.645
391.91
386.42
380.84
377.446
403.836
397.146
393.25
380.872
364.776
356.149
343.528
324.138
315.395
403.41
-654321
402.037
400.559
398.261
398.302
392.151
388.102
382.178
376.332
371.063
406.214
402.244
393.849
397.347
382.645
364.941
352.374
338.36
325.522
403.793
-654321
403.051
401.951
392.953
391.625
387.904
380.257
375.877
372.33
366.852
403.342
402.934
396.803
396.058
390.396
375.844
371.158
357.897
345.165
402.031
-654321
399.555
395.914
386.086
386.082
380.277
375.342
370.518
367.869
361.313
401.992
402.784
403.527
400.561
401.67
391.324
388.909
364.397
359.136
396.445
-654321
390.504
392.921
389.181
383.942
376.115
369.568
363.91
361.308
353.843
401.234
405.089
399.9
403.075
397.986
398.731
386.851
387.82
362.075
397.644
-654321
387.162
387.579
381.22
375.91
366.926
362.39
361.15
352.885
349.99
398.44
405.16
402.549
395.413
405.441
404.542
387.321
396.561
387.817
394.987
-654321
387.355
381.78
375.631
373.145
365.269
360.735
355.272
349.228
343.305
394.82
393.706
406.132
404.931
407.168
403.401
403.141
388.891
387.409
387.555
-654321
376.815
376.217
369.749
365.56
359.236
355.319
349.017
343.881
338.068
390.122
392.178
394.484
402.595
407.749
402.795
399.077
397.581
391.222
387.455
-654321
378.432
369.826
365.942
360.71
354.259
349.202
343.867
337.062
331.523
384.582
390.875
395.482
395.885
398.118
402.776
404.564
406.16
403.809
383.455
-654321
370.259
366.08
361.564
354.703
348.551
343.498
337.603
332.153
324.918
382.418
386.218
392.416
397.157
401.31
392.06
403.299
405.748
401.567
377.689
-654321
366.421
361.524
353.885
349.362
342.12
336.861
331.782
325.481
319.807
375.229
381.068
386.406
393.392
392.494
397.465
403.691
396.906
403.635
371.61
-654321
361.974
354.76
346.99
343.1
337.623
332.017
325.678
319.966
314.302
368.217
377.879
378.195
382.272
393.914
397.872
400.546
400.284
403.1
365.999
-654321
355.437
347.173
341.251
337.801
331.693
325.762
320.06
313.469
307.469
365.271
369.262
377.155
380.476
387.305
389.422
390.352
398.869
399.93
357.898
-654321
349.236
343.671
337.666
332.072
325.845
319.819
313.2
307.539
301.444
359.923
366.758
372.849
379.144
380.057
389.14
390.299
394.969
400.756
355.688
-654321
343.822
337.583
331.474
325.868
319.812
313.323
308.12
301.477
295.267
356.049
361.215
367.112
368.41
376.579
375.763
388.89
384.932
391.701
349.698
-654321
338.462
331.605
325.983
319.838
314.427
308.078
302.968
295.442
290.131
349.49
355
359.971
366.675
371.324
375.406
384.404
382.077
392.463
343.262
-654321
331.624
325.048
320.081
314.166
307.752
302.372
295.164
289.167
283.351
343.383
348.251
354.495
356.86
366.473
368.014
376.58
377.606
383.308
337.234
-654321
325.702
319.804
313.616
307.227
301.972
296.06
289.798
284.077
277.822
337.283
343.514
346.153
350.596
359.644
365.642
372.007
374.89
380.126
330.965
-654321
319.494
313.557
307.262
301.66
295.131
289.659
284.163
277.851
271.722
329.922
337.357
342.892
349.206
352.8
361.118
366.773
372.305
374.271
325.906
-654321
313.029
307.258
301.084
295.44
290.819
283.978
277.967
272.254
265.609
325.619
332.455
337.947
342.608
347.855
353.301
360.679
366.647
370.499
320.248
-654321
307.84
300.764
295.528
290.143
282.712
278.013
271.567
265.946
259.865
319.707
325.908
331.275
337.708
340.492
349.273
348.593
361.432
365.935
312.524
-654321
301.452
295.793
290.588
283.884
277.219
271.89
266.451
259.186
253.207
314.4
318.787
325.04
330.892
337.937
343.605
347.848
356.686
358.395
308.672
-654321
294.581
288.599
283.687
278.158
270.322
266.688
260.26
252.406
248.028
283.746
313.16
292.353
325.61
332.717
332.552
344.491
349.231
353.498
302.622
-654321
290.189
283.367
277.372
273.461
265.581
252.926
253.957
248.158
240.939
301.889
305.552
312.725
320.072
326.295
332.004
337.324
307.778
347.316
296.431
-654321
284.638
276.973
271.171
265.763
259.086
254.201
247.328
241.406
235.451
294.792
300.747
308.028
313.846
318.972
326.566
331.98
337.44
343.346
290
-654321
277.325
272.346
265.202
259.614
252.89
247.33
241.169
236.818
230.435
289.299
295.678
301.828
306.721
313.413
320.066
326.057
331.985
337.63
282.74
-654321
259.475
265
258.978
254.401
248.284
242.046
236.029
228.885
223.804
285.221
288.886
295.504
302.421
307.196
313.426
318.576
325.511
331.664
278.14
-654321
265.723
259.113
253.236
256.885
240.128
235.716
228.471
223.239
216.203
277.572
282.687
285.079
295.627
281.124
284.993
314.007
321.071
325.589
271.62
-654321
264.654
247.507
247.17
241.601
234.733
228.863
241.368
218.573
219.768
270.887
277.864
284.325
289.957
295.147
302.826
283.923
313.922
291.95
256.618
-654321
254.391
245.063
240.407
236.179
230.029
223.571
219.783
220.721
264.734
273.705
279.089
282.656
272.921
277.782
300.347
306.515
313.792
264.13
-654321
248.775
241.224
234.388
245.007
223.021
217.425
212.019
259.525
265.658
272.602
265.067
282.698
289.242
296.461
302.27
307.497
253.408
-654321
242.145
237.231
229.572
240.603
218.047
211.399
253.85
264.122
256.893
271.443
278.797
283.156
289.073
276.813
301.273
246.614
-654321
236.669
232.445
222.172
223.805
218.587
248.388
252.821
258.532
256.201
260.801
277.765
283.725
290.587
295.211
239.879
-654321
229.607
228.411
218.061
211.455
241.9
256.321
253.161
260.572
265.197
271.064
278.165
283.546
289.581
235.301
-654321
228.754
217.744
211.217
236.468
240.624
256.506
247.765
252.559
256.898
271.811
276.326
284.609
231.61
-654321
236.528
210.512
230.947
247.841
242.025
244.558
254.221
259.376
265.003
270.913
277.5
221.496
-654321
213.087
221.913
229.685
235.423
239.274
252.969
258.543
260.405
268.559
270.735
217.98
-654321
216.822
222.067
232.842
235.849
241.82
242.321
248.69
252.379
265.477
211.019
-654321
274.01
310.327
284.078
308.94
314.792
320.857
333.267
336.126
350.2
266.67
-654321
284.815
294.91
300.646
315.349
324.534
334.279
345.727
350.505
351.311
266.283
273.554
-654321
293.353
306.139
313.479
330.69
333.015
336.736
340.253
355.058
361.277
275.185
266.073
285.524
-654321
306.32
310.337
323.782
338.805
331.315
336.944
356.79
363.117
359.605
284.22
275.025
266.402
292.466
-654321
307.066
323.053
330.89
342.502
355.558
348.335
358.236
363.15
361.214
293.177
284.091
277.171
265.425
305.002
-654321
318.259
331.573
342.88
348.568
354.827
355.338
362.482
360.951
365.34
307.509
290.712
284.825
274.961
265.752
313.458
-654321
331.638
338.861
349.645
358.564
360.22
367.978
363.191
361.671
362.18
314.102
304.868
294.457
285.334
275.382
265.027
319.336
-654321
340.777
346.656
352.855
354.979
361.034
364.225
366.157
365.688
361.31
320.744
310.419
306.383
292.681
282.54
275.136
266.128
326.791
-654321
352.018
354.299
359.892
359.995
362.917
362.403
364.037
364.95
363.826
333.788
318.232
312.36
301.133
293.789
283.133
274.134
265.048
340.497
-654321
362.316
356.172
352.17
363.608
363.897
358.395
365.199
361.892
357.448
344.887
330.204
318.917
313.731
306.307
293.745
285.93
273.418
266.347
351.144
-654321
357.441
365.793
362.451
362.781
361.266
364.13
363.382
357.123
356.466
347.7
341.781
327.929
321.345
310.738
299.171
296.236
283.438
273.945
357.854
-654321
359.649
359.667
362.648
366.233
364.872
357.576
359.132
355.73
351.829
352.258
348.575
342.98
337.243
321.453
311.709
296.588
293.316
284.847
364.174
-654321
365.312
363.675
362.718
358.72
361.886
361.354
357.983
354.413
349.337
360.296
357.64
353.109
337.982
327.599
325.039
308.936
303.775
293.094
360.912
-654321
366.18
364.378
360.528
361.497
360.915
356.31
354.382
350.498
345.462
359.543
362.161
356.633
353.612
342.354
334.318
320.362
312.05
301.96
359.693
-654321
383.5
362.695
361.491
360.037
367.17
353.575
349.058
347.522
343.095
364.861
364.427
359.643
348.235
351.253
344.125
334.138
320.198
313.789
364.726
-654321
363.501
361.871
358.579
357.737
352.564
349.737
348.009
344.318
340.476
364.77
360.398
364.21
358.163
352.604
351.281
342.366
332.814
315.862
364.671
-654321
360.588
357.605
357.207
352.818
352.44
346.877
343.89
340.178
336.452
364.802
381.278
364.688
355.03
358.542
358.123
347.732
339.648
332.698
362.695
-654321
361.725
355.95
353.734
348.532
347.063
344.621
340.869
337.041
333.509
364.884
363.168
366.507
364.095
359.146
356.021
351.357
353.426
339.856
358.214
-654321
359.535
350.846
348.639
345.949
343.856
340.476
336.573
332.159
329.999
360.507
362.275
363.797
361.229
360.523
362.222
363.509
354.332
347.985
360.412
-654321
351.956
350.379
346.692
345.08
341.045
334.931
333.634
329.825
326.155
359.723
362.064
361.569
365.487
361.596
365.754
356.351
363.186
354.05
357.442
-654321
349.312
348.034
345.227
340.427
337.713
333.586
329.728
325.744
322.254
356.167
358.481
360.176
360.607
363.209
363.801
360.582
355.316
359.568
352.01
-654321
345.937
342.967
340.44
337.615
333.587
328.974
325.456
321.605
318.005
355.247
358.261
357.804
362.92
365.163
363.044
367.072
358.58
361.434
350.319
-654321
343.086
338.932
337.046
332.923
329.792
326.076
321.837
317.787
313.92
349.504
350.487
358.744
355.441
359.313
359.681
362.755
356.466
362.164
346.978
-654321
340.851
336.265
332.796
329.382
325.422
322.233
318.521
314.065
310.222
348.074
347.976
351.834
352.678
357.518
363.876
362.898
365.846
363.11
343.983
-654321
337.047
332.024
329.213
324.77
322.264
317.978
314.144
310.181
306.421
343.818
347.152
349.561
354.337
357.9
353.527
357.273
361.738
364.257
340.082
-654321
331.094
329.986
326.161
322.012
317.978
314.333
310.186
305.976
302.514
339.678
344.656
348.275
352.401
354.43
357.936
362.349
361.916
362.539
337.146
-654321
329.65
325.801
321.995
317.97
314.332
310.599
306.647
302.596
298.397
337.221
340.707
344.803
345.652
349.702
354.241
352.735
357.022
361.379
332.909
-654321
326.108
322.194
317.598
313.906
310.333
306.329
302.293
298.451
294.587
333.514
336.627
340.192
345.16
346.227
352.199
355.422
355.471
359.426
329.724
-654321
322.444
318.004
313.749
310.256
306.26
302.302
298.443
295.038
290.839
329.938
333.828
337.236
340.756
344.881
348.45
351.463
348.574
357.419
325.779
-654321
317.294
314.134
310.093
306.353
302.471
298.289
294.24
290.423
286.288
325.942
329.355
333.771
335.502
339.079
344.573
347.889
348.69
355.042
322.239
-654321
314.5
310.591
306.06
302.237
297.916
295.045
289.975
286.109
281.944
321.512
326.587
329.158
333.873
335.441
341.201
344.813
347.819
351.032
318.168
-654321
310.624
306.668
302.667
298.994
294.092
291.012
286.396
282.229
277.869
318.56
321.73
325.73
329.746
333.176
337.039
342.052
344.062
347.666
313.955
-654321
306.209
302.617
297.787
293.686
290.512
286.315
282.157
277.669
274.282
314.54
318.479
322.545
325.711
330.012
333.762
337.84
338.189
343.692
309.512
-654321
302.575
298.057
294.477
290.146
286.256
282.222
278.584
274.299
270.521
310.195
314.556
318.558
322.263
325.657
329.295
334.235
336.669
340.659
305.637
-654321
298.862
293.977
290.806
286.612
282.247
279.151
274.325
270.414
266.385
305.93
309.742
313.941
317.903
321.494
326.231
329.197
333.497
336.291
302.911
-654321
294.515
291.03
286.374
282.686
278.434
274.774
270.009
265.76
262.622
302.325
306.414
310.226
314.249
318.223
321.772
325.755
328.746
332.58
298.719
-654321
290.67
286.727
282.585
277.563
274.179
271.038
266.185
261.252
257.871
298.104
301.986
307.034
309.491
314.292
318.253
321.103
326.296
329.582
294.533
-654321
286.652
282.299
279.009
275.219
270.429
265.815
263.528
257.837
254.549
293.667
298.965
302.241
305.94
309.146
314.246
317.457
321.919
325.63
290.22
-654321
282.407
278.327
274.438
270.147
266.146
262.878
258.456
259.619
251.056
289.36
294.498
298.602
302.492
305.9
293.506
314.247
318.139
322.124
285.656
-654321
278.7
274.985
270.172
267.004
262.905
258.669
254.519
250.675
245.896
286.553
290.995
294.976
298.272
302.821
306.554
311.192
288.276
318.262
282.262
-654321
274.936
270.34
265.362
263.207
258.841
254.718
250.334
256.33
253.863
282.131
286.548
290.641
294.17
298.53
283.061
306.496
309.954
314.404
278.217
-654321
270.967
265.948
262.106
258.08
253.858
250.051
246.36
241.94
270.928
282.684
275.352
290.9
279.759
297.997
302.302
306.259
310.357
275.084
-654321
266.563
262.501
259.54
254.423
257.629
245.913
242.759
273.729
270.782
283.035
285.696
289.799
293.64
298.027
302.436
306.55
270.181
-654321
262.129
258.935
254.018
249.374
246.351
241.357
271.326
274.223
279.359
282.297
285.755
289.947
295.111
298.791
302.33
266.656
-654321
258.62
253.981
251.248
246.848
241.851
265.71
270.138
274.511
278.157
281.83
286.91
288.877
294.838
298.402
261.52
-654321
253.425
250.419
246.227
243.256
262.032
266.801
271.008
269.409
279.498
273.341
275.32
290.138
294.592
257.531
-654321
250.371
245.695
242.576
257.534
263.02
265.886
270.496
273.926
278.366
283.345
287.279
290.642
253.371
-654321
247.554
242.013
254.437
258.689
261.65
266.375
267.919
274.302
271.837
282.982
285.933
250.338
-654321
242.507
250.557
254.393
259.207
263.022
265.893
267.235
275.169
278.313
282.278
246.963
-654321
246.443
257.545
254.187
259.111
262.705
265.058
271.108
274.313
278.234
241.864
-654321
