145.917
153.108
134.798
130.933
126.871
122.778
118.767
114.777
140.804
142.771
-654321
139.102
135.382
131.141
127.325
123.308
119.711
115.13
141.494
107.19
144.012
142.755
-654321
135.264
131.141
126.896
123.353
153.161
115.038
111.546
107.121
103.063
142.473
143.496
139.043
-654321
130.909
127.042
122.985
118.834
114.912
110.832
106.865
103.054
98.9874
138.69
164.306
142.71
135.142
-654321
127.139
122.99
118.902
115.249
111.084
107.066
103.161
99.0594
117.076
134.822
138.614
142.924
142.977
130.973
-654321
122.856
118.909
114.657
140.827
107.202
102.948
98.9036
95.1949
91.1385
130.866
135.199
138.622
141.736
145.593
127.124
-654321
119.057
115.117
111.033
106.954
102.969
99.2166
95.0764
91.1134
87.088
127.388
131.109
134.957
138.593
142.202
150.139
122.776
-654321
115.045
111.105
106.896
102.757
98.8284
94.8125
90.9117
86.9617
83.0033
122.931
127.191
130.873
134.874
138.737
142.914
142.626
150.574
-654321
135.044
106.576
103.164
99.0807
94.9846
105.107
87.0381
82.883
78.9714
118.934
122.887
126.73
131.117
134.919
138.539
142.859
142.899
114.99
-654321
106.858
102.808
99.1906
94.972
90.962
87.3775
83.185
79.1387
75.0958
115.031
119.142
123.04
127.19
131.056
134.937
138.734
142.31
142.783
110.955
-654321
103.209
99.0072
94.8528
91.0775
87.2038
83.124
79.0402
75.2358
71.3381
111.025
141.214
119.101
123.271
127.152
130.76
134.752
139.05
142.35
106.937
-654321
99.0965
95.1189
90.5623
87.0237
83.3798
78.8608
75.3156
71.1477
66.8173
106.972
111.026
114.822
153.258
123.118
126.96
130.95
134.949
154.593
103.246
-654321
94.8311
90.895
87.4952
82.7682
79.0316
74.8937
71.0351
66.8334
63.2731
102.953
107.128
111.476
114.997
119.131
122.906
126.709
130.714
134.974
99.0408
-654321
90.7559
87.16
82.9046
92.9346
75.177
70.9009
66.6456
68.7358
62.8473
98.6137
102.905
106.988
111.225
114.93
119.056
122.931
127.249
130.983
95.2974
-654321
87.0153
83.4093
79.0039
74.7276
70.6792
67.1354
62.9617
59.0303
54.6258
95.3042
99.0748
102.901
106.546
110.879
114.648
119.437
122.928
157.213
91.0513
-654321
82.6531
78.9701
75.0139
71.237
66.8541
62.8856
58.7911
55.0102
51.1209
91.3777
95.2494
98.5225
103.08
106.846
111.497
114.615
118.659
123.161
86.8836
-654321
79.0874
74.962
70.6972
67.3052
63.2021
58.9368
55.0882
51.1229
46.4787
86.826
91.3792
94.8801
99.1915
102.91
106.796
110.797
114.935
119.17
83.0006
-654321
75.247
71.2651
66.7838
63.2379
59.0368
55.2179
51.1812
47.111
42.9632
83.1761
86.7105
91.1882
95.2341
98.6247
102.553
107.358
110.76
115.059
78.8932
-654321
71.153
67.4066
63.1058
58.6288
54.7803
50.516
46.7436
42.8434
38.7853
78.58
83.483
86.3754
90.7295
94.9639
123.031
103.107
107.024
111.079
75.1508
-654321
67.3303
63.141
58.703
55.2175
51.2469
47.1763
43.0062
39.3739
35.1761
74.6655
78.7052
83.0262
87.088
91.6298
95.5268
98.6681
103.14
106.946
71.2279
-654321
63.3615
59.1345
55.4115
51.8332
47.0819
42.8507
38.8329
35.6314
31.4364
71.1917
75.0993
78.8291
82.707
87.3164
91.052
94.8989
98.8675
102.978
67.0512
-654321
58.2396
56.9944
50.7109
47.1664
42.8913
39.2767
34.3225
31.3874
67.2815
71.6585
75.4506
79.1385
83.1681
87.1719
91.7102
95.5912
99.1803
62.9458
-654321
54.8037
50.4664
47.1989
42.9892
39.1345
35.2082
31.2217
63.5088
66.534
70.7752
74.6279
78.8765
82.7712
87.0236
91.6053
95.1472
58.6982
-654321
50.2313
47.1685
43.6996
84.1915
35.4889
31.2625
59.019
62.9318
67.4953
71.4308
75.1398
79.0709
83.1866
86.8832
90.9022
54.4967
-654321
46.6082
43.9308
39.1472
34.9578
31.5087
55.0849
58.9671
63.124
67.1554
71.5115
75.6188
78.6607
82.9046
104.839
51.1113
-654321
43.2874
38.7467
34.746
30.7631
50.6531
54.811
58.3886
63.0944
66.8425
70.8289
74.9188
79.3768
83.0085
47.1653
-654321
38.9736
35.0923
30.8012
46.6264
51.1594
55.1547
59.6489
63.5105
66.97
71.0268
75.2465
79.1244
42.9472
-654321
34.7878
31.1618
42.7382
46.6279
50.4175
55.1703
59.6128
62.6551
67.2212
70.98
74.9
39.4704
-654321
31.2073
38.5927
42.4597
46.6953
51.2053
55.4096
59.2041
63.4585
67.2213
70.9826
35.1143
-654321
34.6253
39.0034
43.078
47.7088
51.3698
54.9016
58.2992
63.4015
67.5457
31.4198
-654321
159.464
160.106
156.34
150.343
144.613
139.239
133.436
127.041
121.174
151.628
-654321
160.277
155.808
151.368
145.688
139.783
133.828
127.511
121.989
115.676
151.313
160.116
-654321
156.883
151.618
145.627
140.07
133.703
127.75
121.924
115.6
109.826
159.51
151.316
160.393
-654321
151.339
146.281
140.085
134.39
128.345
122.426
116.027
110.554
104.286
161.222
160.068
152.087
157.261
-654321
145.549
139.884
133.765
127.641
121.878
115.978
109.95
103.863
97.7688
156.959
160.113
159.331
150.675
151.733
-654321
139.751
133.888
128.103
121.827
116.518
110.152
104.052
98.0203
91.8513
151.039
156.838
160.165
157.675
152.091
145.257
-654321
133.749
127.923
121.786
115.982
109.616
103.571
97.908
91.5462
86.1661
145.472
151.238
156.777
159.469
159.846
150.879
140.094
-654321
127.896
121.684
115.33
109.232
104
97.6924
91.3468
85.9241
79.8351
139.883
145.746
151.8
156.238
160.603
159.84
152.048
134.385
-654321
122.155
115.922
109.817
103.835
97.7758
92.6624
86.0875
79.774
74.0263
133.678
139.925
145.599
152.039
157.259
160.252
158.976
152.022
127.805
-654321
115.666
109.733
103.979
97.8175
91.7464
86.2621
79.945
74.2748
67.8296
127.573
133.251
140.366
145.534
152.202
156.945
161.204
159.528
150.72
121.778
-654321
110.133
103.79
97.8433
91.7802
86.226
79.6944
74.6041
67.8325
62.4166
121.857
127.844
134.272
139.785
145.923
151.635
157.676
160.056
160.197
115.988
-654321
103.853
98.1614
91.8234
85.9635
79.6915
73.5908
68.0514
61.512
56.2501
115.81
122.131
127.957
133.951
139.979
145.4
150.498
155.527
160.572
109.836
-654321
98.2509
91.8757
86.0237
79.433
73.8071
67.5771
62.0431
55.716
49.5764
110.023
115.649
121.86
128.151
133.867
139.614
145.763
150.779
156.89
103.862
-654321
92.0895
86.0871
79.5583
73.8616
67.773
62.15
56.0308
49.7625
44.0131
103.93
109.865
116.418
121.464
127.782
133.927
140.108
144.93
151.29
98.0512
-654321
86.1707
79.6603
73.4786
67.6819
61.8193
56.4007
49.8496
43.8018
38.0636
98.0611
103.569
109.508
115.64
122.163
128.061
133.868
139.977
145.748
91.5053
-654321
79.8871
73.9725
67.9841
61.0362
55.4635
49.6804
43.9658
38.6182
32.369
92.488
97.6238
104.062
109.238
116.081
122.458
128.306
133.878
139.714
86.2475
-654321
74.1462
67.8393
62.4889
55.7541
49.6063
44.2237
38.4736
32.1864
26.1526
85.9839
92.1102
97.949
103.363
110.333
115.887
122.047
128.311
133.816
80.1313
-654321
67.3825
61.2155
56.3654
49.9634
43.4459
37.3575
31.7966
25.7639
19.7942
79.627
86.2123
92.0863
97.1016
103.659
109.535
116.053
121.43
127.911
74.0015
-654321
61.7537
56.0092
49.5351
43.7815
37.4591
32.4198
25.5264
19.6271
14.0198
74.3625
79.8191
85.9863
92.0849
97.5754
104.456
110.375
115.261
122.044
67.1128
-654321
55.9844
49.4996
44.4683
37.309
32.1589
25.9089
19.3471
13.2585
7.84414
67.5817
73.5818
80.1586
86.4517
92.2986
97.4434
103.814
109.304
115.768
61.3168
-654321
49.2361
44.2221
37.7968
31.7249
25.6789
19.4412
13.8471
8.19114
2.07186
62.2071
68.096
73.4763
80.7903
85.5232
92.6873
97.8523
103.708
109.752
56.5236
-654321
43.7848
38.0095
31.8972
25.7691
20.1318
13.94
9.3339
1.16832
55.6126
61.3227
67.9277
73.5805
79.3607
85.528
91.9953
98.2701
103.535
49.5939
-654321
38.5295
32.1508
25.2753
20.0573
13.8555
7.07164
1.61572
50.0583
55.8806
62.1417
67.4258
74.2608
80.5375
85.2583
92.541
97.9624
43.7577
-654321
32.0053
25.5759
19.9872
14.0419
8.45977
1.75399
43.823
49.6497
56.014
61.4462
68.3064
74.2119
80.3238
85.4254
92.0769
37.6024
-654321
26.0295
19.2562
13.5695
7.74682
2.20671
38.21
43.4411
49.3349
55.9229
62.4901
68.9711
73.5071
80.7043
85.8745
31.7594
-654321
20.113
13.9976
7.76539
1.75842
31.6824
37.3951
44.2584
49.9593
55.6834
61.2603
68.1083
73.4354
79.7326
26.8978
-654321
49.5089
7.62632
2.53847
25.8796
31.0082
37.8083
44.726
50.4335
56.495
61.8436
67.6944
74.1358
19.2985
-654321
7.22579
1.47647
19.433
25.6084
31.334
38.144
44.0879
48.9761
55.7993
61.7541
67.9068
14.5387
-654321
1.55547
13.2974
20.2751
25.7483
32.2946
37.3834
44.2548
49.2651
55.6006
61.8196
7.53392
-654321
7.16779
12.9733
19.9596
25.5318
73.3899
64.2657
69.4439
50.0467
55.539
0
-654321
166.329
177.125
178.245
179.265
174.467
170.297
164.18
158.693
153.221
151.655
-654321
174.408
178.495
178.493
173.654
169.809
163.313
157.5
151.642
146.659
151.025
165.156
-654321
179.373
178.383
173.188
169.312
163.18
158.376
152.399
145.958
140.549
165.085
149.889
175.318
-654321
177.257
174.411
169.526
164.573
158.625
152.796
146.656
140.934
134.92
174.867
163.486
151.525
179.453
-654321
175.2
168.742
163.644
159.275
152.807
146.695
140.981
134.601
128.666
179.292
174.615
163.066
151.219
177.896
-654321
168.606
163.433
158.089
153.059
147.17
140.866
134.967
129.065
122.53
178.82
179.237
174.954
165.23
152.317
176.202
-654321
163.301
158.462
153.008
146.961
141.192
134.71
129.03
122.461
116.708
173.985
174.867
178.213
175.633
164.372
151.817
168.82
-654321
158.323
152.367
146.398
140.506
134.82
127.897
123.243
116.942
110.464
169.491
174.313
178.786
178.84
173.039
167.75
151.258
163.572
-654321
152.45
146.706
140.262
135.086
129.091
122.249
116.616
110.376
105.032
163.803
169.508
173.637
177.702
178.66
175.973
167.127
150.832
158.27
-654321
146.499
140.643
134.904
128.2
122.922
116.37
110.911
104.63
98.7527
158.6
164.838
169.53
175.171
180.059
178.837
175.183
163.837
152.312
152.329
-654321
140.797
134.707
128.235
122.725
116.438
110.866
104.113
98.3315
93.1034
152.278
158.829
164.324
168.965
175.217
179.005
179.452
174.349
165.397
146.788
-654321
134.679
129.055
122.778
117.202
110.202
105.035
99.0613
91.6798
86.4079
146.194
152.167
158.613
162.361
171.02
174.46
176.758
178.967
177.201
140.9
-654321
128.908
122.391
117.005
111.025
105.327
98.6904
92.616
86.4087
80.2937
140.462
146.547
152.604
158.2
164.512
169.738
176.261
177.046
179.157
134.58
-654321
122.715
116.649
109.821
104.489
98.0886
92.8634
86.4881
80.8516
74.6013
135.466
140.854
146.511
152.159
158.984
163.87
168.007
175.108
178.765
127.755
-654321
117.005
110.854
104.42
99.5184
92.7533
87.3765
80.3966
74.4077
67.8857
128.636
133.909
140.494
147.028
152.7
158.229
163.718
169.264
175.395
123.017
-654321
109.914
105.355
98.3123
92.6808
86.5064
80.6754
74.8887
68.9293
62.8525
123.167
128.329
134.678
140.925
146.952
152.679
158.82
162.324
169.833
116.61
-654321
104.926
98.356
92.5588
87.2576
80.8177
74.8134
68.3923
63.1287
55.8639
117.045
122.342
128.243
135.046
141.109
146.267
152.712
158.882
164.533
111.639
-654321
97.8017
92.6541
85.8859
81.2997
74.5997
68.6624
62.3823
55.856
50.5109
109.859
116.916
122.612
128.599
134.912
140.008
146.072
153.237
158.496
104.151
-654321
93.4276
86.2896
81.1056
74.1138
68.9066
63.2608
55.3834
51.2837
44.4202
103.57
110.889
116.137
122.42
128.454
134.401
140.325
147.124
152.593
98.1451
-654321
85.6081
80.9444
75.2335
68.6976
62.3986
56.245
50.1546
44.3706
38.1395
98.3918
104.03
110.669
116.544
122.768
128.264
134.899
140.657
146.54
93.1736
-654321
80.2657
75.8958
68.8899
62.342
55.2466
49.9742
44.1447
38.7696
32.93
92.444
98.5359
104.352
109.836
117.511
122.09
128.964
134.821
140.498
86.1015
-654321
74.6599
68.2359
63.0871
56.4531
49.7723
44.5526
38.84
32.5824
87.0668
92.7263
98.4162
105.025
111.007
117.815
122.631
128.67
134.209
81.5669
-654321
69.4335
62.531
55.6326
51.0562
43.7613
39.4334
32.4273
79.6965
86.3775
94.0991
98.6379
104.464
110.788
116.379
122.883
129.138
73.4769
-654321
62.4497
56.8953
50.6082
44.4761
38.354
32.161
74.5354
80.2841
85.7857
92.3007
98.465
104.571
110.951
117.347
122.615
70.2928
-654321
56.8819
50.9027
44.3623
38.166
33.1141
67.3891
74.5814
80.9456
88.0028
92.3143
97.7952
105.288
110.964
116.294
61.5666
-654321
50.5457
45.0858
39.5361
33.4253
62.9377
67.5359
75.1682
80.7255
86.5102
92.3798
98.201
104.176
110.001
57.6835
-654321
45.0762
38.1205
31.156
56.1141
62.7956
69.6882
75.1476
80.2823
85.9624
91.9776
99.1738
105.751
50.3569
-654321
38.6238
33.5062
50.5433
57.3113
62.545
68.6674
74.2244
80.013
86.8144
93.0765
98.9008
43.4906
-654321
33.2206
45.2428
50.4166
56.6594
80.7498
68.3448
74.1175
80.7831
87.4997
92.5604
37.9457
-654321
38.05
45.8535
50.905
57.8087
62.2163
68.2331
73.8171
81.0926
86.8415
31.1132
-654321
164.193
179.672
187.662
195.084
197.665
194.359
191.251
186.029
179.899
151.666
-654321
181.185
189.527
192.491
193.763
193.834
192.306
185.549
180.77
175.283
151.195
164.018
-654321
188.07
195.252
195.772
195.788
191.211
186.236
179.513
175.513
169.414
164.375
152.122
179.709
-654321
194.295
196.603
193.117
191.368
185.383
180.533
173.628
168.132
163.68
176.763
163.304
151.789
195.214
-654321
196.083
194.34
191.296
186.097
180.389
174.654
169.627
163.323
157.586
188.949
178.688
165.583
151.087
195.552
-654321
193.922
189.936
185.273
180.815
175.188
169.48
163.548
157.292
151.146
196.974
192.363
181.813
164.896
151.951
195.744
-654321
190.26
186.285
179.85
174.785
170.087
163.519
157.054
151.295
145.196
195.375
194.751
189.276
177.3
163.866
151.76
193.012
-654321
186.594
179.974
175.535
169.575
163.664
158.326
151.8
146.017
139.639
192.915
196.967
193.534
186.776
177.079
166.558
151.906
191.096
-654321
179.75
175.779
169.115
163.812
157.189
151.202
144.889
138.981
133.386
190.168
193.797
197.662
193.659
186.155
182.281
165.882
152.058
185.614
-654321
174.211
168.192
163.699
157.29
151.473
145.423
139.833
133.158
128.172
187.272
190.677
195.867
195.333
194.346
179.547
183.713
166.026
152.105
181.376
-654321
169.954
163.094
157.725
151.56
145.202
138.971
133.775
127.307
121.441
180.831
187.113
192.303
194.52
195.584
194.588
191.272
181.204
166.076
175.109
-654321
163.656
157.204
151.793
146.109
138.952
133.582
127.23
121.262
116.006
174.704
181.003
186.604
191.358
193.083
197.65
193.882
192.162
180.909
168.961
-654321
157.547
151.537
145.514
139.634
132.913
127.084
120.994
115.81
110.325
169.707
174.983
179.929
186.663
192.264
192.798
195.378
200.002
194.631
163.437
-654321
151.898
146.032
139.024
133.033
127.399
121.353
115.589
109.839
103.27
163.321
169.716
175.384
179.986
186.468
191.523
194.424
196.433
191.993
156.62
-654321
145.289
139.509
133.378
127.179
121.07
115.99
108.793
103.967
98.1361
157.931
162.966
168.801
175.469
180.163
183.262
188.689
190.42
196.132
151.407
-654321
138.815
133.402
128.21
121.669
115.405
110.455
102.802
97.6729
90.9029
151.057
157.075
163.973
169.733
175.745
180.005
186.829
188.394
194.975
145.07
-654321
134.317
127.658
120.972
115.55
108.68
104.164
97.809
91.1007
84.7666
145.176
150.76
157.702
162.872
168.731
175.152
180.829
185.805
189.286
140.432
-654321
126.714
121.773
116.1
109.828
103.715
96.7461
90.9964
85.5979
78.9776
138.675
145.455
150.841
157.859
163.476
170.016
174.772
181.684
185.567
133.101
-654321
120.981
114.726
109.146
103.269
96.9468
91.3033
86.2537
79.8067
72.6058
133.467
139.799
145.636
150.729
157.811
163.786
166.404
175.271
180.864
126.969
-654321
116.784
109.02
103.337
96.4612
90.1958
84.7928
78.8867
73.6617
67.4403
126.52
134.04
139.482
145.148
151.992
157.277
160.953
169.408
175.106
121.857
-654321
109.651
102.848
96.5331
91.6984
85.4361
79.8188
72.4541
66.9455
60.6094
121.665
126.703
133.156
139.328
144.853
151.509
157.509
163.359
169.255
116.009
-654321
103.792
97.2964
90.0828
84.7814
79.5417
73.3213
67.5257
60.4804
114.839
120.814
127.542
132.949
139.68
144.743
151.584
156.862
162.93
109.231
-654321
97.1625
90.0096
86.7908
92.3296
73.1145
66.9122
61.0955
109.285
115.113
120.938
127.245
133.034
138.315
145.568
150.884
157.306
103.09
-654321
92.0574
85.6256
80.4108
73.0363
67.7683
61.3616
102.758
108.478
116.02
120.05
127.995
132.022
139.86
145.616
151.606
98.1036
-654321
85.2755
80.8139
73.9117
68.459
61.4965
98.1093
103.938
109.724
115.074
122.588
125.143
133.398
138.993
145.26
91.2422
-654321
79.6685
87.572
67.6888
61.2596
90.6005
97.297
103.039
110.358
116.48
121.494
127.914
133.849
139.17
86.4514
-654321
88.2287
67.8976
60.4406
85.5553
92.0891
96.9167
103.486
109.025
129.061
121.55
127.968
133.75
78.8948
-654321
67.4463
61.296
78.5373
85.6389
91.0441
97.4189
101.824
109.506
114.681
122.353
127.584
73.9839
-654321
60.9289
73.6915
78.9427
96.0833
92.2071
97.8847
103.63
109.743
115.093
121.143
66.7251
-654321
66.5201
73.1343
80.6281
86.0123
91.7511
97.791
104.545
108.748
114.507
61.5326
-654321
165.121
178.926
190.674
200.526
215.311
215.722
215.999
213.507
208.32
151.564
-654321
176.119
191.472
205.723
209.529
217.639
215.052
212.435
212.124
204.307
151.664
164.293
-654321
197.642
205.243
211.507
216.646
213.816
212.005
207.657
204.954
199.114
163.646
150.907
180.607
-654321
205.886
211.277
212.747
215.518
215.61
208.718
202.35
200.438
193.936
180.346
168.06
150.058
190.466
-654321
210.085
216.622
214.824
211.943
208.922
204.399
200.303
194.885
189.057
191.163
179.189
164.651
151.398
209.037
-654321
216.064
211.942
213.022
211.663
204.515
200.181
195.114
189.477
182.008
203.296
194.643
176.961
164.893
151.077
211.459
-654321
214.159
212.125
210.235
203.874
199.907
193.262
188.593
182.611
177.528
207.287
202.154
194.248
178.289
164.697
151.727
214.038
-654321
212.13
206.711
204.831
200.058
194.911
189.02
183.618
177.566
171.044
217.358
213.288
203.245
196.512
179.153
165.707
151.09
213.923
-654321
207.093
204.823
200.619
193.979
189.08
183.241
177.306
171.78
165.385
214.197
213.83
208.962
206.955
194.836
179.215
163.785
150.521
214.262
-654321
204.369
199.948
194.918
189.021
183.865
177.769
171.141
165.576
159.186
213.846
213.224
215.101
212.508
198.903
198.456
182.979
166.414
151.434
210.217
-654321
199.679
194.343
189.16
183.011
177.711
171.964
165.859
159.804
153.509
210.956
210.192
216.709
216.381
214.948
214.283
188.578
177.747
162.322
205.337
-654321
194.219
188.277
183.177
177.878
171.383
165.745
159.452
152.945
147.807
206.567
205.506
216.801
215.499
212.612
214.486
203.881
190.868
182.588
197.412
-654321
188.92
183.519
177.046
171.612
166.299
160.402
154.14
148.624
142.217
195.862
200.569
209.335
215.03
213.767
212.299
209.16
205.696
194.386
194.574
-654321
183.424
177.692
171.182
165.431
159.309
154.377
147.485
141.941
135.864
193.681
198.79
205.991
209.604
212.932
214.775
212.929
209.473
208.337
188.022
-654321
177.872
170.887
164.921
159.668
153.144
147.436
141.709
135.421
130.359
188.985
192.643
198.225
206.099
207.087
213.447
215.28
214.019
210.57
183.303
-654321
171.831
165.647
159.252
154.47
148.001
141.95
136.143
129.99
123.617
183.193
189.27
194.696
200.667
206.489
210.072
213.676
213.548
213.339
177.647
-654321
165.775
159.352
152.74
147.525
141.393
135.782
130.031
123.354
117.563
176.865
182.864
189.457
193.669
200.618
204.164
209.028
210.984
214.622
170.637
-654321
159.531
154.118
147.308
142.574
135.67
128.905
122.668
117.474
111.369
171.109
177.513
182.903
188.802
195.002
199.208
206.185
206.396
212.061
165.419
-654321
153.292
146.617
141.082
136.089
129.605
123.084
117.3
111.45
106.17
165.598
171.527
177.423
184.172
188.524
195.32
200.225
205.345
207.46
158.938
-654321
146.961
142.043
135.851
129.117
123.429
117.361
112.006
106.314
99.2211
158.765
165.479
171.432
177.695
184.242
190.222
194.612
195.76
204.577
153.307
-654321
141.915
135.35
129.751
123.318
117.119
110.387
105.733
99.7466
94.0522
153.419
159.451
165.333
171.133
176.149
183.389
189.796
194.869
200.155
147.898
-654321
135.344
128.588
121.651
117.914
110.806
105.22
98.9246
92.9733
147.688
152.556
160.044
165.576
171.23
177.034
183.551
188.501
191.977
141.525
-654321
128.731
122.822
117.301
111.799
105.251
99.3703
93.7375
140.877
148.22
154.066
159.52
165.613
171.018
178.572
183.866
189.217
135.645
-654321
124.617
117.541
111.301
106.089
98.5237
93.4136
136.078
140.838
148.055
153.535
160.63
164.964
170.382
177.156
183.098
129.23
-654321
117.925
110.554
105.288
99.5275
93.5972
128.072
136.478
142.054
147.885
152.842
160.492
165.667
172.023
177.418
122.478
-654321
111.922
105.088
99.4787
93.4318
123.939
129.837
136.046
141.718
146.971
152.761
158.569
165.793
170.848
116.678
-654321
105.681
100.153
92.4751
117.205
125.168
130.164
135.141
141.394
148.146
153.261
159.626
165.277
111.405
-654321
98.9085
94.1568
110.53
117.063
122.767
129.087
135.055
141.555
146.378
153.229
159.304
104.154
-654321
94.2556
104.07
111.477
116.759
123.764
129.821
135.809
142.295
148.499
153.545
100.062
-654321
98.63
104.057
112.841
116.756
122.964
128.672
134.278
141.814
147.353
92.2118
-654321
166.516
180.799
195.243
206.777
222.325
226.261
232.057
231.507
231.853
149.89
-654321
180.23
189.253
210.614
220.63
229.41
226.459
227.915
233.59
228.907
149.726
165.285
-654321
196.324
211.374
216.912
225.333
229.17
231.26
230.899
226.872
223.143
162.687
152.477
179.596
-654321
206.402
219.779
228.35
229.392
231.867
231.967
228.164
223.049
220.588
180.912
161.038
150.733
189.535
-654321
215.529
225.722
234.409
232.218
233.205
233.416
222.567
219.086
216.372
187.059
179.321
166.898
149.996
210.407
-654321
218.754
226.776
226.977
233.697
231.798
227.048
220.797
216.423
212.202
208.518
191.668
180.648
163.308
150.65
222.122
-654321
222.71
232.511
233.665
230.275
225.276
218.297
218.473
211.727
205.163
214.906
207.572
192.118
183.724
166.784
150.8
229.812
-654321
234.132
232.963
225.762
226.631
220.5
214.815
210.904
206.245
200.895
233.244
224.951
202.039
191.103
179.606
166.915
150.569
230.406
-654321
231.516
227.023
225.407
221.213
216.206
210.686
205.539
199.605
194.347
230.188
228.566
222.771
205.13
191.061
178.088
164.592
151.417
230.267
-654321
230.576
226.843
221.932
216.044
211.201
205.718
200.523
194.979
188.935
233.506
227.339
227.708
221.218
204.932
191.296
180.669
165.918
151.069
227.041
-654321
226.006
222.278
214.018
210.027
205.409
199.99
194.55
188.858
183.087
232.466
232.763
230.796
227.432
219.605
205.755
193.761
178.713
167.387
231.997
-654321
219.077
216.65
211.453
205.109
199.143
194.172
189.266
182.371
177.231
229.377
227.376
234.687
228.873
228.09
222.533
210.138
194.301
177.598
226.633
-654321
215.622
211.695
205.482
199.358
194.393
188.767
182.22
176.886
170.504
221.849
227.805
229.496
223.508
230.694
224.23
224.624
195.747
197.529
219.157
-654321
212.212
206.401
200.749
195.065
188.744
182.639
176.854
170.709
164.751
220.312
226.945
224.178
228.749
234.013
227.104
227.577
223.856
206.92
213.052
-654321
204.897
198.572
194.438
189.424
182.338
176.524
171.875
164.831
158.651
216.208
220.428
219.608
230.011
233.511
230.672
227.295
220.983
218.468
208.215
-654321
199.096
194.303
188.521
182.989
176.751
170.412
165.043
158.689
152.26
211.766
218.737
224.333
228.419
233.491
232.49
236.05
232.692
227.836
205.371
-654321
195.284
188.116
182.8
177.251
171.41
164.524
159.029
153.102
147.452
206.183
210.944
213.799
221.404
222.419
228.255
232.886
232.951
232.067
198.154
-654321
188.405
183.357
177.461
170.272
164.653
157.422
152.646
146.745
141.553
198.897
206.676
211.63
217.394
213.528
228.962
228.353
229.464
228.33
194.526
-654321
182.101
177.092
171.031
164.992
158.36
153.165
146.562
140.816
134.697
193.932
199.571
204.917
212.718
218.608
220.037
226.118
230.804
231.108
187.923
-654321
176.161
170.63
165.058
159.039
152.133
146.242
140.971
135.299
128.202
187.475
194.271
200.56
205.875
211.541
215.742
221.857
228.03
228.494
182.964
-654321
171.581
164.199
158.209
153.262
146.165
141.29
134.92
128.334
123.504
182.757
186.418
195.159
200.745
206.08
212.38
217.67
222.264
225.863
175.807
-654321
165.023
159.024
152.972
147.397
139.649
135.173
128.36
122.575
176.972
183.114
189.031
194.641
199.852
204.669
213.119
216.415
220.113
170.382
-654321
158.84
153.145
146.792
139.973
133.733
127.146
121.687
170.669
176.674
182.018
188.066
195.245
201.164
206.039
211.172
214.642
165.543
-654321
152.861
146.703
142.195
134.091
127.715
122.823
164.094
170.722
176.48
181.429
188.832
192.617
199.577
205.816
211.758
159.08
-654321
138.003
140.812
135.447
128.21
122.616
159.251
165.092
170.592
177.282
182.709
188.553
195.02
197.427
203.339
151.574
-654321
140.291
133.969
127.478
122.919
152.286
158.746
164.981
169.612
176.745
183.063
188.039
194.816
198.995
147.012
-654321
134.701
128.948
122.242
145.874
153.789
158.992
165.792
170.654
177.929
183.014
187.547
194.192
140.883
-654321
129.727
123.511
141.386
144.687
152.631
158.254
165.258
170.33
176.217
181.837
187.609
140.851
-654321
123.423
134.387
141.041
147.515
153.015
159.605
165.492
170.751
176.632
182.592
128.891
-654321
128.484
135.204
141.806
146.976
153.709
159.136
164.988
170.598
176.745
121.741
-654321
165.581
174.493
198.882
202.466
228.465
235.289
247.995
246.49
248.521
150.537
-654321
179.994
194.11
214.521
221.172
224.896
245.563
249.222
246.095
248.781
151.986
167.776
-654321
193.832
207.742
223.616
227.176
235.719
244.054
250.903
249.802
244.929
166.007
150.77
179.39
-654321
205.214
224.19
235.299
242.779
246.055
245.891
249.972
248.365
239.753
182.202
161.625
151.222
196.558
-654321
216.898
226.77
241.11
243.403
251.554
249.849
250.085
244.587
243.282
196.018
179.272
167.474
151.934
203.82
-654321
225.587
241.149
248.533
251.403
246.991
247.277
245.438
245.473
234.913
207.337
192.006
179.019
163.603
152.491
230.068
-654321
237.72
245.384
250.991
247.349
247.689
243.795
241.807
237.038
233.483
225.45
210.895
186.892
180.793
164.465
151.528
233.019
-654321
247.887
254.506
247.429
246.964
246.694
239.906
238.861
233.184
228.132
237.37
229.802
205.535
194.536
178.902
164.986
151.561
247.947
-654321
248.385
248.455
245.916
244.451
241.198
234.674
232.238
224.267
222.175
235.244
234.383
233.21
209.202
190.874
182.148
164.048
151.42
244.267
-654321
248.896
251.836
245.229
241.014
235.56
232.802
227.531
221.519
216.403
240.379
241.825
229.193
222.243
202.712
193.766
178.076
165.37
152.069
248.044
-654321
246.169
246.449
240.957
234.465
229.373
227.391
221.351
216.893
211.659
247.477
243.766
244.521
235.345
218.832
201.421
191.312
180.636
166.543
250.935
-654321
244.801
241.733
236.166
232.305
227.676
223.387
216.575
210.13
204.63
250.649
249.907
244.124
248.199
224.542
215.838
207.922
190.812
179.882
251.166
-654321
240.328
238.128
231.109
228.5
219.863
216.005
210.502
204.255
199.713
246.455
248.693
253.1
244.541
245.4
227.092
225.352
206.715
191.793
244.899
-654321
235.647
231.42
227.617
222.249
211.532
211.826
206.04
199.225
193.457
241.728
244.25
249.69
249.191
247.671
243.237
236.035
207.65
200.231
245.364
-654321
234.833
227.104
221.673
217.238
210.784
205.837
200.246
193.553
188.581
243.139
248.239
248.277
244.379
248.43
246.445
240.301
230.971
221.711
234.685
-654321
227.164
219.674
216.635
211.626
204.963
199.659
193.275
187.418
182.039
236.879
243.712
248.342
249.628
248.074
241.96
241.093
231.386
233.332
233.735
-654321
220.007
217.018
211.082
203.908
200.067
193.469
187.453
181.18
175.79
229.591
235.926
245.416
242.542
251.117
249.005
252.008
250.977
250.731
227.646
-654321
217.063
210.406
204.035
199.098
193.129
187.61
180.983
176.363
169.398
224.771
233.504
237.591
239.376
242.001
245.161
243.017
251.044
247.381
221.333
-654321
211.397
205.649
200.406
192.902
187.517
181.716
175.549
169.366
163.951
217.453
225.122
230.559
237.695
240.209
242.816
249.96
251.715
246.055
215.219
-654321
204.644
199.091
192.837
187.847
181.088
175.111
168.376
163.198
157.757
215.05
222.037
221.327
231.134
239.978
235.138
246.289
245.183
250.473
208.526
-654321
199.605
191.395
188.013
181.377
176.002
169.066
162.915
157.432
152.365
211.952
216.679
217.983
227.423
233.783
237.169
243.041
250.178
248.847
204.482
-654321
192.687
188.062
181.188
175.863
170.543
163.235
157.865
150.946
205.564
210.7
217.082
221.507
225.817
233.414
234.742
244.434
244.862
200.36
-654321
187.485
181.052
175.891
169.359
164.281
158.392
152.067
198.985
205.813
211.931
217.44
222.441
226.246
231.87
237.642
242.647
194.049
-654321
181.522
175.723
169.73
164.515
156.901
151.27
192.913
199.809
204.669
210.384
214.476
221.572
229.014
233.975
238.944
187.623
-654321
175.784
170.432
163.107
158.458
152.111
187.14
193.462
199.286
204.75
211.291
217.054
222.848
227.095
231.15
180.764
-654321
170.345
162.703
158.199
152.033
180.739
187.056
192.901
199.369
205.741
209.272
215.841
221.732
227.994
175.73
-654321
163.949
156.561
151.84
176.13
181.932
188.211
191.162
197.091
204.348
207.763
216.025
219.585
169.63
-654321
157.284
152.385
169.092
176.332
181.377
187.059
192.921
199.231
205.986
211.024
216.32
164.248
-654321
151.576
163.809
168.682
174.456
181.123
187.151
194.122
199.686
204.788
211.478
157.249
-654321
158.04
162.742
169.339
175.908
181.571
187.742
193.93
199.367
204.602
151.001
-654321
166.997
178.428
196.947
204.954
213.312
239.337
244.869
252.532
263.561
151.402
-654321
179.367
192.453
207.138
216.171
232.735
252.622
257.551
261.05
268.685
149.726
165.306
-654321
186.709
204.051
215.611
233.152
244.868
264.578
262.57
265.428
271.465
166.367
150.789
180.903
-654321
205.383
218.292
222.983
242.307
266.564
256.85
268.606
270.553
271.924
183.732
163.262
151.855
191.776
-654321
225.032
230.638
255.884
261.141
261.108
263.385
262.113
263.748
268.348
185.393
178.115
163.976
150.097
212.908
-654321
235.533
251.338
248.625
257.656
269.019
263.952
265.933
261.832
264.962
199.463
184.838
184.895
164.109
153.098
224.595
-654321
246.609
262.756
271.729
267.142
268.973
257.809
256.334
262.296
255.039
219.135
206.521
196.279
177.982
167.926
152.268
232.93
-654321
259.813
255.375
263.118
263.664
266.125
266.842
264.753
258.192
254.805
232.339
229.106
208.721
195.098
176.681
164.907
151.143
243.098
-654321
262.736
269.441
266.155
267.788
262.489
260.807
258.419
254.484
252.002
256.668
233.311
217.203
213.625
196.934
182.511
168.732
152.038
255.711
-654321
268.725
259.216
258.112
267.687
264.737
259.32
252.157
251.295
246.658
264.815
251.083
240.263
223.663
211.043
197.082
180.206
164.207
150.732
266.834
-654321
267.388
264.241
269.176
262.749
257.861
256.075
252.933
245.276
240.9
264.095
255.646
254.582
239.206
217.911
201.156
193.792
179.782
164.947
264.924
-654321
265.475
264.235
264.42
260.322
255.642
248.872
243.98
242.307
233.711
266.235
266.752
262.58
245.828
235.218
210.549
210.017
192.58
178.224
268.814
-654321
267.2
262.179
260.649
255.345
251.309
244.171
238.178
235.851
227.959
265.164
272.772
251.095
245.342
256.04
234.943
219.555
206.154
195.839
263.313
-654321
260.992
263.294
253.708
252.977
243.141
238.318
235.776
230.293
223.298
262.857
264.695
265.247
267.444
263.814
253.101
236.04
222.128
206.553
268.575
-654321
255.182
254.429
249.033
246.401
241.59
234.167
229.959
224.804
218.661
264.153
270.754
269.465
265.018
261.213
257.96
252.407
241.776
225.052
264.231
-654321
254.839
251.49
243.18
240.005
236.299
228.732
224.434
218.801
212.804
267.697
266.88
263.872
268.841
270.72
262.987
256.768
258.301
237.246
258.176
-654321
246.922
247.084
238.768
236.192
229.462
225.118
218.235
213.531
207.593
262.458
264.818
263.881
270.921
253.735
264.888
266.316
256.053
250.968
255.343
-654321
248.619
241.049
233.448
229.393
224.019
217.375
212.636
207.037
201.496
257.506
256.715
264.772
265.993
265.746
264.233
259.349
255.506
268.309
254.227
-654321
236.386
233.758
230.567
225.495
220.3
213.531
207.597
200.697
195.298
253.705
254.966
263.499
266.831
269.27
261.26
268.846
267.022
251.837
245.832
-654321
234.291
231.782
225.468
219.218
213.451
206.935
200.634
195.524
188.802
243.427
251.628
256.386
257.7
261.93
266.929
263.433
265.268
269.55
238.035
-654321
231.566
224.358
219.65
212.709
207.57
201.133
195.451
189.67
182.932
239.244
241.277
248.666
255.367
254.658
260.181
266.683
258.368
263.249
236.57
-654321
224.823
215.783
213.101
207.597
200.455
195.641
188.946
184.01
236.935
238.131
245.287
252.057
252.091
259.823
264.076
264.329
264.475
227.209
-654321
219.668
211.85
207.352
201.042
195.62
188.722
183.254
230.171
229.525
240.64
246.682
253.407
253.183
261.367
265.264
257.908
224.715
-654321
213.317
207.151
201.041
195.114
189.677
183.911
225.14
229.897
237.685
242.428
245.924
245.488
255.864
263.566
266.36
218.986
-654321
206.6
200.66
194.776
189.309
182.118
215.783
220.239
231.355
233.035
238.254
249.062
248.916
254.572
255.135
213.67
-654321
201.898
195.048
188.447
183.053
210.813
219.559
220.9
229.9
236.215
238.041
249.196
248.174
254.14
207.242
-654321
195.329
189.268
183.213
207.448
212.381
218.333
223.772
230.384
232.657
242.72
247.432
252.818
201.005
-654321
188.992
182.809
200.96
206.688
212.932
219.004
225.024
231.916
236.496
240.369
245.071
195.268
-654321
183.649
195.462
201.603
207.95
212.361
217.53
224.64
230.499
235.322
234.427
188.416
-654321
188.758
194.149
201.418
206.451
212.187
218.143
224.124
226.068
236.346
183.189
-654321
161.534
177.147
195.622
196.855
211.468
238.23
254.131
259.011
273.54
152.512
-654321
175.313
195.715
204.761
218.036
238.892
260.296
256.778
278.289
282.417
150.833
165.288
-654321
190.393
211.486
222.171
240.979
259.739
271.959
271.007
287.768
280.632
167.464
150.96
184.508
-654321
207.7
222.273
233.791
247.917
254.439
273.94
279.254
277.424
284.537
173.629
165.475
150.376
186.602
-654321
221.004
232.403
257.475
241.034
278.048
281.995
280.716
285.231
275.941
190.649
174.601
160.215
151.342
199.926
-654321
238.782
256.255
248.326
264.373
288.264
278.542
272.244
272.643
280.735
204.166
192.544
179.959
167.389
150.703
230.415
-654321
235.808
264.917
277.783
264.795
279.452
289.473
285.225
289.905
276.573
224.106
206.588
194.923
178.153
164.126
149.051
229.218
-654321
258.383
268.308
286.26
279.025
280.648
288.693
284.692
287.249
281.548
243.497
226.241
204.541
195.598
181.827
164.7
149.777
252.406
-654321
271.569
277.429
291.725
271.027
283.452
287.559
272.998
281.714
274.575
250.007
226.73
228.201
214.139
186.641
179.444
162.948
150.713
262.187
-654321
284.181
286.698
286.486
289.433
283.881
283.404
284.166
281.545
268.333
265.22
256.669
258.983
230.998
215.194
194.758
183.316
166.14
151.05
261.437
-654321
279.837
281.106
280.587
284.734
288.134
278.671
275.384
275.792
267.254
273.335
267.181
239.294
228.607
218.539
205.546
191.018
177.796
165.769
275.72
-654321
276.826
285.369
284.512
281.81
271.101
278.468
267.88
267.381
262.63
276.664
278.187
266.988
249.847
228.288
210.776
210.171
192.813
176.404
270.981
-654321
287.094
279.425
282.061
280.437
280.598
275.66
268.475
259.188
256.492
283.477
277.788
269.763
259.371
250.669
235.542
219.412
209.032
194.166
287.429
-654321
284.921
284.825
273.155
278.678
271.433
268.281
259.182
257.002
253.995
283.401
273.202
270.945
273.986
255.962
252.553
240.992
214.414
210.818
282.607
-654321
280.909
278.764
274.917
271.311
268.159
262.706
256.876
252.462
247.635
284.384
283.08
285.72
280.094
273.381
261.514
249.684
237.901
223.307
286.625
-654321
279.682
280.059
268.746
267.594
260.662
258.94
248.325
244.2
242.039
283.024
284.68
280.365
283.994
284.786
271.139
270.745
246.088
239.224
281.686
-654321
272.072
274.409
271.458
265.129
258.304
250.004
245.421
242.052
234.789
287.986
284.319
280.875
288.463
271.66
272.511
281.009
261.894
242.49
274.737
-654321
268.563
265.708
255.676
258.348
253.149
247.574
241.069
236.961
230.43
285.104
281.309
282.687
282.88
290.381
278.413
280.065
273.613
264.362
277.486
-654321
267.265
265.073
256.846
252.497
247.342
242.171
236.114
229.157
224.65
275.679
277.425
283.549
285.908
285.42
284.536
277.534
264.827
277.558
272.737
-654321
260.37
254.636
253.292
244.437
241.452
235.796
230.401
222.46
218.319
272.846
273.957
282.169
276
286.109
282.699
284.93
280.975
286.024
267.184
-654321
258.938
249.23
244.453
239.72
234.822
229.329
224.204
216.681
212.587
267.928
276.512
279.908
280.435
280.274
280.284
276.457
279.637
277.858
264.691
-654321
252.46
246.373
238.893
235.522
228.88
224.508
218.617
212.218
258.977
263.75
274.066
281.784
279.544
282.176
283.479
287.037
285.774
254.389
-654321
247.649
239.16
236.175
226.632
224.123
219.087
212.948
254.069
258.354
266.886
276.501
279.493
284.397
286.076
280.487
284.196
251.733
-654321
242.525
236.446
230.27
219.954
218.616
211.115
253.927
252.363
263.339
267.622
274.178
280.377
282.222
279.459
286.837
247.017
-654321
235.728
229.464
224.289
218.209
212.587
246.758
248.706
256.415
260.759
262.757
269.031
272.462
278.311
286.494
241.204
-654321
229.317
224.531
218.066
212.333
241.208
244.701
253.025
256.795
265.465
271.326
270.144
274.162
275.043
235.748
-654321
223.375
217.757
213.087
234.075
239.912
247.398
247.269
259.348
262.814
267.858
266.078
273.293
230.54
-654321
216.03
212.832
228.687
237.111
235.78
246.972
251.718
258.4
260.762
260.606
272.215
224.267
-654321
211.433
223.721
229.153
236.45
241.514
241.082
252.798
248.725
258.666
262.87
218.211
-654321
218.444
223.937
227.733
232.818
242.337
246.691
253.103
252.864
263.165
212.547
-654321
154.097
194.703
169.849
193.842
196.888
198.536
230.771
222.574
231.701
148.268
-654321
166.445
181.12
176.749
197.782
212.879
216.728
218.347
228.434
234.462
146.765
154.883
-654321
171.382
180.906
197.862
211.729
212.241
216.79
215.188
228.923
234.638
153.611
146.949
168.797
-654321
188.998
191.569
191.993
217.156
221.273
221.614
239.087
242.514
245.015
165.881
153.121
146.937
172.014
-654321
195.017
205.494
209.77
218.988
234.382
231.673
234.334
241.559
242.355
176.516
163.32
157.096
147.107
181.981
-654321
208.185
217.282
211.571
234.097
237.22
242.226
240.718
244.542
246.201
188.371
173.607
162
156.419
146.692
192.108
-654321
209.57
212.044
229.78
238.114
243.924
243.881
244.022
245.342
246.365
199.503
179.602
171.762
167.802
157.291
146.162
192.891
-654321
212.673
224.785
234.084
251.793
246.159
244.17
246.139
244.663
244.087
204.253
195.966
183.111
175.754
166.214
153.644
146.086
216.714
-654321
232.411
238.491
243.717
241.896
240.077
242.193
239.584
243.604
244.714
211.922
203.652
190.556
183.578
173.759
161.671
153.989
145.591
223.694
-654321
238.973
236.817
236.331
245.128
248.342
243.005
246.179
245.264
238.541
216.905
210.835
195.457
184.337
186.822
172.144
165.059
156.344
146.747
234.541
-654321
230.29
250.769
246.099
243.699
261.672
245.534
240.022
236.102
236.414
226.716
221.744
212.393
200.27
190.889
180.19
176.368
163.551
155.747
231.007
-654321
241.605
244.439
244.077
241.174
243.602
244.194
242.187
237.151
232.695
236.743
233.738
229.072
217.221
208.906
196.459
183.923
173.48
165.409
246.211
-654321
248.695
247.194
247.872
244.202
242.298
232.419
236.955
234.677
230.255
233.433
241.51
234.05
226.157
211.472
206.313
190.016
184.257
176.921
238.97
-654321
244.562
236.584
244.004
243.482
241.169
234.701
233.805
232.391
225.928
249.497
241.343
221.408
226.224
221.389
212.171
203.031
192.537
184.046
243.39
-654321
246.092
242.069
241.954
239.325
237.045
232.297
230.628
227.749
222.356
244.386
248.57
243.12
226.42
225.769
215.363
210.03
198.379
191.158
242.986
-654321
256.59
240.645
242.305
235.145
235.268
231.317
228.493
225.165
221.444
244.871
239.778
244.345
239.873
235.724
233.496
224.655
214.852
200.977
242.769
-654321
243.302
240.22
237.817
232.601
232.176
227.1
225.098
219.769
217.768
245.651
244.604
246.136
239.67
239.782
236.295
227.487
222.003
213.553
243.052
-654321
241.264
237.385
235.088
231.802
227.986
226.466
221.527
217.872
213.406
245.941
244.149
245.416
242.066
241.229
240.41
237.55
218.814
227.739
239.953
-654321
238.344
230.735
228.783
225.829
223.44
221.754
218.035
214.211
210.686
239.237
243.424
249.253
244.01
244.164
252.606
237.959
229.492
228.199
241.559
-654321
234.429
232.603
225.905
224.529
221.763
217.329
213.79
208.669
206.825
238.343
240.597
246.319
244.674
244.743
243.81
242.279
245.882
235.803
237.212
-654321
233.817
229.719
226.138
221.186
218.014
214.814
209.48
206.5
202.706
235.705
238.289
239.191
244.267
244.879
237.077
245.531
239.231
241.895
233.266
-654321
226.555
224.785
221.399
218.706
214.209
210.569
206.788
202.518
235.955
238.989
242.91
236.913
233.971
246.247
246.445
246.658
234.844
229.394
-654321
226.04
221.11
215.807
213.6
210.768
206.45
202.866
230.598
233.145
237.897
239.629
241.371
243.822
240.907
241.246
239.08
226.811
-654321
221.435
217.955
214.379
210.677
205.675
202.633
226.327
230.343
233.094
227.498
242.703
242.052
246.911
236.275
247.063
225.11
-654321
216.753
213.391
209.826
206.714
202.885
223.218
229.188
232.576
236.562
239.966
239.748
244.119
245.461
245.902
220.22
-654321
214.473
209.978
206.554
203.002
220.553
226.102
226.876
229.699
234.809
239.716
242.188
242.075
242.709
216.829
-654321
209.91
206.348
202.008
217.316
220.444
224.938
230.419
230.415
229.202
234.917
241.94
239.335
213.498
-654321
206.708
202.469
214.314
217.796
222.109
225.031
226.748
229.436
236.37
239.176
240.342
209.075
-654321
202.816
209.063
214.047
217.983
222.35
224.449
227.157
230.029
230.678
238.807
206.545
-654321
206.052
209.629
214.052
214.982
221.521
224.761
228.243
231.899
235.466
202.825
-654321
