205.009
212.086
193.777
189.931
185.944
181.862
177.893
173.897
199.907
201.792
-654321
198.041
194.163
190.274
186.28
182.242
178.441
174.151
200.426
166.213
202.898
201.415
-654321
194.399
190.165
186.174
182.237
178.218
174.317
170.458
166.309
162.058
201.585
202.421
198.158
-654321
189.895
186.235
181.968
177.952
174.187
169.885
194.05
161.965
158.123
197.775
208.588
204.821
194.068
-654321
186.086
181.882
177.949
174.108
170.004
166.254
162.221
158.238
176.164
194.101
197.866
216.675
201.941
189.974
-654321
182.063
178.063
173.817
169.892
166.264
187.895
158.08
154.058
150.264
190.042
194.037
197.674
201.303
201.625
186.068
-654321
177.89
174.094
169.994
166.019
162.095
158.352
153.927
149.806
145.953
186.225
189.925
204.376
197.739
201.2
209.288
182.007
-654321
174.198
169.975
166.007
161.955
157.912
154.006
149.942
145.882
142.243
182.179
186.283
189.702
193.854
197.849
201.93
201.959
209.429
-654321
200.009
165.784
162.082
157.999
153.949
164.089
146.019
141.926
138.053
177.948
182.028
185.784
190.152
193.954
197.773
201.603
201.893
174.126
-654321
165.878
162.255
158.003
154.126
150.101
146.456
141.919
138.078
134.047
173.987
178.164
181.939
186.219
189.97
193.908
197.379
201.282
201.728
170.2
-654321
162.305
158.144
153.824
150.086
146.33
158.067
152.149
134.271
130.242
170.207
173.879
178.05
182.144
186.021
189.89
194.258
197.93
201.545
193.927
-654321
158.253
154.051
149.862
146.216
158.101
137.781
134.148
130.142
126.248
165.907
169.99
173.933
212.266
181.992
185.83
190.088
194.407
220.206
162.148
-654321
175.668
150.059
146.379
141.798
138.151
133.989
129.916
134.11
122.169
161.854
166.177
170.36
174.085
178.153
182.187
185.796
189.896
226.137
158.226
-654321
149.968
164.043
142.254
138.024
133.744
130.046
125.845
121.998
117.706
157.851
161.685
166.016
169.845
174.129
178.003
182.003
186.465
219.847
154.071
-654321
146.043
142.143
137.872
145.825
130.007
125.877
122.061
117.87
113.545
154.103
157.918
162.05
165.989
169.912
173.959
178.405
181.961
186.001
149.761
-654321
142.182
137.903
133.833
130.015
125.959
121.831
118.085
113.823
110.219
150.237
154.38
157.682
162.22
166.166
170.057
174.07
177.746
182.078
145.871
-654321
137.814
133.927
129.993
126.227
122.041
118.08
114.062
109.833
105.769
145.81
150.224
153.775
158.246
161.686
165.599
169.772
173.881
212.128
142
-654321
133.829
129.809
126.268
122.34
118.199
114.21
110.353
106.079
102.27
141.621
145.87
150.412
176.231
158.053
161.607
166.333
169.863
173.982
138.396
-654321
130.371
126.392
121.888
118.066
116.115
110.008
106.305
101.493
97.6431
137.736
141.644
145.711
149.892
154.171
157.862
161.649
165.847
169.976
133.987
-654321
126.128
122.402
118.047
114.128
109.781
106.317
101.949
98.0152
94.091
133.851
138.024
141.728
145.899
150.428
154.439
157.925
161.754
166.182
130.228
-654321
122.103
118.167
114.233
110.702
106.024
101.861
98.1443
94.2229
90.4553
129.874
134.279
138.013
142.124
146.02
149.572
153.682
157.635
162.307
126.333
-654321
117.869
114.3
109.726
106.246
102.113
98.4167
93.4521
89.7263
86.4747
125.989
130.705
134.351
138.015
142.073
146.283
150.839
154.001
158.072
121.925
-654321
114.408
109.665
106.294
102.529
98.1541
94.1169
90.9268
85.5591
82.1498
121.533
125.707
129.862
134.473
137.218
142.196
146.07
149.857
154.203
117.972
-654321
109.732
106.112
102.084
98.1239
94.1658
90.7174
86.5383
82.6865
62.5019
117.929
122.581
125.67
129.861
134.239
138.306
142.324
145.759
149.95
114.308
-654321
106.251
102.234
98.5346
94.3758
90.3352
86.8774
81.8617
77.8673
73.7501
114.151
118.466
121.555
126.283
130.533
133.76
138.173
142.201
146.042
110.786
-654321
101.737
97.9155
94.1712
90.138
86.2079
82.2076
78.3296
74.0309
69.9838
110.533
114.454
118.333
122.401
126.607
130.128
134.132
138.395
141.886
106.117
-654321
97.6217
93.8187
89.5105
86.4009
82.0255
78.1741
73.5433
70.1464
65.833
106.47
110.346
151.718
117.973
122.733
125.75
130.158
134
138.078
102.158
-654321
93.5647
90.3019
86.3642
82.2184
78.1913
74.0707
69.6931
65.8999
62.1025
102.495
106.149
109.788
114.011
118.431
121.622
125.866
129.945
134.087
97.7236
-654321
89.7665
85.8886
81.2243
77.7344
131.291
69.6492
65.6009
62.0795
57.5873
98.7512
102.553
105.955
110.275
151.298
122.044
121.933
126.249
129.985
93.3732
-654321
85.6699
69.5083
78.8133
73.9492
69.2523
66.1092
61.3425
58.0949
54.1593
93.9431
97.6394
101.743
106.422
110.886
151.399
117.749
122.304
126.102
89.988
-654321
81.326
77.9415
73.7418
70.1204
66.7226
62.1125
57.9245
54.0472
50.7585
90.3279
93.5705
97.785
101.346
106.643
109.592
114.263
117.902
121.977
86.5083
-654321
77.6445
73.543
69.6188
66.2506
62.1132
123.621
54.3354
50.0643
137.301
90.1357
94.3368
142.681
101.788
105.614
110.025
114.962
118.17
82.1795
-654321
73.9111
69.3245
127.327
125.467
57.7768
53.8869
50.0322
82.7793
86.5494
91.007
94.0123
98.8619
101.681
147.731
149.423
114.041
77.7327
-654321
69.7957
66.3279
63.205
58.5793
121.564
49.3786
78.353
81.2026
85.7672
90.0472
95.091
97.1251
144.967
147.345
110.212
74.5748
-654321
64.8657
62.2324
57.6785
53.6968
49.0019
73.7109
78.0562
81.9486
85.7697
90.6072
94.1038
98.3537
101.978
104.112
69.5821
-654321
125.239
57.663
122.853
49.6571
70.0663
74.5917
77.4223
82.8582
85.1871
90.4177
93.8534
99.4353
101.983
66.6515
-654321
57.9102
53.3765
50.08
127.91
69.8523
74.8246
133.379
82.6781
85.5657
89.881
93.677
97.8923
61.6732
-654321
53.4417
49.438
61.5284
65.7356
70.4477
74.4385
78.4018
82.2097
85.5266
139.602
94.2546
57.7987
-654321
51.0964
57.7918
62.197
64.9721
71.4067
73.861
77.7212
81.8075
86.0215
89.7916
53.5522
-654321
54.3056
58.2786
62.1933
66.6616
70.3137
73.7591
77.7915
82.3242
86.3337
50.9826
-654321
218.199
219.222
215.246
209.528
203.628
198.438
192.482
186.131
180.343
211.271
-654321
219.199
215.054
210.21
204.655
199.044
192.753
186.714
180.915
174.716
210.36
218.172
-654321
215.215
210.647
204.905
199.004
192.74
186.969
180.797
174.668
169.128
218.81
210.287
219.083
-654321
210.626
205.213
199.075
193.518
187.335
181.351
175.323
169.454
163.641
219.968
219.482
211.3
215.709
-654321
204.635
199.043
192.856
187.095
180.887
174.91
168.943
162.972
156.785
215.762
219.052
218.21
209.953
210.795
-654321
199.012
192.614
186.744
180.916
174.897
169.187
162.509
156.978
150.659
210.201
215.425
219.465
217.544
210.9
204.495
-654321
192.983
187.534
180.802
174.981
169.083
162.556
157.079
150.527
145.082
204.752
210.597
215.675
220.022
219.272
209.67
198.99
-654321
186.896
180.888
174.9
168.744
163.057
156.851
150.672
144.783
138.798
199.012
204.804
210.684
214.617
219.671
217.969
210.737
193.299
-654321
181.194
174.614
168.89
162.812
156.767
150.998
145.178
139.203
132.646
192.637
198.649
204.566
210.978
216.109
218.278
218.828
210.92
186.859
-654321
175.075
168.629
163.236
156.761
150.485
144.947
139.095
132.727
126.715
186.601
192.731
198.983
204.591
210.935
217.116
218.881
218.708
210.334
180.83
-654321
169.164
163.076
156.979
150.765
145.199
139.129
133
126.996
121.518
181.005
187.083
193.091
198.681
205.289
211.058
216.569
218.304
219.371
174.862
-654321
162.862
156.999
150.78
144.888
139.143
132.966
126.987
120.94
115.247
175.118
180.775
186.728
192.907
198.958
204.326
210.665
215.724
219.919
169.08
-654321
157.408
150.918
145.176
138.595
133.145
126.515
121.279
114.644
109.152
168.585
175.042
180.671
187.159
192.696
199.099
204.456
210.064
215.943
163.354
-654321
150.656
145.082
138.232
133.487
127.015
120.634
114.876
108.704
102.674
162.835
168.924
174.691
180.61
187.088
193.083
198.97
204.442
210.536
157.288
-654321
144.917
138.732
132.554
126.909
120.642
114.938
108.468
103.063
96.7099
157.396
162.458
168.715
174.655
181.354
186.555
193.288
198.705
204.768
150.854
-654321
138.697
132.787
126.805
120.445
114.742
108.058
102.823
96.6435
90.7952
151.304
156.554
163.029
168.702
174.913
181.217
187.436
193.063
198.845
144.835
-654321
133.484
127.217
121.045
114.752
108.353
102.683
97.3402
91.2343
84.9779
144.521
151.153
157.579
162.657
168.787
174.92
180.805
186.919
192.98
139.051
-654321
126.616
120.808
115.163
108.562
102.718
97.0003
91.014
84.9415
79.4312
138.859
144.378
150.901
156.647
162.856
168.8
175.16
180.625
186.878
132.945
-654321
121.223
114.533
109.038
102.839
96.7885
91.6461
85.2705
79.1044
73.3757
132.704
138.648
145.051
150.93
156.693
163.431
168.671
174.907
181.029
126.772
-654321
115.148
109.032
102.906
96.2936
90.538
85.4606
79.1356
72.5271
67.8057
127.125
132.455
139.633
144.944
150.38
156.565
163.113
167.816
174.508
120.632
-654321
108.054
102.55
97.0359
90.372
85.4308
78.8843
72.5423
67.2257
61.3361
121.367
127.167
132.812
139.701
145.068
151.459
157.034
162.953
168.902
114.331
-654321
102.351
97.399
90.9517
84.8234
78.743
73.0945
67.5154
61.3494
54.8297
114.705
120.491
127.112
132.878
139.002
144.792
151.687
156.929
162.817
108.993
-654321
97.2471
90.785
84.9593
78.9575
73.1287
66.8121
61.3275
55.005
47.9917
109.699
114.457
122.311
126.516
132.682
139.495
144.677
150.189
156.464
102.904
-654321
91.594
85.2361
79.1178
72.0812
67.0394
61.1138
54.1155
48.5053
42.8431
102.218
108.728
114.705
120.438
127.116
133.017
138.782
145.364
150.879
96.8843
-654321
85.1586
79.0391
73.6259
66.8644
61.1811
54.544
49.7196
42.9374
37.2587
96.2357
102.357
108.846
114.92
121.193
127.78
132.018
139.07
144.988
90.4159
-654321
79.4623
73.0935
66.7454
60.6625
53.9416
49.2643
42.6073
36.7184
30.8498
90.0407
98.3073
102.997
108.548
114.274
121.139
127.924
133.407
139.059
85.9072
-654321
73.7557
67.6774
61.2449
54.7526
47.7346
43.7196
35.7296
30.0942
24.6179
84.0621
91.0299
97.0416
102.55
109.654
115.995
121.103
127.226
133.132
123.272
-654321
67.4124
60.8925
54.9163
48.7399
42.6889
36.2741
30.2893
24.9368
19.3257
80.0536
85.0557
91.9393
95.7765
102.279
107.985
115.023
119.771
126.734
72.5354
-654321
61.6355
55.7193
48.7216
88.2918
37.5135
31.5817
24.9449
17.7581
13.3929
72.96
77.2758
85.7279
90.7854
97.0211
101.928
109.173
114.872
120.694
66.1016
-654321
54.6602
49.3908
43.5937
84.2872
29.6195
25.5392
18.2972
12.3428
6.91839
67.3676
72.4763
124.187
84.804
91.2713
97.1403
103.578
108.13
114.969
60.7227
-654321
49.1673
42.7351
38.0277
30.1922
25.365
18.84
11.7062
7.05096
0.604923
111.631
68.8995
72.2529
79.198
84.2246
90.3435
95.9085
102.975
108.603
55.1187
-654321
42.1748
37.2405
30.8443
24.7216
19.754
67.6885
7.93198
1.23904
54.9553
60.1423
65.3605
72.7638
113.446
84.6174
92.0712
96.3804
103.108
48.0826
-654321
36.6634
31.0896
24.4908
82.5915
13.8133
74.911
0
50.393
54.3038
60.8775
66.4207
119.63
79.1785
115.995
90.8062
97.0334
99.8307
-654321
31.7027
25.738
17.0906
79.5066
7.25737
0.384754
42.2448
48.8861
53.757
100.654
66.8332
72.1857
78.3248
85.8861
90.349
35.9471
-654321
76.3574
18.6409
12.2875
7.84327
1.94867
85.1758
41.9726
47.9073
55.2074
99.5972
67.6417
108.052
78.9165
84.5241
32.1939
-654321
19.1429
79.8229
6.71843
1.36254
29.7905
37.2673
44.2855
49.0918
55.2161
100.197
104.79
71.6571
78.3549
23.8964
-654321
13.8905
7.04138
71.8516
24.7789
30.12
84.2956
42.5169
48.6985
96.5953
99.6683
65.9315
72.8093
72.823
-654321
5.47049
71.6192
17.7302
25.1208
30.718
36.5233
42.1284
103.516
55.5299
59.8299
66.9416
15.0506
-654321
1.69546
12.53
137.448
75.7225
28.9869
94.8912
87.9902
50.5984
96.3256
60.6537
6.52318
-654321
5.68659
12.5828
73.4925
24.91
141.055
37.65
41.8575
48.0669
55.0553
1.57482
-654321
224.23
234.816
238.022
238.848
233.887
229.392
223.137
217.683
211.826
210.583
-654321
233.093
238.09
237.592
232.413
228.626
222.82
216.983
210.931
205.638
210.093
224.038
-654321
237.17
237.33
232.884
227.383
222.22
217.383
211.148
205.049
199.173
224.825
210.447
234.827
-654321
236.957
233.786
228.199
223.609
217.811
211.602
205.817
199.927
194.039
233.771
223.547
210.603
238.634
-654321
234.089
228.205
223.127
218.34
211.496
205.625
200.089
193.537
187.845
238.889
233.188
224.068
209.61
237.858
-654321
228.705
222.678
217.075
211.806
205.633
199.759
194.12
187.849
181.585
238.178
237.507
233.54
224.329
210.287
235.037
-654321
222.494
216.848
212.002
205.79
200.103
194.077
188.162
181.664
176.126
233.175
235.584
237.985
234.763
221.893
210.358
228.578
-654321
216.927
211.313
205.731
199.866
193.516
186.965
181.768
175.709
169.926
227.702
233.543
237.253
237.817
233.693
225.317
210.814
223.132
-654321
211.446
205.717
199.301
194.531
187.769
181.195
175.656
169.288
164.121
222.473
229.415
231.792
237.388
237.964
236.142
226.589
209.928
217.808
-654321
205.541
199.591
193.516
187.608
181.112
175.501
170.142
163.729
157.532
217.665
223.921
228.446
233.65
237.141
238.613
235.069
226.885
210.849
211.868
-654321
199.456
193.464
187.392
182.083
175.894
169.696
163.635
157.814
151.941
211.549
217.62
223.251
228.718
233.787
236.395
239.373
232.429
223.761
205.925
-654321
193.268
187.989
181.71
175.917
169.389
164.66
158.112
151.542
145.778
205.729
211.46
217.3
221.292
230.191
234.627
235.375
237.991
232.786
199.706
-654321
187.954
181.688
175.185
169.974
164.041
157.727
152.207
145.503
139.587
199.531
205.632
211.544
217.664
222.958
228.861
233.594
237.436
238.683
193.811
-654321
181.936
176.14
169.075
163.409
157.115
152.286
145.407
139.646
133.482
194.038
199.635
205.636
211.146
217.743
223.224
226.84
235.174
237.146
187.4
-654321
175.43
168.927
163.38
157.725
151.529
145.598
139.857
133.976
127.383
187.614
193.914
199.073
205.775
211.893
217.14
222.96
227.851
233.857
181.503
-654321
169.367
164.371
157.729
151.769
145.86
139.475
133.296
127.959
121.743
181.894
187.36
193.922
199.51
205.846
212.034
216.709
222.447
229.25
176.252
-654321
163.61
157.616
151.48
145.618
140.045
133.625
127.652
121.138
114.679
176.124
181.738
187.76
193.821
200.772
204.786
212.111
217.997
223.629
169.639
-654321
157.934
152.027
144.807
139.953
133.311
128.036
121.535
115.825
109.994
169.75
175.868
180.807
187.682
194.145
199.713
205.225
210.591
217.086
163.771
-654321
152.527
145.97
140.163
133.923
127.555
121.55
115.521
110.538
103.801
162.827
169.372
175.636
181.673
187.346
193.65
199.43
205.989
211.499
157.456
-654321
145.148
139.704
134.647
126.819
121.342
116.078
108.84
103.496
97.9048
157.958
163.128
169.564
175.765
181.959
187.326
193.346
199.338
205.816
151.874
-654321
139.691
133.523
127.01
121.612
116.421
109.192
103.611
97.5807
92.2146
151.449
158.089
162.907
168.78
176.513
180.815
188.275
193.519
199.547
145.293
-654321
133.874
127.356
121.855
115.912
109.225
102.406
97.8715
90.5751
84.4805
146.83
151.78
158.536
163.623
169.857
176
181.186
188.885
193.715
139.53
-654321
127.757
121.731
115.617
109.642
103.528
97.2342
92.0787
85.194
79.8059
139.146
146.694
151.817
157.96
165.014
170.039
175.796
181.563
187.991
134.617
-654321
122.253
115.413
108.77
103.711
97.8022
91.1419
84.8766
79.6553
72.2406
133.487
140.688
145.713
151.109
157.48
163.176
168.771
174.762
181.393
128.412
-654321
116.17
110.418
103.313
97.274
92.6091
86.2209
80.1259
72.8682
66.5995
127.806
134.18
139.185
145.044
151.236
157.372
162.566
169.2
175.838
121.417
-654321
109.314
104.562
98.2097
90.7797
85.9589
79.9737
73.3657
68.1813
62.1333
121.099
127.295
133.338
139.149
145.328
151.901
158.118
164.265
169.597
116.224
-654321
103.214
97.3079
92.8703
85.3705
78.779
74.0875
68.1051
62.6626
56.3555
116.259
120.758
127.509
133.532
138.973
145.198
151.918
157.112
163.695
109.076
-654321
97.0352
91.7932
86.683
79.7949
73.3099
68.238
62.7983
56.4424
50.4386
109
114.925
120.836
128.008
132.993
139.017
145.745
152.171
157.379
102.828
-654321
91.0746
86.92
80.9168
73.2118
67.3398
101.781
54.5087
49.1418
44.5197
104.383
109.072
115.985
121.472
126.465
133.254
141.046
146.297
151.667
96.2933
-654321
86.3228
79.4819
153.97
68.3414
61.3071
55.2796
50.6738
43.9408
37.1579
123.362
104.214
110.23
115.94
123.169
128.352
133.745
139.298
145.301
91.6628
-654321
79.5196
72.0221
67.7278
61.8288
57.043
49.7611
42.8679
37.6559
30.4254
91.5526
97.3984
104.776
109.364
115.274
120.346
128.8
133.532
139.655
86
-654321
73.856
66.8839
62.3046
54.1066
49.3875
44.9527
37.8643
32.0762
85.1574
91.6063
123.244
103.772
132.673
116.491
120.881
126.36
134.118
124.787
-654321
68.4621
60.9758
55.917
50.4126
41.6607
38.824
79.499
81.505
85.0028
91.8875
97.3995
102.407
109.756
115.885
122.73
127.34
72.9772
-654321
61.2227
53.8742
48.2117
44.116
37.1293
32.6322
73.2444
79.5337
116.751
118.016
99.0249
104.009
111.25
115.191
121.948
67.1538
-654321
56.6408
49.8306
44.024
38.7864
33.1111
115.892
73.8244
79.6728
87.4248
91.3197
97.5601
104.725
109.242
115.338
61.8858
-654321
103.696
43.4828
37.9487
31.4116
60.8193
66.0253
73.6251
78.923
86.902
92.5779
97.147
103.233
109.933
94.9814
-654321
43.1519
37.3575
79.7217
56.2795
62.2871
115.572
73.2691
78.2406
86.6408
90.6669
98.4853
102.771
48.0616
-654321
37.9532
32.2868
48.6968
95.8085
60.6234
67.6363
74.3052
111.066
86.0233
92.3566
98.3485
43.655
-654321
80.6462
100.338
49.2428
56.1977
61.3934
67.0566
73.6862
77.8884
86.633
92.5105
39.5295
-654321
38.3221
44.9564
48.283
55.0162
61.9129
66.1895
154.742
78.8288
85.7153
32.3127
-654321
222.799
236.557
247.469
254.454
254.773
251.718
250.885
245.476
238.671
210.776
-654321
239.2
248.274
253.79
256.101
254.273
250.207
244.241
239.595
234.43
209.812
224.663
-654321
249.367
254.081
254.736
254.51
250.562
245.045
238.321
234.24
228.409
223.413
210.57
238.518
-654321
253.835
254.169
253.307
251.129
243.56
238.838
233.821
227.381
222.557
237.332
223.738
210.294
252.436
-654321
254.208
253.032
249.734
244.764
239.324
233.675
228.638
222.538
216.423
249.259
238.345
224.737
210.34
254.297
-654321
252.662
249.335
244.457
240.033
234.145
228.572
222.782
216.438
210.251
256.781
251.33
238.763
223.995
210.547
255.26
-654321
249.708
243.842
239.619
234.267
229.039
222.645
216.403
210.466
204.621
255.051
255.785
249.595
241.766
221.936
210.672
252.026
-654321
244.745
238.616
234.062
227.954
222.879
217.132
210.544
205.012
198.638
252.556
255.895
255.598
248.342
237.75
225.813
210.814
248.508
-654321
238.991
234.663
228.364
222.568
216.453
210.341
204.055
198.421
192.305
249.616
252.887
254.762
255.119
248.52
239.253
223.587
212.132
243.674
-654321
232.816
227.939
222.275
216.952
210.752
204.416
198.715
191.919
186.637
245.581
250.378
253.35
253.505
254.4
244.211
240.245
224.957
210.23
239.277
-654321
227.765
222.243
216.968
210.675
203.826
198.244
192.815
186.54
180.702
239.892
245.291
250.006
251.573
254.008
252.32
247.3
242.851
225.854
234.499
-654321
222.589
216.385
211.09
203.965
198.123
192.843
186.198
180.558
174.566
233.395
239.603
245.835
251.21
253.673
257.305
254.005
248.094
238.566
228.304
-654321
216.833
210.314
204.075
198.927
192.046
186.389
180.264
174.455
169.152
228.761
234.001
239.162
245.101
251.313
252.766
256.653
252.537
251.102
222.676
-654321
210.625
204.843
198.298
192.089
186.783
180.726
174.564
168.664
162.073
222.321
228.04
233.982
239.302
244.582
250.476
252.389
256.582
252.374
215.612
-654321
204.62
198.338
192.39
187.017
179.534
174.495
168.4
163.75
156.715
216.921
221.884
228.264
234.22
239.668
243.762
249.452
253.102
256.155
210.619
-654321
197.586
192.568
187.536
180.832
173.832
168.604
162.528
156.815
150.614
210.265
215.575
222.934
228.5
234.325
239.354
245.807
249.056
253.002
204.14
-654321
192.564
186.042
180.021
174.537
168.89
162.957
156.661
150.518
143.943
204.77
210.267
216.115
222.142
228.432
234.294
240.4
245.214
249.871
198.764
-654321
186.356
181.606
175.038
168.671
162.633
156.961
150.837
144.622
138.464
198.595
204.22
209.901
217.159
222.974
228.672
234.915
238.844
244.961
193.011
-654321
181.454
173.751
169.1
162.029
156.108
150.009
144.533
138.562
132.44
192.227
198.985
204.374
209.688
217.218
222.587
226.255
233.98
239.31
185.486
-654321
175.24
168.494
162.829
155.846
150.611
145.336
138.08
132.893
125.874
186.395
193.069
198.917
204.325
211.106
216.36
222.75
227.92
234.526
181.108
-654321
168.738
161.515
155.732
150.902
145.551
138.996
131.309
126.075
120.237
181.41
186.761
192.56
198.605
204.949
210.466
216.115
222.677
227.915
174.681
-654321
163.294
156.074
149.284
143.887
138.653
131.674
126.183
120.624
114.984
173.581
180.743
186.272
192.676
199.001
204.238
210.149
215.251
222.103
168.921
-654321
157.144
151.256
144.398
138.148
132.19
127.137
119.753
114.268
108.66
168.141
174.581
180.166
185.774
191.944
198.342
204.518
209.749
216.407
163.083
-654321
150.859
143.673
137.427
131.998
126.977
121.989
114.75
108.683
101.849
161.833
169.079
174.105
180.38
186.453
191.467
198.908
204.412
210.183
156.346
-654321
143.797
138.218
132.303
126.573
119.766
113.669
108.993
103.09
96.4473
156.25
167.248
168.816
174.4
179.225
185.937
192.876
198.425
204.271
149.958
-654321
138.866
133.087
126.363
120.274
114.327
107.422
102.189
95.1093
91.2374
150.481
156.769
162.557
167.996
174.893
180.76
186.502
192.935
198.317
143.797
-654321
132.802
126.213
120.122
116.122
108.212
102.811
95.2624
90.5207
82.7664
144.602
150.361
156.871
163.146
169.023
173.694
180.35
186.061
192.618
139.242
-654321
127.216
119.826
114.477
106.583
103.73
96.7921
91.4796
83.3753
78.3103
138.061
145.424
150.876
157.075
162.029
168.266
174.739
180.088
186.206
132.847
-654321
119.718
114.581
109.594
101.996
95.7359
89.8964
85.5292
123.839
73.2485
132.805
137.205
146.432
149.582
156.736
162.639
167.682
174.799
180.106
125.455
-654321
113.986
108.614
126.797
96.055
91.0941
83.3813
78.2805
71.6297
66.0248
124.89
133.743
138.801
146.194
150.649
156.86
162.048
172.465
173.675
119.476
-654321
109.065
102.153
97.9409
90.2758
115.831
77.5755
71.6759
66.9787
60.5602
120.462
126.986
131.796
140.159
144.147
150.328
156.565
162.913
167.399
114.811
-654321
102.505
96.9989
120.605
82.8196
124.604
72.1697
66.3674
60.7716
115.658
120.816
125.186
133.88
138.521
144.367
149.984
156.904
162.257
110.199
-654321
96.0387
90.7811
84.0308
78.9263
71.1414
66.4842
60.9577
143.933
115.091
120.407
127.372
131.013
150.733
144.938
149.743
156.661
102.976
-654321
121.08
83.0762
78.8646
72.3193
103.958
60.9084
102.535
107.979
114.967
119.815
125.649
132.681
138.19
144.376
149.764
96.3841
-654321
84.0076
125.102
72.8574
66.0665
98.8455
94.7348
100.967
110.027
112.574
151.968
126.653
175.908
137.13
145.1
90.4855
-654321
110.552
72.2543
66.3519
61.8649
89.8732
96.9121
102.276
109.71
113.467
121.701
142.204
133.239
139.181
85.1474
-654321
73.4052
103.106
99.1069
84.1427
89.9392
96.7552
102.237
107.899
114.293
118.563
126.862
132.808
77.9871
-654321
64.9984
111.67
79.292
117.315
88.6755
96.4804
140.649
108.291
114.284
121.638
125.602
73.1796
-654321
59.2052
72.9907
123.713
85.9244
89.9411
95.9755
127.934
132.144
114.398
138.924
66.7915
-654321
66.8996
69.9803
77.2593
83.6764
91.5406
95.1759
126.233
107.958
114.216
60.1363
-654321
225.545
238.002
246.985
258.784
275.096
273.376
274.908
272.632
266.662
211.289
-654321
238.362
254.862
262.85
265.569
276.6
273.963
273.053
270.018
263.412
210.698
224.021
-654321
253.172
264.95
267.938
271.668
274.066
270.203
267.272
263.254
257.739
223.693
210.317
241.155
-654321
265.935
274.216
275.032
274.295
272.221
269.614
262.327
259.767
253.501
239.117
226.148
209.629
250.183
-654321
272.027
271.313
274.516
274.606
269.47
263.119
259.273
252.476
248.339
251.802
236.676
225.91
210.458
266.883
-654321
274.52
274.355
272.169
268.541
261.882
257.591
253.534
248.552
241.057
263.019
251.719
238.469
223.261
209.656
270.612
-654321
272.672
271.539
270.577
263.092
258.414
253.165
247.587
241.565
236.684
268.254
263.25
252.278
236.704
224.703
210.409
275.107
-654321
271.392
267.804
263.933
258.429
254.458
248.002
242.53
236.435
230.489
274.565
270.386
262.199
255.242
238.433
223.348
210.035
273.172
-654321
265.936
262.071
258.872
252.507
248.76
242.77
236.398
230.441
224.858
274.424
273.01
267.398
265.285
252.775
240.587
222.98
210.044
273.526
-654321
265.133
258.963
254.696
247.825
242.506
236.16
230.684
224.651
218.783
271.818
273.907
275.918
270.705
262.929
254.345
242.622
224.714
210.334
268.93
-654321
259.113
253.292
248.444
242.438
236.001
231.207
224.923
219.017
212.629
270.758
264.966
274.714
274.385
272.019
270.428
247.997
239.34
224.433
263.382
-654321
253.534
247.73
241.48
236.684
230.424
224.905
218.801
212.248
207.327
263.922
266.57
270.101
275.511
275.374
270.942
267.564
252.256
240.851
258.239
-654321
247.039
242.84
236.698
231.156
225.19
218.26
212.515
207.294
200.672
255.866
264.331
268.805
267.835
271.156
273.348
270.095
268.574
249.784
253.697
-654321
242.509
235.783
230.246
224.806
218.908
213.15
206.558
200.807
194.012
252.794
256.862
265.564
267.888
271.385
269.658
276.401
266.589
265.278
246.757
-654321
236.559
230.472
224.537
218.686
212.553
206.415
200.738
195.148
189.113
248.135
252.005
259.128
265.461
267.566
269.405
275.034
274.489
270.87
242.129
-654321
230.818
224.711
217.962
213.09
206.703
201.519
194.796
189.07
182.896
242.554
248.015
253.334
259.243
265.651
269.804
271.694
273.522
273.808
235.621
-654321
224.923
218.442
211.616
206.179
200.226
194.545
188.3
182.616
176.786
236.483
242.329
246.147
253.552
260.022
264.416
270.143
272.218
276.463
230.204
-654321
218.715
213.543
206.779
199.9
194.987
187.93
182.324
177.386
170.274
229.907
236.32
242.042
247.419
253.947
259.882
263.686
268.05
267.265
224.439
-654321
212.313
206.257
200.39
195.259
188.648
182.53
175.992
170.068
164.764
224.484
230.679
236.443
242.902
248.355
253.155
258.25
264.272
267.088
217.945
-654321
206.203
200.614
194.181
187.921
182.262
176.009
170.505
164.005
158.337
218.964
225.304
231.259
235.964
243.045
248.189
254.248
257.972
262.75
212.929
-654321
200.986
194.168
189.236
183.842
176.966
171.144
165.331
159.105
152.792
211.839
218.549
224.99
230.388
237.185
242.703
247.393
253.271
257.165
206.902
-654321
194.106
188.442
181.856
176.461
170.555
164.912
159.703
152.005
147.082
206.205
212.36
217.853
224.646
229.716
236.379
242.373
247.598
253.442
200.196
-654321
187.355
181.812
176.269
170.63
164.662
157.559
152.449
146.427
140.61
201.142
207.615
212.806
217.902
224.264
230.887
237.054
243.556
247.819
193.419
-654321
182.347
176.547
170.714
164.487
158.838
152.229
147.312
139.93
134.157
194.147
192.723
206.279
212.276
219.262
224.54
230.417
236.932
242.223
188.791
-654321
176.85
170.667
164.171
157.784
153.161
146.424
140.244
134.751
128.135
188.832
194.507
201.031
207.268
212.509
217.456
224.418
231.064
236.026
181.987
-654321
170.289
163.677
158.421
152.845
147.542
141.802
134.678
128.45
122.09
182.229
187.651
193.629
200.951
206.786
212.394
217.804
224.113
230.245
176.406
-654321
164.356
158.306
151.393
145.436
139.401
135.638
128.619
122.717
116.538
176.48
182.849
187.548
194.753
200.113
196.925
213.155
216.902
224.864
170.666
-654321
158.606
154.124
146.738
140.557
134.754
129.448
122.009
118.289
110.37
170.94
177.484
182.228
188.913
193.511
200.344
207.072
212.526
218.495
164.241
-654321
152.968
146.981
140.371
135.062
127.949
122.42
116.614
110.301
104.75
163.962
170.763
176.323
182.446
187.766
194.835
200.335
205.737
212.596
158.053
-654321
145.501
141.437
134.114
128.407
154.251
117.028
110.832
104.958
97.787
177.566
166.16
170.617
176.606
183.098
188.633
193.69
200.729
207.049
150.133
-654321
139.924
148.005
127.941
140.648
117.018
110.83
105.095
98.047
91.9056
153.317
157.418
163.254
170.084
175.134
182.324
189.26
193.854
200.086
145.685
-654321
135.284
127.664
119.998
114.137
110.326
103.589
98.1503
91.7379
168.598
152.795
164.805
163.721
172.249
176.593
181.622
187.207
194.425
141.195
-654321
129.259
122.296
115.566
110.55
105.599
99.9615
92.9031
140.938
147.221
150.828
158.748
165.407
170.848
177.577
183.314
188.73
133.613
-654321
152.799
116.418
110.619
102.639
97.1168
91.1056
148.089
165.095
157.079
151.499
159.399
164.343
170.933
178.45
183.132
128.163
-654321
116.759
131.07
104.591
99.6206
91.0977
128.837
135.56
140.254
147.046
152.06
157.945
164.069
170.458
176.174
121.466
-654321
132.327
103.921
97.0694
91.8032
123.8
127.921
135.135
140.966
146.528
151.617
157.591
165.786
170.309
116.827
-654321
143.217
97.4758
133.013
114.839
120.195
130.409
133.867
141.052
147.589
151.803
165.063
164.187
109.798
-654321
138.269
120.273
110.202
116.155
140.768
127.62
131.894
138.735
157.038
151.796
158.486
103.281
-654321
92.7341
128.527
113.263
115.327
122.326
144.318
159.918
141.436
147.93
153.505
97.9835
-654321
97.5523
103.213
109.696
116.368
123.903
130.441
133.885
141.323
145.331
120.46
-654321
225.055
240.029
255.843
272.171
279.371
285.568
292.76
292.034
290.425
210.775
-654321
236.632
252.64
268.74
282.052
283.024
289.467
290.282
292.377
283.304
209.726
224.051
-654321
253.096
270.065
273.508
282.506
289.709
291.013
289.34
290.059
284.907
222.894
211.295
238.115
-654321
265.185
277.737
289.01
288.538
290.608
291.9
286.942
282.174
279.981
239.076
223.917
210.359
252.943
-654321
276.927
282.285
289.739
294.384
290.176
289.414
281.982
279.837
274.102
250.188
237.71
222.761
210.906
268.757
-654321
277.835
287.869
288.866
287.606
288.256
284.763
279.088
274.467
270.764
268.225
247.932
236.258
224.024
210.541
279.133
-654321
280.973
290.845
292
289.825
282.033
281.409
273.673
270.718
264.438
277.358
267.504
254.227
241.013
225.068
210.25
289.709
-654321
291.721
288.69
286.863
286.146
280.091
274.449
269.943
264.812
259.678
287.619
283.991
268.525
250.909
238.491
223.285
210.195
292.989
-654321
289.067
288.946
283.726
279.892
276.326
267.921
265.808
259.726
253.097
289.727
285.11
279.99
265.352
252.045
236.749
223.116
209.465
291.599
-654321
288.642
285.3
280.455
275.53
269.296
265.254
258.421
253.735
248.053
289.957
288.693
287.295
279.556
263.497
251.931
239.78
224.648
210.773
290.57
-654321
286.626
281.043
275.121
270.956
265.053
258.737
253.625
247.928
242.36
288.904
291.225
291.243
294.129
277.596
262.456
251.947
240.987
225.496
288.867
-654321
278.201
276.423
269.818
264.215
258.863
253.829
248.075
241.634
236.569
287.371
292.044
290.928
288.912
285.737
275.63
265.968
254.048
240.194
285.871
-654321
274.112
271.274
266.209
257.91
252.6
247.621
242.203
236.676
229.705
283.873
287.145
287.324
286.712
291.626
281.188
277.709
267.84
254.427
278.951
-654321
270.609
263.914
258.748
253.958
247.871
242.15
235.639
230.154
223.664
278.15
286.128
284.541
291.231
294.053
291.586
286.683
271.136
269.704
272.993
-654321
263.881
257.327
253.283
247.898
241.672
235.029
230.462
223.882
218.132
274.264
279.767
279.165
285.539
287.68
288.908
291.65
283.299
275.014
268.516
-654321
259.475
253.47
247.813
240.997
235.615
230.019
223.256
218.513
212.005
270.916
276.718
282.818
286.856
286.2
289.397
291.978
288.884
282.537
265.182
-654321
253.085
246.804
241.865
236.008
229.877
224.097
217.175
212.134
205.97
264.237
270.876
275.726
279.942
278.859
287.943
291.886
292.816
289.745
258.815
-654321
247.547
241.006
235.573
229.485
223.64
217.359
212.554
206.432
200.461
259.001
265.709
269.638
275.602
281.409
287.767
292.21
291.537
287.905
253.938
-654321
241.919
236.594
229.334
223.24
216.953
212.16
205.992
200.233
194.31
253.159
259.589
262.959
271.674
273.866
278.348
281.923
288.956
293.221
247.581
-654321
235.89
230.156
224.55
218.446
211.84
205.466
199.487
193.603
187.541
247.914
254.094
259.261
265.559
270.28
275.693
279.922
286.131
287.003
242.268
-654321
229.352
223.162
217.689
212.415
205.545
200.742
193.164
187.162
182.245
241.241
246.48
253.763
259.376
264.777
268.731
274.546
278.996
285.173
234.871
-654321
224.271
217.534
211.608
206.846
199.467
194.204
187.953
181.614
175.936
236.135
241.429
247.216
252.51
259.3
265.957
271.577
276.278
279.873
230.142
-654321
218.002
211.157
206.388
198.963
192.067
187.647
182.076
175.135
169.283
229.104
236.049
242.008
247.515
253.29
259.007
265.725
269.762
273.133
224.184
-654321
213.025
206.109
199.885
193.952
187.852
183.039
175.193
168.9
163.646
223.267
229.948
236.044
241.813
248.264
253.25
259.355
266.466
270.191
218.795
-654321
206.222
197.961
193.214
188.557
181.676
175.367
170.167
163.682
158.205
217.559
223.652
229.228
235.737
241.726
247.231
254.054
258.958
264.017
211.79
-654321
200.156
193.016
188.901
182.219
174.892
170.235
164.045
157.626
152.286
212.161
217.363
224.425
229.206
234.935
242.296
247.287
253.81
258.178
204.862
-654321
193.172
186.283
180.91
175.55
168.725
163.455
158.165
152.875
145.912
207.486
211.424
217.67
223.954
230.77
235.621
242.303
247.63
252.643
199.684
-654321
188.728
181.462
176.308
168.838
164.87
157.566
151.166
144.971
139.041
204.455
205.49
211.229
218.146
223.783
228.548
235.398
241.859
246.549
192.963
-654321
181.182
174.373
168.916
164.502
157.326
151.43
146.478
138.843
135.063
192.914
199.209
205.974
212.19
218.07
223.645
230.046
235.313
241.704
187.687
-654321
176.203
170.207
164.111
158.219
150.777
147.74
139.675
132.792
144.278
186.57
192.955
201.409
205.89
211.892
218.643
224.352
212.087
235.318
181.627
-654321
170.904
164.115
155.58
151.861
145.93
140.824
134.723
127.917
171.131
180.899
188.008
193.815
198.293
204.626
211.745
217.237
207.433
229.539
176.11
-654321
162.411
156.923
151.715
145.094
140.339
134.549
127.561
121.722
175.965
182.137
187.425
193.138
200.415
206.267
211.81
217.151
223.472
169.357
-654321
157.2
151.219
146.439
141.346
134.349
126.078
121.779
171.876
174.357
181.482
186.694
195.265
199.873
205.213
212.175
217.895
181.487
-654321
149.639
157.066
140.636
160.451
128.499
121.26
162.994
173.069
176.202
181.721
188.726
188.034
191.963
205.601
211.567
158.248
-654321
147.337
139.584
134.552
127.273
119.365
157.991
164.494
171.305
177.756
182.788
186.288
191.783
199.918
204.756
172.624
-654321
139.473
133.988
128.595
140.524
151.307
157.601
167.534
169.239
175.527
183.201
186.417
193.388
199.923
145.835
-654321
133.221
126.764
153.151
146.159
152.787
158.299
163.234
169.159
176.982
180.137
186.236
192.752
138.395
-654321
144.657
122.505
139.777
145.837
151.127
177.381
180.589
170.95
176.861
180.693
188.843
135.798
-654321
121.088
136.113
165.471
146.557
153.246
159.106
167.528
169.99
176.352
181.613
127.541
-654321
128.957
131.805
164.403
145.86
153.172
162.355
161.913
169.043
175.726
140.059
-654321
224.997
234.646
260.738
265.573
285.581
291.304
304.724
303.35
314.303
211.123
-654321
238.009
254.691
270.068
277.27
274.43
300.892
309.589
304.834
306.893
211.004
223.264
-654321
252.56
267.773
284.171
294.716
294.181
303.715
306.156
309.944
304.545
225.324
211.449
241.488
-654321
271.569
281.159
291.178
307.111
299.957
303.646
311.105
307.884
301.605
234.399
222.397
210.67
251.451
-654321
276.852
283.874
303.67
303.878
310.707
306.974
309.891
305.336
301.58
257.22
238.746
223.768
210.965
266.984
-654321
291.337
304.602
305.35
305.449
308.585
308.579
304.346
301.354
294.591
264.991
252.559
236.147
223.125
209.875
280.401
-654321
299.57
310.553
306.626
306.485
306.862
298.908
302.137
294.843
290.697
283.457
269.775
248.378
240.932
226.164
211.158
286.674
-654321
308.32
307.176
308.338
304.06
304.138
296.494
296.865
293.216
286.041
292.393
290.25
263.491
253.159
239.273
225.419
210.161
304.882
-654321
307.553
306.1
306.47
305.495
300.183
292.885
291.072
286.343
281.183
299.946
291.367
276.713
264.878
247.278
238.64
222.663
211.349
307.951
-654321
306.944
309.607
303.295
300.294
295.384
291.406
285.873
280.358
275.644
304.671
304.805
292.932
286.171
267.922
251.171
237.73
223.094
210.542
307.635
-654321
308.809
304.501
300.092
294.449
284.955
286.348
280.104
275.158
269.701
307.749
304.538
306.366
292.786
276.198
266.932
252.474
240.199
222.916
308.507
-654321
299.884
301.782
295.467
292.05
287.501
281.711
275.682
270.082
263.885
307.35
306.604
302.475
303.684
288.136
278.15
264.598
252.343
240.532
308.098
-654321
304.25
298.16
289.829
284.691
278.946
276.343
270.455
264.16
258.679
305.361
307.647
309.189
309.7
300.77
293.235
284.17
269.686
253.319
305.165
-654321
294.422
291.969
286.086
281.376
273.094
270.144
264.734
258.629
252.323
303.592
304.234
305.182
303.484
305.332
305.048
298.858
281.394
263.78
302.915
-654321
291.981
284.731
280.677
276.017
269.753
264.19
258.435
252.868
246.972
296.155
307.13
305.649
298.098
308.637
301.736
303.571
291.096
281.737
294.439
-654321
286.094
280.133
276.183
269.347
261.092
258.839
252.726
246.689
240.834
294.8
300.28
303.659
306.537
305.091
299.109
306.008
293.971
292.158
293.456
-654321
281.743
273.872
270.65
264.704
258.559
252.718
246.605
240.321
235.734
288.85
293.934
299.148
306.725
306.094
307.531
305.374
310.064
303.17
287.404
-654321
275.803
270.397
263.541
257.944
252.571
247.244
240.344
235.226
228.807
282.625
290.364
295.928
296.276
301.59
300.318
305.567
308.436
306.505
280.919
-654321
269.466
263.883
259.499
252.35
246.43
240.481
234.507
228.829
222.909
278.347
285.93
287.633
300.295
298.176
297.318
304.399
308.729
306.347
275.594
-654321
263.695
257.649
253.088
246.752
241.149
234.558
228.142
221.815
216.488
274.681
281.519
287.496
291.463
297.167
303.639
304.663
310.131
308.383
270.952
-654321
257.992
252.614
245.963
240.652
234.124
228.846
222.187
216.09
210.931
269.394
276.053
277.898
286.104
292.62
291.03
301.798
302.88
308.166
263.598
-654321
251.474
246.546
240.888
234.043
228.372
222.14
216.699
210.755
205.066
263.72
269.559
274.916
279.896
284.23
293.727
289.871
301.253
304.395
256.463
-654321
246.584
239.904
234.356
227.932
222.244
216.432
211.344
204.564
199.408
258.496
263.712
270.436
276.2
280.527
283.648
292.483
295.068
298.751
253.012
-654321
240.486
234.03
227.451
222.635
216.744
210.531
203.361
198.14
192.171
251.982
258.236
264.077
269.936
276.473
280.606
287.74
288.295
296.536
246.077
-654321
233.729
227.886
224.582
216.495
210.544
205.064
198.177
192.457
187.866
246.224
252.037
257.604
265.234
270.893
273.766
281.494
285.453
291.404
240.773
-654321
229.09
222.685
216.758
210.198
203.851
199.427
193.381
187.252
180.304
240.093
245.875
252.337
258.157
264.565
269.57
273.545
281.674
286.001
235.242
-654321
222.005
216.386
209.849
203.998
198.882
192.055
186.264
179.583
174.443
235.377
241.665
246.382
250.935
256.802
264.385
268.849
273.42
281.18
227.863
-654321
217.083
211.522
204.7
198.271
192.921
186.594
180.624
174.535
167.392
228.302
234.338
240.524
245.784
252.464
258.07
265.306
239.756
275.246
222.336
-654321
210.365
205.533
197.629
192.649
187.172
181.62
174.437
168.061
162.756
222.723
228.815
233.904
240.366
246.665
253.501
258.329
264.332
270.155
216.159
-654321
205.283
199.358
192.771
186.441
180.942
173.859
170.015
161.287
155.489
217.085
222.55
228.265
234.661
240.38
247.313
251.161
258.922
264.082
211.511
-654321
198.25
192.815
186.676
178.487
175
167.958
162.628
156.028
149.435
212.117
216.442
221.578
228.278
233.967
240.097
245.561
227.018
258.23
207.195
-654321
192.213
186.31
181.762
175.745
168.745
162.369
156.472
150.977
203.924
211.498
204.228
222.117
228.236
234.391
240.233
246.905
252.378
197.883
-654321
185.872
180.977
173.891
167.975
161.255
155.581
151.063
197.823
205.962
211.63
217.649
219.701
227.348
234.714
240.9
246.459
191.686
-654321
180.745
187.659
168.346
162.747
157.428
159.091
193.937
198.699
204.108
210.215
216.965
222.393
227.817
233.539
240.644
187.509
-654321
174.152
167.637
162.213
156.939
151.691
185.477
192.149
199.231
204.975
210.808
217.206
221.771
210.557
234.999
181.158
-654321
171.1
163.556
155.382
150.892
179.54
186.087
192.885
200.655
206.058
210.279
215.725
223.717
229.08
172.532
-654321
162.845
156.361
150.648
173.924
178.06
184.953
186.903
203.545
205.35
211.506
215.914
222.463
168.566
-654321
157.194
149.993
169.212
175.908
180.603
186.017
192.935
192.288
203.953
210.138
216.154
162.278
-654321
149.632
162.629
168.997
173.078
178.949
188.24
193.652
197.944
195.692
210.748
157.069
-654321
156.422
163.403
168.821
175.102
179.754
185.005
192.281
196.466
204.087
150.885
-654321
225.797
239.279
251.792
265.031
279.592
299.847
305.389
311.789
323.465
210.845
-654321
239.182
249.28
271.206
271.155
289.157
308.236
321.009
324.548
328.938
209.211
222.333
-654321
254.584
261.406
272.706
291.74
306.598
321.292
321.476
328.019
328.652
226.031
211.74
239.254
-654321
267.425
278.062
286.247
305.139
315.284
321.247
324.095
323.447
325.65
241.703
222.13
210.184
251.413
-654321
286.436
296.114
312.991
311.168
329.61
322.781
326.853
324.127
327.009
247.117
239.557
222.226
210.188
271.611
-654321
291.247
306.794
315.516
317.84
324.966
320.627
323.968
322.227
327.155
265.738
253.712
240.68
223.064
211.386
285.971
-654321
308.208
320.228
318.13
318.99
322.353
323.85
325.183
325.213
317.959
273.023
263.877
254.208
242.677
228.014
210.707
293.085
-654321
317.963
322.578
316.147
325.961
326.75
326.61
322.503
317.662
313.621
291.678
277.141
267.202
254.942
237.974
225.284
210.214
307.525
-654321
323.177
328.992
325.72
327.094
322.836
313.122
317.905
313.997
312.443
306.128
293.87
284.964
269.529
248.385
239.785
227.875
211.52
310.36
-654321
326.024
324.001
324.45
325.649
322.895
319.894
313.036
310.258
304.545
323.729
314.34
299.74
273.558
267.217
254.97
241.811
225.362
210.701
318.166
-654321
325.091
323.33
324.467
321.034
317.996
314.875
309.73
306.321
298.042
321.836
312.435
314.661
290.183
283.364
267.923
252.007
235
222.482
324.935
-654321
325.482
320.955
322.599
320.738
313.971
309.836
304.926
299.946
294.244
320.682
317.009
313.951
306.801
289.78
275.225
268.026
253.198
238.267
323.649
-654321
328.152
323.503
319.124
315.443
309.281
304.344
298.565
295.306
288.11
326.563
323.396
324.538
311.264
302.477
290.969
279.598
264.207
252.174
327.087
-654321
323.795
317.879
316.357
311.147
304.774
299.158
293.716
288.68
282.277
326.009
324.617
323.61
324.723
322.75
297.358
284.516
280.98
264.804
321.834
-654321
316.265
314.762
305.611
303.641
298.591
294.233
287.768
283.618
277.394
327.899
327.928
329.035
324.55
327.623
326.836
306.798
298.663
280.23
320.162
-654321
313.573
310.367
304.182
300.446
295.874
288.395
284.505
278.013
272.05
316.136
327.053
325.151
326.989
327.451
320.287
327.898
302.627
298.326
317.93
-654321
311.276
304.515
298.809
294.192
289.872
284.715
277.352
272.493
266.582
318.264
320.943
316.871
328.583
327.207
336.341
319.965
312.502
311.353
312.823
-654321
306.519
300.633
292.788
288.534
284.49
274.505
272.655
265.838
260.27
317.262
318.997
320.415
324.601
323.479
323.311
326.992
326.405
317.504
313.141
-654321
302.58
294.509
287.998
284.22
278.378
271.436
265.812
260.094
254.701
312.083
314.348
315.611
327.634
324.103
325.771
325.128
317.146
321.326
307.1
-654321
293.445
287.489
284.244
277.5
272.522
265.262
260.234
254.96
248.077
302.904
310.441
314.848
322.127
320.473
320.751
327.469
325.288
326.276
299.151
-654321
287.989
283.32
276.66
271.656
266.469
258.669
254.041
248.805
242.076
300.383
305.329
307.022
317.457
313.429
322.838
325.408
328.014
338.064
292.996
-654321
284.043
276.515
272.396
266.2
260.678
254.234
248.257
242.036
236.331
293.763
296.117
298.277
310.649
312.758
319.84
322.439
326.936
326.416
287.404
-654321
278.439
270.24
266.448
260.587
253.655
249.415
241.979
235.854
229.856
288.711
294.962
301.084
307.94
304.647
317.853
320.934
323.154
320.572
281.541
-654321
272.616
265.771
259.776
253.846
247.399
241.291
236.547
230.005
225.26
284.186
289.788
294.984
302.02
306.98
310.416
311.697
323.099
320.504
276.695
-654321
266.861
259.567
254.75
247.638
241.93
236.771
230.087
225.365
217.892
279.023
284.154
289.118
295.668
298.807
303.463
312.213
308.761
318.039
272.343
-654321
260.907
254.919
248.204
241.812
236.421
229.733
223.614
218.298
212.457
271.12
278.053
283.727
286.369
287.081
298.669
303.738
309.941
316.513
266.551
-654321
255.057
248.288
242.686
236.099
228.64
223.658
218.906
212.598
206.022
265.429
271.269
277.909
283.97
288.143
293.261
298.646
303.009
309.325
260.014
-654321
247.673
242.037
236.656
230.402
223.995
219.056
212.105
205.508
200.05
260.286
266.662
270.744
276.331
283.992
289.473
291.986
294.47
306.084
253.857
-654321
241.404
235.957
229.651
224.498
217.484
211.853
206.393
199.076
194.59
254.632
259.354
266.21
271.673
277.998
282.496
283.034
295.107
299.068
248.175
-654321
237.585
229.343
225.044
218.049
211.83
206.808
200.642
194.324
189.266
248.813
253.61
260.067
266.611
272.521
276.293
284.218
290.069
291.276
242.982
-654321
229.737
224.186
218.975
212.429
206.677
200.361
194.292
187.381
181.872
242.844
247.588
252.395
259.415
266.207
272.648
276.304
279.066
289.484
236.149
-654321
224.513
217.909
212.484
206.437
193.133
194.863
188.348
181.426
235.456
242.731
224.831
254.067
259.825
265.619
271.424
278.082
282.631
230.245
-654321
217.645
212.768
206.418
200.41
193.722
188.488
182.326
229.371
236.283
241.882
247.491
253.931
259.65
266.94
271.728
276.649
224.103
-654321
199.206
206.03
201.136
193.747
188.881
182.867
224.106
229.058
235.687
243.006
246.729
228.728
261.136
237.546
272.298
219.658
-654321
205.933
199.386
193.25
187.618
182.027
218.058
224.219
229.338
234.456
222.106
224.973
253.423
260.856
266.183
213.14
-654321
199.631
192.669
197.057
181.663
213.678
218.354
223.676
229.596
235.084
241.126
248.693
254.06
259.829
205.758
-654321
195.362
188.042
182.875
206.417
214.264
216.519
224.261
213.475
237.255
241.226
248.742
253.865
200.142
-654321
187.855
179.383
199.645
206.757
211.967
217.488
224.157
213.13
237.256
220.239
248.088
195.979
-654321
180.513
187.761
200.489
207.388
211.586
218.89
224.262
230.501
236.522
241.529
187.992
-654321
188.09
193.895
197.858
206.674
211.643
204.764
223.848
230.654
235.94
180.305
-654321
221.963
235.918
253.192
259.891
269.06
304.064
307.083
313.941
339.244
211.673
-654321
239.303
255.937
269.642
281.212
295.82
305.78
319.367
334.848
326.551
209.81
228.18
-654321
252.938
265.673
280.421
294.377
315.34
317.287
329.725
337.656
339.994
226.166
209.647
238.797
-654321
267.826
276.012
297.144
310.272
315.654
334.37
336.23
341.324
341.495
237.367
225.573
208.88
248.638
-654321
274.999
301.424
313.562
314.074
336.921
331.259
343.458
338.144
341.441
245.567
240.104
221.707
211.236
267.143
-654321
291.721
299.881
309.549
316.664
338.025
346.819
341.929
335.303
345.57
262.133
255.431
236.007
222.923
209.048
280.861
-654321
311.64
330.439
336.232
329.138
344.521
343.129
346.022
336.483
342.317
279.411
271.194
247.756
239.236
224.932
209.368
296.471
-654321
314.148
333.434
341.433
335.282
349.496
344.328
341.895
347.418
333.991
292.001
280.21
261.229
255.24
238.059
224.013
210.315
303.475
-654321
324.718
342.168
341.808
335.839
342.116
344.519
339.527
341.032
334.305
312.686
286.535
284.256
272.626
250.927
236.642
223.632
210.514
319.272
-654321
336.165
342.504
339.443
342.298
338.525
341.103
331.838
337.303
327.023
321.825
322.651
291.627
288.457
268.848
250.138
241.272
224.211
211.114
320.654
-654321
337.947
344.325
341.351
343.993
343.344
341.9
335.835
333.949
324.619
330.255
317.395
309.623
300.879
280.442
265.45
255.396
234.113
220.45
330.493
-654321
338.904
342.891
342.655
342.385
338.35
337.724
329.395
324.069
322.828
338.823
329.09
323.554
308.442
296.12
278.349
263.528
252.416
239.282
346.233
-654321
344.055
345.735
341.138
339.968
336.676
333.018
326.756
323.105
316.608
336.033
327.686
327.844
321.05
311.849
294.113
288.09
267.708
252.995
340.906
-654321
344.393
340.549
335.646
336.362
330.21
326.895
321.494
316.245
311.574
343.371
342.65
331.937
335.276
319.462
308.449
291.197
278.568
263.42
343.461
-654321
344.091
335.127
332.373
332.507
327.785
319.983
315.241
311.478
306.874
345.402
342.149
341.872
329.154
333.064
310.936
313.993
298.465
280.827
346.309
-654321
338.593
338.547
329.242
326.886
322.198
318.561
310.99
306.375
300.86
344.736
349.698
342.204
347.362
339.122
329.371
319.018
307.608
295.129
339.499
-654321
331.126
332.635
322.232
324.882
317.521
309.593
305.271
299.618
293.841
336.01
342.744
342.584
337.901
342.045
334.554
340.882
320.411
312.345
339.489
-654321
325.64
324.427
317.594
317.593
309.126
306.456
300.448
294.025
289.307
342.714
340.847
343.177
334.301
342.011
342.304
343.945
341.082
326.713
329.119
-654321
327.684
320.709
316.046
311.906
305.564
301.428
294.527
288.276
283.509
335.347
333.929
342.144
346.615
347.916
341.18
347.715
334.859
331.749
332.718
-654321
318.508
316.424
312.8
305.705
300.892
295.104
289.603
282.352
276.741
332.836
336.34
336.14
342.068
344.145
344.344
336.778
335.198
334.047
328.743
-654321
315.46
311.754
307.015
300.912
294.804
288.07
283.094
277.315
271.129
324.724
330.119
340.249
337.303
348.21
339.081
345.522
341.237
341.644
320.711
-654321
306.297
303.658
294.953
293.849
287.202
283.607
277.617
271.422
265.257
323.956
329.628
331.866
332.959
341.937
331.928
346.828
343.782
344.121
315.996
-654321
306.847
299.844
294.896
289.114
282.322
277.377
271.473
265.619
259.253
314.563
321.179
329.502
332.317
331.973
338.17
340.161
344.083
335.817
310.029
-654321
301.192
295.374
283.505
283.869
277.168
271.847
265.839
259.286
253.549
307.835
314.645
316.086
321.869
328.683
333.406
339.195
339.023
347.608
306.733
-654321
294.64
288.284
282.187
277.604
271.942
264.554
259.78
253.498
247.297
306.722
308.658
316.986
318.886
326.174
331.07
338.901
340.631
341.969
300.296
-654321
287.978
283.076
277.854
271.555
265.532
259.661
253.65
247.293
241.115
301.219
306.238
309.831
317.51
323.08
329.536
319.359
326.945
336.53
296.012
-654321
283.169
276.636
272.006
265.228
259.662
253.45
247.617
241.774
235.684
293.932
301.449
306.75
301.986
314.85
319.592
329.992
324.388
334.807
289.471
-654321
277.224
270.694
265.303
258.99
253.35
248.1
241.663
235.46
229.217
289.173
294.89
300.621
306.965
311.345
314.643
324.849
322.705
330.261
283.329
-654321
271.93
264.842
259.823
254.148
248.098
241.769
235.275
230.291
222.968
283.311
289.3
295.068
299.953
306.029
311.196
309.382
314.93
326.906
277.409
-654321
265.726
258.856
252.424
247.221
241.511
235.141
230.028
223.037
218.14
274.62
281.307
289.287
295.86
293.167
305.429
312.863
312.975
318.082
271.294
-654321
258.824
253.485
247.213
241.439
234.64
229.785
223.294
217.478
211.521
270.828
277.044
282.746
288.392
292.84
297.452
306.135
311.193
313.311
265.024
-654321
252.614
247.127
240.23
235.553
229.74
223.456
218.04
211.052
265.775
270.816
278.597
282.41
289.784
295.09
300.086
304.809
311.624
259.949
-654321
247.643
240.238
235.247
212.901
223.85
218.775
213.101
259.282
265.475
270.764
278.038
283.635
288.504
291.397
301.119
307.153
253.889
-654321
240.615
235.956
228.661
222.948
217.252
211.642
253.205
259.246
266.121
271.086
277.499
283.065
286.527
290.202
293.537
247.565
-654321
216.81
230.891
222.76
204.329
211.947
248.268
253.109
258.919
264.865
270.142
277.212
283.143
288.589
294.941
241.682
-654321
228.29
223.717
218.272
210.383
241.282
247.313
252.135
259.145
265.046
270.964
277.488
283.214
286.488
236.016
-654321
224.149
217.071
210.942
235.085
241.109
246.955
229.464
258.919
264.368
272.55
278.426
283.635
228.916
-654321
217.21
211.191
229.205
235.962
233.103
247.124
252.507
258.897
265.897
270.589
277.237
222.813
-654321
210.686
208.401
228.997
236.093
232.272
246.833
253.427
260.256
264.41
271.689
217.111
-654321
216.364
222.855
228.965
235.674
241.128
247.022
253.742
260.197
265.061
211.498
-654321
211.456
229.298
222.752
249.196
257.147
255.249
278.974
273.27
288.453
205.881
-654321
225.071
235.748
277.278
253.393
264.975
271.769
278.992
291.863
299.038
205.637
214.632
-654321
231.988
241.713
252.328
267.793
270.046
270.133
288.398
292.094
297.716
212.124
205.096
224.455
-654321
241.333
255.799
259.606
276.786
283.208
279.76
291.72
305.192
303.747
222.096
214.462
206.835
234.555
-654321
259.265
256.78
281.122
280.08
289.441
290.315
308.755
302.551
298.022
231.863
222.829
215.93
206.069
241.578
-654321
266.536
268.413
270.849
289.132
297.885
300.639
301.047
306.617
304.081
250.095
232.187
224.135
215.923
205.134
253.394
-654321
260.18
281.97
292.711
293.857
307.703
303.782
300.653
306.16
303.893
253.964
241.681
236.891
226.529
214.884
206.075
257.389
-654321
281.745
288.507
297.956
303.209
303.92
305.118
303.789
305.296
302.358
263.6
256.203
248.387
234.894
220.636
213.564
206.002
268.935
-654321
291.348
298.483
301.803
300.289
295.179
305.139
300.999
300.292
302.794
269.826
261.539
252.756
239.102
232.869
221.916
214.128
204.934
281.068
-654321
296.831
304.248
296.382
301.511
305.258
295.397
304.584
297.802
297.077
279.292
275.811
256.294
251.235
241.128
237.681
226.521
215.224
205.33
290.202
-654321
295.491
305.306
304.788
298.567
305.373
305.233
300.823
299.096
291.696
287.785
284.193
266.967
263.272
254.986
244.06
235.915
223.323
214.288
298.367
-654321
303.008
301.028
300.824
303.605
305.148
298.711
299.444
296.536
294.553
295.289
286.701
283.699
275.632
258.993
249.649
237.8
234.135
226.406
306.478
-654321
302.33
307.164
302.752
303.387
313.272
295.3
296.611
293.272
290.52
301.001
295.717
290.832
277.033
271.073
269.321
251.124
243.612
234.47
305.29
-654321
304.308
302.041
304.975
297.283
298.843
290.757
293.941
291.406
283.364
294.087
306.492
292.187
289.107
286.482
269.854
258.771
253.095
243.214
302.594
-654321
307.733
302.435
299.7
297.487
295.758
295.65
290.258
288.02
282.32
301.535
302.13
303.666
293.791
280.996
283.305
260.453
263.014
247.684
299.94
-654321
319.019
298.914
299.297
296.136
294.647
290.218
286.256
283.731
279.421
305.157
295.27
302.542
298.111
291.589
291.435
283.331
273.207
261.905
303.556
-654321
301.49
298.566
297.764
292.821
290.636
287.567
283.886
280.677
277.053
305.063
304.727
302.469
301.341
293.159
296.241
290.05
275.563
266.935
300.593
-654321
298.837
298.133
292.655
290.827
286.59
282.44
280.43
276.776
273.37
302.875
303.088
304.022
301.833
302.364
297.321
301.206
296.944
282.966
300.65
-654321
295.129
291.414
286.873
285.995
284.013
280.507
277.031
272.958
269.618
298.651
299.736
304.406
302.476
304.555
301.975
299.042
294.945
283.403
297.453
-654321
290.011
289.013
287.266
284.593
281.074
276.737
273.511
268.523
266.03
300.309
318.993
301.585
302.658
305.43
302.553
308.653
295.564
285.766
294.813
-654321
290.993
288.181
284.741
280.321
277.325
273.223
268.822
265.718
262.217
296.834
299.63
301.522
297.784
301.503
302.461
303.095
301.471
301.828
292.428
-654321
288
284.416
279.613
277.078
273.243
269.873
266.095
261.708
257.914
294.284
299.832
299.973
302.142
304.005
301.02
303.982
295.691
304.157
290.431
-654321
283.254
278.055
276.756
271.427
269.37
263.052
261.557
257.618
254.054
290.262
293.388
292.678
296.477
303.441
301.957
301.98
293.658
304.501
286.302
-654321
279.63
275.912
273.337
268.32
265.654
261.716
258.321
253.746
249.842
285.661
287.733
290.631
296.552
299.427
303.439
302.615
292.437
302.801
282.456
-654321
277.748
270.184
269.544
265.911
261.482
257.982
254.142
250.555
246.109
282.379
287.187
290.622
289.454
297.021
300.839
300.383
297.651
303.976
281.578
-654321
273.534
269.205
265.483
260.603
258.27
253.743
250.007
246.273
242.109
280.383
284.118
287.769
288.063
294.878
299.395
299.709
300.362
303.865
277.012
-654321
268.764
265.538
262.117
258.109
254.581
249.904
246.266
242.268
238.792
276.603
281.025
284.772
287.661
286.514
296.568
293.29
292.874
301.283
273.073
-654321
265.216
261.848
257.929
253.896
249.567
246.481
242.059
238.69
234.299
273.058
277.183
280.936
284.156
283.482
289.48
287.815
298.933
301.036
269.079
-654321
261.625
258.167
254.043
250.12
245.662
242.084
238.022
234.062
230.404
269.328
274.082
277.517
281.054
283.815
287.852
291.757
288.166
296.66
263.184
-654321
257.646
254.26
249.955
245.831
241.882
238.422
233.997
230.206
226.05
265.32
270.011
273.326
277.028
280.896
284.837
288.465
292.104
290.297
261.773
-654321
253.933
249.885
245.945
242.414
239.126
234.219
229.936
225.813
222.286
260.789
265.783
269.666
272.391
276.251
280.553
285.139
287.919
291.131
258.168
-654321
250.705
246.149
242.344
238.027
234.182
230.494
225.928
221.706
257.427
262.39
265.904
269.543
272.714
276.844
281.387
283.689
287.819
254.082
-654321
247.079
241.781
238.218
233.922
230.426
226.722
212.838
254.221
257.549
261.992
265.08
269.689
273.363
276.687
276.659
283.537
249.876
-654321
242.774
238.239
233.636
229.477
226.234
221.987
250.601
254.629
257.643
262.413
265.132
268.994
273.976
273.936
279.659
245.813
-654321
238.393
234.832
230.275
226.101
222.793
246.281
249.714
253.311
257.742
262.187
265.52
269.101
273.573
276.388
241.632
-654321
234.57
229.966
226.459
221.692
242.209
246.016
250.309
253.953
258.739
261.922
265.42
269.539
273.464
237.741
-654321
230.516
225.53
221.79
238.048
242.896
246.136
250.316
253.791
258.023
262.638
265.063
269.554
233.995
-654321
225.876
221.819
235.007
238.236
242.443
246.029
250.328
254.227
257.068
261.803
265.728
229.931
-654321
222.559
229.542
234.688
238.407
242.809
245.783
250.127
254.841
257.329
261.668
225.282
-654321
226.088
229.477
234.417
238.316
241.41
224.809
250.132
253.448
258.058
221.851
-654321
