0.965162 1
0.0340459 11
0.000791766 51
-123456
0.93808 2
0.0619195 12
-123456
0.960972 3
0.0382916 13
0.000736377 53
-123456
0.959387 4
0.040613 14
-123456
0.962575 5
0.0366766 15
0.000748503 45
-123456
0.957589 6
0.0424107 16
-123456
0.966992 7
0.0330083 17
-123456
0.961948 8
0.0380518 18
-123456
0.960488 9
0.0387931 19
0.000718391 49
-123456
0.95914 0
0.0408602 10
-123456
-654321
0.955381 2
0.0446194 12
-123456
0.974299 3
0.0257009 13
-123456
0.966102 4
0.0338983 14
-123456
0.954887 5
0.0451128 15
-123456
0.961538 6
0.0384615 16
-123456
0.952596 7
0.0474041 17
-123456
0.945946 8
0.0540541 18
-123456
0.958974 9
0.0410256 19
-123456
0.968686 0
0.0313138 10
-123456
0.945368 1
0.0546318 11
-123456
-654321
0.96401 3
0.0359897 13
-123456
0.949875 4
0.0501253 14
-123456
0.97027 5
0.0297297 15
-123456
0.953086 6
0.0444444 16
0.00246914 56
-123456
0.961853 7
0.0381471 17
-123456
0.946565 8
0.0534351 18
-123456
0.989041 9
0.0109589 19
-123456
0.946154 1
0.0538462 11
-123456
0.959168 0
0.0400891 10
0.000742391 40
-123456
0.957672 2
0.042328 12
-123456
-654321
0.94051 4
0.0594901 14
-123456
0.95814 5
0.0418605 15
-123456
0.948837 6
0.0511628 16
-123456
0.939086 7
0.0609137 17
-123456
0.964789 8
0.0352113 18
-123456
0.944737 9
0.0552632 19
-123456
0.966387 2
0.0336134 12
-123456
0.983607 1
0.0163934 11
-123456
0.956614 0
0.0433855 10
-123456
0.96124 3
0.0387597 13
-123456
-654321
0.951654 5
0.0483461 15
-123456
0.945026 6
0.0549738 16
-123456
0.961538 7
0.0384615 17
-123456
0.966581 8
0.033419 18
-123456
0.957071 9
0.0429293 19
-123456
0.953125 3
0.046875 13
-123456
0.952267 2
0.0477327 12
-123456
0.964646 1
0.0353535 11
-123456
0.959589 0
0.0404115 10
-123456
0.955263 4
0.0447368 14
-123456
-654321
0.959128 6
0.0408719 16
-123456
0.955556 7
0.0444444 17
-123456
0.956204 8
0.0437956 18
-123456
0.960199 9
0.039801 19
-123456
0.936 4
0.064 14
-123456
0.956395 3
0.0436046 13
-123456
0.959288 2
0.0407125 12
-123456
0.944162 1
0.0558376 11
-123456
0.956184 0
0.0438163 10
-123456
0.956186 5
0.0438144 15
-123456
-654321
0.951456 7
0.0485437 17
-123456
0.966265 8
0.0337349 18
-123456
0.960836 9
0.0391645 19
-123456
0.957393 5
0.0426065 15
-123456
0.953727 4
0.0462725 14
-123456
0.952381 3
0.047619 13
-123456
0.959064 2
0.0409357 12
-123456
0.965686 1
0.0343137 11
-123456
0.959155 0
0.0408451 10
-123456
0.968831 6
0.0311688 16
-123456
-654321
0.936321 8
0.0636792 18
-123456
0.944862 9
0.0551378 19
-123456
0.974937 6
0.0250627 16
-123456
0.955083 5
0.0449173 15
-123456
0.962175 4
0.0378251 14
-123456
0.966495 3
0.0335052 13
-123456
0.963592 2
0.0364078 12
-123456
0.965087 1
0.0349127 11
-123456
0.953387 0
0.0466133 10
-123456
0.949495 7
0.050505 17
-123456
-654321
0.94086 9
0.0564516 19
0.00268817 49
-123456
0.956204 7
0.0437956 17
-123456
0.981579 6
0.0184211 16
-123456
0.945498 5
0.0545024 15
-123456
0.963218 4
0.0367816 14
-123456
0.961187 3
0.0388128 13
-123456
0.944297 2
0.0557029 12
-123456
0.969697 1
0.030303 11
-123456
0.963289 0
0.0367107 10
-123456
0.973684 8
0.0263158 18
-123456
-654321
0.953317 8
0.046683 18
-123456
0.962617 7
0.0373832 17
-123456
0.958042 6
0.041958 16
-123456
0.963824 5
0.0361757 15
-123456
0.973366 4
0.0266344 14
-123456
0.96368 3
0.0338983 13
0.00242131 53
-123456
0.958457 2
0.041543 12
-123456
0.968831 1
0.0285714 11
0.0025974 41
-123456
0.955224 0
0.0447761 10
-123456
0.955679 9
0.0443213 19
-123456
-654321
0.0829493 1
0.85023 11
0.0668203 21
-123456
0.0813705 2
0.843683 12
0.0749465 22
-123456
0.0614754 3
0.868852 13
0.0696721 23
-123456
0.06 4
0.87 14
0.07 24
-123456
0.06 5
0.865 15
0.075 25
-123456
0.0627803 6
0.820628 16
0.116592 26
-123456
0.0865385 7
0.783654 17
0.129808 27
-123456
0.0970464 8
0.848101 18
0.0548523 28
-123456
0.0789474 9
0.826316 19
0.0947368 29
-123456
0.0851064 0
0.840426 10
0.0744681 20
-123456
-654321
0.114286 2
0.782418 12
0.103297 22
-123456
0.123457 3
0.780247 13
0.0962963 23
-123456
0.105392 4
0.764706 14
0.129902 24
-123456
0.11054 5
0.784062 15
0.105398 25
-123456
0.100239 6
0.794749 16
0.105012 26
-123456
0.145089 7
0.732143 17
0.122768 27
-123456
0.110256 8
0.776923 18
0.112821 28
-123456
0.119438 9
0.772834 19
0.107728 29
-123456
0.120098 0
0.791667 10
0.0882353 20
-123456
0.11094 1
0.765794 11
0.123267 21
-123456
-654321
0.0900322 3
0.826367 13
0.0836013 23
-123456
0.101399 4
0.793706 14
0.104895 24
-123456
0.0974729 5
0.815884 15
0.0866426 25
-123456
0.0761246 6
0.809689 16
0.114187 26
-123456
0.0881226 7
0.800766 17
0.111111 27
-123456
0.0787402 8
0.850394 18
0.0708661 28
-123456
0.0658915 9
0.825581 19
0.108527 29
-123456
0.108647 1
0.780488 11
0.110865 21
-123456
0.106383 0
0.801418 10
0.0921986 20
-123456
0.102167 2
0.820433 12
0.0773994 22
-123456
-654321
0.0979381 4
0.835052 14
0.0670103 24
-123456
0.102941 5
0.818627 15
0.0784314 25
-123456
0.0688073 6
0.857798 16
0.0733945 26
-123456
0.0416667 7
0.859375 17
0.0989583 27
-123456
0.0865385 8
0.817308 18
0.0961538 28
-123456
0.0769231 9
0.846154 19
0.0769231 29
-123456
0.0707071 2
0.848485 12
0.0808081 22
-123456
0.0801282 1
0.842949 11
0.0769231 21
-123456
0.0917874 0
0.835749 10
0.0724638 20
-123456
0.094697 3
0.814394 13
0.0909091 23
-123456
-654321
0.0818713 5
0.80117 15
0.116959 25
-123456
0.0923913 6
0.826087 16
0.0815217 26
-123456
0.0718563 7
0.844311 17
0.0838323 27
-123456
0.139896 8
0.797927 18
0.0621762 28
-123456
0.1 9
0.822222 19
0.0777778 29
-123456
0.0954774 3
0.788945 13
0.115578 23
-123456
0.093985 2
0.828947 12
0.0770677 22
-123456
0.0891473 1
0.841085 11
0.0697674 21
-123456
0.121019 0
0.789809 10
0.089172 20
-123456
0.111732 4
0.77095 14
0.117318 24
-123456
-654321
0.0320513 6
0.884615 16
0.0833333 26
-123456
0.107784 7
0.802395 17
0.0898204 27
-123456
0.0714286 8
0.850649 18
0.0779221 28
-123456
0.0851064 9
0.835106 19
0.0797872 29
-123456
0.0913979 4
0.77957 14
0.129032 24
-123456
0.0674847 3
0.815951 13
0.116564 23
-123456
0.0876494 2
0.800797 12
0.111554 22
-123456
0.055102 1
0.857143 11
0.0877551 21
-123456
0.0628571 0
0.817143 10
0.12 20
-123456
0.0769231 5
0.871795 15
0.0512821 25
-123456
-654321
0.104167 7
0.8125 17
0.0833333 27
-123456
0.122449 8
0.755102 18
0.122449 28
-123456
0.102273 9
0.795455 19
0.102273 29
-123456
0.113924 5
0.791139 15
0.0949367 25
-123456
0.0952381 4
0.798942 14
0.10582 24
-123456
0.0833333 3
0.809524 13
0.107143 23
-123456
0.0761905 2
0.828571 12
0.0952381 22
-123456
0.0881295 1
0.820144 11
0.0917266 21
-123456
0.0576923 0
0.820513 10
0.121795 20
-123456
0.117949 6
0.758974 16
0.123077 26
-123456
-654321
0.103448 8
0.770115 18
0.126437 28
-123456
0.131148 9
0.770492 19
0.0983607 29
-123456
0.123457 6
0.814815 16
0.0617284 26
-123456
0.113208 5
0.805031 15
0.081761 25
-123456
0.0869565 4
0.795031 14
0.118012 24
-123456
0.100629 3
0.836478 13
0.0628931 23
-123456
0.109974 2
0.795396 12
0.0946292 22
-123456
0.0982368 1
0.81864 11
0.0831234 21
-123456
0.1 0
0.817647 10
0.0823529 20
-123456
0.133333 7
0.827778 17
0.0388889 27
-123456
-654321
0.0858896 9
0.822086 19
0.0920245 29
-123456
0.144654 7
0.779874 17
0.0754717 27
-123456
0.0838323 6
0.826347 16
0.0898204 26
-123456
0.125 5
0.818182 15
0.0568182 25
-123456
0.150538 4
0.741935 14
0.107527 24
-123456
0.0897436 3
0.807692 13
0.102564 23
-123456
0.117925 2
0.787736 12
0.0943396 22
-123456
0.0924658 1
0.818493 11
0.0890411 21
-123456
0.0914634 0
0.823171 10
0.0853659 20
-123456
0.091954 8
0.798851 18
0.109195 28
-123456
-654321
0.078534 8
0.827225 18
0.0942408 28
-123456
0.0867052 7
0.82659 17
0.0867052 27
-123456
0.121795 6
0.826923 16
0.0512821 26
-123456
0.0679012 5
0.820988 15
0.111111 25
-123456
0.0837989 4
0.837989 14
0.0782123 24
-123456
0.0989583 3
0.776042 13
0.125 23
-123456
0.0833333 2
0.828947 12
0.0877193 22
-123456
0.0727612 1
0.802239 11
0.125 21
-123456
0.135593 0
0.79096 10
0.0734463 20
-123456
0.039548 9
0.875706 19
0.0847458 29
-123456
-654321
0.124224 11
0.782609 21
0.0931677 31
-123456
0.0698925 12
0.811828 22
0.11828 32
-123456
0.16726 13
0.690391 23
0.142349 33
-123456
0.107744 14
0.777778 24
0.114478 34
-123456
0.106509 15
0.798817 25
0.0946746 35
-123456
0.135714 16
0.778571 26
0.0857143 36
-123456
0.0970149 17
0.761194 27
0.141791 37
-123456
0.0888889 18
0.762963 28
0.148148 38
-123456
0.0921053 19
0.809211 29
0.0986842 39
-123456
0.0866667 10
0.8 20
0.113333 30
-123456
-654321
0.0742857 12
0.828571 22
0.0971429 32
-123456
0.115702 13
0.758264 23
0.126033 33
-123456
0.0864198 14
0.799383 24
0.114198 34
-123456
0.131429 15
0.805714 25
0.0628571 35
-123456
0.0714286 16
0.815476 26
0.113095 36
-123456
0.109524 17
0.790476 27
0.1 37
-123456
0.0880503 18
0.811321 28
0.100629 38
-123456
0.0944444 19
0.822222 29
0.0833333 39
-123456
0.121429 10
0.792857 20
0.0857143 30
-123456
0.137363 11
0.769231 21
0.0934066 31
-123456
-654321
0.0933333 13
0.819048 23
0.0876191 33
-123456
0.120253 14
0.778481 24
0.101266 34
-123456
0.101124 15
0.808989 25
0.0898876 35
-123456
0.12 16
0.806667 26
0.0733333 36
-123456
0.105263 17
0.783626 27
0.111111 37
-123456
0.138554 18
0.740964 28
0.120482 38
-123456
0.133758 19
0.764331 29
0.101911 39
-123456
0.0852273 11
0.784091 21
0.130682 31
-123456
0.116959 10
0.766082 20
0.116959 30
-123456
0.105991 12
0.764977 22
0.129032 32
-123456
-654321
0.116054 14
0.746615 24
0.137331 34
-123456
0.121662 15
0.747774 25
0.130564 35
-123456
0.160121 16
0.712991 26
0.126888 36
-123456
0.1261 17
0.718475 27
0.155425 37
-123456
0.0984127 18
0.749206 28
0.152381 38
-123456
0.128141 19
0.748744 29
0.123116 39
-123456
0.143293 12
0.679878 22
0.176829 32
-123456
0.146814 11
0.714681 21
0.138504 31
-123456
0.151862 10
0.724928 20
0.123209 30
-123456
0.137383 13
0.731776 23
0.130841 33
-123456
-654321
0.108491 15
0.811321 25
0.0801887 35
-123456
0.131356 16
0.783898 26
0.0847458 36
-123456
0.133971 17
0.712919 27
0.15311 37
-123456
0.0977778 18
0.8 28
0.102222 38
-123456
0.0877193 19
0.785088 29
0.127193 39
-123456
0.12283 13
0.779706 23
0.0974633 33
-123456
0.159624 12
0.732394 22
0.107981 32
-123456
0.103448 11
0.807882 21
0.0886699 31
-123456
0.0803571 10
0.790179 20
0.129464 30
-123456
0.129032 14
0.801843 24
0.0691244 34
-123456
-654321
0.114583 16
0.776042 26
0.109375 36
-123456
0.114754 17
0.765027 27
0.120219 37
-123456
0.0594595 18
0.854054 28
0.0864865 38
-123456
0.0802469 19
0.82716 29
0.0925926 39
-123456
0.0928571 14
0.830952 24
0.0761905 34
-123456
0.0952381 13
0.81203 23
0.0927318 33
-123456
0.0909091 12
0.823529 22
0.0855615 32
-123456
0.0946746 11
0.810651 21
0.0946746 31
-123456
0.0989011 10
0.818681 20
0.0824176 30
-123456
0.0625 15
0.857955 25
0.0795455 35
-123456
-654321
0.0921053 17
0.848684 27
0.0592105 37
-123456
0.104839 18
0.798387 28
0.0967742 38
-123456
0.104167 19
0.743056 29
0.152778 39
-123456
0.0877193 15
0.812865 25
0.0994152 35
-123456
0.111111 14
0.808889 24
0.08 34
-123456
0.105634 13
0.767606 23
0.126761 33
-123456
0.101266 12
0.778481 22
0.120253 32
-123456
0.0675676 11
0.837838 21
0.0945946 31
-123456
0.124088 10
0.781022 20
0.0948905 30
-123456
0.1 16
0.753333 26
0.146667 36
-123456
-654321
0.0884354 18
0.802721 28
0.108844 38
-123456
0.133333 19
0.793333 29
0.0733333 39
-123456
0.122951 16
0.786885 26
0.0901639 36
-123456
0.115789 15
0.747368 25
0.136842 35
-123456
0.0681818 14
0.827922 24
0.103896 34
-123456
0.125 13
0.782895 23
0.0921053 33
-123456
0.107143 12
0.761905 22
0.130952 32
-123456
0.0875912 11
0.79562 21
0.116788 31
-123456
0.15894 10
0.741722 20
0.0993377 30
-123456
0.146497 17
0.77707 27
0.0764331 37
-123456
-654321
0.0820896 19
0.80597 29
0.11194 39
-123456
0.0652174 17
0.753623 27
0.181159 37
-123456
0.146853 16
0.769231 26
0.0839161 36
-123456
0.101266 15
0.78481 25
0.113924 35
-123456
0.13986 14
0.769231 24
0.0909091 34
-123456
0.0961538 13
0.802885 23
0.100962 33
-123456
0.0945274 12
0.810945 22
0.0945274 32
-123456
0.133333 11
0.786667 21
0.08 31
-123456
0.115942 10
0.768116 20
0.115942 30
-123456
0.181034 18
0.741379 28
0.0775862 38
-123456
-654321
0.100671 18
0.751678 28
0.147651 38
-123456
0.125 17
0.7375 27
0.1375 37
-123456
0.136986 16
0.780822 26
0.0821918 36
-123456
0.119048 15
0.77381 25
0.107143 35
-123456
0.0948905 14
0.744526 24
0.160584 34
-123456
0.0864979 13
0.767932 23
0.14557 33
-123456
0.106667 12
0.833333 22
0.06 32
-123456
0.111801 11
0.795031 21
0.0931677 31
-123456
0.0555556 10
0.851852 20
0.0925926 30
-123456
0.173611 19
0.680556 29
0.145833 39
-123456
-654321
0.102804 21
0.700935 31
0.196262 41
-123456
0.164179 22
0.716418 32
0.119403 42
-123456
0.116667 23
0.725 33
0.158333 43
-123456
0.0861111 24
0.794444 34
0.119444 44
-123456
0.205607 25
0.719626 35
0.0747664 45
-123456
0.166667 26
0.694444 36
0.138889 46
-123456
0.165414 27
0.736842 37
0.0977444 47
-123456
0.118519 28
0.725926 38
0.155556 48
-123456
0.164286 29
0.671429 39
0.164286 49
-123456
0.162963 20
0.711111 30
0.125926 40
-123456
-654321
0.219512 22
0.682927 32
0.097561 42
-123456
0.16 23
0.75 33
0.09 43
-123456
0.139706 24
0.794118 34
0.0661765 44
-123456
0.103846 25
0.765385 35
0.130769 45
-123456
0.152027 26
0.719595 36
0.128378 46
-123456
0.125874 27
0.748252 37
0.125874 47
-123456
0.150376 28
0.759399 38
0.0902256 48
-123456
0.114504 29
0.755725 39
0.129771 49
-123456
0.114754 20
0.713115 30
0.172131 40
-123456
0.0940171 21
0.820513 31
0.0854701 41
-123456
-654321
0.108333 23
0.775 33
0.116667 43
-123456
0.124183 24
0.738562 34
0.137255 44
-123456
0.111702 25
0.744681 35
0.143617 45
-123456
0.0810811 26
0.777027 36
0.141892 46
-123456
0.139073 27
0.761589 37
0.0993377 47
-123456
0.0833333 28
0.791667 38
0.125 48
-123456
0.124031 29
0.713178 39
0.162791 49
-123456
0.15493 21
0.732394 31
0.112676 41
-123456
0.134921 20
0.761905 30
0.103175 40
-123456
0.128 22
0.728 32
0.144 42
-123456
-654321
0.0794702 24
0.821192 34
0.0993377 44
-123456
0.118257 25
0.782158 35
0.0995851 45
-123456
0.102857 26
0.817143 36
0.08 46
-123456
0.0540541 27
0.843243 37
0.102703 47
-123456
0.116129 28
0.8 38
0.083871 48
-123456
0.148148 29
0.746914 39
0.104938 49
-123456
0.119497 22
0.798742 32
0.081761 42
-123456
0.044586 21
0.847134 31
0.10828 41
-123456
0.133333 20
0.745455 30
0.121212 40
-123456
0.0932643 23
0.818653 33
0.0880829 43
-123456
-654321
0.137011 25
0.740214 35
0.122776 45
-123456
0.115079 26
0.757937 36
0.126984 46
-123456
0.127072 27
0.745856 37
0.127072 47
-123456
0.12 28
0.745 38
0.135 48
-123456
0.145078 29
0.709845 39
0.145078 49
-123456
0.152941 23
0.705882 33
0.141176 43
-123456
0.127358 22
0.726415 32
0.146226 42
-123456
0.101523 21
0.766497 31
0.13198 41
-123456
0.149425 20
0.724138 30
0.126437 40
-123456
0.156951 24
0.717489 34
0.125561 44
-123456
-654321
0.165079 26
0.685714 36
0.149206 46
-123456
0.160656 27
0.685246 37
0.154098 47
-123456
0.120401 28
0.742475 38
0.137124 48
-123456
0.114865 29
0.75 39
0.135135 49
-123456
0.156313 24
0.727455 34
0.116232 44
-123456
0.137931 23
0.670498 33
0.191571 43
-123456
0.162963 22
0.7 32
0.137037 42
-123456
0.141892 21
0.675676 31
0.182432 41
-123456
0.138298 20
0.695035 30
0.166667 40
-123456
0.158687 25
0.686731 35
0.154583 45
-123456
-654321
0.0780142 27
0.822695 37
0.0992908 47
-123456
0.0972973 28
0.783784 38
0.118919 48
-123456
0.105556 29
0.783333 39
0.111111 49
-123456
0.1375 25
0.745 35
0.1175 45
-123456
0.0984127 24
0.761905 34
0.139683 44
-123456
0.104046 23
0.780347 33
0.115607 43
-123456
0.0764331 22
0.802548 32
0.121019 42
-123456
0.123377 21
0.779221 31
0.0974026 41
-123456
0.134615 20
0.775641 30
0.0897436 40
-123456
0.0994475 26
0.78453 36
0.116022 46
-123456
-654321
0.0818713 28
0.795322 38
0.122807 48
-123456
0.0927152 29
0.735099 39
0.172185 49
-123456
0.115152 26
0.806061 36
0.0787879 46
-123456
0.110476 25
0.777143 35
0.112381 45
-123456
0.161677 24
0.790419 34
0.0479042 44
-123456
0.111111 23
0.777778 33
0.111111 43
-123456
0.125 22
0.76875 32
0.10625 42
-123456
0.0743243 21
0.777027 31
0.148649 41
-123456
0.164179 20
0.701493 30
0.134328 40
-123456
0.13245 27
0.774834 37
0.0927152 47
-123456
-654321
0.130435 29
0.782609 39
0.0869565 49
-123456
0.154362 27
0.684564 37
0.161074 47
-123456
0.130769 26
0.707692 36
0.161538 46
-123456
0.132287 25
0.73991 35
0.127803 45
-123456
0.173077 24
0.692308 34
0.134615 44
-123456
0.111111 23
0.785185 33
0.103704 43
-123456
0.0728477 22
0.834437 32
0.0927152 42
-123456
0.131783 21
0.790698 31
0.0775194 41
-123456
0.112583 20
0.774834 30
0.112583 40
-123456
0.103226 28
0.748387 38
0.148387 48
-123456
-654321
0.124088 28
0.781022 38
0.0948905 48
-123456
0.129252 27
0.755102 37
0.115646 47
-123456
0.172131 26
0.704918 36
0.122951 46
-123456
0.120301 25
0.744361 35
0.135338 45
-123456
0.123377 24
0.730519 34
0.146104 44
-123456
0.0872483 23
0.765101 33
0.147651 43
-123456
0.126984 22
0.666667 32
0.206349 42
-123456
0.147541 21
0.721311 31
0.131148 41
-123456
0.11811 20
0.740157 30
0.141732 40
-123456
0.153226 29
0.693548 39
0.153226 49
-123456
-654321
0.117647 31
0.75 41
0.132353 51
-123456
0.158333 32
0.725 42
0.116667 52
-123456
0.148148 33
0.777778 43
0.0740741 53
-123456
0.113043 34
0.713043 44
0.173913 54
-123456
0.109375 35
0.796875 45
0.09375 55
-123456
0.113043 36
0.791304 46
0.0956522 56
-123456
0.116667 37
0.738889 47
0.144444 57
-123456
0.116438 38
0.80137 48
0.0821918 58
-123456
0.131034 39
0.793103 49
0.0758621 59
-123456
0.134615 30
0.788462 40
0.0769231 50
-123456
-654321
0.117647 32
0.705882 42
0.176471 52
-123456
0.132353 33
0.713235 43
0.154412 53
-123456
0.108974 34
0.769231 44
0.121795 54
-123456
0.194444 35
0.638889 45
0.166667 55
-123456
0.14321 36
0.735802 46
0.120988 56
-123456
0.0857143 37
0.8 47
0.114286 57
-123456
0.104396 38
0.758242 48
0.137363 58
-123456
0.165289 39
0.669421 49
0.165289 59
-123456
0.157895 30
0.721804 40
0.120301 50
-123456
0.141593 31
0.699115 41
0.159292 51
-123456
-654321
0.102362 33
0.755906 43
0.141732 53
-123456
0.12844 34
0.733945 44
0.137615 54
-123456
0.04 35
0.832 45
0.128 55
-123456
0.132075 36
0.758491 46
0.109434 56
-123456
0.127946 37
0.760943 47
0.111111 57
-123456
0.1125 38
0.79375 48
0.09375 58
-123456
0.120968 39
0.766129 49
0.112903 59
-123456
0.148148 31
0.718518 41
0.133333 51
-123456
0.139706 30
0.683824 40
0.176471 50
-123456
0.123077 32
0.753846 42
0.123077 52
-123456
-654321
0.165289 34
0.727273 44
0.107438 54
-123456
0.164474 35
0.730263 45
0.105263 55
-123456
0.14094 36
0.697987 46
0.161074 56
-123456
0.145038 37
0.709924 47
0.145038 57
-123456
0.129032 38
0.782258 48
0.0887097 58
-123456
0.126866 39
0.716418 49
0.156716 59
-123456
0.0967742 32
0.758065 42
0.145161 52
-123456
0.131148 31
0.704918 41
0.163934 51
-123456
0.183007 30
0.751634 40
0.0653595 50
-123456
0.111111 33
0.740741 43
0.148148 53
-123456
-654321
0.116438 35
0.780822 45
0.10274 55
-123456
0.146939 36
0.722449 46
0.130612 56
-123456
0.101156 37
0.789017 47
0.109827 57
-123456
0.118056 38
0.777778 48
0.104167 58
-123456
0.133858 39
0.771654 49
0.0944882 59
-123456
0.107692 33
0.769231 43
0.123077 53
-123456
0.100671 32
0.738255 42
0.161074 52
-123456
0.152778 31
0.722222 41
0.125 51
-123456
0.104348 30
0.765217 40
0.130435 50
-123456
0.179688 34
0.6875 44
0.132812 54
-123456
-654321
0.0958606 36
0.793028 46
0.111111 56
-123456
0.09375 37
0.807292 47
0.0989583 57
-123456
0.115789 38
0.8 48
0.0842105 58
-123456
0.109375 39
0.770833 49
0.119792 59
-123456
0.097561 34
0.814634 44
0.0878049 54
-123456
0.115385 33
0.785714 43
0.0989011 53
-123456
0.169591 32
0.748538 42
0.0818713 52
-123456
0.0866667 31
0.8 41
0.113333 51
-123456
0.111702 30
0.787234 40
0.101064 50
-123456
0.114983 35
0.770035 45
0.114983 55
-123456
-654321
0.147612 37
0.69754 47
0.154848 57
-123456
0.129151 38
0.734317 48
0.136531 58
-123456
0.0987124 39
0.755365 49
0.145923 59
-123456
0.14902 35
0.709804 45
0.141176 55
-123456
0.176707 34
0.638554 44
0.184739 54
-123456
0.155251 33
0.721461 43
0.123288 53
-123456
0.0950226 32
0.728507 42
0.176471 52
-123456
0.105263 31
0.760766 41
0.133971 51
-123456
0.142222 30
0.715556 40
0.142222 50
-123456
0.160377 36
0.679245 46
0.160377 56
-123456
-654321
0.155313 38
0.694823 48
0.149864 58
-123456
0.128514 39
0.730924 49
0.140562 59
-123456
0.143421 36
0.734211 46
0.122368 56
-123456
0.132743 35
0.740413 45
0.126844 55
-123456
0.135036 34
0.733577 44
0.131387 54
-123456
0.151163 33
0.767442 43
0.0813954 53
-123456
0.12931 32
0.728448 42
0.142241 52
-123456
0.0869565 31
0.758893 41
0.15415 51
-123456
0.121622 30
0.747748 40
0.130631 50
-123456
0.132296 37
0.723735 47
0.143969 57
-123456
-654321
0.127517 39
0.778524 49
0.0939597 59
-123456
0.114341 37
0.744186 47
0.141473 57
-123456
0.0947368 36
0.821053 46
0.0842105 56
-123456
0.145695 35
0.741722 45
0.112583 55
-123456
0.0931677 34
0.801242 44
0.10559 54
-123456
0.13245 33
0.735099 43
0.13245 53
-123456
0.0962567 32
0.759358 42
0.144385 52
-123456
0.105882 31
0.811765 41
0.0823529 51
-123456
0.127389 30
0.707006 40
0.165605 50
-123456
0.141975 38
0.716049 48
0.141975 58
-123456
-654321
0.152439 38
0.743902 48
0.103659 58
-123456
0.147368 37
0.721053 47
0.131579 57
-123456
0.115756 36
0.768489 46
0.115756 56
-123456
0.198238 35
0.722467 45
0.0792952 55
-123456
0.101695 34
0.745763 44
0.152542 54
-123456
0.134328 33
0.746269 43
0.119403 53
-123456
0.047619 32
0.802721 42
0.14966 52
-123456
0.103226 31
0.787097 41
0.109677 51
-123456
0.0902256 30
0.736842 40
0.172932 50
-123456
0.0629921 39
0.80315 49
0.133858 59
-123456
-654321
0.137931 41
0.706897 51
0.155172 61
-123456
0.175439 42
0.719298 52
0.105263 62
-123456
0.078125 43
0.804688 53
0.117188 63
-123456
0.0892857 44
0.785714 54
0.125 64
-123456
0.141791 45
0.761194 55
0.0970149 65
-123456
0.192308 46
0.682692 56
0.125 66
-123456
0.152113 47
0.695775 57
0.152113 67
-123456
0.126761 48
0.774648 58
0.0985916 68
-123456
0.108333 49
0.808333 59
0.0833333 69
-123456
0.105263 40
0.754386 50
0.140351 60
-123456
-654321
0.134921 42
0.714286 52
0.150794 62
-123456
0.115385 43
0.753846 53
0.130769 63
-123456
0.141667 44
0.741667 54
0.116667 64
-123456
0.163636 45
0.718182 55
0.118182 65
-123456
0.134615 46
0.75 56
0.115385 66
-123456
0.155452 47
0.707657 57
0.136891 67
-123456
0.163121 48
0.702128 58
0.134752 68
-123456
0.184466 49
0.660194 59
0.15534 69
-123456
0.154545 40
0.718182 50
0.127273 60
-123456
0.153226 41
0.766129 51
0.0806452 61
-123456
-654321
0.153285 43
0.737226 53
0.109489 63
-123456
0.152 44
0.736 54
0.112 64
-123456
0.111888 45
0.769231 55
0.118881 65
-123456
0.107843 46
0.754902 56
0.137255 66
-123456
0.111765 47
0.729412 57
0.158824 67
-123456
0.150376 48
0.75188 58
0.0977444 68
-123456
0.175 49
0.708333 59
0.116667 69
-123456
0.116667 41
0.766667 51
0.116667 61
-123456
0.172727 40
0.672727 50
0.154545 60
-123456
0.137097 42
0.725806 52
0.137097 62
-123456
-654321
0.153846 44
0.735043 54
0.111111 64
-123456
0.130435 45
0.730435 55
0.13913 65
-123456
0.11194 46
0.723881 56
0.164179 66
-123456
0.126374 47
0.708791 57
0.164835 67
-123456
0.163987 48
0.736334 58
0.0996785 68
-123456
0.147239 49
0.748466 59
0.104294 69
-123456
0.115108 42
0.76259 52
0.122302 62
-123456
0.148438 41
0.65625 51
0.195312 61
-123456
0.19084 40
0.641221 50
0.167939 60
-123456
0.127273 43
0.763636 53
0.109091 63
-123456
-654321
0.153226 45
0.677419 55
0.169355 65
-123456
0.163636 46
0.736364 56
0.1 66
-123456
0.133508 47
0.719895 57
0.146597 67
-123456
0.0887574 48
0.751479 58
0.159763 68
-123456
0.100719 49
0.769784 59
0.129496 69
-123456
0.12037 43
0.777778 53
0.101852 63
-123456
0.133803 42
0.739437 52
0.126761 62
-123456
0.171429 41
0.733333 51
0.0952381 61
-123456
0.129032 40
0.752688 50
0.11828 60
-123456
0.104167 44
0.791667 54
0.104167 64
-123456
-654321
0.111111 46
0.74359 56
0.145299 66
-123456
0.138554 47
0.713855 57
0.14759 67
-123456
0.136792 48
0.707547 58
0.15566 68
-123456
0.15493 49
0.690141 59
0.15493 69
-123456
0.168317 44
0.732673 54
0.0990099 64
-123456
0.115942 43
0.746377 53
0.137681 63
-123456
0.152 42
0.744 52
0.104 62
-123456
0.157143 41
0.75 51
0.0928571 61
-123456
0.114754 40
0.745902 50
0.139344 60
-123456
0.115646 45
0.77551 55
0.108844 65
-123456
-654321
0.0532544 47
0.816568 57
0.130178 67
-123456
0.128049 48
0.780488 58
0.0914634 68
-123456
0.122917 49
0.745833 59
0.13125 69
-123456
0.149606 45
0.732283 55
0.11811 65
-123456
0.0859375 44
0.804688 54
0.109375 64
-123456
0.0827068 43
0.827068 53
0.0902256 63
-123456
0.0955882 42
0.794118 52
0.110294 62
-123456
0.136986 41
0.739726 51
0.123288 61
-123456
0.117647 40
0.779412 50
0.102941 60
-123456
0.148936 46
0.751773 56
0.0992908 66
-123456
-654321
0.146515 48
0.708393 58
0.145092 68
-123456
0.186235 49
0.659919 59
0.153846 69
-123456
0.155378 46
0.677291 56
0.167331 66
-123456
0.159259 45
0.677778 55
0.162963 65
-123456
0.134831 44
0.685393 54
0.179775 64
-123456
0.137405 43
0.69084 53
0.171756 63
-123456
0.155303 42
0.670455 52
0.174242 62
-123456
0.153846 41
0.714286 51
0.131868 61
-123456
0.134276 40
0.674912 50
0.190813 60
-123456
0.153257 47
0.681992 57
0.164751 67
-123456
-654321
0.137339 49
0.708154 59
0.154506 69
-123456
0.162 47
0.662 57
0.176 67
-123456
0.10929 46
0.737705 56
0.153005 66
-123456
0.112245 45
0.80102 55
0.0867347 65
-123456
0.176471 44
0.694118 54
0.129412 64
-123456
0.160976 43
0.712195 53
0.126829 63
-123456
0.173913 42
0.690217 52
0.13587 62
-123456
0.13125 41
0.725 51
0.14375 61
-123456
0.176796 40
0.646409 50
0.176796 60
-123456
0.167969 48
0.6875 58
0.144531 68
-123456
-654321
0.138122 48
0.751381 58
0.110497 68
-123456
0.104693 47
0.767148 57
0.128159 67
-123456
0.123077 46
0.774359 56
0.102564 66
-123456
0.119565 45
0.728261 55
0.152174 65
-123456
0.0697674 44
0.813953 54
0.116279 64
-123456
0.12766 43
0.728723 53
0.143617 63
-123456
0.10582 42
0.804233 52
0.0899471 62
-123456
0.0877193 41
0.807018 51
0.105263 61
-123456
0.0960452 40
0.762712 50
0.141243 60
-123456
0.0813008 49
0.788618 59
0.130081 69
-123456
-654321
0.0930233 51
0.775194 61
0.131783 71
-123456
0.123288 52
0.760274 62
0.116438 72
-123456
0.106195 53
0.761062 63
0.132743 73
-123456
0.0687023 54
0.770992 64
0.160305 74
-123456
0.104348 55
0.721739 65
0.173913 75
-123456
0.174603 56
0.666667 66
0.15873 76
-123456
0.109375 57
0.75 67
0.140625 77
-123456
0.117284 58
0.765432 68
0.117284 78
-123456
0.1 59
0.734146 69
0.165854 79
-123456
0.0846154 50
0.738462 60
0.176923 70
-123456
-654321
0.0940171 52
0.794872 62
0.111111 72
-123456
0.117647 53
0.789916 63
0.092437 73
-123456
0.11811 54
0.76378 64
0.11811 74
-123456
0.0942029 55
0.782609 65
0.123188 75
-123456
0.167785 56
0.704698 66
0.127517 76
-123456
0.137931 57
0.737931 67
0.124138 77
-123456
0.145349 58
0.767442 68
0.0872093 78
-123456
0.138462 59
0.733333 69
0.128205 79
-123456
0.133333 50
0.733333 60
0.133333 70
-123456
0.123077 51
0.776923 61
0.1 71
-123456
-654321
0.173611 53
0.729167 63
0.0972222 73
-123456
0.170732 54
0.715447 64
0.113821 74
-123456
0.152672 55
0.709924 65
0.137405 75
-123456
0.157895 56
0.736842 66
0.105263 76
-123456
0.108844 57
0.748299 67
0.142857 77
-123456
0.104294 58
0.766871 68
0.128834 78
-123456
0.1525 59
0.7125 69
0.135 79
-123456
0.125926 51
0.718518 61
0.155556 71
-123456
0.12931 50
0.75 60
0.12069 70
-123456
0.09375 52
0.828125 62
0.078125 72
-123456
-654321
0.134921 54
0.785714 64
0.0793651 74
-123456
0.130137 55
0.726027 65
0.143836 75
-123456
0.2 56
0.692308 66
0.107692 76
-123456
0.174603 57
0.722222 67
0.103175 77
-123456
0.136628 58
0.738372 68
0.125 78
-123456
0.165957 59
0.72766 69
0.106383 79
-123456
0.0984849 52
0.810606 62
0.0909091 72
-123456
0.0992366 51
0.824427 61
0.0763359 71
-123456
0.144068 50
0.720339 60
0.135593 70
-123456
0.0863309 53
0.76259 63
0.151079 73
-123456
-654321
0.101562 55
0.773438 65
0.125 75
-123456
0.131944 56
0.729167 66
0.138889 76
-123456
0.189655 57
0.603448 67
0.206897 77
-123456
0.0932203 58
0.779661 68
0.127119 78
-123456
0.156177 59
0.715618 69
0.128205 79
-123456
0.130769 53
0.730769 63
0.138462 73
-123456
0.108333 52
0.758333 62
0.133333 72
-123456
0.169811 51
0.691824 61
0.138365 71
-123456
0.0887097 50
0.806452 60
0.104839 70
-123456
0.13986 54
0.783217 64
0.0769231 74
-123456
-654321
0.145161 56
0.75 66
0.104839 76
-123456
0.0877193 57
0.763158 67
0.149123 77
-123456
0.135338 58
0.721804 68
0.142857 78
-123456
0.136364 59
0.729437 69
0.134199 79
-123456
0.163121 54
0.744681 64
0.0921986 74
-123456
0.0992908 53
0.716312 63
0.184397 73
-123456
0.120301 52
0.774436 62
0.105263 72
-123456
0.103175 51
0.769841 61
0.126984 71
-123456
0.145985 50
0.722628 60
0.131387 70
-123456
0.178295 55
0.713178 65
0.108527 75
-123456
-654321
0.11811 57
0.795276 67
0.0866142 77
-123456
0.0909091 58
0.818182 68
0.0909091 78
-123456
0.130841 59
0.742991 69
0.126168 79
-123456
0.130137 55
0.787671 65
0.0821918 75
-123456
0.12037 54
0.759259 64
0.12037 74
-123456
0.1 53
0.738462 63
0.161538 73
-123456
0.183206 52
0.70229 62
0.114504 72
-123456
0.11194 51
0.798507 61
0.0895522 71
-123456
0.100719 50
0.719424 60
0.179856 70
-123456
0.181159 56
0.731884 66
0.0869565 76
-123456
-654321
0.0911271 58
0.808153 68
0.100719 78
-123456
0.0766283 59
0.831418 69
0.091954 79
-123456
0.112426 56
0.775148 66
0.112426 76
-123456
0.0617284 55
0.858025 65
0.0802469 75
-123456
0.0685714 54
0.84 64
0.0914286 74
-123456
0.0931677 53
0.78882 63
0.118012 73
-123456
0.0853659 52
0.847561 62
0.0670732 72
-123456
0.104478 51
0.783582 61
0.11194 71
-123456
0.110345 50
0.737931 60
0.151724 70
-123456
0.0744681 57
0.776596 67
0.148936 77
-123456
-654321
0.119874 59
0.766562 69
0.113565 79
-123456
0.0815217 57
0.809783 67
0.108696 77
-123456
0.126761 56
0.732394 66
0.140845 76
-123456
0.116751 55
0.771574 65
0.111675 75
-123456
0.122727 54
0.722727 64
0.154545 74
-123456
0.0934579 53
0.780374 63
0.126168 73
-123456
0.159624 52
0.7277 62
0.112676 72
-123456
0.101852 51
0.763889 61
0.134259 71
-123456
0.147619 50
0.733333 60
0.119048 70
-123456
0.100346 58
0.761246 68
0.138408 78
-123456
-654321
0.123711 58
0.726804 68
0.149485 78
-123456
0.143302 57
0.722741 67
0.133956 77
-123456
0.145833 56
0.657738 66
0.196429 76
-123456
0.155172 55
0.715517 65
0.12931 75
-123456
0.134796 54
0.724138 64
0.141066 74
-123456
0.152941 53
0.738235 63
0.108824 73
-123456
0.121387 52
0.728324 62
0.150289 72
-123456
0.15015 51
0.690691 61
0.159159 71
-123456
0.15655 50
0.722045 60
0.121406 70
-123456
0.137327 59
0.722581 69
0.140092 79
-123456
-654321
0.0679012 61
0.808642 71
0.123457 81
-123456
0.111801 62
0.776398 72
0.111801 82
-123456
0.132911 63
0.803797 73
0.0632911 83
-123456
0.114094 64
0.791946 74
0.0939597 84
-123456
0.0737705 65
0.737705 75
0.188525 85
-123456
0.10625 66
0.8 76
0.09375 86
-123456
0.158228 67
0.765823 77
0.0759494 87
-123456
0.115242 68
0.758364 78
0.126394 88
-123456
0.116095 69
0.775726 79
0.108179 89
-123456
0.170886 60
0.740506 70
0.0886076 80
-123456
-654321
0.136 62
0.76 72
0.104 82
-123456
0.0898204 63
0.778443 73
0.131737 83
-123456
0.184397 64
0.765957 74
0.0496454 84
-123456
0.132867 65
0.713287 75
0.153846 85
-123456
0.152866 66
0.77707 76
0.0700637 86
-123456
0.116438 67
0.808219 77
0.0753425 87
-123456
0.108545 68
0.787529 78
0.103926 88
-123456
0.102041 69
0.80102 79
0.0969388 89
-123456
0.101911 60
0.808917 70
0.089172 80
-123456
0.0516129 61
0.8 71
0.148387 81
-123456
-654321
0.15625 63
0.742188 73
0.101562 83
-123456
0.081761 64
0.830189 74
0.0880503 84
-123456
0.118056 65
0.784722 75
0.0972222 85
-123456
0.114865 66
0.743243 76
0.141892 86
-123456
0.120301 67
0.759399 77
0.120301 87
-123456
0.0873016 68
0.781746 78
0.130952 88
-123456
0.108696 69
0.770531 79
0.120773 89
-123456
0.0909091 61
0.783217 71
0.125874 81
-123456
0.0902256 60
0.796992 70
0.112782 80
-123456
0.111111 62
0.796296 72
0.0925926 82
-123456
-654321
0.116883 64
0.792208 74
0.0909091 84
-123456
0.115108 65
0.784173 75
0.100719 85
-123456
0.134752 66
0.822695 76
0.0425532 86
-123456
0.0904255 67
0.792553 77
0.117021 87
-123456
0.129496 68
0.733813 78
0.136691 88
-123456
0.133758 69
0.755839 79
0.110403 89
-123456
0.0703125 62
0.796875 72
0.132812 82
-123456
0.0965517 61
0.82069 71
0.0827586 81
-123456
0.0642857 60
0.842857 70
0.0928571 80
-123456
0.0733333 63
0.793333 73
0.133333 83
-123456
-654321
0.101266 65
0.797468 75
0.101266 85
-123456
0.127517 66
0.771812 76
0.100671 86
-123456
0.115152 67
0.8 77
0.0848485 87
-123456
0.0879121 68
0.818681 78
0.0934066 88
-123456
0.110345 69
0.767816 79
0.121839 89
-123456
0.0878378 63
0.797297 73
0.114865 83
-123456
0.104478 62
0.753731 72
0.141791 82
-123456
0.144828 61
0.737931 71
0.117241 81
-123456
0.163265 60
0.721088 70
0.115646 80
-123456
0.109589 64
0.760274 74
0.130137 84
-123456
-654321
0.111111 66
0.745098 76
0.143791 86
-123456
0.115854 67
0.804878 77
0.0792683 87
-123456
0.105263 68
0.789474 78
0.105263 88
-123456
0.1174 69
0.756813 79
0.125786 89
-123456
0.111111 64
0.792593 74
0.0962963 84
-123456
0.09375 63
0.75 73
0.15625 83
-123456
0.109589 62
0.808219 72
0.0821918 82
-123456
0.16 61
0.726667 71
0.113333 81
-123456
0.117647 60
0.713235 70
0.169118 80
-123456
0.117647 65
0.816993 75
0.0653595 85
-123456
-654321
0.109677 67
0.8 77
0.0903226 87
-123456
0.128492 68
0.793296 78
0.0782123 88
-123456
0.114 69
0.778 79
0.108 89
-123456
0.0980392 65
0.777778 75
0.124183 85
-123456
0.0888889 64
0.807407 74
0.103704 84
-123456
0.0844156 63
0.779221 73
0.136364 83
-123456
0.104575 62
0.79085 72
0.104575 82
-123456
0.132075 61
0.773585 71
0.0943396 81
-123456
0.0540541 60
0.817568 70
0.128378 80
-123456
0.0958904 66
0.815068 76
0.0890411 86
-123456
-654321
0.0973154 68
0.781879 78
0.120805 88
-123456
0.0939759 69
0.804819 79
0.101205 89
-123456
0.0789474 66
0.815789 76
0.105263 86
-123456
0.102564 65
0.782051 75
0.115385 85
-123456
0.151316 64
0.743421 74
0.105263 84
-123456
0.115385 63
0.75 73
0.134615 83
-123456
0.104167 62
0.770833 72
0.125 82
-123456
0.119565 61
0.75 71
0.130435 81
-123456
0.1125 60
0.78125 70
0.10625 80
-123456
0.101695 67
0.785311 77
0.112994 87
-123456
-654321
0.121402 69
0.737171 79
0.141427 89
-123456
0.0966767 67
0.78852 77
0.114804 87
-123456
0.137546 66
0.765799 76
0.0966543 86
-123456
0.144404 65
0.743682 75
0.111913 85
-123456
0.133333 64
0.722222 74
0.144444 84
-123456
0.132231 63
0.752066 73
0.115702 83
-123456
0.121094 62
0.773438 72
0.105469 82
-123456
0.115079 61
0.785714 71
0.0992064 81
-123456
0.118705 60
0.741007 70
0.140288 80
-123456
0.138182 68
0.749091 78
0.112727 88
-123456
-654321
0.1094 68
0.777958 78
0.112642 88
-123456
0.103825 67
0.775956 77
0.120219 87
-123456
0.0883978 66
0.798343 76
0.11326 86
-123456
0.106145 65
0.801676 75
0.0921788 85
-123456
0.0935829 64
0.823529 74
0.0828877 84
-123456
0.121622 63
0.748649 73
0.12973 83
-123456
0.093199 62
0.823678 72
0.0831234 82
-123456
0.120735 61
0.748031 71
0.131234 81
-123456
0.103797 60
0.772152 70
0.124051 80
-123456
0.1125 69
0.77 79
0.1175 89
-123456
-654321
0.0838323 71
0.820359 81
0.0958084 91
-123456
0.0789474 72
0.847368 82
0.0736842 92
-123456
0.101266 73
0.822785 83
0.0759494 93
-123456
0.0909091 74
0.846591 84
0.0625 94
-123456
0.101124 75
0.820225 85
0.0786517 95
-123456
0.105263 76
0.789474 86
0.105263 96
-123456
0.112903 77
0.758065 87
0.129032 97
-123456
0.0916179 78
0.818713 88
0.0896686 98
-123456
0.105485 79
0.831224 89
0.0632911 99
-123456
0.120419 70
0.801047 80
0.078534 90
-123456
-654321
0.117284 72
0.759259 82
0.123457 92
-123456
0.117647 73
0.828431 83
0.0539216 93
-123456
0.0921986 74
0.822695 84
0.0851064 94
-123456
0.0843373 75
0.813253 85
0.10241 95
-123456
0.09375 76
0.79375 86
0.1125 96
-123456
0.119565 77
0.777174 87
0.103261 97
-123456
0.0778443 78
0.868263 88
0.0538922 98
-123456
0.0939045 79
0.817133 89
0.0889621 99
-123456
0.111702 70
0.781915 80
0.106383 90
-123456
0.0606061 71
0.866667 81
0.0727273 91
-123456
-654321
0.0782123 73
0.793296 83
0.128492 93
-123456
0.0855263 74
0.835526 84
0.0789474 94
-123456
0.110465 75
0.755814 85
0.133721 95
-123456
0.106509 76
0.786982 86
0.106509 96
-123456
0.0924855 77
0.809249 87
0.0982659 97
-123456
0.126168 78
0.78972 88
0.0841122 98
-123456
0.0779896 79
0.805893 89
0.116118 99
-123456
0.117647 71
0.803922 81
0.0784314 91
-123456
0.112583 70
0.768212 80
0.119205 90
-123456
0.0980392 72
0.777778 82
0.124183 92
-123456
-654321
0.114943 74
0.816092 84
0.0689655 94
-123456
0.125786 75
0.792453 85
0.081761 95
-123456
0.0491803 76
0.846995 86
0.103825 96
-123456
0.111111 77
0.763889 87
0.125 97
-123456
0.0985222 78
0.79803 88
0.103448 98
-123456
0.0741379 79
0.82069 89
0.105172 99
-123456
0.10582 72
0.814815 82
0.0793651 92
-123456
0.0681818 71
0.835227 81
0.0965909 91
-123456
0.0994152 70
0.818713 80
0.0818713 90
-123456
0.0874317 73
0.830601 83
0.0819672 93
-123456
-654321
0.100629 75
0.811321 85
0.0880503 95
-123456
0.102564 76
0.784615 86
0.112821 96
-123456
0.0898876 77
0.814607 87
0.0955056 97
-123456
0.109195 78
0.793103 88
0.0977011 98
-123456
0.108696 79
0.782609 89
0.108696 99
-123456
0.116883 73
0.746753 83
0.136364 93
-123456
0.0958904 72
0.780822 82
0.123288 92
-123456
0.083871 71
0.8 81
0.116129 91
-123456
0.137725 70
0.766467 80
0.0958084 90
-123456
0.0909091 74
0.806061 84
0.10303 94
-123456
-654321
0.133803 76
0.788732 86
0.0774648 96
-123456
0.0585106 77
0.845745 87
0.0957447 97
-123456
0.0780669 78
0.836431 88
0.0855019 98
-123456
0.0772059 79
0.827206 89
0.0955882 99
-123456
0.0897436 74
0.814103 84
0.0961538 94
-123456
0.11236 73
0.786517 83
0.101124 93
-123456
0.145078 72
0.777202 82
0.0777202 92
-123456
0.0751445 71
0.861272 81
0.0635838 91
-123456
0.0734463 70
0.80791 80
0.118644 90
-123456
0.10582 75
0.809524 85
0.0846561 95
-123456
-654321
0.131387 77
0.759124 87
0.109489 97
-123456
0.0978723 78
0.804255 88
0.0978723 98
-123456
0.127148 79
0.797251 89
0.0756014 99
-123456
0.0990566 75
0.792453 85
0.108491 95
-123456
0.079096 74
0.830508 84
0.0903955 94
-123456
0.117647 73
0.8 83
0.0823529 93
-123456
0.101124 72
0.764045 82
0.134831 92
-123456
0.0598802 71
0.844311 81
0.0958084 91
-123456
0.0977011 70
0.804598 80
0.0977011 90
-123456
0.0887574 76
0.792899 86
0.118343 96
-123456
-654321
0.103093 78
0.829897 88
0.0670103 98
-123456
0.0943396 79
0.83705 89
0.0686106 99
-123456
0.0993377 76
0.834437 86
0.0662252 96
-123456
0.0745342 75
0.850932 85
0.0745342 95
-123456
0.068323 74
0.819876 84
0.111801 94
-123456
0.0824176 73
0.82967 83
0.0879121 93
-123456
0.0628571 72
0.822857 82
0.114286 92
-123456
0.112994 71
0.779661 81
0.107345 91
-123456
0.0983607 70
0.808743 80
0.0928962 90
-123456
0.122807 77
0.77193 87
0.105263 97
-123456
-654321
0.0917679 79
0.796221 89
0.112011 99
-123456
0.0923567 77
0.799363 87
0.10828 97
-123456
0.0727969 76
0.850575 86
0.0766283 96
-123456
0.0980392 75
0.807843 85
0.0941176 95
-123456
0.0753138 74
0.83682 84
0.0878661 94
-123456
0.093617 73
0.834043 83
0.0723404 93
-123456
0.0728745 72
0.850202 82
0.0769231 92
-123456
0.0689655 71
0.857759 81
0.0732759 91
-123456
0.0772358 70
0.825203 80
0.097561 90
-123456
0.0916667 78
0.816667 88
0.0916667 98
-123456
-654321
0.0861423 78
0.818352 88
0.0955056 98
-123456
0.0974659 77
0.822612 87
0.079922 97
-123456
0.106383 76
0.794326 86
0.0992908 96
-123456
0.090106 75
0.80212 85
0.107774 95
-123456
0.108499 74
0.792043 84
0.0994575 94
-123456
0.0867679 73
0.83731 83
0.0759219 93
-123456
0.0943775 72
0.799197 82
0.106426 92
-123456
0.0817996 71
0.842536 81
0.0756646 91
-123456
0.11828 70
0.795699 80
0.0860215 90
-123456
0.094065 79
0.801232 89
0.104703 99
-123456
-654321
0.0485933 81
0.951407 91
-123456
0.00235849 52
0.0377358 82
0.959906 92
-123456
0.0296296 83
0.97037 93
-123456
0.0351759 84
0.964824 94
-123456
0.0506329 85
0.949367 95
-123456
0.0566038 86
0.943396 96
-123456
0.015748 87
0.984252 97
-123456
0.0337662 88
0.966234 98
-123456
0.0413943 89
0.958606 99
-123456
0.0519126 80
0.948087 90
-123456
-654321
0.0367454 82
0.963255 92
-123456
0.0350404 83
0.96496 93
-123456
0.0497238 84
0.950276 94
-123456
0.0447761 85
0.955224 95
-123456
0.0195122 86
0.980488 96
-123456
0.0582278 87
0.941772 97
-123456
0.0346535 88
0.965347 98
-123456
0.0539924 89
0.946008 99
-123456
0.0351759 80
0.964824 90
-123456
0.0437018 81
0.956298 91
-123456
-654321
0.0618812 83
0.938119 93
-123456
0.0375587 84
0.962441 94
-123456
0.0588235 85
0.941176 95
-123456
0.0235294 86
0.976471 96
-123456
0.0414508 87
0.958549 97
-123456
0.0371353 88
0.962865 98
-123456
0.0433807 89
0.956619 99
-123456
0.0335196 81
0.96648 91
-123456
0.0439276 80
0.956072 90
-123456
0.0340909 82
0.965909 92
-123456
-654321
0.0394089 84
0.960591 94
-123456
0.0522193 85
0.947781 95
-123456
0.0330189 86
0.966981 96
-123456
0.0428571 87
0.957143 97
-123456
0.0510949 88
0.948905 98
-123456
0.0370096 89
0.96299 99
-123456
0.0571429 82
0.942857 92
-123456
0.033419 81
0.966581 91
-123456
0.0522193 80
0.947781 90
-123456
0.0528967 83
0.947103 93
-123456
-654321
0.0496278 85
0.950372 95
-123456
0.0421836 86
0.957816 96
-123456
0.0358974 87
0.964103 97
-123456
0.0235602 88
0.97644 98
-123456
0.0400286 89
0.959971 99
-123456
0.0328283 83
0.967172 93
-123456
0.0409639 82
0.959036 92
-123456
0.0513513 81
0.948649 91
-123456
0.0524862 80
0.947514 90
-123456
0.0505618 84
0.949438 94
-123456
-654321
0.040404 86
0.959596 96
-123456
0.0448878 87
0.955112 97
-123456
0.0353982 88
0.964602 98
-123456
0.0403587 89
0.959641 99
-123456
0.0318627 84
0.968137 94
-123456
0.0359897 83
0.96401 93
-123456
0.0315789 82
0.968421 92
-123456
0.0525 81
0.9475 91
-123456
0.0297297 80
0.97027 90
-123456
0.0386473 85
0.961353 95
-123456
-654321
0.0411622 87
0.958838 97
-123456
0.0461165 88
0.953883 98
-123456
0.0350621 89
0.964938 99
-123456
0.0343008 85
0.965699 95
-123456
0.0515971 84
0.948403 94
-123456
0.0682353 83
0.931765 93
-123456
0.0412371 82
0.958763 92
-123456
0.0442708 81
0.955729 91
-123456
0.04 80
0.96 90
-123456
0.0508021 86
0.949198 96
-123456
-654321
0.0308057 88
0.969194 98
-123456
0.0431655 89
0.956835 99
-123456
0.0561224 86
0.943878 96
-123456
0.0441176 85
0.955882 95
-123456
0.0373333 84
0.962667 94
-123456
0.05 83
0.95 93
-123456
0.0480226 82
0.951977 92
-123456
0.0258824 81
0.974118 91
-123456
0.0459184 80
0.954082 90
-123456
0.0285714 87
0.971429 97
-123456
-654321
0.039886 89
0.960114 99
-123456
0.0243363 87
0.975664 97
-123456
0.0339806 86
0.966019 96
-123456
0.0352645 85
0.964736 95
-123456
0.0248139 84
0.975186 94
-123456
0.0409091 83
0.959091 93
-123456
0.039604 82
0.960396 92
-123456
0.0423529 81
0.957647 91
-123456
0.0294118 80
0.970588 90
-123456
0.026253 88
0.973747 98
-123456
-654321
0.0431212 88
0.956879 98
-123456
0.0405819 87
0.959418 97
-123456
0.0444785 86
0.955521 96
-123456
0.0451852 85
0.954815 95
-123456
0.0438662 84
0.956134 94
-123456
0.0438662 83
0.956134 93
-123456
0.0371179 82
0.962882 92
-123456
0.0473328 81
0.952667 91
-123456
0.0410765 80
0.958924 90
-123456
0.0403867 89
0.959613 99
-123456
-654321
