260.928
267.992
265.896
249.583
245.502
241.41
237.555
233.513
229.455
273.118
-654321
257.768
254.047
264.91
245.906
241.951
263.578
233.889
230.028
225.787
265.488
261.18
-654321
253.633
249.823
245.581
241.819
237.762
234.08
229.727
225.897
247.721
260.958
264.051
257.717
-654321
249.713
245.615
241.543
237.735
233.744
229.614
225.605
221.828
217.756
257.5
261.109
261.344
253.637
-654321
245.701
241.476
237.439
233.713
229.653
225.398
221.569
241.769
213.481
253.611
257.719
261.153
263.719
270.511
-654321
241.603
237.479
233.713
229.625
225.569
221.681
217.545
213.416
209.548
249.692
253.67
257.672
260.917
261.256
245.607
-654321
237.647
233.658
229.791
225.853
247.596
217.671
213.481
209.466
205.613
245.657
249.537
253.569
257.231
273.415
261.303
277.593
-654321
233.997
229.578
225.79
247.496
217.651
213.765
209.935
205.573
201.637
241.616
245.493
282.372
253.673
257.824
261.215
261.405
271.676
-654321
229.756
225.699
221.538
217.493
213.611
209.513
205.545
201.478
197.461
237.623
241.777
245.626
249.474
253.65
257.669
260.812
261.39
233.743
-654321
225.62
247.564
217.512
213.497
209.647
205.538
201.702
197.459
205.502
233.704
237.668
241.464
245.576
249.485
253.957
257.477
261.166
271.099
229.542
-654321
221.64
217.6
213.822
209.543
205.444
201.843
197.732
193.782
189.792
229.559
233.9
237.599
241.608
245.588
249.824
253.547
257.502
273.895
226.11
-654321
217.416
213.721
229.765
205.587
201.574
197.899
193.808
189.556
185.668
225.542
229.763
233.351
237.647
241.8
245.621
249.487
253.927
272.76
221.32
-654321
213.741
209.566
205.818
201.683
197.519
193.521
189.462
185.897
181.674
221.678
225.494
229.383
233.582
237.545
241.917
245.765
249.638
253.677
217.477
-654321
209.868
205.635
201.292
211.992
193.563
189.542
185.656
181.539
177.437
217.797
221.631
225.804
229.441
233.05
271.015
241.644
263.737
254.28
213.681
-654321
205.888
201.426
197.665
193.589
189.573
193.868
181.908
177.635
173.647
213.875
217.549
221.646
225.721
229.616
233.909
237.855
241.721
245.726
209.402
-654321
201.998
197.624
193.927
199.728
185.804
181.751
177.589
173.669
169.85
210.019
213.683
217.464
221.673
225.578
229.537
233.406
237.357
241.652
205.623
-654321
197.501
194.058
189.469
186.351
181.711
177.464
173.513
170.01
165.446
205.73
209.453
213.422
217.59
221.757
225.877
229.435
233.584
237.696
201.543
-654321
193.195
189.872
185.737
181.278
177.482
173.603
169.614
165.932
161.542
201.818
205.277
209.87
213.636
217.451
221.568
225.72
229.669
262.511
197.728
-654321
189.688
185.442
181.522
177.531
173.714
169.723
165.632
161.624
157.712
197.529
201.57
205.563
209.868
213.315
217.413
221.393
226.276
259.67
193.631
-654321
186.023
181.447
177.971
173.359
170.178
165.438
161.125
157.478
153.465
193.883
198.11
201.757
206.088
209.817
213.551
217.729
221.981
225.772
189.472
-654321
181.803
177.228
174.348
170.009
165.666
161.961
157.416
153.953
149.501
189.59
193.556
197.559
201.725
205.662
209.615
213.625
217.451
221.799
185.852
-654321
177.424
175.369
169.34
165.381
161.653
158.131
153.661
149.877
133.503
185.701
189.657
193.875
197.886
201.872
223.975
209.881
213.708
217.686
181.69
-654321
173.374
169.756
165.683
161.869
157.451
153.769
150.021
145.518
141.429
182.184
185.55
189.243
193.511
198.202
201.485
206.211
209.306
223.423
177.625
-654321
169.458
165.975
161.559
158.07
153.912
149.334
145.469
141.884
137.842
177.771
181.641
185.57
189.874
193.728
197.21
202.033
205.683
209.933
173.807
-654321
166.042
161.661
157.601
153.602
150.035
145.889
141.706
137.187
133.934
173.434
177.547
181.105
185.951
189.606
193.526
198.004
201.741
223.779
169.804
-654321
161.564
157.47
153.518
149.498
145.486
141.24
136.965
133.462
129.566
169.885
173.384
177.421
181.438
185.343
189.843
193.382
197.986
201.649
165.492
-654321
157.914
153.44
150.276
145.904
141.549
137.47
133.425
129.275
124.802
165.595
169.957
174.238
177.276
181.81
185.701
189.673
193.746
197.634
161.316
-654321
153.319
149.927
145.146
141.23
138.609
134.325
129.263
125.53
121.62
161.827
165.705
170.27
173.908
177.17
182.014
186.217
189.436
193.479
157.32
-654321
150.048
145.396
141.933
192.888
133.781
129.495
125.807
121.124
117.795
157.918
162.083
165.245
169.716
174.085
181.967
181.83
185.681
190.182
153.807
-654321
145.415
142.178
137.25
133.67
130.325
126.087
121.805
118.143
113.178
153.456
157.588
161.815
165.21
169.443
173.413
177.724
182.457
185.847
149.422
-654321
142.21
121.906
116.113
129.592
187.13
121.862
117.454
181.235
109.544
150.021
153.807
157.136
162.23
166.179
169.453
174.011
177.486
181.598
145.363
-654321
137.188
133.842
129.675
125.474
184.859
118.505
113.531
110.146
105.936
144.88
150.331
153.44
157.536
161.425
165.514
169.504
173.235
178.072
141.118
-654321
133.967
129.675
126.208
185.531
117.118
114.206
109.689
105.739
101.715
141.898
197.063
149.479
153.407
158.464
161.163
164.87
168.89
173.471
138.053
-654321
129.587
125.801
121.393
117.27
114.063
110.14
105.68
101.534
97.7632
137.586
142.37
145.702
149.314
153.285
158.149
160.551
165.442
169.764
134.051
-654321
125.022
120.745
117.634
113.119
109.638
105.147
102.178
97.7489
93.5024
134.434
138.141
141.359
197.781
199.632
153.782
157.416
161.79
165.655
129.592
-654321
121.378
117.491
181.715
108.834
105.427
100.711
97.4214
93.2725
88.4063
129.58
133.652
137.102
141.253
146.674
149.956
153.607
157.863
161.332
125.978
-654321
117.236
114.075
109.587
105.717
101.088
98.2572
170.914
169.612
85.1287
125.484
129.77
191.764
137.67
194.643
145.818
150.262
153.181
157.38
122.138
-654321
114.363
109.478
105.684
175.272
173.325
94.7751
89.7653
85.4266
81.3227
120.523
125.417
130.087
133.862
137.498
141.51
196.861
199.218
153.747
117.681
-654321
179.655
105.769
101.617
98.1056
94.4088
89.932
167.645
165.546
77.1696
117.934
121.138
126.095
129.054
134.014
137.515
142.239
145.362
149.048
180.621
-654321
105.603
175.589
96.8389
93.5715
89.2727
166.753
165.094
77.7044
73.2619
181.47
182.598
121.69
125.253
189.472
132.7
193.274
141.592
145.799
109.061
-654321
101.696
172.193
170.63
89.2386
84.9909
165.298
79.1478
161.108
69.8796
108.498
113.133
117.071
122.628
125.961
129.484
133.786
193.022
141.764
105.76
-654321
96.9144
93.463
89.973
85.3707
82.68
163.572
73.1619
158.734
105.123
109.081
112.667
117.204
184.858
186.949
129.868
133.724
137.301
175.561
-654321
94.599
91.0763
85.2572
81.891
163.187
161.25
70.2268
101.495
105.151
178.776
113.444
182.693
120.941
125.179
189.735
133.253
96.564
-654321
88.688
167.457
81.0326
162.296
161.195
69.826
96.3913
101.318
176.476
108.947
181.82
116.729
184.489
187.837
129.892
93.2505
-654321
167.327
82.4031
77.5441
73.3814
70.0622
93.4172
97.2491
101.193
104.863
109.223
114.419
117.344
122.455
125.843
168.307
-654321
83.0313
79.2581
161.56
159.214
168.385
92.6403
97.3462
101.623
105.203
109.65
113.282
117.247
121.583
86.4598
-654321
75.8057
74.4031
70.2021
86.1463
91.1349
171.013
98.7766
175.543
177.059
109.992
114.387
117.559
164.644
-654321
73.9734
158.801
80.0954
167.167
170.695
171.726
171.849
174.044
177.547
108.784
113.217
163.002
-654321
69.5497
78.6153
82.5983
166.978
89.6382
92.5795
97.9157
174.66
106.203
109.449
73
-654321
161.7
76.7383
81.1869
167.422
89.5832
170.875
97.3499
175.03
105.411
68.094
-654321
277.75
278.392
274.011
269.619
263.824
257.794
251.8
245.496
239.599
269.495
-654321
278.996
275.117
269.961
264.49
258.275
252.367
246.478
240.349
234.458
270.003
278.494
-654321
276.066
269.981
264.398
258.7
252.518
246.463
240.638
234.296
228.125
278.777
270.069
279.173
-654321
270.268
265.013
258.966
252.837
247.361
240.935
234.922
229.049
223
279.783
278.542
270.034
276.421
-654321
265.054
258.829
253.035
246.871
240.672
234.2
229.114
222.761
216.476
275.442
277.778
278.096
270.768
270.394
-654321
258.771
252.509
246.479
240.646
234.121
228.242
222.622
216.79
210.725
270.176
275.138
279.127
278.544
269.565
264.511
-654321
252.719
246.767
240.65
234.184
228.272
222.555
216.638
210.557
204.571
264.391
270.029
276.019
278.087
278.712
269.725
258.469
-654321
246.392
240.398
234.713
228.151
222.242
216.651
210.763
204.693
198.358
258.448
264.083
270.061
274.843
277.946
278.184
270.826
252.639
-654321
240.279
234.352
228.573
222.53
216.291
210.59
204.472
198.516
192.641
252.641
258.206
264.763
269.4
275.197
277.178
278.807
270.108
246.771
-654321
234.134
228.361
222.196
216.326
210.359
204.662
198.764
192.44
186.581
246.799
252.771
258.475
264.068
270.332
274.486
279.412
278.419
269.794
240.582
-654321
228.473
222.503
216.894
210.271
204.81
197.833
192.495
186.046
180.565
240.27
246.049
252.533
259.124
264.462
270.62
275.216
278.546
278.304
234.105
-654321
222.262
216.354
210.922
205.041
198.622
192.596
186.582
180.672
174.504
234.439
240.883
246.347
252.769
258.593
264.439
270.67
274.432
279.113
228.267
-654321
216.894
210.723
204.99
197.581
192.81
186.365
180.52
174.461
168.223
228.49
235.064
240.647
246.96
252.666
258.598
264.177
270.649
275.132
222.665
-654321
210.306
204.663
198.503
192.96
186.678
180.821
174.522
168.214
162.384
222.432
228.301
234.605
240.768
246.303
252.283
258.372
264.401
270.428
216.13
-654321
204.84
198.93
192.565
186.194
180.135
175.104
168.526
162.82
155.979
216.375
222.383
228.393
234.781
240.911
246.697
252.896
258.546
264.46
210.723
-654321
199.037
192.311
186.88
180.292
174.531
168.721
162.389
156.648
150.646
210.529
216.408
222.175
228.847
234.717
240.101
246.475
252.682
258.324
204.785
-654321
193.15
186.236
180.158
174.626
168.807
162.623
156.347
150.509
144.212
204.596
210.502
216.618
222.366
228.595
234.563
240.272
247.095
252.481
198.199
-654321
186.441
180.125
174.26
168.517
162.566
156.483
150.953
144.656
138.535
198.619
204.316
210.817
216.443
222.86
228.241
235.181
240.244
246.516
193.071
-654321
180.56
173.821
167.92
162.12
156.489
150.785
144.423
138.767
131.727
192.592
198.302
204.775
210.416
216.974
223.201
228.961
234.358
240.379
186.488
-654321
174.496
168.018
162.364
156.343
150.775
144.549
138.732
131.683
126.363
185.768
192.143
198.353
204.788
210.477
216.823
222.953
228.219
234.333
180.322
-654321
168.456
162.536
156.391
150.783
144.196
138.849
132.761
126.321
120.756
180.451
186.396
193.034
198.966
204.148
211.098
217.027
222.377
228.52
174.084
-654321
163.114
156.217
150.637
144.608
137.884
132.989
125.816
120.057
114.935
174.311
180.258
186.687
192.94
198.434
204.513
210.405
216.503
222.374
168.967
-654321
156.795
150.732
144.607
138.382
132.334
126.402
120.486
113.612
107.754
169.175
173.601
180.935
186.286
192.622
198.257
204.677
210.821
216.478
162.735
-654321
150.751
144.379
138.303
132.694
125.823
120.245
115.318
108.702
102.129
162.774
168.337
174.124
180.184
185.865
192.929
198.117
205.088
210.508
156.177
-654321
143.905
138.529
132.989
126.757
121.499
114.923
108.025
102.343
96.9059
157.184
162.596
168.605
174.602
180.744
185.94
193.446
198.847
204.719
149.732
-654321
138.66
132.342
126.657
120.648
114.76
107.995
103.179
95.9379
90.2405
151.224
156.919
163.097
168.51
174.752
180.516
186.771
192.35
198.343
144.034
-654321
132.836
126.547
119.965
114.316
109.321
102.681
96.1478
139.681
84.6211
145.556
150.082
156.873
161.869
168.814
174.917
181.171
186.091
192.302
137.294
-654321
126.784
120.814
114.711
108.545
102.42
96.7751
90.5289
84.4744
78.3941
138.866
144.788
150.137
156.368
162.738
168.458
173.967
180.342
186.052
133.597
-654321
120.166
113.903
108.041
103.317
96.6657
90.373
84.0377
78.6863
72.0413
132.338
138.139
144.008
150.351
155.64
163.037
168.863
174.193
179.903
125.735
-654321
114.456
109.093
103.233
96.7127
89.7284
85.0803
78.7266
73.3414
66.068
126.567
131.631
138.089
144.639
150.799
156.601
161.248
167.139
174.554
160.152
-654321
109.397
101.38
96.8266
90.7793
84.5024
78.6467
71.1982
66.5135
61.1176
160.092
125.974
178.722
137.72
145.415
149.823
156.809
162.893
168.56
113.878
-654321
101.498
96.1008
91.9102
85.0504
79.1927
71.9845
66.123
60.0851
54.3479
114.076
120.807
126.718
132.401
138.679
144.753
149.947
155.498
162.613
108.405
-654321
96.5691
90.407
84.2038
78.1494
71.548
134.942
60.9458
53.5661
48.049
107.397
114.22
120.334
174.295
131.387
137.408
142.903
150.633
156.461
102.48
-654321
91.1239
83.85
142.948
71.0649
65.6261
59.8495
53.8791
49.0203
42.7041
103.104
107.815
114.547
119.188
162.588
132.398
138.085
143.946
150.763
155.442
-654321
85.194
131.924
72.5518
134.774
60.8805
188.646
49.4549
42.6713
36.7803
96.6888
102.557
108.895
155.704
119.719
125.864
133.38
138.732
144.461
89.558
-654321
78.0305
71.4242
136.291
120.622
53.6125
49.3006
43.6171
115.626
100.873
89.6581
143.567
102.097
164.18
115.298
121.287
174.351
132.387
138.967
83.893
-654321
73.0108
66.3315
131.525
126.001
186.212
42.6467
115.655
30.9177
23.5032
85.5726
151.116
97.2335
159.773
108.132
115.62
120.033
126.597
131.959
132.338
-654321
67.0534
118.996
115.448
47.5864
42.7141
114.185
31.6387
106.194
17.2486
78.5419
84.3049
149.495
96.7601
101.749
106.965
114.524
122.423
126.372
127.547
-654321
121.186
116.595
48.3491
42.7658
35.88
179.822
95.6382
101.572
13.3934
127.525
133.671
83.4777
90.2604
96.4453
103.016
108.633
114.178
120.827
123.424
-654321
128.212
121.915
108.717
38.05
100.877
22.0118
103.083
11.8786
83.8848
66.2111
72.251
77.1354
84.227
90.7618
95.5745
102.913
108.732
114.76
60.089
-654321
49.0757
107.713
114.78
31.0121
24.4536
18.407
173.279
172.124
91.4551
119.577
123.925
72.5567
77.5715
85.4429
90.0165
143.61
103.589
108.229
53.7826
-654321
42.5439
37.2786
99.9592
25.2727
177.477
88.771
7.03478
79.6204
126.281
60.1354
136.968
72.3402
131.43
83.3683
89.8767
96.1511
102.565
124.174
-654321
182.925
97.9714
26.0635
90.6173
10.2288
173.288
171.051
112.108
127.385
119.784
66.6656
139.719
77.3929
83.6937
139.169
154.796
41.3111
-654321
109.962
106.375
17.8665
87.0668
84.9341
0.155968
109.872
48.9428
55.9262
59.3907
133.976
73.4078
78.6269
136.431
90.7281
36.553
-654321
96.0789
19.1968
98.2914
7.08426
1.26234
181.584
118.863
123.441
128.425
120.485
124.047
72.2239
79.6194
84.1282
30.9605
-654321
18.6797
87.5136
6.01664
0.39859
31.2877
36.9352
108.893
112.412
115.225
119.469
192.723
73.3965
78.7151
94.7411
-654321
11.8903
7.03346
80.3687
23.0876
98.8505
181.872
118.009
48.9244
116.598
119.672
193.189
73.3421
89.5688
-654321
85.2417
0
101.476
96.8922
98.6565
36.0761
120.754
112.266
52.2848
61.5685
134.694
88.8784
-654321
91.3017
100.643
17.684
25.3966
111.323
35.769
107.941
49.5756
56.0724
60.0122
6.74646
-654321
95.6636
12.7084
176.011
179.388
100.041
114.554
107.624
48.6657
54.9277
78.1448
-654321
283.916
294.832
296.711
297.636
293.172
288.327
283.087
276.67
271.821
269.536
-654321
292.594
297.781
297.813
292.574
287.611
282.74
276.622
270.402
264.792
270.797
283.373
-654321
298.369
295.491
291.729
287.966
282.474
277.171
270.999
265.003
259.191
283.233
270.119
294.302
-654321
297.12
293.37
288.278
282.725
277.169
271.28
265.334
259.83
253.671
294.899
284.034
269.931
298.063
-654321
292.747
287.269
282.847
276.759
271.643
265.549
259.315
253.599
247.791
298.148
295.085
284.547
270.382
296.975
-654321
287.844
282.869
277.111
271.508
265.96
259.232
253.37
247.746
241.81
298.039
297.714
295.707
285.019
270.701
291.972
-654321
283.098
277.499
271.084
265.06
259.432
253.356
247.245
241.196
235.09
292.68
296.564
298.302
294.618
285.263
270.104
289.201
-654321
277.638
271.607
265.368
259.042
253.604
247.561
241.378
235.201
229.299
288.393
293.414
297.145
298.586
292.864
286.131
269.814
282.69
-654321
271.347
265.371
259.563
253.441
247.125
241.135
235.09
229.48
223.477
282.764
287.852
294.009
297.817
298.447
292.723
284.634
269.938
277.113
-654321
265.471
258.822
253.242
247.249
241.528
234.913
229.546
223.636
217.074
277.187
283.224
288.701
293.087
296.787
294.771
296.79
281.865
270.117
271.574
-654321
259.133
253.089
247.311
241.122
235.204
229.615
222.8
217.366
211.324
271.441
277.208
282.863
288.279
293.99
296.322
296.357
291.627
284.268
265.334
-654321
254.028
247.162
241.391
235.598
229.45
223.487
217.181
211.592
205.653
265.011
271.239
276.787
282.938
288.721
294.28
294.866
297.444
294.9
259.284
-654321
247.014
241.434
235.049
228.95
223.548
217.287
211.247
205.6
199.611
259.395
265.128
270.557
277.028
282.877
286.81
291.931
297.35
297.764
253.291
-654321
241.539
235.241
228.917
222.85
217.122
211.502
205.364
199.606
193.552
253.255
259.009
265.458
270.671
276.502
281.797
288.879
292.778
296.404
247.256
-654321
236.352
229.506
223.944
217.783
211.885
205.941
200.018
193.237
187.016
247.507
252.487
258.938
265.419
271.235
276.461
283.234
288.616
293.204
241.275
-654321
228.836
223.474
217.254
211.049
205.001
199.068
193.461
187.004
182.003
241.311
246.955
253.348
259.414
265.055
271.059
276.534
282.55
288.446
235.76
-654321
223.079
217.126
211.295
205.145
199.006
193.174
187.011
181.021
174.725
235.709
241.174
247.569
253.412
259.159
265.383
270.587
275.996
282.787
229.86
-654321
217.297
210.718
205.178
199.175
193.714
186.782
181.529
174.607
169.2
229.184
235.191
241.007
247.459
252.987
259.277
265.455
271.126
276.933
223.608
-654321
211.627
205.956
199.205
193.124
186.18
181.19
175.744
169.598
163.193
223.073
229.041
234.897
241.032
247.682
253.347
259.103
265.182
271.146
217.274
-654321
205.035
199.855
192.977
187.836
182.091
175.932
169.516
163.188
157.785
217.935
222.634
229.405
235.372
241.681
247.094
253.687
259.793
264.96
212.179
-654321
199.12
193.613
187.614
181.246
175.758
169.009
162.824
156.919
150.738
210.883
217.614
223.641
228.871
235.199
240.997
246.849
253.265
259.219
205.765
-654321
193.543
186.839
181.401
175.753
168.861
162.573
156.99
151.142
144.638
205.418
211.088
217.756
222.662
228.619
234.643
241.371
247.18
253.433
199.784
-654321
187.232
180.961
175.041
169.686
164.176
157.871
151.434
145.159
139.421
198.301
203.909
211.258
217.646
223.381
229.351
235.426
241.171
247.117
192.786
-654321
180.756
175.457
168.109
163.032
157.05
151.084
145.712
139.41
132.694
193.712
198.849
205.064
211.812
216.487
223.298
229.161
234.804
241.446
186.499
-654321
176.401
169.539
163.538
157.736
151.98
145.889
139.38
133.032
127.183
187.43
192.707
199.561
205.295
210.16
217.115
224.295
229.667
235.406
180.915
-654321
169.388
163.665
157.738
150.76
145.4
139.339
133.552
127.088
120.267
180.477
187.428
192.742
199.254
203.911
211.668
217.098
222.303
229.101
174.721
-654321
163.909
156.613
151.635
145.673
139.113
133.323
128.316
120.66
115.251
174.484
180.834
186.548
192.756
198.775
205.902
209.901
217.211
222.928
169.06
-654321
156.67
151.843
143.672
139.545
133.181
176.87
121.582
114.694
108.792
169.935
175.582
182.018
186.233
193.396
198.536
205.826
211.319
216.895
162.66
-654321
150.669
144.685
139.375
133.966
127.23
121.5
168.015
109.509
103.273
162.947
169.177
174.956
180.84
186.98
193.579
199.444
204.102
211.135
156.806
-654321
146.29
139.041
133.852
125.171
120.413
115.509
109.094
103.258
96.9122
156.848
163.433
169.25
176.269
181.158
188.351
194.238
198.443
205.093
150.469
-654321
138.587
132.916
126.266
122.54
115.477
108.754
102.879
96.0861
91.359
150.334
183.68
164.05
168.715
174.596
181.065
187.344
193.973
199.416
145.698
-654321
132.56
127.784
121.013
115.213
109.279
102.584
98.2258
92.1052
85.399
145.532
151.283
158.45
163.266
190.1
175.487
181.287
186.542
193.277
138.666
-654321
163.693
119.701
115.23
108.852
103.916
97.1285
139.488
86.6703
78.3514
138.653
175.662
151.482
196.774
163.663
169.426
174.452
180.109
187.041
133.165
-654321
121.444
115.487
164.91
102.893
143.651
151.456
85.6228
79.9912
74.7747
133.914
171.702
145.49
151.11
195.872
164.15
169.464
175.527
181.079
127.474
-654321
114.517
108.369
101.944
95.709
91.6935
85.1934
79.1855
72.2853
67.6379
127.913
133.648
138.507
143.428
151.358
158.763
163.125
167.819
175.121
120.902
-654321
108.014
147.638
97.5944
139.811
83.9558
78.8952
74.6467
66.6786
60.0564
121.193
163.196
131.985
139.781
188.325
180.799
157.714
163.891
169.558
113.084
-654321
146.217
96.1992
92.1934
85.8041
78.7597
73.0017
66.5613
120.312
55.3992
115.247
159.358
128.183
134.441
173.036
218.452
191.094
158.107
163.485
106.983
-654321
156.566
90.9771
148.67
77.2248
73.074
67.9221
60.0036
55.9863
49.7626
108.196
114.411
159.841
125.308
132.72
139.351
175.952
151.502
157.369
103.871
-654321
92.3471
86.0914
131.566
72.6063
65.7891
120.129
55.6309
125.284
44.0481
147.638
109.059
116.379
120.832
162.433
133.641
172.565
145.452
150.722
96.9557
-654321
150.262
80.1725
72.3295
66.089
62.6217
127.007
111.484
43.8373
37.6069
97.8225
102.9
152.591
169.494
160.916
126.352
180.293
170.833
145.127
137.66
-654321
80.0839
140.86
68.0616
59.7697
55.8195
50.2159
107.922
39.1452
30.0411
91.2713
155.623
146.778
108.765
115.375
121.666
126.867
132.937
139.074
84.7649
-654321
73.2488
123.628
60.6302
128.1
48.9526
109.452
38.0589
31.346
84.7173
152.676
155.951
103.233
162.576
153.051
159.07
128.468
133.56
80.8684
-654321
68.1622
119.571
55.6674
124.938
106.091
106.002
180.526
79.6093
83.7022
92.0427
143.152
103.617
152.136
155.494
159.468
126.887
193.967
-654321
61.6708
116.46
111.826
110.095
36.3352
29.5708
73.9698
132.516
86.8277
88.8844
97.41
147.737
163.052
115.767
122.666
67.8407
-654321
58.3038
111.556
42.4174
35.4845
31.7394
123.306
138.492
132.133
83.9778
91.3011
97.1291
160.386
109.707
115.538
60.7638
-654321
50.985
42.5872
104.132
112.262
63.0456
68.044
127.86
132.341
87.0872
140.439
96.3359
102.913
109.739
115.168
-654321
45.7013
103.106
99.6305
114.32
62.0787
123.989
72.8716
79.1804
147.559
152.443
96.8911
103.447
109.813
-654321
116.807
111.978
185.699
53.66
60.8646
136.218
141.523
79.6584
134.037
92.0835
96.3726
119.138
-654321
99.9673
184.757
48.8214
189.027
119.056
123.495
138.926
196.765
149.014
92.5293
36.3882
-654321
115.363
122.089
49.1165
54.3963
120.461
123.89
127.408
79.5445
82.8922
32.1743
-654321
282.066
299.269
307.705
314.823
315.767
312.084
307.987
304.015
299.492
270.66
-654321
296.136
306.909
313.939
314.663
312.4
308.326
304.094
298.444
293.839
270.458
284.067
-654321
309.226
313.644
315.071
312.781
310.233
305.72
299.427
294.021
287.892
283.373
270.409
298.376
-654321
314.839
314.615
309.427
308.935
304.753
299.676
292.834
287.935
281.992
298.382
282.587
270.77
308.975
-654321
314.924
312.487
309.124
304.343
298.998
293.427
287.744
282.349
275.957
309.644
297.069
284.419
270.029
312.571
-654321
313.396
308.843
304.073
298.963
293.289
288.016
281.896
275.762
270.178
314.264
309.446
296.8
283.446
270.386
314.794
-654321
309.18
304.782
299.107
292.984
287.891
281.868
276.524
270.14
264.556
315.471
316.177
309.392
296.539
284.206
270.868
312.983
-654321
304.248
299.499
293.586
288.68
281.953
275.973
270.206
264.862
258.879
312.484
315.042
315.865
309.451
295.97
284.161
269.766
309.512
-654321
299.646
293.679
287.892
282.492
275.92
270.525
263.423
258.536
251.957
308.708
313.003
314.258
314.923
310.341
302.151
284.091
270.384
304.401
-654321
293.87
287.966
282.116
275.877
269.876
263.914
259
252.219
245.869
303.065
310.1
312.184
315.401
312.824
306.306
297.655
284.022
270.009
299.801
-654321
287.325
282.254
276.074
269.658
264.195
257.966
251.974
245.625
239.844
300.139
304.276
310.062
312.475
313.181
313.454
306.966
296.38
286.677
293.75
-654321
281.711
275.886
270.244
264.691
258.074
252.029
245.753
240.103
234.38
292.701
299.202
304.51
310.054
311.582
313.319
313.299
307.822
293.968
287.928
-654321
275.881
270.579
264.195
258.65
252.678
246.322
240.005
233.57
228.077
287.242
292.781
298.594
304.578
308.193
314.223
315.826
315.999
306.536
281.961
-654321
270.025
264.615
258.15
251.475
245.92
240.552
233.566
227.906
222.31
281.421
287.836
292.981
300.143
304.747
308.279
313.131
315.218
313.969
275.937
-654321
263.724
258.199
251.96
246.232
239.778
233.606
228.773
222.044
216.013
275.573
282.361
287.758
293.347
299.872
305.065
308.82
313.287
315.068
270.349
-654321
257.426
252.062
245.813
239.864
234.699
228.133
222.307
215.945
209.449
269.633
275.574
282.329
287.44
293.829
299.628
303.566
308.581
312.633
263.7
-654321
252.213
246.299
240.213
234.153
228.823
222.94
215.91
210.327
204.17
264.451
270.644
276.084
280.68
288.385
294.202
297.336
304.727
309.865
257.896
-654321
246.019
239.867
233.412
227.805
221.866
215.868
210.275
203.902
197.823
257.681
263.529
269.95
275.215
281.893
288.416
293.127
299.271
304.022
251.67
-654321
239.816
233.927
228.315
222.332
216.125
210.607
204.101
198.129
192.381
252.252
258.024
264.029
269.78
275.614
281.84
288.547
293.873
298.525
246.169
-654321
233.749
227.075
222.87
216.627
209.776
204.069
198.414
192.822
186.034
246.487
251.581
257.538
264.02
270.32
276.49
282.736
287.77
293.197
240.421
-654321
227.262
223.469
215.985
210.287
203.047
198.825
191.549
186.456
180.015
240.005
245.962
251.68
258.288
264.717
269.876
276.509
281.7
287.628
232.941
-654321
222.919
216.041
210.754
203.924
197.616
191.921
185.522
179.922
172.857
234.585
240.323
245.664
251.592
257.793
264.797
270.105
275.591
281.954
227.299
-654321
215.709
210.776
204.617
198.867
192.307
185.615
180.013
173.489
169.072
227.288
233.787
239.752
246.077
251.856
258.807
264.046
270.008
275.6
222.06
-654321
210.464
203.821
197.313
192.666
186.262
211.543
173.4
168.028
162.266
222.772
228.091
233.279
239.643
246.042
252.042
258.493
264.171
270.196
216.751
-654321
203.404
198.384
191.646
186.176
180.378
174.113
168.935
161.46
156.238
216.514
221.798
227.607
232.841
239.862
247.149
252.43
256.941
263.707
210.12
-654321
197.005
192.086
186.942
179.31
175.001
167.716
161.61
155.95
150.072
210.341
217.09
221.858
226.718
233.962
239.887
246.635
252.358
258.1
204.101
-654321
190.3
186.678
179.616
174.384
167.838
161.846
156.525
150.521
143.982
204.096
209.786
215.442
222.213
227.473
233.954
240.737
246.063
251.568
197.262
-654321
186.542
179.844
174.77
169.463
162.433
155.123
150.967
143.256
138.775
197.653
204.976
210.625
217.005
221.792
228.803
233.536
239.812
246.079
191.361
-654321
179.613
173.076
168.856
163.056
156.306
151.417
143.675
138.637
132.36
192.303
198.27
203.891
209.612
216.325
222.73
228.481
233.399
240.28
187.132
-654321
173.651
167.43
160.836
155.994
150.566
145.313
136.79
132.646
126.569
185.214
191.128
197.676
203.761
209.792
215.5
220.953
226.581
234.383
179.707
-654321
166.811
163.356
154.773
150.772
144.696
139.524
131.207
127.702
120.5
181.056
185.455
190.45
196.327
203.49
210.299
214.732
222.184
227.665
173.382
-654321
162.507
156.13
150.349
142.927
137.215
133.203
126.308
120.217
115.231
193.683
180.599
186.063
191.188
197.894
203.937
210.126
235.666
222.406
167.247
-654321
156.443
149.294
143.82
136.819
132.415
125.694
119.505
113.574
107.567
167.989
195.106
179.055
184.094
192.88
196.604
204.517
209.408
215.968
160.539
-654321
149.885
143.195
136.917
167.494
124.212
119.996
113.088
107.129
102.029
163.322
168.233
174.457
211.151
186.984
192.106
197.591
203.784
210.032
182.874
-654321
144.189
138.024
131.971
126.995
120.512
112.765
108.555
102.704
95.4002
155.783
187.59
202.643
173.723
180.056
185.333
191.549
197.808
203.907
150.859
-654321
138.002
133.53
125.707
118.575
114.582
106.667
101.253
143.461
90.012
150.649
157.747
199.193
166.198
174.573
198.874
214.528
192.098
197.082
175.531
-654321
131.308
162.57
157.299
112.053
107.725
102.863
96.4352
88.9648
83.9322
144.128
150.785
156.575
162.376
165.98
173.861
180.483
187.565
192.1
171.177
-654321
125.308
120.586
112.547
107.616
100.693
94.3423
152.07
84.9482
76.5454
138.227
143.494
180.71
158.26
163.84
169.534
195.787
179.157
186.047
130.023
-654321
173.173
112.574
106.409
101.926
98.3616
89.4728
83.764
130.262
71.2204
181.213
138.34
142.49
149.315
156.47
163.572
203.863
175.787
179.696
124.886
-654321
114.998
107.117
102.456
144.299
91.4538
199.398
132.602
72.9105
193.43
123.628
132.943
138.34
175.765
148.611
155.322
160.659
167.535
174
118.852
-654321
108.132
101.03
96.0199
89.2373
147.429
77.8713
71.8165
66.6136
59.3106
119.037
126.25
130.677
138.561
174.471
179.119
194.194
162.242
168.403
156.13
-654321
102.095
153.965
88.6413
135.526
142.542
71.6333
65.807
60.9952
112.06
120.911
162.501
130.831
136.298
174.365
180.486
222.104
161.118
105.798
-654321
142.898
90.0826
148.726
78.3417
127.665
137.226
60.9019
205.456
156.735
119.193
177.449
132.1
183.728
143.874
150.162
183.178
100.753
-654321
90.4878
134.537
76.4573
71.3729
136.331
120.357
205.641
150.381
154.786
121.836
176.472
130.28
135.962
144.706
179.259
142.885
-654321
146.153
196.788
139.128
65.3062
119.832
142.707
148.676
106.163
115.05
171.359
124.606
168.213
170.26
143.107
200.842
-654321
77.8238
71.0445
65.7619
58.2832
137.595
96.9194
159.169
108.252
115.669
120.966
126.448
131.132
136.871
134.944
-654321
73.5352
66.1229
131.538
134.816
90.4885
142.351
103.362
108.781
115.169
212.732
127.15
130.958
80.171
-654321
134.021
118.219
130.768
144.361
90.6881
201.998
146.476
206.67
114.768
118.539
125.258
128.565
-654321
59.2095
138.23
130.595
85.4968
90.4777
96.0105
161.51
162.981
114.796
158.267
124.633
-654321
64.5619
138.056
78.6434
136.961
151.644
144.466
102.296
149.858
113.356
58.6321
-654321
282.509
295.477
314.464
322.324
333.575
335.317
333.883
330.764
329.362
270.34
-654321
297.497
313.188
331.228
329.63
332.185
331.909
332.356
327.766
323.146
269.949
287.552
-654321
313.918
319.698
332.415
333.871
334.282
332.339
323.825
324.75
318.142
284.633
270.425
297.536
-654321
321.025
331.53
332.504
332.718
329.464
326.376
324.899
318.457
312.476
298.703
283.884
269.881
310.047
-654321
330.422
331.227
332.013
330.61
328.59
323.472
316.069
312.729
306.306
311.1
299.66
282.908
269.827
321.867
-654321
331.923
333.405
331.2
325.865
324.334
318.86
312.663
306.401
301.333
326.071
308.699
295.997
281.887
270.08
331.674
-654321
333.768
332.634
328.959
323.342
319.091
313.911
307.299
301.47
296.179
330.195
321.604
310.91
298.656
283.041
269.994
332.604
-654321
331.794
328.27
323.448
319.453
313.573
307.699
301.596
295.873
290.411
333.492
330.508
323.826
310.082
297.512
285.292
269.562
334.278
-654321
327.019
324.576
318.953
312.719
306.594
302.051
295.343
290.433
284.539
331.134
334.056
330.561
327.396
313.39
297.578
285.892
269.728
326.85
-654321
321.959
317.372
313.098
307.804
302.335
296.391
290.325
284.316
278.518
330.951
334.003
333.07
327.822
323.647
317.302
295.458
285.745
270.056
328.99
-654321
316.44
312.529
308.159
301.502
296.345
290.511
284.554
278.061
272.264
329.035
331.133
335.152
334.099
331.792
323.196
310.069
297.907
286.02
322.184
-654321
314.09
306.447
301.756
296.29
290.152
284.637
278.263
272.27
266.428
322.665
330.26
331.454
334.549
330.069
327.385
321.154
312.54
296.586
318.59
-654321
307.345
301.853
296.024
290.128
284.596
277.557
272.468
265.695
260.15
319.137
322.031
327.614
331.195
335.49
334.483
334.486
317.008
312.716
312.911
-654321
300.988
295.96
289.568
283.836
278.316
271.657
266.33
260.424
253.686
314.07
316.92
324.055
327.275
332.447
332.931
332.09
329.936
317.602
307.97
-654321
296.307
290.827
284.327
278.4
272.733
266.526
259.867
254.271
248.795
307.089
311.889
319.799
324.08
329.544
330.422
335.518
330.427
329.017
302.338
-654321
289.546
283.714
278.713
271.658
265.966
259.6
254.477
248.831
242.013
301.967
308.558
314.11
319.207
322.83
323.507
332.59
333.367
333.311
295.377
-654321
284.599
278.575
272.64
266.639
260.318
254.415
248.474
241.535
236.207
296.066
301.794
307.548
311.493
315.659
323.651
328.233
325.25
334.527
290.168
-654321
279.047
272.861
266.297
260.19
254.306
247.736
242.977
236.483
231.068
290.392
295.869
302.041
308.66
311.224
317.072
320.917
323.763
330.694
283.357
-654321
271.412
266.599
260.152
254.554
248.325
242.069
236.119
230.213
224.876
284.334
289.767
295.96
301.267
307.186
313.642
317.495
324.2
329.759
279.082
-654321
266.468
259.742
254.328
247.588
241.667
235.57
230.311
223.972
217.526
278.225
284.645
289.553
295.812
302.536
308.608
311.481
316.944
324.251
272.688
-654321
259.435
253.752
249.374
241.104
235.66
229.498
224.275
218.25
211.97
271.521
278.149
284.222
290.282
295.607
302.985
304.227
313.678
319.783
266.743
-654321
253.739
247.661
242.028
235.89
229.722
223.866
217.616
211.436
206.092
266.387
272.283
277.571
283.715
289.789
295.851
302.015
307.537
313.748
260.029
-654321
247.899
241.78
236.113
228.792
224.076
217.232
212.269
206.15
198.901
261.405
265.679
272.58
277.585
284.366
289.638
294.85
303.158
306.262
254.053
-654321
241.99
235.871
230.695
223.882
218.283
213.546
206.437
200.786
192.831
254.485
261.031
265.892
272.942
278.717
284.438
290.072
295.854
301.619
247.892
-654321
236.188
229.699
223.035
217.965
211.536
206.777
200.177
194.405
187.32
247.516
254.669
259.466
265.378
272.011
278.11
283.91
289.439
295.594
240.844
-654321
229.998
224.254
217.573
212.344
205.981
199.297
193.932
188.876
182.132
241.729
248.369
253.954
261.084
266.211
271.248
279.182
284.354
289.655
235.763
-654321
224.226
218.349
212.297
206.645
199.81
194.026
188.177
182.324
175.214
235.313
241.946
247.752
253.991
260.654
266.019
272.417
277.38
283.884
231.135
-654321
218.286
211.626
206.367
200.026
194.337
187.722
181.976
176.479
169.837
229.392
235.985
241.719
244.24
253.967
260.142
265.12
272.325
278.402
224.518
-654321
211.745
207.304
199.099
193.869
187.426
183.224
174.751
170.07
163.318
223.495
230.709
237.214
242.014
248.424
254.281
260.364
265.677
272.274
218.66
-654321
207.567
199.941
194.244
186.795
181.331
175.615
168.664
162.265
158.132
217.551
225.108
229.162
235.183
241.468
249.212
253.611
259.773
265.666
211.544
-654321
198.895
195.82
189.605
182.145
176.364
171.083
165.094
159.059
180.465
213.604
217.694
223.779
229.737
236.975
241.829
249.214
248.82
259.767
206.6
-654321
193.872
187.355
181.701
176.094
169.848
164.152
157.58
193.811
146.565
205.988
211.662
219.277
223.585
228.986
235.326
250.809
247.281
253.772
199.426
-654321
186.671
181.312
175.117
170.64
164.202
156.969
151.859
174.348
138.461
200.521
206.89
211.522
217.726
223.887
228.132
236.966
253.845
248.421
193.752
-654321
183.221
175.864
169.861
164.464
159.407
150.678
189.708
140.728
134.757
192.719
201.551
205.704
211.19
218.577
224.731
229.26
235.503
241.676
186.09
-654321
176.563
169.391
163.226
195.511
151.631
145.326
140.933
132.724
129.141
216.421
195.275
199.649
215.609
210.844
218.652
222.268
229.281
235.494
181.856
-654321
167.409
162.868
158.416
153.371
146.733
140.616
132.359
128.811
122.155
181.888
188.107
195.899
201.331
205.164
211.762
219.021
222.913
229.667
176.732
-654321
164.84
156.807
150.694
147.008
216.567
134.113
163.861
122.343
157.65
176.949
182.325
186.475
208.57
199.939
206.906
211.325
217.618
223.583
169.248
-654321
156.402
153.346
145.951
140.14
135.255
126.489
122.077
116.952
110.503
171.501
178.522
182.342
203.981
195.853
199.074
205.044
211.628
217.747
186.732
-654321
180.029
175.865
140.602
132.667
177.075
159.16
115.398
109.646
102.336
164.319
170.729
174.835
182.714
186.631
221.23
200.811
205.571
211.861
184.563
-654321
146.877
171.865
168.82
162.503
122.903
114.405
109.731
146.663
143.569
185.271
162.969
170.04
176.385
199.613
188.966
207.326
199.869
205.838
152.303
-654321
141.069
134.462
165.038
122.645
118.11
110.701
103.909
98.5886
91.9109
179.372
160.129
166.26
191.127
176.977
180.545
188.012
194.061
199.364
145.84
-654321
135.148
164.629
159.937
156.257
109.296
104.914
98.7128
92.3402
146.085
150.954
159.937
164.499
205.638
194.193
200.584
203.989
193.298
138.555
-654321
177.455
122.417
115.494
152.624
147.447
97.3908
92.738
139.493
145.465
179.794
157.62
201.638
168.611
178.246
181.444
204.388
166.614
-654321
172.69
117.041
111.036
103.256
95.7621
202.818
214.291
137.567
145.475
149.408
157.225
161.087
205.728
177.151
181.398
165.379
-654321
155.67
109.581
102.198
157.171
91.2414
129.642
167.366
139.971
189.97
192.254
157.948
225.218
193.612
176.29
172.336
-654321
164.407
161.61
95.2646
201.892
174.215
129.588
135.044
184.971
147.455
152.85
197.872
189.921
170.116
116.255
-654321
102.666
203.08
153.731
117.351
160.612
128.194
130.886
171.494
147.078
152.081
155.889
163.998
110.862
-654321
95.5664
91.2161
108.729
166.79
160.001
127.381
134.042
138.694
189.557
179.767
158.763
102.868
-654321
90.9766
102.836
151.64
156.712
160.694
131.093
132.365
140.561
146.829
178.529
203.635
-654321
143.851
163.436
109.883
117.615
123.925
128.259
134.509
216.556
145.307
139.591
-654321
282.788
300.164
313.332
320.36
338.068
342.074
351.07
348.594
348.793
270.588
-654321
299.44
310.16
320.174
335.766
351.325
349.836
347.195
351.358
347.19
270.048
283.983
-654321
316.421
331.382
336.893
348.971
353.097
347.688
351.1
349.244
346.16
284.102
270.715
296.808
-654321
322.683
340.061
349.026
350.42
348.53
350.564
349.497
346.437
340.005
302.039
283.603
269.209
309.313
-654321
337.503
346.417
347.08
351.212
349.344
344.651
341.182
339.677
334.802
311.453
300.565
284.368
268.608
326.014
-654321
340.169
348.385
346.429
350.617
348.912
343.18
341.38
333.242
329.42
329.722
314.496
293.944
283.858
268.534
340.115
-654321
349.269
349.605
351.367
345.814
345.958
339.892
335.006
328.848
323.902
336.728
327.232
311.376
297.747
284.355
269.806
350.461
-654321
349.513
348.826
346.676
342.898
339.297
334.328
329.358
323.794
319.235
344.314
335.016
325.883
307.993
296.979
281.228
269.279
349.108
-654321
349.405
348.736
342.803
341.399
334.554
329.276
324.17
318.41
313.201
348.167
344.795
338.095
325.299
312.02
298.595
285.513
269.943
351.392
-654321
346.487
344.446
340.32
334.732
328.803
324.851
319.533
312.372
307.336
350.558
350.257
342.226
335.937
328.536
313.919
296.548
284.824
270.182
350.638
-654321
345.199
339.179
335.926
327.959
324.374
318.982
313.163
306.854
301.767
346.031
349.049
349.789
347.168
337.178
322.158
312.239
295.671
284.651
348.766
-654321
340.922
334.069
329.888
323.492
319.407
313.182
306.86
301.399
295.172
347.842
349.84
353.186
353.715
345.856
339.338
326.183
305.621
296.282
344.939
-654321
333.759
330.511
324.436
319.365
313.141
307.724
301.151
295.521
289.895
345.131
344.65
350.165
352.381
348.76
345.844
333.538
325.769
310.632
340.35
-654321
328.025
323.882
319.124
313.579
307.284
301.517
295.897
289.612
283.763
339.59
340.914
349.005
351.631
350.936
352.243
347.623
335.419
325.78
334.866
-654321
323.985
319.452
312.009
307.623
301.574
294.959
289.479
282.998
277.758
332.812
338.739
343.299
349.874
347.024
351.898
345.873
347.447
340.437
327.61
-654321
318.17
313.074
306.957
301.6
295.112
289.619
284.115
277.321
272.113
329.38
336.047
338.578
344.917
345.427
351.146
351.134
351.217
337.376
324.209
-654321
312.922
307.104
301.553
294.98
289.497
283.193
277.365
270.87
265.357
325.026
327.076
329.425
342.191
344.693
350.368
349.494
352.667
341.99
319.473
-654321
307.896
301.345
295.716
289.558
282.987
277.066
270.939
265.029
259.257
318.564
325.205
328.179
333.232
341.011
347.081
344.432
348.939
350.646
313.885
-654321
301.197
295.188
289.079
282.696
277.076
271.491
265.078
260.232
254.081
312.678
318.895
322.265
328.266
335.997
340.789
345.086
345.994
351.08
307.587
-654321
295.307
288.973
283.681
278.047
271.46
266.519
259.424
252.944
247.824
307.185
314.245
318.324
324.68
329.236
335.769
338.108
342.848
348.111
300.274
-654321
289.629
283
277.386
271.592
264.393
258.967
253.608
247.773
242.218
301.441
306.556
313.501
316.879
322.431
329.623
334.29
340.025
346.07
295.796
-654321
282.537
278.083
271.889
265.437
259.733
252.905
246.873
241.714
235.739
295.342
301.333
307.639
313.228
317.478
322.79
330.756
331.625
338.594
289.452
-654321
277.173
270.051
265.307
259.396
253.407
246.918
242.483
236.058
228.569
289.964
296.034
301.77
308.478
311.148
317.817
324.794
327.901
333.332
283.411
-654321
271.386
265.554
259.424
253.134
246.681
241.362
235.547
230.847
223.562
283.111
289.444
295.328
301.568
307.817
313.473
318.94
324.185
328.538
277.491
-654321
265.174
259.824
253.178
247.345
241.396
235.883
230.173
223.573
217.837
277.516
284.374
289.802
294.924
300.942
308.318
312.913
318.231
324.243
271.615
-654321
259.761
253.334
248.343
240.612
236.034
228.458
224.616
217.984
211.315
270.881
277.505
284.647
290.071
296.228
300.149
283.63
313.31
319.069
265.398
-654321
253.951
247.695
241.752
235.082
229.397
239.809
216.702
211.622
204.163
266.071
271.59
277.468
283.477
289.52
295.048
301.125
308.232
312.15
259.974
-654321
246.797
241.385
235.703
229.808
224.195
217.412
211.412
205.226
200.304
258.556
265.005
271.077
277.082
284.376
289.356
295.365
301.383
307.312
254.28
-654321
241.005
235.563
228.069
223.068
218.189
209.629
204.702
199.238
193.646
252.533
259.352
256.959
270.598
277.125
283.353
288.153
295.157
301.016
247.692
-654321
235.123
230.099
224.176
215.988
210.483
206.01
198.593
192.508
187.325
247.121
253.461
259.144
265.091
270.379
277.841
283.386
289.398
295.242
241.168
-654321
228.098
223.989
218.061
211.414
205.686
198.513
191.958
186.668
180.427
240.593
246.829
253.256
257.82
267.619
271.183
276.199
282.766
289.197
235.942
-654321
222.678
236.169
210.522
215.543
213.266
193.81
187.38
180.502
174.381
235.582
240.529
247.581
247.889
259.66
264.642
258.252
276.848
283.706
228.894
-654321
216.085
209.051
204.525
198.469
193.917
186.857
181.555
174.287
170.319
230.231
235.951
242.316
247.181
253.413
259.514
265.545
273.182
277.065
240.287
-654321
211.928
205.424
199.492
192.326
187.411
178.377
175.433
169.762
162.471
222.904
227.344
236.2
239.996
248.646
253.225
259.383
265.204
271.034
216.368
-654321
204.375
198.856
193.399
185.936
181.912
176.574
168.607
188.438
157.737
217.02
240.237
228.785
234.027
240.752
246.157
252.226
259.415
265.635
210.787
-654321
225.684
192.474
187.674
180.551
195.607
169.216
162.324
157.363
150.309
233.321
218.431
223.764
228.429
233.942
242.945
243.283
254.107
259.289
202.172
-654321
192.62
186.971
180.547
175.499
169.487
186.273
157.954
150.761
146.552
205.401
220.265
218.487
228.929
228.813
234.216
240.058
247.411
253.752
199.382
-654321
186.856
181.634
194.914
170.388
186.848
158.074
149.626
145.449
137.875
198.92
204.432
211.223
217.824
223.317
229.968
234.784
240.689
246.981
205.775
-654321
180.505
175.873
167.469
164.4
158.565
181.276
145.554
140.969
132.612
208.286
199.718
205.43
210.916
222.787
227.339
228.603
237.158
241.387
186.397
-654321
195.218
190.923
188.626
158.357
149.53
177.239
140.134
134.606
129.263
187.555
192.426
197.41
204.236
219.954
217.492
224.08
231.013
235.381
180.306
-654321
168.941
162.667
159.108
152.247
146.819
183.816
167.192
162.015
120.919
199.503
186.97
192.238
223.269
204.802
231.86
217.107
224.019
229.084
177.175
-654321
164.14
157.742
149.121
173.461
217.47
132.512
126.973
121.502
175.258
231.432
185.716
234.952
199.621
206.915
239.645
217.173
222.013
168.897
-654321
157.434
154.103
175.137
216.956
132.3
127.988
121.106
205.063
174.61
181.01
203.56
207.724
212.517
203.351
232.661
217.158
163.779
-654321
150.641
175.395
170.508
180.377
212.597
121.71
187.435
192.243
176.978
182.636
216.77
208.199
199.52
206.809
211.222
155.819
-654321
186.743
137.028
166.465
125.233
172.095
183.436
163.517
167.456
227.737
199.452
216.912
207.825
198.221
205.63
152.107
-654321
138.53
213.787
127.033
159.576
179.432
182.879
163.051
225.975
207.201
180.356
232.823
207.553
199.275
176.982
-654321
168.825
127.557
159.985
144.117
177.76
223.226
187.224
166.62
209.755
179.785
187.307
193.193
137.673
-654321
127.841
159.046
185.882
176.574
179.345
157.244
163.818
171.814
194.925
199.557
188.498
132.853
-654321
159.194
133.851
173.227
143.354
220.133
183.661
163.962
189.773
175.552
181.275
127.148
-654321
126.816
133.726
170.924
177.252
151.046
156.89
225.918
169.991
175.468
173.343
-654321
285.182
296.797
311.839
318.535
343.551
350.918
363.308
362.496
360.786
269.025
-654321
297.959
313.473
328.276
339.203
353.751
356.876
367.961
368
365.216
270.561
285.09
-654321
309.427
322.698
346.4
345.842
363.786
369.162
365.091
368.934
367.629
284.923
270.476
298.43
-654321
326.294
346.014
354.444
365.551
360.995
368.227
364.981
365.362
360.415
297.615
286.941
269.103
313.942
-654321
339.018
359.306
355.319
364.848
364.03
368.222
364.588
362.818
360.144
312.777
299.793
283.492
269.863
322.756
-654321
347.421
364.235
365.484
362.194
367.719
366.706
365.544
357.723
356.159
325.035
313.566
301.947
281.108
269.862
338.513
-654321
360.918
366.168
366.463
369.345
366.711
361.798
363.598
355.162
352.849
341.11
329.949
308.988
295.923
284.348
269.458
351.669
-654321
364.948
368.121
367.158
364.669
360.522
363.719
354.173
351.559
343.68
356.17
340.365
328.374
311.572
297.648
284.921
271.432
362.731
-654321
368.361
367.061
366.496
365.28
363.03
354.358
350.503
344.088
340.881
360.791
354.942
341.16
325.335
311.082
299.805
283.49
269.288
367.863
-654321
370.708
367.561
363.096
361.861
355.961
350.917
345.592
339.769
334.993
363.497
361.822
358.238
339.526
326.697
313.231
296.081
283.378
269.177
367.372
-654321
362.96
366.365
359.725
357.672
351.2
345.165
340.544
335.321
329.749
367.09
366.414
356.812
351.558
338.046
322.892
310.019
297.875
284.673
365.406
-654321
365.049
358.446
355.179
352.039
346.152
341.173
335.991
329.036
323.28
368.025
368.951
364.935
365.402
347.421
344.479
323.808
311.466
300.62
365.742
-654321
359.9
353.495
351.919
345.556
340.019
336.121
328.89
323.723
317.868
366.866
366.765
366.897
367.718
357.882
353.039
339.652
322.386
315.125
363.537
-654321
356.3
350.33
346.776
340.931
334.939
330.119
324.007
317.02
312.116
361.712
365.009
367.623
369.067
360.583
363.119
355.056
343.4
327.573
360.049
-654321
347.117
345.875
340.026
333.818
328.771
323.729
318.064
312.298
306.497
359.352
363.099
360.955
371.072
367.146
368.67
365.346
355.756
338.247
358.051
-654321
344.009
340.103
334.488
329.559
323.309
318.534
312.174
305.956
299.731
356.866
361.075
364.649
362.973
367.08
369.377
365.915
358.266
350.702
351.729
-654321
340.846
335.641
329.622
323.839
318.235
311.526
306.041
300.582
294.596
350.983
352.665
359.378
362.849
365.873
360.929
367.136
361.716
360.081
347.572
-654321
335.528
329.234
322.818
318.564
312.474
305.607
300.741
294.486
287.492
344.149
353.42
354.881
349.56
362.434
367.612
366.289
367.056
364.42
341.712
-654321
330.091
323.12
318.523
312.698
306.664
299.825
294.586
287.95
282.298
339.265
344.74
349.726
353.998
363.757
362.817
362.302
367.836
364.152
335.652
-654321
323.861
317.631
311.815
306.248
299.966
293.828
287.927
281.677
275.9
333.329
340.86
345.289
349.851
358.978
356.838
361.659
365.18
365.161
329.324
-654321
317.76
312.37
306.162
299.822
294.393
287.694
282.259
276.812
270.445
330.2
333.496
339.282
342.225
350.718
356.654
360.472
363.586
361.414
324.707
-654321
311.247
306.096
300.603
293.566
288.052
282.278
276.25
269.171
263.73
323.483
328.393
335.443
339.608
340.23
350.914
354.678
360.447
364.954
316.401
-654321
305.071
299.224
294.386
287.625
282.531
276.141
269.008
263.592
257.722
317.385
323.772
328.853
335.768
341.086
345.077
349.037
358.014
359.723
312.314
-654321
299.868
294.31
288.125
282.678
275.798
269.665
264.523
257.561
252.08
311.609
318.532
324.045
329.633
334.908
336.23
342.336
351.608
355.581
305.473
-654321
293.965
288.693
282.655
276.239
271.127
263.856
257.236
252.875
245.384
306.105
311.703
317.684
324.154
330.318
333.993
336.948
345.718
350.338
300.548
-654321
288.584
282.311
276.278
270.437
264.756
258.292
251.275
246.249
239.595
301.081
305.388
312.133
318.15
323.993
329.937
330.915
340.878
346.97
295.041
-654321
282.536
276.316
268.917
263.53
258.328
252.801
246.799
240.371
233.871
293.772
299.999
305.301
312.615
317.586
324.513
329.949
331.153
340.54
287.328
-654321
276.039
271.473
263.737
258.789
251.873
246.86
240.119
234.554
228.7
288.341
294.683
300.686
305.976
311.001
317.345
323.557
330.349
333.001
281.985
-654321
270.564
264.397
258.927
251.267
245.96
239.562
233.565
227.379
222.995
282.545
288.387
294.119
300.439
306.542
311.248
318.043
322.057
328.877
276.012
-654321
264.609
257.985
252.39
246.235
239.431
234.606
228.221
221.45
214.816
275.761
282.334
288.013
293.958
300.125
305.655
312.704
317.271
323.36
270.008
-654321
258.261
250.955
247.039
240.145
234.001
227.152
221.235
216.927
210.07
269.875
277.036
283.185
288.273
294.323
299.292
306.137
311.188
317.206
263.8
-654321
251.401
246.776
239.206
248.413
228.317
222.424
215.423
210.579
205.031
264.81
269.067
276.845
283.456
287.673
294.119
300.165
283.055
311.947
258.492
-654321
245.741
239.716
233.451
226.956
226.933
215.145
210.168
202.704
197.522
257.875
263.201
270.107
276.072
280.822
289.277
293.929
300.265
305.831
250.906
-654321
240.921
233.346
227.015
221.803
216.718
210.241
204.546
198.152
191.74
251.44
258.812
262.999
270.801
275.621
283.372
287.62
294.281
300.34
245.738
-654321
235.458
227.783
220.631
215.909
210.294
214.979
210.696
192.868
186.194
245.707
251.664
259.115
265.73
259.337
275.903
281.363
288.416
294.331
241.382
-654321
227.747
221.987
216.479
207.775
202.989
197.832
191.307
232.771
179.16
238.392
246.726
247.232
251.306
265.008
269.116
275.954
283.429
288.571
234.124
-654321
227.035
223.046
209.045
203.552
196.66
190.843
187.367
178.829
206.673
234.91
238.623
244.317
251.014
250.644
253.822
270.943
276.962
282.659
230.708
-654321
215.042
209.94
203.781
198.264
191.22
185.713
180.057
174.32
168.715
228.93
234.382
239.018
247.302
253.13
258.38
263.883
257.957
275.58
222.804
-654321
211.135
216.296
211.505
191.372
186.463
180.653
173.066
168.291
162.731
221.183
230.13
234.348
239.341
245.954
252.096
256.676
264.37
269.565
234.897
-654321
202.587
210.563
191.234
214.765
179.79
172.171
190.907
162.013
154.673
218.184
227.272
227.869
248.322
239.867
247.613
251.853
257.764
264.491
208.316
-654321
223.05
208.232
186.157
178.846
176.65
168.452
188.147
156.199
150.424
220.343
215.087
220.727
225.646
231.839
240.759
242.287
247.221
257.837
204.387
-654321
191.549
202.809
178.249
229.164
166.193
199.823
156.511
147.962
216.227
218.797
214.636
221.568
231.574
233.185
237.9
245.909
251.381
212.118
-654321
185.78
178.55
172.712
201.8
161.696
196.545
150.205
209.46
202.331
211.953
221.252
222.922
228.097
248.166
239.2
246.693
189.359
-654321
199.091
171.591
168.179
162.107
154.445
181.076
193.389
210.591
238.707
209.731
217.608
228.635
226.112
232.846
240.264
185.173
-654321
175.668
168.577
161.207
156.197
180.586
186.03
192.35
212.393
215.784
218.476
224.08
221.743
226.301
234.521
197.636
-654321
190.893
162.604
221.913
152.468
199.982
185.18
234.083
212.634
212.37
219.931
233.804
222.069
227.471
172.987
-654321
186.885
183.418
151.953
174.5
212.438
201.066
236.657
197.972
228.053
221.219
235.562
222.632
167.052
-654321
155.764
220.571
166.465
194.096
229.515
183.785
191.338
238.373
215.131
210.596
214.45
160.86
-654321
148.71
186.6
168.23
174.559
178.607
184.096
219.93
235.856
204.194
218.693
223.807
-654321
157.016
161.498
227.929
173.635
212.224
203.247
208.153
198.314
203.825
148.294
-654321
287.036
293.351
312.836
320.756
343.483
353.847
366.171
374.699
377.968
270.543
-654321
298.583
309.397
326.639
346.7
352.396
364.266
374.789
385.765
383.603
268.963
284.166
-654321
312.866
323.49
342.596
347.188
368.585
376.977
389.236
380.985
385.238
281.919
269.619
298.003
-654321
323.618
333.199
359.218
361.559
365.916
385.45
387.569
383.598
378.837
298.406
282.255
270.021
315.588
-654321
336.58
351.35
365.362
373.977
377.434
385.237
390.223
387.081
389.063
318.007
300.809
286.3
268.931
322.078
-654321
355.181
368.623
371.257
381.595
383.802
388.957
384.905
380.913
380.093
331.286
315.512
297.245
282.549
270.39
345.336
-654321
369.525
368.832
387.478
387.349
377.172
385.389
388.148
383.311
381.534
348.63
322.616
311.961
297.974
282.983
270.837
351.538
-654321
377.548
384.84
388.964
388.855
387.413
391.998
380.701
373.314
374.175
353.871
340.852
324.228
311.284
301.881
284.24
269.913
367.52
-654321
385.942
386.107
388.893
379.555
384.786
381.033
375.49
376.139
368.35
369.955
350.82
341.6
328.695
312.418
299.213
283.308
270.355
376.737
-654321
385.879
383.108
386.855
380.207
381.237
374.565
371.707
368.047
364.515
377.146
368.382
354.049
341.672
328.231
311.438
298.248
283.436
269.916
374.205
-654321
388.78
383.144
383.971
379.202
374.077
373.286
368.922
364.039
358.63
386.484
367.753
365.807
355.625
339.977
326.507
310.62
299.766
283.02
388.481
-654321
385.27
385.671
380.617
377.516
373.054
369.295
365.706
357.764
354.744
384.436
381.615
378.434
367.275
351.248
343.835
323.683
312.279
297.673
386.104
-654321
384.035
382.387
380.747
374.838
368.096
364.117
359.779
353.944
347.039
387.194
384.272
382.845
374.292
366.25
353.128
341.57
324.248
312.582
386.804
-654321
382.625
373.696
371.756
369.073
364.284
357.847
353.722
348.269
343.611
385.939
388.047
383.537
377.536
377.543
367.006
352.037
340.885
329.661
385.438
-654321
378.31
372.148
372.333
365.317
357.799
353.206
348.043
342.016
337.275
382.501
388.765
386.949
381.336
386.737
380.35
365.365
364.181
344.506
379.039
-654321
369.318
367.526
365.164
359.219
355.442
349.673
340.68
337.895
331.658
378.642
383.33
386.769
384.878
390.91
377.395
370.954
371.425
363.178
381.512
-654321
369.469
363.607
359.581
353.649
348.572
342.888
337.789
330.658
325.039
380.647
378.446
386.799
386.783
387.923
383.333
379.284
379.016
370.515
375.806
-654321
363.084
360.099
351.719
348.416
343.039
337.413
330.937
325.178
319.812
377.156
375.551
384.873
383.447
383.041
380.659
387.763
388.73
367.751
368.381
-654321
358.928
352.663
348.188
343.002
335.618
331.075
325.784
319.501
313.306
371.828
373.72
381.657
375.874
384.992
378.403
386.941
382.976
383.829
363.869
-654321
354.741
348.032
343.466
337.319
332.203
324.842
318.962
314.507
307.749
364.254
368.132
375.746
378.738
385.004
385.443
380.676
389.26
383.282
360.151
-654321
348.118
343.424
337.659
331.268
325.805
319.861
313.936
307.643
301.922
357.656
364.006
373.32
374.843
375.853
376.548
374.182
385.328
385.516
353.398
-654321
341.661
336.417
331.861
325.544
319.967
313.951
307.206
302.325
295.922
352.684
359.283
367.254
368.153
371.631
375.085
378.184
383.368
382.562
347.49
-654321
337.391
332.241
325.803
319.906
314.036
307.46
302.107
296.138
290.266
349.67
356.154
360.399
365.11
369.795
375.858
374.567
381.752
384.218
342.282
-654321
329.464
325.83
319.229
313.777
308.084
301.521
296.494
289.962
283.587
343.172
349.066
353.081
359.378
365.915
370.723
368.276
372.755
383.883
337.295
-654321
325.437
319.832
314.206
307.758
301.814
295.683
290.471
283.991
277.866
337.791
343.557
347.311
354.994
355.932
363.565
368.718
377.414
379.174
332.157
-654321
318.127
313.187
306.304
301.981
295.86
289.647
283.115
277.851
272.075
331.579
337.642
343.7
349.598
354.025
360.763
359.636
368.605
374.91
324.839
-654321
312.05
308.173
301.785
296.417
288.961
285.694
277.645
272.177
265.528
325.577
331.978
337.517
342.385
349.69
354.855
356.346
365.197
371.133
320.89
-654321
307.834
301.688
296.288
289.893
284.365
278.636
271.578
265.197
259.477
319.554
325.571
331.805
337.771
343.321
349.302
352.309
359.012
362.352
314.895
-654321
301.988
296.221
290.389
283.824
276.607
272.562
266.828
258.969
253.2
314.595
319.884
326.368
332.004
337.154
336.378
347.321
354.858
359.705
307.476
-654321
295.851
289.326
284.227
277.463
271.995
265.754
259.752
253.143
247.644
306.843
313.355
320.005
326.384
331.747
338.431
343.175
347.251
353.557
301.113
-654321
290.018
284.673
278.313
271.363
265.136
260.089
253.662
247.912
242.357
302.078
307.458
312.906
319.094
325.878
331.852
337.47
339.422
347.812
296.086
-654321
285.251
277.093
271.286
265.035
258.93
255.156
247.132
243.304
234.878
295.688
302.161
307.156
312.983
321.615
325.895
329.502
338.407
341.806
289.519
-654321
277
272.074
265.538
259.922
254.574
248.256
241.408
235.541
233.403
289.975
296.153
303.123
306.524
315.276
319.787
325.562
331.419
335.844
283.058
-654321
272.49
265.777
263.866
253.665
247.245
242.868
236.104
231.765
222.908
284.187
290.125
295.45
301.67
308.126
314.424
320.212
325.224
332.051
278.519
-654321
266.248
259.666
254.695
248.04
241.539
237.313
230.875
223.506
218.404
276.876
284.729
288.889
295.721
301.134
307.45
313.095
321.374
325.159
271.336
-654321
259.238
253.244
248.647
241.119
235.821
229.852
229.2
216.941
209.917
271.718
277.64
268.069
289.701
295.036
301.925
307.799
287.19
319.007
257.03
-654321
255.15
248.552
241.436
235.236
229.407
223.446
218.519
211.05
205.526
265.246
271.598
277.396
283.118
283.837
294.81
301.269
308.709
313.265
251.347
-654321
246.072
242.231
235.863
229.452
223.962
225.353
211.808
206.935
200.934
259.298
266.912
271.787
278.112
283.099
288.687
275.38
280.011
307.777
253.18
-654321
241.489
248.044
229.604
224.053
217.458
211.412
205.854
200.121
193.209
254.107
257.207
266.631
272.275
278.543
283.594
289.22
295.115
301.625
247.023
-654321
236.217
228.661
222.811
218.211
212.496
227.811
212.249
194.731
187.447
256.265
253.154
259.833
266.537
270.676
277.532
283.442
289.895
295.747
242.331
-654321
228.941
241.659
224.333
213.134
205.851
199.68
193.761
203.904
213.318
241.706
247.646
252.495
259.088
266.582
260.232
279.193
284.446
289.315
248.552
-654321
223.274
224.746
211.28
207.164
200.126
193.488
189.104
182.091
236.534
242.317
248.153
253.33
259.305
263.702
272.563
277.733
283.579
229.592
-654321
237.279
211.212
207.847
212.861
195.37
187.62
181.754
230.995
234.206
251.337
248.728
254.019
253.595
256.051
270.929
277.545
224.026
-654321
211.699
207.57
199.255
193.486
189.83
183.214
240.75
229.68
237.321
241.76
257.645
255.851
262.72
265.819
271.905
217.085
-654321
203.163
197.607
208.904
187.989
200.783
224.419
223.696
228.62
248.81
242.819
256.038
255.526
258.812
265.139
211.25
-654321
214.188
193.282
187.322
212.762
220.043
217.862
224.226
246.966
236.097
241.309
253.129
253.634
259.131
206.655
-654321
193.814
202.72
182.852
229.137
220.309
226.745
224.049
229.814
235.608
242.015
247.187
254.173
199.823
-654321
204.993
180.587
199.241
204.27
212.956
217.208
228.429
231.344
233.857
236.666
247.551
207.437
-654321
182.705
208.087
224.181
216.325
231.851
216.211
228.861
231.427
247.455
241.768
203.134
-654321
188.829
193.778
238.122
207.002
212.527
235.037
222.603
230.44
234.048
180.858
-654321
284.179
299.734
311.99
323.79
331.06
357.166
371.437
391.517
390.392
268.362
-654321
294.816
311.763
324.964
343.089
365.347
378.187
384.047
398.003
405.217
270.241
283.083
-654321
311.291
335.859
345.475
354.461
371.035
377.743
373.819
395.116
400.744
283.38
269.993
298.284
-654321
328.432
339.456
352.154
363.472
387.651
392.322
402.843
404.107
403.767
299.731
285.778
270.99
314.351
-654321
339.657
359.269
364.223
380.172
394.288
390.925
395.588
402.925
399.275
314.293
297.673
283.843
269.717
326.813
-654321
349.91
369.601
385.176
381.132
404.572
402.332
396.849
400.864
401.93
322.236
309.071
297.495
285.846
269.867
339.767
-654321
365.97
385.014
378.128
397.359
400.967
405.86
403.243
404.012
396.645
342.581
322.632
312.236
297.296
283.107
271.132
357.516
-654321
375.126
379.658
401.62
396.617
403.969
397.142
403.621
394.963
397.628
358.388
342.619
322.041
312.973
297.933
283.903
270.329
372.448
-654321
384.332
395.101
396.84
400.002
400.583
397.996
399.38
400.882
393.241
373.029
348.491
338.362
322.976
317.129
299.909
286.285
271.568
369.79
-654321
395.377
403.394
410.847
399.16
402.365
401.601
399.83
392
389.983
385.938
368.464
357.145
346.137
325.029
308.974
299.209
283.769
269.43
377.23
-654321
402.438
399.995
407.282
398.804
402.489
398.706
392.656
390.119
386.648
394.692
390.652
364.27
357.484
341.535
333.472
311.081
298.973
284.133
388.617
-654321
403.736
404.151
402.082
394.744
394.805
393.438
390.305
384.688
380.05
398.22
388.978
389.766
364.615
358.982
340.707
322.467
308.59
297.312
398.441
-654321
404.027
400.111
402.964
395.865
392.518
392.484
385.384
379.071
375.482
401.713
400.59
387.673
378.802
368.161
352.821
341.061
325.904
311.784
401.828
-654321
399.531
398.442
398.968
394.579
389.098
383.89
380.437
374.63
369.124
403.431
400.708
394.036
392.95
380.223
367.861
347.902
338.113
323.912
408.338
-654321
399.36
394.242
392.874
388.884
389.018
381.203
371.08
370.506
361.708
398.154
401.733
403.671
400.769
391.578
379.55
366.547
355.445
342.996
398.399
-654321
394.186
393.706
388.815
377.243
380.285
375.372
367.783
360.822
359.77
400.8
405.536
398.722
398.19
404.98
396.916
377.946
368.022
360.762
397.478
-654321
391.004
387.81
388.22
382.015
376.921
370.238
365.253
358.445
355.042
393.585
397.175
401.897
405.907
395.553
394.884
398.976
374.436
374.041
397.319
-654321
391.98
386.009
381.773
376.862
370.18
366.103
358.12
354.936
349.474
401.4
399.4
402.177
399.009
402.9
401.237
400.46
398.975
379.36
400.277
-654321
387.052
380.877
376.943
370.915
363.217
358.924
354.686
348.655
343.031
390.737
401.782
398.318
404.976
393.509
402.967
399.016
401.105
395.2
392.187
-654321
383.217
373.48
372.019
364.097
358.527
354.235
348.799
342.733
337.198
388.305
394.682
397.581
390.844
399.746
405.487
403.103
398.579
405.719
384.547
-654321
376.522
371.809
365.24
360.129
353.053
348.946
343.36
337.466
331.288
384.457
389.379
397.401
394.707
402.651
405.142
404.612
404.169
403.954
381.769
-654321
371.723
363.845
359.727
353.444
345.342
343.951
336.456
330.32
324.852
368.738
386.317
392.863
388.297
399.213
405.617
400.036
402.061
403.885
374.756
-654321
365.495
358.478
354.807
349.331
342.983
335.295
331.13
325.146
319.452
377.167
381.551
387.911
385.3
394.155
399.34
398.805
402.65
400.651
370.335
-654321
357.169
351.024
349.585
341.795
336.892
330.453
324.773
319.35
313.581
371.654
375.469
382.083
389.577
386.391
385.3
397.885
403.46
401.622
363.547
-654321
353.603
348.987
343.194
337.037
330.981
324.796
318.876
313.825
307.643
366.522
367.998
375.379
380.666
386.017
391.342
389.512
393.777
394.995
360.153
-654321
348.415
342.648
337.059
332.036
324.967
319.758
313.323
306.427
301.021
360.42
359.496
372.317
378.704
376.066
386.722
385.016
395.509
397.4
353.438
-654321
342.947
337.235
331.049
325.099
319.41
313.743
307.356
300.822
295.646
354.273
357.728
362.176
370.402
372.749
378.681
387.095
387.573
396.06
347.744
-654321
337.219
330.997
323.31
319.03
312.719
306.96
301.292
294.727
289.009
344.005
354.898
357.217
366.549
370.297
374.717
384.498
389.135
389.568
339.484
-654321
331.315
324.467
319.406
313.187
307.574
301.115
293.776
289.05
283.898
342.779
347.182
354.392
358.029
365.99
372.009
374.313
378.347
384.774
336.903
-654321
325.151
319.224
313.469
307.781
301.337
295.033
288.427
283.405
276.977
337.311
341.179
349.478
354.973
360.96
366.329
366.883
377.44
381.857
330.657
-654321
318.8
313.067
306.729
300.017
295.108
289.274
282.797
276.289
271.103
329.885
337.018
342.552
349.035
355.468
359.964
353.103
370.461
376.458
325.725
-654321
313.942
306.914
300.987
294.716
289.146
283.526
276.531
271.852
265.254
325.238
331.028
337.052
342.469
349.856
354.45
359.885
364.175
370.034
318.844
-654321
307.903
300.632
295.84
289.379
283.664
277.116
259.875
265.174
259.15
318.167
324.817
331.059
337.677
341.005
349.014
353.82
359.522
365.697
313.249
-654321
301.85
293.854
289.466
282.714
276.565
270.266
264.484
259.89
253.041
313.233
317.547
326.031
331.68
336.188
342.694
343.781
354.65
360.272
306.626
-654321
294.109
288.875
268.132
276.205
271.477
264.783
258.82
253.323
247.354
307.792
312.612
318.97
324.955
331.109
336.818
343.128
348.859
354.081
300.407
-654321
288.033
283.131
277.51
270.382
265.062
258.623
252.347
247.463
242.236
301.206
306.963
314.456
318.678
324.492
299.254
328.873
308.279
348.699
275.669
-654321
282.17
275.766
272.527
265.23
264.362
253.643
248.076
241.619
235.023
295.756
301.009
306.435
313.248
319.51
325.056
330.828
334.768
342.299
289.216
-654321
276.853
271.668
264.396
251.544
254.022
246.626
241.099
236.239
229.363
289.328
296.128
300.482
307.25
313.577
319.085
325.699
331.616
337.232
283.478
-654321
270.927
265.755
259.689
252.343
248.762
243.03
236.891
229.804
222.339
281.563
272.533
275.376
301.38
304.858
312.909
318.176
308.718
330.987
263.829
-654321
257.326
264.032
254.58
247.475
240.584
234.012
229.429
228.196
217.025
276.868
284.818
289.675
294.727
300.019
307.681
310.776
318.606
325.164
260.934
-654321
251.455
249.472
246.942
241.516
236.782
227.798
224.231
216.962
210.505
269.734
277.815
282.706
289.293
294.07
300.615
284.586
311.774
319.193
264.975
-654321
252.516
245.061
240.411
234.222
231.3
226.472
243.336
212.043
264.603
270.11
277.545
281.842
289.88
294.837
300.459
283.689
313.804
258.248
-654321
243.945
239.301
236.33
228.327
239.824
215.857
211.807
259.911
265.538
271.419
277.662
282.123
267.151
295.25
278.871
307.627
253.592
-654321
241.484
235.854
233.902
222.83
244.101
232.087
253.602
252.027
264.759
271.246
277.686
268.415
288.81
295.118
301.32
246.997
-654321
235.804
228.338
221.566
236.416
241.079
246.235
253.769
257.736
259.299
271.403
276.797
284.162
289.359
295.309
239.904
-654321
243.275
222.597
236.833
241.027
239.615
247.344
251.591
257.5
259.944
271.494
275.968
283.593
288.722
248.64
-654321
224.008
217.751
231.487
236.038
240.97
246.768
252.232
260.402
265.047
271.092
278.888
283.327
233.193
-654321
217.617
212.488
230.047
235.839
239.779
248.205
251.764
251.768
255.309
271.185
276.967
228.773
-654321
212.392
227.498
231.341
236.736
238.998
253.782
253.865
251.82
264.091
272.065
243.02
-654321
223.52
224.002
231.809
236.813
241.003
255.857
253.164
263.897
265.293
241.751
-654321
275.459
280.633
290.118
298.045
319.443
319.479
325.516
337.585
348.127
264.54
-654321
285.307
287.662
299.628
313.759
321.66
330.691
336.1
351.279
356.38
265.273
276.455
-654321
291.452
303.527
320.332
324.397
336.34
337.824
346.425
358.362
359.151
274.246
265.466
284.922
-654321
310.089
307.848
317.498
334.053
338.159
349.54
355.961
374.437
359.455
285.03
275.049
265.965
297.237
-654321
308.711
318.72
332.366
336.684
348.179
353.01
358.13
360.665
364.708
296.24
281.561
274.855
264.773
303.524
-654321
322.298
328.93
337.475
342.874
358.206
362.991
360.331
358.272
363.494
300.229
295.551
282.722
276.364
265.485
313.723
-654321
332.917
335.908
347.521
356.562
361.676
364.311
362.321
360.225
359.356
311.025
309.668
294.138
279.421
275.926
264.955
320.337
-654321
336.494
347.394
356.759
358.087
360.802
356.126
357.221
364.532
361.142
324.031
308.876
301.426
293.93
283.137
275.076
265.322
328.631
-654321
353.486
349.173
361.672
364.692
369.183
361.475
362.515
361.892
358.885
333.451
311.923
311.435
301.277
291.643
284.426
275.926
265.822
333.857
-654321
357.015
364.479
353.909
363.697
364.592
363.322
363.788
357.285
357.477
336.787
331.058
322.509
308.562
305.386
295.26
280.594
274.206
264.775
339.345
-654321
360.753
358.982
355.834
362.468
358.626
359.513
360.332
356.839
358.657
348.074
342.963
332.584
321.078
315.188
303.922
292.556
285.106
275.222
349.216
-654321
360.693
356.8
361.153
358.454
360.842
360.919
359.81
353.555
353.588
346.427
364.284
342.326
331.844
322.956
309.116
301.725
293.425
280.971
348.459
-654321
363.983
361.825
362.855
362.668
360.304
357.552
355.139
354.434
348.214
358.375
350.665
354.079
339.986
333.046
325.552
311.646
297.262
293.338
366.395
-654321
361.828
362.225
376.651
359.849
357.739
354.503
352.139
351.152
343.525
361.8
356.799
356.203
342.252
338.652
338.037
320.389
310.86
310.317
363.328
-654321
362.19
362.784
357.825
358.435
357.819
354.03
350.35
347.637
343.945
362.87
357.473
361.459
356.744
347.211
340.886
329.342
321.87
313.946
364.9
-654321
361.736
361.054
358.462
357.473
353.251
349.765
347.316
343.424
340.186
363.056
365.966
362.156
356.199
353.28
347.012
338.495
332.729
324.553
362.611
-654321
361.528
360.65
355.134
352.36
347.546
347.678
343.635
339.394
336.525
380.604
363.036
361.761
357.066
359.723
356.309
384.23
343.787
338.553
362.629
-654321
359.177
357.104
355.763
346.911
346.113
342.17
340.148
336.903
332.513
364.049
363.693
363.377
358.796
356.939
358.006
347.291
352.032
345.857
360.676
-654321
357.448
350.524
350.938
347.169
343.587
340.573
335.891
332.568
328.776
359.033
360.604
363.783
360.957
357.81
360.324
355.47
348.554
351.065
354.901
-654321
353.215
348.859
346.605
343.191
339.411
336.534
332.639
328.855
325.653
359.664
374.381
363.293
364.233
361.264
358.63
361.806
359.189
351.69
358.331
-654321
348.504
346.699
344.096
340.521
336.726
333.245
328.093
323.681
321.779
355.543
359.908
361.333
362.203
356.914
364.598
359.507
360.414
365.761
354.67
-654321
346.984
342.022
339.245
336.53
332.867
329.252
325.457
320.633
317.422
352.341
353.901
356.475
360.652
362.488
362.425
365.739
366.185
360.262
351.515
-654321
343.03
338.045
334.826
333.153
329.569
325.52
321.756
317.673
313.714
349.581
353.366
355.074
359.452
361.143
360.385
362.903
361.938
363.142
344.7
-654321
340.112
336.533
332.613
329.429
325.18
321.454
317.791
313.805
309.664
346.588
351.347
348.747
356.073
360.337
361.979
362.28
362.811
362.382
343.155
-654321
337.07
331.302
328.019
325.324
321.706
317.2
313.694
309.422
305.869
343.01
346.973
349.522
354.537
355.197
357.962
358.517
355.609
365.397
340.976
-654321
331.38
328.73
324.21
321.517
317.933
313.93
309.728
305.746
301.753
338.942
342.545
347.686
351.362
354.311
350.228
358.569
358.712
361.495
334.644
-654321
329.464
325.367
320.039
317.205
313.631
309.251
305.274
301.356
298.111
337.232
340.415
343.199
347.466
346.913
355.841
354.787
358.907
362.61
332.147
-654321
325.43
321.538
317.916
313.593
310.287
305.815
301.635
297.989
293.945
332.627
336.781
340.8
343.62
347.151
349.12
352.181
356.771
357.594
326.015
-654321
321.449
317.676
313.815
309.848
306.048
302.053
297.653
294.158
289.343
329.123
332.829
335.405
338.438
344.634
347.812
350.855
354.038
357.273
324.951
-654321
317.329
313.752
309.714
305.975
302.199
297.529
293.739
289.954
286.422
325.056
330.01
332.24
336.763
341.007
344.472
347.572
350.29
353.125
321.786
-654321
313.805
309.503
305.795
301.63
297.754
293.731
289.94
285.576
282.258
321.588
325.15
328.568
328.871
336.539
337.374
343.952
344.758
350.135
316.984
-654321
309.329
305.767
302.15
297.698
293.448
289.512
285.642
281.879
277.205
317.775
321.713
325.354
325.412
333.305
337.304
336.924
344.415
347.327
313.798
-654321
305.459
301.934
297.549
293.946
289.866
285.81
281.235
278.166
273.813
313.123
317.242
321.818
324.614
328.601
332.657
336.741
340.204
343.597
309.065
-654321
301.82
297.829
293.712
276.85
285.592
282.457
277.888
273.089
269.609
309.978
313.081
317.597
321.732
325.543
329.283
333.144
336.761
340.122
305.363
-654321
297.591
293.649
289.374
286.26
282.266
278.225
273.769
269.6
265.601
305.833
310.053
314.003
317.285
321.694
326.074
328.749
332.22
337.081
301.856
-654321
293.684
289.756
285.943
281.863
278.067
273.471
269.795
266.541
261.765
301.434
305.839
309.117
314.423
317.457
321.069
325.123
329.459
332.933
281.14
-654321
289.832
285.921
281.558
278.45
274.139
270.593
265.527
261.151
257.448
297.947
301.283
305.825
309.604
313.506
317.464
321.275
325.713
329.483
293.748
-654321
285.301
281.978
278.32
273.782
269.525
266.364
261.18
257.906
253.175
293.742
297.588
302.5
305.327
310.311
313.184
317.154
321.261
325.168
290.541
-654321
282.087
277.318
273.884
270.319
265.987
261.411
257.317
254.436
248.988
290.228
294.071
297.463
301.729
284.567
309.712
313.469
317.341
321.592
286.033
-654321
278.33
273.846
269.978
266.721
262.212
258.458
253.485
249.954
246.458
285.782
289.777
293.8
298.763
302.242
305.033
309.785
314.03
317.776
281.294
-654321
274.943
269.474
265.685
263.299
258.194
254.003
250.029
245.686
241.397
280.872
285.547
289.944
293.87
280.059
302.139
306.362
309.755
314.004
277.824
-654321
269.385
266.115
262.619
257.827
254.276
250.036
245.883
242.001
278.198
282.056
285.907
290.024
278.554
297.661
301.896
305.718
309.74
274.189
-654321
265.615
262.875
258.218
253.779
249.616
255.133
242.409
274.185
276.73
283.218
286.148
290.589
293.986
298.433
301.332
305.871
269.839
-654321
263.231
257.506
253.486
249.598
254.406
241.588
270.555
273.108
277.305
282.59
285.712
289.416
279.025
298.089
301.862
265.858
-654321
258.289
254.121
250.246
246.035
242.258
265.639
270.434
272.565
277.848
281.506
285.909
288.913
293.185
298.36
262.73
-654321
259.804
250.019
245.65
252.544
262.175
266.355
269.797
273.501
277.489
282.253
274.674
288.403
293.987
257.398
-654321
249.815
246.427
242.072
258.05
261.564
265.679
270.585
274.208
277.464
272.406
284.99
290.629
259.028
-654321
246.213
242.006
253.306
258.49
262.052
266.007
269.415
275.441
277.183
282.234
286.112
250.204
-654321
242.504
249.718
254.469
258.438
261.485
265.914
270.465
274.752
270.38
282.018
255.158
-654321
245.743
248.94
253.542
261.059
262.41
266.697
269.383
274.724
278.066
240.933
-654321
