164.541
161.253
170.129
192.803
171.191
-654321
161.517
157.584
168.464
149.489
167.368
164.813
-654321
157.293
153.442
168.006
145.499
164.493
165.2
161.239
-654321
153.264
149.452
145.42
141.401
161.257
165.11
165.166
157.497
-654321
149.489
145.21
141.373
137.296
157.48
161.249
164.666
165.337
153.458
-654321
145.51
141.601
169.59
133.38
153.573
157.489
161.231
164.861
149.71
-654321
141.711
137.238
133.509
129.641
149.594
153.361
157.587
161.38
145.463
-654321
137.359
163.241
129.389
125.482
145.447
149.521
153.405
157.512
141.409
-654321
133.388
129.271
125.649
121.268
141.714
145.429
149.498
207.212
169.357
-654321
129.708
151.414
121.694
117.825
137.461
141.473
145.357
149.457
133.51
-654321
125.486
121.523
117.456
113.415
133.382
137.559
141.511
152.242
129.199
-654321
121.613
117.808
113.751
109.089
129.328
133.511
137.405
141.389
125.578
-654321
117.486
113.686
109.337
105.525
125.462
129.446
133.451
137.376
121.538
-654321
113.919
109.797
105.68
101.514
121.247
125.498
129.699
133.934
117.882
-654321
109.696
105.825
101.678
97.5609
117.496
121.261
125.891
129.669
113.617
-654321
105.187
101.738
96.8166
93.6141
113.655
117.397
121.661
125.21
109.279
-654321
101.797
96.8741
93.6619
88.6938
109.305
114.007
116.874
121.893
105.453
-654321
98.0924
93.5523
89.4436
85.3602
105.071
109.548
113.409
117.772
115.436
-654321
93.6667
89.8186
84.8572
81.149
101.594
105.622
109.479
113.16
96.8097
-654321
89.6508
85.1901
81.1476
77.4275
96.5716
101.507
105.929
109.781
94.221
-654321
85.1919
81.5486
77.733
73.4592
92.9776
97.5326
101.707
105.475
89.586
-654321
117.09
77.3286
73.8706
69.5675
89.7625
93.3943
96.8168
101.653
85.4651
-654321
77.6289
112.953
69.0548
65.1139
84.6764
89.4568
132.366
96.8329
81.8462
-654321
74.5942
69.8985
65.4352
62.1611
117.015
119.406
90.0967
93.8967
78.3883
-654321
69.7005
64.97
60.7536
56.5542
78.6276
82.1185
84.2861
89.0458
73.4176
-654321
64.7228
62.2841
58.3271
53.1339
72.9623
77.9565
117.17
84.8303
110.986
-654321
61.0992
105.18
103.526
89.2049
69.3658
112.729
114.599
116.753
66.3947
-654321
58.2344
102.556
101.401
45.4659
108.675
69.2256
112.335
78.5655
62.3719
-654321
53.2906
100.646
98.7785
40.689
61.4805
65.6717
111.307
73.2816
57.0276
-654321
50.1395
99.5066
41.032
94.7022
104.935
61.0476
65.2261
69.4181
102.525
-654321
97.9045
40.9262
38.5753
33.6389
55.161
105.712
107.415
66.3842
48.7336
-654321
97.458
95.1279
33.1035
30.1639
50.4838
102.644
104.585
60.8106
98.9851
-654321
95.0382
93.2798
30.9782
89.8929
97.6795
49.878
103.459
104.716
98.4686
-654321
92.9186
90.2232
89.1298
88.3078
97.2077
98.8534
100.822
103.543
95.7769
-654321
90.7457
27.002
85.869
86.1009
94.6933
95.6111
99.3347
49.813
34.2832
-654321
88.9057
87.8042
85.7073
82.2128
93.8438
95.8717
95.1139
45.1968
91.559
-654321
89.0705
84.4789
82.5014
31.1064
92.5933
96.4057
98.5081
87.1378
-654321
84.7083
83.2226
90.8445
92.3386
34.5777
37.2793
86.3366
-654321
82.9934
86.5247
89.8214
91.331
92.8396
84.7374
-654321
82.899
89.2979
89.9265
89.7391
14.1161
-654321
181.835
181.782
178.981
173.838
174.482
-654321
183.25
178.524
173.664
168.27
173.374
181.96
-654321
178.725
173.698
168.127
162.543
182.737
173.577
182.842
-654321
173.97
168.598
162.517
156.574
182.459
182.729
173.495
179.574
-654321
168.1
162.195
156.239
150.328
178.532
182.916
182.744
174.114
173.904
-654321
162.346
156.294
150.015
144.574
173.802
179.015
182.669
181.133
168.171
-654321
156.435
150.458
144.894
137.938
168.459
174.139
179.367
182.226
162.18
-654321
150.659
144.564
138.882
132.634
162.718
168.2
173.721
179.622
156.096
-654321
144.476
137.979
132.412
127.097
156.611
162.729
168.355
173.896
150.557
-654321
138.615
132.465
126.373
119.934
150.282
155.85
162.554
168.433
144.336
-654321
132.301
126.305
119.759
113.868
144.341
149.695
156.103
162.244
138.359
-654321
126.958
120.339
113.661
108.058
138.312
144.674
150.301
156.245
132.074
-654321
119.746
114.07
108.637
101.922
131.762
137.966
144.101
150.313
126.021
-654321
114.053
108.534
102.224
96.6178
126.494
132.364
137.622
144.111
120.055
-654321
106.989
102.036
96.8512
90.7933
119.482
125.992
131.698
138.211
114.022
-654321
102.484
96.0632
90.1764
83.3623
113.829
120.589
126.512
132.371
108.151
-654321
96.9974
90.8404
84.0092
77.8564
107.696
114.17
119.693
126.116
102.263
-654321
107.11
84.9638
78.3547
72.0778
102.214
108.377
114.022
120.704
97.6342
-654321
84.4592
98.6871
71.9977
65.8342
96.1516
103.339
119.696
114.257
90.59
-654321
77.857
72.3751
66.5811
59.8989
89.7509
96.1344
114.818
107.746
84.6249
-654321
72.1006
67.2938
59.2406
54.9205
84.1085
90.8353
95.251
102.139
77.435
-654321
65.6028
87.4704
54.6121
79.1496
78.1367
83.0968
107.882
96.177
94.3353
-654321
60.0364
54.6622
47.6685
75.5172
73.2696
77.8309
84.5596
90.0676
65.5745
-654321
52.5664
79.7043
42.7411
71.4734
65.4032
71.3294
78.0883
83.1977
61.7228
-654321
47.8199
75.6203
70.8518
28.1358
99.8595
91.6242
72.3173
78.9228
83.2591
-654321
42.4306
72.5644
114.665
73.193
124.003
87.6096
66.2989
72.4361
80.6761
-654321
35.019
28.4314
64.1422
17.7539
49.5046
53.6906
58.8526
65.8834
86.9168
-654321
67.141
23.3055
70.2739
55.665
42.0414
47.5271
124.432
60.2371
70.5399
-654321
22.5993
19.5947
10.7017
6.07184
71.1136
121.719
79.2112
54.3279
117.593
-654321
57.6031
55.5588
51.9098
47.9134
31.6348
71.6941
41.7484
81.7398
114.036
-654321
111.334
62.4259
0.525028
43.7311
114.029
67.7431
70.4238
42.7039
112.364
-654321
50.7747
47.9907
42.173
101.49
69.3109
64.6662
30.5944
72.5072
54.826
-654321
51.7366
46.492
100.546
100.455
65.6299
57.0895
23.7045
31.0937
50.5143
-654321
44.6702
39.1708
101.67
99.1614
59.7417
111.158
18.7271
74.5886
48.1361
-654321
101.318
100.048
99.3131
97.1947
105.124
58.6916
56.8951
16.357
104.503
-654321
100.978
31.4938
94.8303
95.9376
43.4242
47.1021
51.5325
13.3993
101.959
-654321
98.8072
27.0551
34.0752
40.7102
105.404
58.6334
108.448
99.0714
-654321
96.8438
23.0012
99.0853
104.062
41.9822
0
98.3839
-654321
24.3806
30.4023
100.931
51.2961
43.4875
26.8411
-654321
28.8883
40.018
36.8345
39.3069
93.0715
-654321
186.887
198.845
203.089
200.045
173.832
-654321
197.49
201.628
199.712
196.101
174.732
188.88
-654321
201.615
199.675
197.333
191.697
188.246
173.871
199.494
-654321
200.932
196.888
192.654
186.221
198.039
189.347
173.62
201.83
-654321
196.414
192.281
186.678
180.956
201.109
197.035
188.992
173.904
201.064
-654321
192.193
186.833
181.543
174.865
200.445
201.522
198.613
186.829
197.248
-654321
186.821
181.525
175.442
169.799
196.588
201.254
201.345
199.307
192.202
-654321
180.631
174.651
169.166
163.531
192.03
196.689
200.591
202.247
186.113
-654321
175.248
168.524
162.727
157.551
185.864
192.109
196.411
200.191
180.717
-654321
169.561
162.988
157.219
150.617
181.02
186.592
192.159
196.145
175.635
-654321
163.227
157.219
151.04
144.964
174.811
181.645
185.788
190.995
168.926
-654321
157.129
150.618
144.726
139.211
168.926
174.976
180.485
186.822
162.837
-654321
150.331
145.05
138.537
132.624
162.631
168.783
174.846
180.497
157.11
-654321
144.339
138.756
132.644
127.728
157.241
162.279
168.58
174.867
149.904
-654321
138.917
133.009
126.374
121.049
149.965
156.334
163.056
168.787
145.267
-654321
133.155
126.425
120.757
113.678
144.955
150.066
156.414
162.74
138.519
-654321
126.522
119.978
114.545
108.164
139.036
143.774
150.298
156.226
132.485
-654321
119.673
123.822
108.68
102.71
131.88
139.392
145.032
151.277
126.392
-654321
113.621
108.79
102.932
96.3965
127.318
132.958
138.132
145.278
120.788
-654321
108.796
102.846
96.0788
107.266
120.184
126.41
133.473
138.219
114.592
-654321
102.52
96.0519
90.378
84.5266
114.662
127.834
126.559
132.948
109.2
-654321
97.6825
90.2494
84.9605
78.8602
109.435
123.467
121.256
126.381
115.549
-654321
89.5334
84.2252
79.5338
72.7023
114.909
118.415
113.561
120.468
95.9675
-654321
85.8902
97.8707
72.4164
90.2138
110.014
101.225
108.667
113.455
107.939
-654321
79.4292
72.857
67.5988
59.9089
107.47
110.716
114.922
107.832
84.3659
-654321
129.958
66.9829
61.7597
81.7495
102.618
90.2398
97.757
102.026
76.8276
-654321
67.291
86.0216
83.5519
46.7782
100.336
84.816
121.175
97.0625
129.786
-654321
61.7813
95.1761
122.214
121.43
95.3724
79.8571
103.542
89.0233
65.8286
-654321
83.5697
91.7353
119.482
34.6133
90.1111
93.6343
99.1359
102.298
127.218
-654321
90.8088
73.5838
71.292
68.6715
87.0427
103.676
95.7437
76.9356
82.0074
-654321
119.964
70.8789
29.5896
75.3445
82.6686
60.3582
90.7353
72.3334
78.8743
-654321
37.3786
31.1248
63.4523
59.2328
78.6733
122.517
86.2783
93.0476
73.3164
-654321
30.0163
22.5608
59.481
71.1601
117.518
79.9361
81.961
60.266
118.419
-654321
113.922
112.568
55.5568
52.3061
35.6604
76.2038
76.9122
83.4158
79.6772
-654321
58.773
67.4347
62.3459
102.939
66.9898
36.6357
75.5863
47.8479
75.4052
-654321
109.515
110.167
104.983
54.2523
61.0711
116.86
71.0511
116.369
111.877
-654321
109.27
59.2891
43.0092
17.5202
24.1565
116.314
119.189
55.764
-654321
106.8
108.154
53.5616
61.7863
63.7201
30.8526
9.6582
-654321
103.225
107.735
111.313
22.3355
114.108
46.3601
-654321
59.2615
107.326
59.4458
57.9283
42.2552
-654321
187.752
202.695
212.994
218.564
173.774
-654321
199.902
212.941
220.578
217.272
174.156
188.292
-654321
212.479
219.326
219.217
215.835
188.404
173.1
201.931
-654321
218.193
217.361
217.084
213.121
199.347
191.468
173.276
210.024
-654321
218.786
217.428
213.997
207.592
213.493
201.045
187.762
173.838
219.895
-654321
217.169
213.5
208.441
203.436
217.423
213.245
200.753
188.123
219.315
-654321
213.245
208.96
203.109
197.037
219.515
218.529
207.894
203.714
216.565
-654321
208.574
202.505
197.195
191.911
216.246
218.415
220.61
211.435
211.759
-654321
202.524
197.977
191.846
185.96
212.573
217.302
218.542
218.464
207.605
-654321
197.156
191.315
185.587
179.05
206.343
213.817
216.117
219.031
202.979
-654321
191.613
185.807
180.313
173.565
202.128
206.574
213.917
216.851
197.429
-654321
185.703
179.736
173.752
167.361
196.67
202.874
208.611
213.278
191.204
-654321
179.688
174.165
167.188
161.555
191.511
196.692
203.763
208.576
185.636
-654321
173.525
167.391
161.687
156.104
185.309
191.25
196.599
202.966
179.414
-654321
168.386
161.645
156.294
149.975
180.683
185.617
191.65
197.517
173.971
-654321
160.772
155.314
149.074
143.803
173.127
179.219
184.237
191.529
167.365
-654321
155.09
150.002
143.321
138.646
166.675
173.264
179.204
185.34
162.588
-654321
149.63
144.22
137.762
131.649
161.609
167.753
173.468
179.385
155.013
-654321
142.912
137.441
131.362
126.169
155.906
162.17
167.905
173.145
148.823
-654321
137.439
133.193
124.72
119.914
149.756
155.516
159.992
167.659
142.95
-654321
134.602
125.505
118.356
113.467
144.175
147.358
156.211
161.594
137.205
-654321
125.664
127.207
112.638
107.416
139.051
144.1
149.088
154.718
134.223
-654321
118.037
112.552
106.632
101.926
134.838
137.137
142.87
149.469
124.421
-654321
135.286
108.055
113.643
109.381
125.411
133.567
138.389
142.676
118.903
-654321
107.074
102.768
96.2688
90.5454
125.102
125.513
132.908
137.709
122.852
-654321
100.978
111.683
106.598
83.1844
121.761
126.317
125.533
134.97
118.356
-654321
111.237
90.3959
132.636
76.9034
117.943
121.766
119.38
124.949
113.521
-654321
136.653
83.0019
77.921
69.5531
113.967
106.727
112.861
119.866
110.658
-654321
103.335
99.5733
71.39
91.1972
110.685
113.833
105.804
112.739
107.755
-654321
98.6094
95.1881
66.2787
85.6157
104.798
96.7729
114.443
107.303
103.251
-654321
95.0896
127.724
86.945
81.5241
83.8613
135.448
108.393
101.655
132.01
-654321
127.355
125.669
95.0945
121.043
98.3501
102.298
104.251
111.651
72.4027
-654321
126.987
124.385
44.4874
38.7319
128.738
77.6326
132.531
107.629
90.4645
-654321
50.5734
92.6121
73.4016
120.993
90.0753
107.637
95.7532
84.0515
86.9071
-654321
90.5369
76.1698
119.057
117.585
83.9536
92.2066
93.6689
98.3693
123.806
-654321
39.0472
34.6706
67.7973
114.321
82.6974
87.3156
127.558
70.2299
122.399
-654321
71.4575
116.404
62.1377
120.357
126.312
86.9408
91.9434
119.545
-654321
115.505
63.1735
74.5798
122.445
53.6354
87.1519
117.993
-654321
112.947
70.3593
77.0514
123.989
52.6328
28.4799
-654321
77.3992
118.174
74.0848
121.406
114.307
-654321
190.45
201.063
215.842
229.491
173.224
-654321
201.816
219.874
230.786
233.767
175.012
190.817
-654321
214.415
230.66
234.343
233.817
188.456
173.777
202.224
-654321
228.555
234.432
239.086
238.218
199.539
188.61
172.93
215.81
-654321
234.494
234.091
236.164
234.429
214.177
202.251
190.468
174.048
232.498
-654321
236.371
238.26
237.71
232.334
226.674
214.234
205
189.072
233.224
-654321
238.455
234.889
230.685
225.83
235.393
226.716
214.939
202.143
237.708
-654321
236.492
232.005
227.279
222.409
236.675
234.847
224.875
214.137
236.621
-654321
230.919
228.07
222.477
216.01
238.862
239.41
233.497
228.564
234.396
-654321
227.739
222.118
216.963
210.992
235.434
236.527
237.811
231.941
231.652
-654321
223.172
216.426
211.439
206.038
231.009
235.811
233.986
238.666
228.838
-654321
217.541
211.115
204.298
199.871
227.202
232.741
237.844
238.031
221.635
-654321
211.212
205.178
199.2
192.95
219.572
227.436
228.711
233.653
214.836
-654321
204.075
199.837
193.522
187.111
214.709
220.794
226.432
228.399
210.28
-654321
198.781
193.783
187.146
181.974
211.773
213.36
223.135
227.44
204.151
-654321
192.36
186.942
181.777
176.629
202.654
211.066
216.709
220.782
200.272
-654321
188.275
181.182
174.953
169.599
198.76
205.939
211.186
215.327
193.333
-654321
181.126
175.204
169.572
162.839
193.595
199.963
205.676
211.086
187.941
-654321
176.15
169.824
163.054
157.578
188.002
193.529
200.824
204.389
181.389
-654321
169.036
163.752
157.22
150.343
181.309
187.19
193.58
199.411
163.491
-654321
162.759
157.334
150.832
143.452
176.038
180.979
187.852
192.384
168.711
-654321
151.526
151.731
146.118
138.993
170.508
174.727
180.41
186.76
162.473
-654321
146.403
145.473
139.468
131.974
162.341
168.867
175.824
181.271
152.011
-654321
143.276
140.179
131.701
127.374
151.523
155.119
168.434
174.926
153.888
-654321
140.796
133.283
128.177
127.835
147.168
152.14
163.298
168.953
144.903
-654321
133.434
128.863
121.223
123.398
144.983
150.739
157.438
163.099
138.341
-654321
127.214
126.566
123.91
107.752
137.746
143.522
152.442
150.793
135.044
-654321
120.153
137.413
118.895
114.403
134.404
140.869
143.521
150.509
127.361
-654321
144.509
119.269
115.215
111.333
125.825
134.447
138.927
143.654
125.638
-654321
107.245
103.581
136.976
136.274
128.076
135.054
133.327
138.601
114.038
-654321
103.164
110.444
90.6954
86.5134
135.445
147.082
130.376
134.735
118.66
-654321
123.934
105.912
104.029
79.8836
132.512
122.423
126.869
131.889
115.639
-654321
108.354
134.325
81.4115
131.922
114.671
119.67
124.967
127.299
110.571
-654321
101.048
97.9698
95.7916
92.8569
112.374
102.84
109.9
121.716
107.667
-654321
132.885
95.4539
89.5991
88.8317
136.421
138.367
121.397
117.993
103.102
-654321
132.272
66.2919
59.4814
123.676
101.091
136.122
109.713
101.596
98.582
-654321
128.77
62.1161
54.1501
98.1975
118.228
136.88
136.112
131.574
-654321
125.149
122.341
112.109
131.761
105.182
135.363
93.1822
-654321
124.73
67.1927
95.1055
103.966
133.079
98.6583
-654321
87.9654
123.362
94.5731
99.3002
84.2146
-654321
192.763
204.723
217.904
233.937
173.454
-654321
197.872
213.387
233.075
244.552
174.258
188.625
-654321
219.682
223.146
240.786
248.572
187.386
173.719
195.071
-654321
227.251
240.142
248.956
252.981
199.628
192.085
173.349
213.903
-654321
236.127
247.263
251.21
255.149
217.288
202.918
188.146
175.441
225.404
-654321
250.939
254.866
256.432
252.887
225.866
217.896
201.395
189.601
236.316
-654321
249.788
256.01
256.279
250.36
242.855
226.862
216.207
201.35
249.614
-654321
254.634
252.576
249.728
244.692
253.013
241.548
227.372
215.157
251.441
-654321
253.484
250.564
248.265
244.47
252.699
247.533
239.791
229.754
256.035
-654321
252.191
247.515
243.283
236.755
255.993
251.819
247.637
244.338
255.419
-654321
249.881
243.323
237.83
231.734
253.154
254.21
253.312
249.012
253.461
-654321
242.927
238.094
234.025
228.168
251.69
253.587
252.706
255.233
249.647
-654321
239.557
231.829
228.282
222.815
246.694
250.241
255.323
258.477
240.642
-654321
233.508
228.011
222.369
217.527
243.053
246.433
251.466
255.204
238.924
-654321
226.21
222.762
215.604
211.39
233.575
244.175
250.253
253.218
232.827
-654321
222.955
215.647
210.054
205.821
233.63
239.934
240.54
247.04
228.645
-654321
216.713
208.726
202.894
198.974
226.532
233.848
239.161
244.909
222.409
-654321
209.305
204.368
198.421
192.882
221.864
226.435
234.278
238.485
216.781
-654321
203.767
197.811
192.598
187.675
215.597
220.499
226.563
233.458
210.254
-654321
199.268
192.811
186.176
182.077
210.413
216.122
223.147
227.971
204.666
-654321
191.877
185.85
179.38
175.109
182.635
211.256
217.335
222.059
198.024
-654321
186.343
167.212
175.835
167.597
198.33
203.527
210.757
216.126
192.118
-654321
178.691
175.04
158.093
162.584
192.608
197.153
204.122
210.169
186.313
-654321
175.149
169.06
155.08
157.933
170.52
192.814
197.535
205.043
177.913
-654321
167.918
162.55
149.775
151.773
181.217
170.786
192.485
199.143
172.646
-654321
154.236
150.386
145.4
145.741
174.673
180.494
187.385
173.474
158.228
-654321
156.074
150.452
142.611
136.939
172.16
175.428
165.773
184.712
153.844
-654321
149.267
142.738
140.277
134.355
166.457
168.197
174.084
181.658
150.411
-654321
145.599
141.636
134.197
126.121
151.674
162.549
160.036
174.338
151.241
-654321
137.062
133.935
123.299
124.608
150.696
158.633
156.04
169.584
143.241
-654321
130.112
125.521
144.825
123.762
143.52
149.214
150.545
154.896
136.103
-654321
147.937
122.599
114.609
120.222
138.777
144.86
146.193
149.298
135.587
-654321
130.291
122.685
141.59
101.34
148.286
140.221
142.548
145.49
131.702
-654321
122.62
107.622
102.607
138.282
133.307
133.535
138.826
144.78
145.758
-654321
108.053
112.798
110.311
137.146
121.938
129.617
135.027
138.279
135.191
-654321
116.853
109.494
135.764
105.46
124.963
128.973
147.706
132.456
144.022
-654321
111.234
109.55
103.819
130.67
114.663
128.163
132.162
115.236
-654321
135.504
103.233
103.706
117.385
135.27
127.939
111.243
-654321
134.809
121.277
138.717
119.232
122.255
90.666
-654321
136.057
140.486
139.541
119.409
83.9713
-654321
190.005
200.702
223.492
228.868
172.989
-654321
202.781
209.832
236.914
248.711
172.562
186.398
-654321
210.101
226.686
246.486
257.824
186.279
172.877
205.571
-654321
233.796
244.36
248.182
263.277
198.536
187.049
172.235
213.443
-654321
244.474
253.036
269.576
268.593
210.231
201.816
187.002
174.248
234.806
-654321
266.296
267.765
268.093
276.297
231.677
222.498
205.386
188.393
248.661
-654321
257.845
267.162
270.035
270.328
246.911
231.819
213.219
202.048
255.088
-654321
270.104
272.829
269.248
271.135
257.736
248.058
227.478
215.041
265.215
-654321
276.748
272.913
271.345
266.667
263.633
251.084
246.172
230.841
266.449
-654321
272.784
270.819
265.824
261.402
273.578
264.077
249.901
245.999
270.615
-654321
272.328
268.704
263.213
261.29
272.724
270.715
261.093
253.209
272.654
-654321
266.365
263.113
259.177
255.194
269.054
274.743
271.25
260.192
268.314
-654321
263.161
261.513
255.757
247.479
269.123
270.861
273.369
265.142
265.25
-654321
259.913
254.177
247.532
245.17
264.16
271.453
263.762
264.842
265.922
-654321
254.946
251.053
243.729
239.725
266.356
270.042
273.371
271.673
261.882
-654321
250.127
245.255
235.898
233.708
259.947
264.773
267.011
268.122
254.976
-654321
241.099
236.687
231.108
226.108
252.373
257.381
262.714
266.293
247.417
-654321
239.523
232.685
227.335
221.107
249.732
252.298
260.744
264.728
245.008
-654321
233.181
226.848
221.228
215.565
245.157
246.748
255.204
258.723
238.8
-654321
226.487
222.091
215.45
209.561
239.235
243.589
250.9
254.9
228.4
-654321
221.023
214.064
209.939
203.398
232.983
229.229
239.74
250.072
227.058
-654321
215.25
209.579
202.437
197.22
226.699
234.615
238.342
243.777
194.754
-654321
208.35
203.37
196.879
174.247
220.772
197.739
232.926
239.047
213.521
-654321
203.424
196.413
191.188
184.656
190.136
221.08
223.504
232.233
209.707
-654321
195.44
190.244
186.84
166.756
208.715
189.917
193.421
224.929
181.536
-654321
190.919
171.814
179.317
163.607
204.133
185.498
215.016
220.267
198.161
-654321
185.813
181.071
162.479
157.98
197.933
201.736
186.394
214.789
174.229
-654321
165.763
172.944
159.163
153.728
174.099
197.924
202.962
210.027
171.211
-654321
162.716
169.343
154.728
157.219
171.294
174.304
197.575
202.92
179.52
-654321
159.799
154.089
155.404
155.798
166.295
184.913
174.686
197.19
173.082
-654321
155.744
164.39
147.875
144.227
171.496
165.484
170.298
191.947
170.332
-654321
151.673
158.075
143.745
139.147
158.884
161.18
180.501
185.677
155.417
-654321
144.374
151.911
149.966
130.255
155.651
163.531
174.252
166.911
152.255
-654321
156.42
153.199
134.254
130.295
155.654
152.158
160.973
162.115
146.958
-654321
138.694
135.125
148.189
119.572
158.526
158.876
163.919
159.499
156.519
-654321
132.441
146.862
146.316
126.093
153.538
146.554
155.544
161.506
151.862
-654321
132.048
125.8
121.752
151.128
143.524
151.475
150.286
132.478
-654321
127.509
131.758
150.382
152.21
141.178
143.853
128.512
-654321
144.639
146.515
133.979
137.156
144.187
146.875
-654321
119.502
125.706
134.111
137.516
123.861
-654321
190.507
207.395
215.309
223.696
173.871
-654321
201.409
213.837
229.53
238.368
173.699
188.975
-654321
209.366
236.065
240.138
254.418
186.295
174.624
199.638
-654321
226.212
241.567
246.089
269.218
205.7
185.907
174.176
221.11
-654321
245.125
267.323
277.286
272.118
217.705
202.736
185.007
173.853
227.943
-654321
255.093
268.327
270.69
282.517
232.038
213.184
200.53
186.88
243.895
-654321
277.32
282.731
279.535
289.293
247.885
227.609
219.976
202.824
256.235
-654321
284.583
283.433
287.647
290.464
261.631
245.908
235.164
209.532
270.612
-654321
281.78
285.762
285.964
289.921
265.861
254.826
243.519
229.489
290.385
-654321
288.504
285.253
283.665
291.403
290.682
278.475
250.634
239.568
286.792
-654321
293.966
288.447
288.929
287.037
283.672
282.27
268.664
254.168
283.573
-654321
290.876
286.992
280.967
281.373
285.022
286.901
279.406
273.898
291.14
-654321
287.906
284.414
283.305
281.065
289.622
291.644
285.205
279.161
292.545
-654321
283.596
280.487
278.825
274.729
292.639
284.868
290.514
287.679
289.964
-654321
279.229
277.097
273.169
269.369
289.98
293.123
290.157
292.766
280.64
-654321
280.506
273.413
266.602
262.67
286.999
285.231
292.003
289.38
284.239
-654321
274.494
268.459
263.024
256.271
286.194
285.609
285.983
289.317
276.865
-654321
268.819
264.799
257.4
252.226
278.8
280.962
289.663
286.92
276.707
-654321
263.279
258.994
252.878
245.729
274.575
280.352
278.881
279.244
267.056
-654321
257.297
252.451
247.126
241.273
269.407
275.538
278.78
276.096
263.334
-654321
250.236
246.946
240.429
235.052
264.138
269.44
271.671
275.641
258.347
-654321
245.04
240.673
235.527
229.939
252.584
260.355
260.181
270.654
253.031
-654321
241.813
234.478
229.482
222.489
250.904
259.324
263.703
264.761
247.718
-654321
234.611
228.83
222.682
216.525
243.036
252.981
258.454
259.233
240.876
-654321
229.383
224.17
218.686
210.547
241.494
246.909
215.644
258.48
203.889
-654321
223.041
217.103
211.284
204.522
234.963
240.054
248.176
252.952
227.337
-654321
217.465
187.541
204.063
199.35
229.467
203.039
242.014
246.225
195.091
-654321
213.212
205.924
200.464
174.952
224.067
200.608
233.849
240.678
216.966
-654321
182.709
198.927
170.819
171.522
191.763
195.722
228.741
234.366
210.538
-654321
198.866
175.628
187.25
167.014
209.651
193.289
195.287
227.329
182.515
-654321
188.364
171.501
166.752
163.881
207.258
187.39
191.028
224.846
179.609
-654321
170.685
168.004
162.521
168.757
183.171
205.512
188.658
217.107
175.738
-654321
180.696
165.27
157.856
154.991
191.758
180.678
183.034
185.708
171.738
-654321
163.884
168.362
162.454
156.611
187.067
193.125
178.825
182.923
182.986
-654321
163.496
161.875
157.473
157.058
168.551
186.135
193.345
180.877
163.484
-654321
165.736
157.658
148.12
143.664
165.606
168.17
169.949
175.765
169.218
-654321
157.933
147.377
153.948
161.821
163.263
165.718
185.089
154.836
-654321
157.71
141.01
158.404
161.976
164.422
180.426
151.983
-654321
158.485
160.843
155.55
159.324
176.988
149.306
-654321
156.146
158.998
161.02
164.374
143.131
-654321
187.791
202.581
220.357
236.193
173.671
-654321
207.856
216.758
233.317
235.588
173.659
187.031
-654321
218.173
232.515
243.161
264.861
186.14
173.278
196.428
-654321
232.597
229.233
270.744
283.447
205.43
188.549
171.91
218.681
-654321
241.752
256.749
267.75
277.097
211.838
199.294
186.017
173.551
233.942
-654321
248.691
280.994
290.446
292.834
234.286
217.442
200.408
189.275
240.979
-654321
271.506
287.475
290.475
300.263
238.343
237.257
218.661
208.777
269.108
-654321
279.437
291.882
305.863
309.977
268.909
242.424
230.576
215.039
267.445
-654321
295.317
296.418
310.816
310.933
267.135
266.598
243.933
227.5
288.476
-654321
294.69
305.779
307.432
311.891
289.417
266.847
258.496
243.201
288.148
-654321
293.562
306.093
310.102
305.879
298.45
282.352
278.114
254.534
296.475
-654321
303.675
293.153
305.076
300.835
296.757
284.06
284.975
269.805
306.522
-654321
307.098
305.746
305.666
300.671
307.637
297.339
299.071
284.181
307.945
-654321
305.455
306.795
299.217
298.14
300.175
311.006
299.452
297.478
305.862
-654321
303.08
302.451
295.736
296.143
301.787
303.632
307.093
307.115
306.968
-654321
303.596
300.637
294.316
290.871
301.794
304.526
305.753
301.152
307.34
-654321
293.288
294.615
282.849
286.072
306.068
307.774
309.568
300.472
304.236
-654321
289.327
292.559
285.526
281.182
295.861
303.601
305.482
310.055
294.619
-654321
284.489
284.446
279.256
274.701
296.229
303.555
303.535
303.596
290.822
-654321
283.027
278.234
274.811
268.939
292.097
301.441
303.464
305.476
290.199
-654321
280.995
270.021
265.564
263.952
288.3
295.411
292.426
296.37
283.319
-654321
276.56
268.762
264.647
258.06
284.196
291.508
292.241
298.761
278.616
-654321
270.218
263.397
258.979
252.06
279.932
284.726
285.031
297.797
271.657
-654321
252.363
218.728
253.029
246.356
275.363
281.06
287.479
292.243
266.288
-654321
257.89
252.327
243.38
240.737
267.446
276.117
280.565
287.021
264.746
-654321
214.828
244.754
219.998
234.491
263.611
225.062
275.603
278.747
259.237
-654321
245.847
240.889
204.571
229.443
259.047
264.59
267.405
274.278
252.139
-654321
241.074
233.061
199.552
194.055
253.235
257.489
223.432
268.72
246.109
-654321
201.663
199.345
223.141
216.193
212.073
251.552
259.122
248.07
241.204
-654321
229.675
221.709
191.416
186.3
240.41
246.764
189.243
257.792
202.566
-654321
196.291
216.656
177.038
183.155
184
240.235
246.32
252.578
229.143
-654321
192.274
188.06
183.215
178.249
226.401
235.038
207.337
238.202
196.512
-654321
185.833
182.825
179.663
187.021
222.047
182.727
203.584
239.798
177.305
-654321
183.947
176.703
176.577
187.843
216.306
180.115
199.552
235.032
186.619
-654321
179.331
177.781
170.862
167.537
200.124
193.212
222.592
227.72
174.742
-654321
175.365
170.356
167.244
163.152
174.737
176.425
190.997
180.2
176.349
-654321
168.782
182.323
161.793
198.834
185.818
188.018
179.367
176.438
-654321
169.99
165.627
173.379
177.735
159.758
177.593
170.4
-654321
162.429
170.618
168.378
192.878
206.918
167.186
-654321
159.758
159.758
173.258
179.435
159.924
-654321
179.901
192.126
202.083
209.797
170.605
-654321
186.869
191.142
209.059
215.818
170.566
177.209
-654321
200.105
212.479
227.099
234.332
182.522
169.726
189.071
-654321
210.577
220.847
220.204
236.39
189.783
176.476
167.806
197.062
-654321
207.923
236.451
233.581
245.292
196.923
184.758
179.096
169.543
201.085
-654321
225.516
235.513
250.057
252.099
206.441
193.596
189.473
178.958
217.385
-654321
248.351
244.611
253.994
261.359
220.405
211.227
197.425
188.644
229.609
-654321
246.627
261.286
259.421
258.15
227.29
217.685
206.132
195.914
237.278
-654321
252.848
264.066
267.419
263.598
238.19
223.302
212.939
205.486
244.874
-654321
256.66
249.926
267.996
268.079
233.467
237.076
226.147
212.285
247.553
-654321
263.159
262.34
261.993
265.058
256.01
243.464
238.058
220.584
252.986
-654321
266.977
266.914
264.079
268.911
254.265
259.195
241.164
230.24
264.63
-654321
264.25
262.177
267.148
265.856
259.167
251.59
254.105
246.988
266.7
-654321
267.33
265.461
261.736
266.119
263.667
268.269
258.237
247.386
268.796
-654321
265.119
265.077
260.935
261.802
266.785
260.23
263.153
261.589
264.653
-654321
264.958
279.696
264.001
260.225
267.596
263.062
266.386
259.212
267.258
-654321
266.422
265.049
258.574
255.482
266.611
267.838
259.79
267.571
264.014
-654321
257.866
259.237
257.768
254.615
283.642
268.85
267.227
265.295
267.506
-654321
261.587
257.147
254.198
251.968
275.968
264.533
267.178
266.924
260.509
-654321
255.371
254.691
251.076
246.694
261.87
262.049
264.902
266.429
262.193
-654321
251.92
250.543
248
243.496
260.227
261.85
265.189
268.523
257.485
-654321
249.763
248.351
241.898
240.415
257.063
256.982
261.977
265.266
251.34
-654321
247.245
244.516
240.491
235.834
254.826
257.514
260.903
265.534
248.664
-654321
243.808
239.952
236.863
233.895
251.806
255.24
255.342
260.668
247.737
-654321
239.987
236.672
232.145
228.492
247.893
251.086
252.968
256.403
244.147
-654321
236.029
233.265
229.391
225.478
241.836
248.433
250.64
253.144
242.077
-654321
232.134
229.407
225.289
221.192
240.119
243.283
246.634
249.836
237.514
-654321
229.217
224.457
221.546
217.87
236.876
241.466
244.309
247.074
233.606
-654321
223.512
221.169
217.116
213.478
233.475
237.06
241.597
243.867
227.803
-654321
221.328
217.567
212.774
209.444
227.429
233.605
235.911
238.338
225.097
-654321
191.56
213.752
209.129
185.829
224.896
228.939
199.709
236.258
194.895
-654321
190.682
209.361
205.464
201.89
221.824
187.712
230.001
230.411
193.579
-654321
209.823
204.517
202.76
197.609
193.639
220.135
225.869
228.585
191.5
-654321
186.41
185.258
182.939
181.273
213.975
193.226
220.154
224.281
208.921
-654321
201.072
197.037
193.128
190.191
188.531
213.184
217.385
220.982
205.702
-654321
197.531
181.05
189.234
177.287
204.177
188.56
213.719
217.738
184.382
-654321
180.893
190.864
176.828
185.376
206.131
188.495
213.007
182.34
-654321
187.527
175.293
183.702
184.492
188.321
210.75
181.045
-654321
187.01
179.467
198.242
201.352
204.321
177.168
-654321
186.803
182.507
198.082
202.438
176.65
-654321
