213.254
210.01
218.865
241.569
213.798
-654321
210.36
218.787
217.329
198.319
216.22
225.892
-654321
206.01
202.092
198.022
194.138
213.229
220.344
209.97
-654321
201.983
198.186
194.155
190.086
209.995
213.676
213.702
206.013
-654321
198.241
194.071
190.115
186.15
206.222
209.994
213.514
214.037
202.181
-654321
194.243
190.105
218.21
182.024
202.234
206.211
210.125
213.573
198.46
-654321
190.255
186.249
181.936
178.433
198.184
202.066
206.174
210.141
194.2
-654321
186.056
211.854
178.068
174.142
194.266
198.201
202.164
206.1
189.988
-654321
182.23
178.173
174.256
170.116
190.265
194.17
198.276
227.364
186.141
-654321
178.362
174.125
170.594
166.266
186.174
190.14
230.007
198.167
182.392
-654321
174.361
170.151
166.039
161.969
182.293
186.306
190.179
200.92
177.872
-654321
170.002
166.343
162.39
158.001
177.944
182.222
186.421
190.13
174.105
-654321
166.285
162.359
158.483
154.165
174.096
178.023
194.524
186.155
194.248
-654321
182.195
158.77
153.903
150.491
170.062
173.952
178.209
182.44
166.05
-654321
158.724
154.279
150.062
146.095
166.241
170.281
173.868
178.375
162.252
-654321
153.977
150.666
146.1
142.766
162.201
166.019
170.454
174.317
158.022
-654321
150.828
146.218
142.298
137.824
158.019
162.054
165.655
170.069
154.217
-654321
146.474
142.178
138.32
134.393
153.748
158.066
162.449
166.542
149.296
-654321
142.158
138.418
133.815
129.722
150.045
154.256
157.906
162.102
146.517
-654321
137.982
134.279
130.482
125.997
145.748
150.493
154.476
158.582
142.487
-654321
133.667
129.69
126.076
122.456
141.861
146.287
150.153
154.321
138.02
-654321
129.947
163.28
121.466
118.041
138.209
142.515
145.739
149.929
134.074
-654321
126.81
161.605
118.259
114.289
134.428
138.858
141.587
146.108
130.501
-654321
123.124
118.127
113.829
110.261
130.289
167.622
137.714
142.102
126.982
-654321
118.036
114.147
109.537
106.083
126.173
129.819
172.768
138.227
121.796
-654321
113.652
110.533
153.137
151.804
122.808
126.257
130.486
133.736
158.542
-654321
110.176
153.301
152.271
98.3973
117.772
121.296
125.532
129.809
115.134
-654321
106.385
101.516
98.227
93.5113
157.202
118.02
121.852
126.278
111.214
-654321
102.285
97.6073
146.958
145.356
110.093
157.893
118.453
122.355
153.303
-654321
148.002
148.473
144.761
86.7072
105.225
110.299
158.124
118.67
151.783
-654321
147.377
146.1
85.5704
80.6834
101.637
106.384
154.816
113.899
97.1412
-654321
145.445
143.4
81.9563
77.8294
97.695
151.162
105.374
110.751
147.384
-654321
144.067
141.173
78.0083
138.354
146.555
150.086
151.549
153.493
145.999
-654321
142.035
78.3912
138.173
135.272
145.702
147.414
97.9752
101.227
144.583
-654321
140.141
137.643
134.711
133.333
145.055
144.231
146.191
149.976
82.1706
-654321
137.029
134.563
135.936
131.141
140.953
143.137
146.746
93.7751
79.9041
-654321
135.937
133.295
63.6534
128.746
78.5863
141.049
144.433
145.84
137.485
-654321
134.921
131.931
129.894
92.9805
136.193
139.363
140.677
143.336
70.8212
-654321
132.528
131.065
129.379
126.288
136.22
74.0848
138.557
141.293
133.388
-654321
130.671
54.042
125.768
123.977
134.464
70.0037
137.298
78.5124
132.034
-654321
127.879
49.7818
124.227
42.7909
131.307
65.0604
69.2273
138.267
130.207
-654321
125.388
123.666
122.524
119.04
131.158
63.2384
133.617
71.0665
127.225
-654321
123.646
120.401
119.227
117.014
128.148
130.031
62.7467
132.959
124.992
-654321
121.739
118.459
116.804
116.752
124.55
127.909
129.682
131.843
124.152
-654321
36.5454
117.923
117.217
118.408
122.359
125.512
128.56
131.114
122.638
-654321
116.997
114.306
115.485
113.202
122.093
124.697
125.923
127.88
119.356
-654321
116.293
27.0527
111.388
120.51
120.738
123.747
125.392
118.654
-654321
112.438
113.816
36.3047
122.91
41.0143
121.246
112.742
-654321
113.431
115.194
36.3366
117.644
124.33
117.729
-654321
115.505
118.943
119.833
119.213
113.28
-654321
230.333
230.694
227.924
222.471
222.787
-654321
231.543
227.811
222.655
216.896
222.643
231.102
-654321
227.647
222.494
216.788
210.952
231.366
222.395
230.961
-654321
222.871
217.198
211.221
205.321
231.266
231.116
221.793
228.626
-654321
217.182
211.107
205.04
199.012
227.608
231.919
230.64
222.909
222.671
-654321
211.05
205.067
198.931
193.198
222.113
228.039
230.833
231.119
217.051
-654321
205.168
199.19
193.215
186.82
217.004
222.85
228.058
231.865
211.029
-654321
199.389
193.17
187.381
181.019
211.292
216.896
222.406
228.156
204.926
-654321
192.949
186.887
181.08
175.593
205.287
211.233
217.14
222.578
199.003
-654321
186.867
181.106
174.903
168.383
199.126
205.006
211.128
216.872
193.27
-654321
181.265
174.731
168.887
162.841
192.904
198.804
205.088
210.59
187.085
-654321
175.309
169.105
162.726
156.817
186.944
193.029
199.143
204.911
180.736
-654321
169.12
162.692
157.246
150.613
179.995
186.942
192.771
198.892
174.912
-654321
162.53
156.995
150.372
145.224
175.184
180.852
186.46
192.734
168.588
-654321
156.086
151.3
144.995
139.266
168.36
174.988
180.758
186.751
163.171
-654321
150.727
145.368
138.928
132.402
162.511
167.938
174.75
180.701
156.688
-654321
145.641
139.418
132.584
126.763
156.407
163.282
168.717
174.978
151.379
-654321
139.432
132.987
127.197
120.842
150.927
158.356
162.904
169.117
145.93
-654321
132.814
126.818
120.278
114.267
145.151
165.15
157.633
163.091
139.16
-654321
126.569
155.311
114.839
108.974
138.571
144.121
151.315
156.94
133.095
-654321
121.161
114.921
108.492
103.089
133.545
138.762
143.622
150.764
126.695
-654321
114.921
136.762
103.718
128.582
148.231
151.829
156.016
145.196
143.688
-654321
109.159
103.952
96.7305
90.1947
121.883
127.034
133.177
138.123
114.323
-654321
102.93
95.9814
90.4915
119.913
116.288
120.25
149.088
132.759
110.353
-654321
96.7126
124.928
119.395
126.782
109.17
140.848
120.601
126.896
131.802
-654321
90.6029
167.023
115.433
71.8736
104.039
109.04
116.426
121.224
96.4237
-654321
83.7022
116.669
73.9993
65.1789
97.5585
131.156
107.593
115.354
90.6495
-654321
115.197
71.4576
160.797
105.189
136.434
170.589
142.188
108.061
119.738
-654321
72.6175
67.3454
103.853
112.406
120.081
124.19
95.6809
103.594
165.337
-654321
160.938
158.411
55.801
47.8205
117.1
121.671
135.321
128.849
111.2
-654321
104.075
101.14
106.014
91.6309
122.922
165.065
120.309
91.3858
161.429
-654321
101.835
154.894
93.5358
87.6504
119.121
113.075
116.244
86.1211
104.207
-654321
96.4431
103.374
36.069
93.9216
57.9652
161.894
73.8762
80.129
54.3766
-654321
93.4203
151.139
84.5702
91.1674
53.6058
61.5355
66.0948
73.7972
96.4589
-654321
149.464
85.4146
146.097
145.314
154.625
113.538
157.384
107.949
153.242
-654321
149.343
146.404
76.5791
84.5128
92.3862
155.363
54.2697
60.4306
87.6157
-654321
81.9461
144.777
74.3236
80.7232
89.1917
40.6567
48.1973
157.061
148.276
-654321
86.8608
145.413
141.448
139.624
148.46
86.8625
93.6377
96.4901
146.337
-654321
142.74
67.9158
138.035
135.702
81.1405
95.5209
151.839
150.604
144.164
-654321
144.606
64.1933
70.3884
134.893
86.4347
146.759
83.6708
37.744
144.276
-654321
141.41
139.578
131.948
64.3238
143.273
144.865
80.6206
32.238
144.872
-654321
135.187
68.9187
131.044
131.816
7.08885
72.3115
79.0323
147.499
63.2096
-654321
134.511
51.7811
47.9613
128.049
138.485
8.36686
142.96
144.459
135.659
-654321
51.6897
49.1099
128.78
128.259
137.242
141.802
136.229
141.979
135.397
-654321
133.037
128.764
123.29
124.524
133.361
134.853
0
65.9901
51.2571
-654321
44.751
52.7019
126.06
31.9313
61.8096
134.478
137.016
4.16186
130.026
-654321
126.549
123.407
121.117
47.0714
60.916
133.561
138.298
40.8902
-654321
126.538
124.758
128.741
48.3614
54.0313
130.229
42.0313
-654321
123.591
122.229
52.9014
129.789
132.777
35.104
-654321
123.562
126.042
53.958
49.0981
123.318
-654321
235.781
247.936
250.836
249.659
222.411
-654321
245.449
249.347
248.248
243.71
223.38
237.134
-654321
250.049
248.066
246.172
240.753
237.387
222.497
248.375
-654321
249.893
245.624
241.405
235.041
247.251
238.045
222.389
250.716
-654321
245.651
240.625
235.535
229.742
249.631
245.631
237.115
222.959
249.648
-654321
241.299
235.408
229.925
223.68
248.632
250.756
248.53
236.064
245.684
-654321
235.233
230.511
224.017
218.357
245.823
249.593
250.935
247.667
240.747
-654321
229.276
223.432
217.85
212.333
240.409
245.82
248.517
250.004
235.152
-654321
223.976
217.753
211.947
205.958
235.203
240.692
245.984
249.835
229.587
-654321
217.96
211.626
205.865
199.794
229.003
235.348
240.298
244.554
224.198
-654321
212
205.371
199.443
193.668
223.612
230.203
233.869
239.824
217.699
-654321
205.717
199.888
193.682
187.891
217.428
223.677
228.559
235.444
211.368
-654321
199.425
193.513
187.412
181.6
210.972
217.551
223.664
229.448
205.792
-654321
193.329
187.784
181.134
175.745
205.495
211.123
217.769
223.278
199.028
-654321
187.3
181.603
176.171
168.862
199.165
205.098
211.058
217.242
194.159
-654321
181.845
176.248
170.056
162.665
193.718
199.679
204.907
211.448
186.834
-654321
175.674
168.789
162.897
156.634
187.493
192.686
199.173
205.118
181.461
-654321
168.727
164.048
157.391
151.517
181.654
187.641
193.02
199.968
174.611
-654321
162.641
158.076
151.87
144.756
176.392
180.83
187.33
193.607
168.986
-654321
157.151
151.463
144.836
139.131
169.242
175.78
181.822
187.592
163.366
-654321
151.463
145.272
139.496
132.635
163.658
176.424
174.549
181.427
157.412
-654321
160.288
138.979
133.627
127.766
157.968
164.715
169.799
175.047
164.893
-654321
138.886
132.574
128.125
120.465
150.8
157.235
172.394
168.715
145.604
-654321
133.177
125.263
120.446
115.287
159.566
151.09
157.296
163.162
155.934
-654321
148.711
119.69
140.525
134.947
154.771
144.703
163.621
156.842
133.551
-654321
121.307
138.926
135.62
131.034
134.352
167.304
145.153
162.955
159.312
-654321
116.03
135.615
104.461
126.982
147.384
132.916
140.611
159.869
143.414
-654321
108.566
132.777
128.862
137.002
144.46
148.756
134.652
139.135
115.633
-654321
132.2
97.9942
92.0034
85.4589
139.085
121.941
147.917
150.137
137.107
-654321
129.795
136.679
166.565
78.9427
136.501
151.017
143.268
126.929
144.739
-654321
168.606
120.485
78.9122
122.948
104.75
109.979
137.24
122.425
128.077
-654321
131.039
117.168
111.481
69.6692
127.793
131.078
135.422
139.241
92.5987
-654321
78.2378
125.455
69.6414
62.5193
121.879
98.0984
132.399
108.68
119.828
-654321
163.933
107.987
103.518
156.499
86.898
123.994
169.161
131.804
117.279
-654321
107.085
157.064
100.835
95.1736
162.963
121.888
122.726
127.104
162.828
-654321
161.789
53.553
93.3988
150.62
163.131
162.241
85.3142
125.317
68.0246
-654321
97.8216
106.763
91.2356
96.8848
159.395
72.8821
164.612
120.314
104.193
-654321
96.3376
41.4634
149.871
86.6401
102.736
108.711
161.406
115.503
100.197
-654321
91.1163
39.7528
148.592
144.851
157.188
159.635
160.729
109.363
108.899
-654321
85.7875
148.102
78.3849
88.3763
152.225
96.5769
105.161
160.13
151.625
-654321
150.423
149
142.231
82.1885
151.698
96.5109
157.201
153.966
147.652
-654321
149.618
74.3336
148.136
142.081
151.61
155.637
93.2131
156.187
97.6531
-654321
146.423
143.648
67.9288
65.8784
145.084
148.828
91.6158
96.1796
148.697
-654321
70.8171
67.6304
138.467
140.555
90.0476
151.206
151.815
152.582
20.1451
-654321
140.757
142.242
137.388
133.977
139.966
144.636
84.7993
33.6458
141.784
-654321
139.393
73.6438
57.3983
54.634
143.776
142.828
145.7
84.0648
6.13757
-654321
134.806
70.5649
52.2387
71.1111
83.0115
77.8842
148.693
137.735
-654321
132.806
134.006
136.828
140.633
73.3983
146.762
58.4547
-654321
66.1204
136.191
137.698
137.084
88.4861
129.966
-654321
136.519
134.804
143.297
144.415
133.172
-654321
235.934
249.67
262.73
266.944
222.807
-654321
249.293
263.551
268.315
266.734
222.013
238.867
-654321
260.596
267.43
267.891
264.271
236.68
221.988
251.81
-654321
264.233
268.271
265.636
261.744
248.806
239.123
222.193
259.114
-654321
268.237
266.133
262.319
256.796
262.964
250.212
236.481
222.385
267.931
-654321
265.25
262.515
257.175
251.964
266.543
260.09
250.283
237.114
267.59
-654321
261.285
257.912
251.69
246.374
267.958
267.297
258.649
252.021
264.482
-654321
256.94
251.791
246.114
240.472
264.685
268.07
265.566
261.394
262.947
-654321
251.673
246.166
240.572
234.998
261.212
266.079
266.95
267.809
256.181
-654321
245.741
240.254
234.465
228.018
255.944
261.123
265.025
268.197
251.492
-654321
240.27
234.17
228.907
222.199
250.299
255.457
262.221
265.39
246.419
-654321
234.517
229.05
222.241
216.068
245.208
251.328
256.985
261.95
240.534
-654321
228.182
222.653
216.733
210.375
240.301
245.858
251.225
256.95
234.602
-654321
222.777
216.423
210.44
204.755
234.991
240.589
245.905
251.172
228.191
-654321
216.348
210.121
204.24
198.752
228.248
234.262
240.523
245.916
222.593
-654321
209.549
205.146
198.647
192.643
221.865
227.429
233.416
240.409
216.018
-654321
203.393
195.191
191.642
187.038
215.812
222.721
227.773
234.276
210.297
-654321
198.4
191.806
186.021
180.397
211.314
215.95
222.082
227.8
203.841
-654321
191.786
185.927
180.718
174.146
204.598
210.452
216.037
222.182
198.215
-654321
186.403
181.316
173.851
169.162
199.165
204.567
209.985
216.052
191.719
-654321
181.31
174.218
166.511
162.202
192.638
195.481
204.389
210.664
186.177
-654321
174.061
167.285
170.277
155.926
187.018
192.307
198.977
203.544
182.914
-654321
167.734
161.835
156.003
150.136
179.269
186.486
192.424
198.379
172.927
-654321
161.236
157.194
151.378
144.611
174.951
182.561
186.359
191.084
167.678
-654321
154.164
148.355
143.298
137.835
193.47
173.441
182.122
185.641
171.555
-654321
151.573
159.424
155.115
130.8
163.012
168.243
174.672
180.545
164.63
-654321
158.885
140.426
131.713
148.718
156.422
163.255
168.79
173.737
163.113
-654321
167.439
150.277
147.411
142.31
149.059
157.142
161.25
167.99
160.196
-654321
182.218
125.297
117.577
175.88
158.183
162.69
155.535
162.921
155.481
-654321
126.104
141.67
114.327
107.928
153.455
144.692
149.015
155.976
182.799
-654321
144.205
116.261
108.807
143.497
133.968
154.586
143.985
150.51
147.806
-654321
140.07
134.423
130.66
125.163
145.386
181.542
154.325
143.705
121.799
-654321
134.859
132.386
126.489
169.507
141.156
181.049
134.007
156.596
176.243
-654321
140.035
126.98
169.918
117.403
114.023
120.587
148.347
152.554
138.189
-654321
93.4969
122.626
83.0168
164.59
134.856
177.865
144.926
181.261
131.095
-654321
125.303
117.593
114.69
72.7549
168.776
137.221
136.509
118.101
139.983
-654321
122.189
166.362
164.028
63.4198
128.004
131.136
172.074
112.38
137.99
-654321
113.382
161.778
106.241
158.206
167.627
96.748
142.839
174.297
119.79
-654321
111.147
117.662
116.277
151.501
119.503
170.022
137.008
130.857
164.371
-654321
159.049
116.099
157.355
157.364
117.505
165.903
166.72
171.012
157.501
-654321
101.979
156.03
94.8571
153.368
161.066
113.745
166.037
123.148
160.966
-654321
156.379
46.5312
91.0598
151.725
161.151
161.812
113.576
84.1453
158.032
-654321
158.039
152.949
101.99
150.691
156.074
159.399
163.717
166.538
160.039
-654321
38.0919
155.396
143.501
149.201
155.372
161.369
118.981
109.443
92.1608
-654321
87.5686
96.9811
145.379
75.129
154.07
158.359
57.7082
159.812
153.355
-654321
151.364
91.8432
146.022
145.161
155.364
97.1142
101.807
116.31
89.3923
-654321
145.399
148.039
142.535
146.776
92.4196
151.422
156.032
148.534
-654321
147.364
141.542
92.3625
150.746
103.546
99.0663
80.5258
-654321
142.929
147.032
147.82
152.357
154.372
76.7157
-654321
143.25
152.762
83.2358
89.0978
140.067
-654321
237.751
254.276
266.525
277.111
222.165
-654321
249.419
264.792
274.56
284.344
222.268
238.207
-654321
263.023
277.294
282.07
282.733
235.495
223.505
251.525
-654321
274.655
284.085
285.998
285.375
248.944
236.92
222.658
262.839
-654321
283.313
282.401
286.183
282.431
264.575
250.524
236.804
222.721
277.427
-654321
287.172
286.068
284.21
281.007
275.087
261.693
254.391
235.942
283.326
-654321
285.133
284.216
280.103
275.77
284.084
274.86
265.805
251.397
287.577
-654321
285.346
279.279
275.739
270.609
286.068
283.971
274.709
263.508
285.789
-654321
280.381
275.869
271.915
264.981
287.527
286.89
282.958
278.232
284.33
-654321
275.404
271.2
265.804
260.285
283.373
286.244
286.65
277.871
278.448
-654321
270.908
265.646
260.096
254.353
280.608
284.758
282.917
287.765
275.349
-654321
265.75
259.656
253.252
248.397
276.115
280.85
284.193
285.688
270.462
-654321
259.922
253.468
248.646
241.913
269.6
276.159
276.993
284.458
264.377
-654321
254.232
247.87
242.243
235.984
263.429
269.593
276.423
278.889
259.1
-654321
247.007
242.42
236.083
230.438
259.445
262.721
271.341
276.844
252.952
-654321
242.54
235.793
230.462
224.73
252.257
260.029
266.181
269.374
248.494
-654321
235.719
230.102
224.47
218.336
247.347
254.052
259.743
263.345
241.924
-654321
230.772
224.372
218.511
211.131
242.968
248.486
253.131
259.048
237.298
-654321
224.506
218.89
211.861
206.235
236.274
242.681
248.32
253.96
230.288
-654321
217.21
212.412
205.331
199.51
230.008
235.692
242.226
247.873
224.34
-654321
211.856
205.728
200.313
195.178
223.454
229.506
235.479
240.948
208.234
-654321
205.534
199.723
193.02
187.597
218.841
224.06
228.722
235.804
211.037
-654321
195.232
193.974
188.536
181.921
211.354
218.266
223.876
230.351
206.654
-654321
195.165
188.238
182.851
180.177
200.416
212.117
217.754
224.073
196.616
-654321
187.006
182.052
176.622
170.953
196.133
206.801
210.553
208.186
193.971
-654321
180.972
180.4
175.752
164.237
193.306
200.895
205.83
211.832
187.267
-654321
176.577
176.106
162.07
158.002
187.023
194.255
199.482
205.982
181.45
-654321
168.626
172.723
167.896
162.977
181.081
188.472
193.492
199.445
176.827
-654321
165.514
167.247
188.912
159.741
193.697
182.847
187.131
191.103
174.927
-654321
156.868
153.164
144.649
140.796
173.041
179.904
182.97
187.224
173.895
-654321
176.367
158.305
158.054
152.088
172.017
175.88
180.419
181.08
167.898
-654321
146.501
142.342
152.289
148.661
157.211
163.357
175.84
178.538
189.253
-654321
141.296
131.842
147.826
142.454
187.866
168.51
194.154
170.845
159.037
-654321
182.672
148.882
121.21
139.154
161.397
151
188.824
162.989
156.985
-654321
158.222
121.913
139.814
139.986
182.829
161.618
175.838
168.509
181.104
-654321
179.404
180.031
134.626
141.878
154.594
184.91
159.821
163.209
147.469
-654321
141.229
174.444
143.263
127.354
181.428
152.185
153.763
159.825
156.472
-654321
137.583
173.132
129.199
141.868
146.826
182.292
153.402
184.607
137.74
-654321
145.92
127.812
124.881
166.676
142.243
178.567
180.381
165.692
175.25
-654321
129.207
89.6136
166.9
117.546
176.642
176.216
179.771
180.212
172.903
-654321
168.733
117.758
127.605
162.905
129.758
176.436
178.985
178.9
94.9296
-654321
119.817
115.122
129.868
164.381
171.606
177.775
173.169
178.059
170.293
-654321
166.289
161.691
105.992
163.077
169.951
164.716
173.367
208.473
208.473
-654321
164.991
161.942
158.207
101.895
82.7916
124.858
176.473
173.253
166.289
-654321
161.257
159.374
107.474
48.3091
167.34
121.662
168.9
169.861
164.066
-654321
160.813
55.9048
46.4661
151.515
162.9
165.25
135.078
164.078
109.228
-654321
157.602
111.078
157.077
105.052
163.139
161.447
128.843
115.608
-654321
152.825
107.079
159.96
162.302
113.21
166.524
119.264
-654321
152.56
56.1668
152.716
162.986
162.9
94.4285
-654321
155.838
162.473
160.756
108.982
154.986
-654321
236.498
246.913
262.052
282.017
221.026
-654321
250.799
262.507
277.244
292.83
223.583
237.21
-654321
266.483
283.541
290.131
301.874
235.812
222.388
248.693
-654321
274.526
283.316
300.63
301.449
250.519
238.428
222.38
260.818
-654321
291.488
297.729
302.483
304.501
265.349
253.957
235.912
223.102
271.83
-654321
299.793
300.422
304.67
304.907
276.447
262.113
253.303
236.414
283.866
-654321
299.524
302.901
302.648
297.462
289.171
278.566
263.017
250.33
298.437
-654321
302.451
304.568
299.551
296.264
299.207
292.288
278.885
263.989
300.651
-654321
302.848
299.887
296.771
291.193
300.85
295.425
290.121
278.927
304.659
-654321
301.686
296.807
293.381
285.768
304.234
301.403
294.567
289.714
305.183
-654321
296.81
289.921
285.685
282.401
302.432
303.143
304.606
298.628
299.526
-654321
291.815
286.221
282.815
276.938
298.457
303.172
299.821
302.686
296.685
-654321
287.977
282.393
275.895
271.104
297.538
296.752
302.306
305.842
291.161
-654321
282.629
277.574
271.33
265.488
291.344
296.642
300.028
302.558
287.149
-654321
275.809
270.218
263.953
260.31
282.718
291.616
298.116
300.458
282.3
-654321
271.568
265.035
258.367
254.234
281.755
288.704
288.769
296.893
275.573
-654321
264.952
257.287
253.121
247.376
276.514
283.189
287.765
293.836
271.574
-654321
259.455
253.383
247.248
242.611
269.555
276.363
283.323
286.012
265.302
-654321
251.948
246.962
241.298
235.844
265.386
269.618
277.409
282.306
259.505
-654321
248.37
241.22
235.045
230.039
258.279
265
271.167
276.553
254.348
-654321
241.651
234.343
230.49
223.788
231.958
258.882
263.13
271.592
246.072
-654321
236.07
215.987
223.303
216.721
248.04
252.823
259.399
265.092
240.898
-654321
228.018
224.044
207.556
210.72
241.325
245.276
252.995
259.344
234.555
-654321
223.119
216.993
202.846
205.814
219.464
241.982
247.3
253.967
227.709
-654321
216.226
210.945
204.541
200.434
228.543
219.425
240.125
246.917
221.668
-654321
211.968
198.343
194.469
193.101
224.205
230.963
234.847
223.697
206.392
-654321
204.709
199.083
191.702
185.541
218.386
223.044
229.667
218.944
208.537
-654321
199.362
192.552
186.526
183.782
210.974
217.536
211.78
228.078
198.982
-654321
192.638
186.383
184.491
179.663
200.275
204.42
219.365
222.325
193.605
-654321
186.387
181.77
172.943
193.759
200.647
214.377
204.553
217.137
188.703
-654321
181.227
179.214
175.551
170.704
193.728
199.949
197.666
203.355
187.605
-654321
175.219
187.344
182.108
180.427
186.841
190.071
193.766
198.112
185.46
-654321
174.445
161.643
167.594
161.866
181.232
189.811
194.277
194.678
181.041
-654321
171.258
167.957
164.121
158.676
178.913
197.918
187.781
190.559
175.857
-654321
167.723
188.099
189.699
158.036
174.208
179.772
183.492
195.077
171.838
-654321
165.349
140.853
183.264
150.562
169.633
194.931
179.027
184.071
179.039
-654321
147.35
153.866
151.771
144.473
173.487
193.002
195.352
180.133
190.74
-654321
184.192
182.657
184.463
181.431
149.167
158.39
192.996
189.471
160.654
-654321
183.345
127.036
146.042
152.841
181.775
167.183
190.829
186.38
167.001
-654321
182.04
155.905
140.654
173.264
185.57
158.328
187.725
167.259
184.971
-654321
143.262
178.963
133.867
174.74
163.735
171.54
181.775
186.567
175.775
-654321
177.689
173.264
173.353
130.734
159.384
150.386
134.155
189.425
177.961
-654321
148.585
174.562
139.724
167.961
184.185
151.764
148.473
156.98
137.866
-654321
147.159
169.494
168.992
172.185
176.307
155.735
177.171
154.734
178.808
-654321
176.185
168.654
161.775
116.187
173.612
183.551
145.455
182.047
172.657
-654321
169.352
122.718
80.6571
165.425
167.775
169.775
181.498
176.566
174.812
-654321
166.656
166.037
157.077
172.97
170.567
178.812
151.171
208.473
-654321
128.655
113.811
170.738
170.657
175.432
150.962
168.725
-654321
162.794
131.379
169.005
97.7275
173.695
170.185
-654321
162.567
170.122
170.158
126.915
124.081
-654321
238.733
246.441
267.192
278.677
221.077
-654321
254.328
261.776
287.577
297.005
222.823
238.748
-654321
255.779
275.506
289.863
303.358
234.013
223.61
250.242
-654321
283.258
286.865
304.919
312.677
248.778
236.159
221.343
267.198
-654321
292.342
306.039
320.914
316.948
258.827
249.542
236.897
222.397
279.276
-654321
307.36
316.207
311.763
320.889
281.642
263.867
253.211
237.368
292.515
-654321
307.983
318.09
322.258
321.697
293.592
283.626
262.179
248.838
303.439
-654321
317.086
322.098
318.449
319.247
306.537
292.282
279.333
264.955
313.112
-654321
322.189
319.287
319.271
317.127
311.77
304.268
292.807
280.208
316.598
-654321
321.73
318.9
316.384
312.041
318.52
316.521
299.375
292.189
319.768
-654321
317.293
317.604
310.906
310
319.491
314.353
309.928
304.352
317.448
-654321
319.816
313.132
307.479
303.416
319.292
320.035
322.023
312.103
318.941
-654321
312.252
308.919
304.358
296.791
317.504
320.88
321.438
315.768
316.117
-654321
309.06
302.31
296.882
290.449
315.398
321.544
317.6
315.539
314.397
-654321
304.231
298.085
292.141
288.113
308.882
315.131
315.477
320.196
308.688
-654321
299.338
293.932
287.762
282.407
310.017
314.17
317.381
317.438
302.742
-654321
289.61
287.938
279.591
276.432
304.442
305.053
312.299
314.546
298.599
-654321
285.375
281.959
275.585
269.709
298.847
305.868
309.774
310.866
292.983
-654321
280.684
274.4
269.891
264.912
294.155
295.185
304.103
308.366
288.092
-654321
274.823
269.831
264.022
257.747
287.488
293.027
299.454
304.91
281.527
-654321
268.783
263.61
258.615
251.305
282.111
281.621
292.77
298.74
275.952
-654321
264.88
258.107
252.188
245.47
276.469
281.09
282.779
292.031
270.702
-654321
257.408
251.929
245.913
240.856
269.008
275.771
278.832
286.709
264.357
-654321
252.297
246.061
239.954
233.181
263.065
270.212
275.503
281.866
257.917
-654321
245.543
239.259
234.091
228.844
235.36
263.509
270.936
268.609
253.056
-654321
239.714
234.538
228.187
223.742
253.208
256.951
264.132
269.306
246.738
-654321
232.703
215.411
211.594
207.539
227.298
231.151
257.93
264.505
239.734
-654321
227.146
220.618
207.914
202.761
224.276
244.628
232.163
258.143
234.049
-654321
212.365
208.046
203.269
199.641
218.69
222.916
247.629
251.876
228.529
-654321
208.043
214.387
205.212
196.169
216.156
219.121
240.711
245.739
221.608
-654321
208.685
203.762
197.223
202.969
221.465
214.739
219.819
223.685
218.426
-654321
199.242
199.918
191.987
187.142
215.025
210.232
216.081
233.437
203.329
-654321
193.8
193.711
200.923
182.223
209.829
207.354
222.972
215.246
199.299
-654321
203.655
182.661
181.505
175.565
198.445
203.677
214.579
212.33
204.017
-654321
202.751
181.797
180.765
166.388
197.041
195.895
204.935
218.17
192.93
-654321
182.808
195.238
175.651
172.339
203.412
195.698
206.222
202.964
202.916
-654321
177.908
192.002
192.415
191.315
198.063
192.873
190.977
201.441
183.28
-654321
170.057
173.451
191.404
193.527
196.389
200.233
193.583
196.268
195.578
-654321
191.055
167.575
189.906
159.528
191.499
182.642
199.243
189.888
174.574
-654321
180.652
175.351
155.895
185.579
189.499
184.46
182.249
186.929
191.578
-654321
161.88
184.908
184.9
135.513
194.874
193.583
198.91
195.555
194.229
-654321
186.255
160.553
150.941
178.228
165.232
183.592
193.728
198.228
194.81
-654321
185.592
180.908
180.923
184.81
188.25
194.229
176.553
176.566
186.701
-654321
159.206
182.46
180.242
140.566
184.908
190.256
195.527
192.587
186.254
-654321
182.576
153.899
145.836
136.123
186.256
180.123
175.262
192.256
208.473
-654321
180.917
177.23
148.579
172.923
183.915
167.592
160.612
190.208
182.567
-654321
181.203
174.255
99.8788
186.81
183.579
171.833
187.586
182.661
-654321
173.23
175.574
178.912
163.864
188.81
188.229
171.499
-654321
172.912
140.376
178.027
179.583
187.527
174.925
-654321
176.256
176.255
182.222
124.236
176.878
-654321
236.804
251.344
264.556
275.32
221.827
-654321
246.558
265.734
278.379
290.97
222.661
238.206
-654321
261.191
281.391
276.826
303.93
234.657
224.179
250.164
-654321
278.752
295.591
295.821
317.743
252.538
236.425
221.444
272.227
-654321
287.08
322.155
317.822
325.967
265.796
247.797
236.013
221.284
275.992
-654321
309.376
318.761
324.413
333.391
279.135
262.451
252.914
236.002
296.571
-654321
319.04
328.139
331.388
337.168
296.866
279.216
266.954
249.029
302.777
-654321
333.57
335.237
336.219
338.212
310.912
287.832
277.061
265.58
319.37
-654321
334.455
332.273
336.718
337.956
321.209
312.04
292.093
274.693
330.562
-654321
342.679
332.717
335.274
337.554
325.901
323.984
302.771
289.703
334.008
-654321
339.863
336.464
336.753
335.339
335.155
328.042
317.189
308.492
334.506
-654321
338.358
334.862
332.33
332.493
336.126
334.438
330.651
316.669
339.707
-654321
334.832
333.609
331.104
325.184
333.942
338.943
333.982
326.298
340.246
-654321
330.61
333.406
325.266
322.668
338.088
339.944
337.509
335.412
335.727
-654321
330.039
329.01
321.669
314.917
339.324
340.52
338.907
343.28
335.87
-654321
328.001
324.213
316.369
312.206
336.266
340.031
338.91
338.978
329.244
-654321
322.363
317.122
312.991
306.851
333.708
330.366
338.113
333.994
325.327
-654321
317.242
312.733
306.612
301.42
324.799
329.919
333.706
333.44
321.898
-654321
306.985
306.791
299.918
294.673
319.26
330.371
333.089
333.817
317.118
-654321
303.184
301.127
295.842
289.731
319.687
323.418
325.999
326.936
312.423
-654321
301.741
295.325
289.513
283.823
309.204
315.944
320.652
323.364
306.815
-654321
294.071
289.622
284.042
277.729
306.27
312.347
309.654
322.128
300.774
-654321
289.721
284.213
278.385
271.712
300.362
306.594
302.896
317.589
295.661
-654321
283.722
277.946
272.295
239.155
288.262
301.649
299.085
307.757
289.812
-654321
278.706
271.694
266.193
259.104
289.903
296.631
301.734
307.476
283.186
-654321
242.501
266.297
260.006
252.955
284.121
288.154
297.229
301.733
276.892
-654321
266.985
235.524
254.761
247.576
249.31
252.595
288.003
295.278
243.493
-654321
235.834
255.147
246.187
243.386
245.067
247.439
285.151
289.51
266.137
-654321
255.554
248.092
224.101
219.638
265.42
271.715
247.927
283.36
236.563
-654321
247.466
224.496
221.188
230.361
261.51
240.888
243.246
277.037
252.61
-654321
241.553
219.244
216.333
213.762
254.158
236.571
240.23
244.226
229.156
-654321
219.739
217.35
224.654
208.581
227.833
234.137
261.504
265.562
223.885
-654321
228.417
212.072
215.658
207.521
241.811
227.162
231.656
237.067
221.46
-654321
211.991
219.455
213.136
205.731
219.448
241.818
219.308
232.602
228.8
-654321
210.243
210.163
212.181
207.607
215.246
219.998
218.871
227.783
225.356
-654321
210.587
200.378
196.776
201.463
223.223
226.155
220.633
240.463
217.946
-654321
200.255
206.261
204.145
188.36
211.514
213.44
217.151
234.669
209.003
-654321
195.644
202.963
187.644
196.7
211.485
212.368
213.521
229.235
201.068
-654321
203.255
184.872
198.861
198.375
208.328
209
206.554
213.506
204.234
-654321
187.707
185.362
199.797
176.69
194.402
209.002
207.923
209.129
190.394
-654321
203.295
195.142
173.111
191.927
207.025
209.365
203.84
202.909
203.186
-654321
195.926
194.226
193.401
208.473
201.735
202.249
208.799
200.258
208.473
-654321
193.328
164.405
188.696
152.949
181.143
187.577
202.208
207.559
190.303
-654321
194.133
168.971
189.168
185.328
195.638
200.375
200.698
192.221
194.818
-654321
192.07
150.904
184.078
188.143
187.301
199.642
199.765
204.126
177.937
-654321
189.11
175.754
186.934
189.531
169.734
194.948
199.186
196.911
191.17
-654321
176.352
185.746
181.328
192.755
192.851
196.06
197.302
191.75
-654321
188.697
184.641
192.1
188.078
169.131
196.352
187.749
-654321
168.352
186.837
190.621
193.851
194.054
184.948
-654321
185.775
185.945
191.559
196.424
208.473
-654321
235.819
253.263
271.753
281.23
220.684
-654321
256.674
267.746
281.905
292.823
221.525
238.245
-654321
259.86
269.678
279.579
303.634
236.064
221.592
246.523
-654321
283.603
293.129
303.698
328.962
247.712
235.685
221.676
273.744
-654321
289.115
308.525
331.609
331.914
263.058
253.806
234.877
223.14
277.618
-654321
306.61
314.41
336.776
338.971
286.48
260.044
249.21
236.884
291.136
-654321
317.579
343.711
347.565
348.764
295.135
279.194
263.136
253.046
305.579
-654321
333.596
340.922
352.341
357.188
308.639
291.142
280.074
265.968
325.522
-654321
343.822
347.189
351.939
361.434
319.581
296.773
295.454
276.644
336.166
-654321
340.986
350.021
354.804
357.097
335.525
323.146
307.713
292.737
345.228
-654321
348.861
354.84
358.056
354.548
340.116
332.648
324.83
300.392
350.67
-654321
347.385
353.547
355.374
353.733
350.868
343.599
335.127
324.128
343.44
-654321
353.706
355.977
355.254
347.564
349.526
347.751
343.661
331.604
355.686
-654321
354.999
352.371
347.032
347.264
354.088
350.305
347.64
347.626
357.009
-654321
352.205
350.692
343.516
345.203
357.38
355.634
359.246
345.662
354.432
-654321
350.012
350.758
345.013
339.481
352.409
356.073
351.243
352.886
356.411
-654321
350.264
346.557
337.996
333.478
355.245
355.505
356.165
359.849
351.629
-654321
339.712
338.616
332.581
329.311
349.622
356.038
352.382
355.475
347.314
-654321
337.621
332.897
325.631
323.288
343.005
347.49
353.028
356.632
337.925
-654321
332.33
324.929
322.606
316.438
340.702
347.663
349.134
349.574
336.915
-654321
329.068
320.316
314.658
312.19
336.211
346.593
339.679
352.993
332.743
-654321
320.764
317.944
313.047
306.897
332.456
338.517
339.813
341.819
327.654
-654321
314.593
312.568
307.212
301.016
330.1
333.946
335.045
342.808
322.426
-654321
312.931
307.482
301.147
295.694
321
329.706
332.327
341.566
319.321
-654321
307.196
300.345
294.133
289.415
309.267
323.629
329.454
330.155
311.599
-654321
299.418
296.077
289.827
283.01
313.904
317.133
278.031
329.077
307.309
-654321
295.198
289.165
283.957
277.312
306.165
312.88
275.011
323.793
300.963
-654321
289.436
282.773
248.025
271.913
301.414
305.885
313.468
317.781
296.053
-654321
252.795
277.883
270.927
265.467
295.398
301.323
306.261
307.995
289.683
-654321
277.045
271.312
240.981
258.045
285.853
295.173
264.424
306.362
282.775
-654321
243.066
265.525
237.668
233.126
251.131
255.865
295.72
301.124
278.485
-654321
265.403
235.521
223.375
239.199
276.496
285.335
255.833
287.496
268.956
-654321
235.555
252.519
228.868
222.516
270.828
248.624
252.555
289.386
239.999
-654321
232.875
227.789
242.187
217.022
226.457
255.923
231.067
282.723
248.848
-654321
228.854
224.06
235.145
215.763
259.41
254.478
229.791
231.096
229.741
-654321
223.969
232.102
214.659
213.551
232.165
234.94
265.183
271.671
226.304
-654321
216.594
217.999
223.365
208.474
222.169
232.596
236.656
238.408
222.541
-654321
216.428
215.128
209.803
212.989
239.706
226.786
224.211
236.432
219.162
-654321
224.555
207.455
210.174
205.831
216.55
225.65
220.188
253.697
213.277
-654321
220.588
208.177
202.535
206.275
216
217.206
216.741
229.85
209.464
-654321
210.321
206.752
203.636
204.555
214.868
217.388
215.67
225.278
208.473
-654321
203.069
197.29
201.388
199.589
212.864
211.808
213.777
233.135
202.801
-654321
205.758
204.191
201.705
205.128
217.074
221.382
211.49
217.426
211.44
-654321
205.2
188.09
197.89
181.808
209.097
209.352
209.909
213.619
205.359
-654321
201.203
186.517
208.473
186.723
203.666
201.863
208.701
213.507
201.309
-654321
193.863
199.631
195.705
193.705
208.473
208.473
208.473
210.06
204.094
-654321
198.682
179.02
208.473
205.44
208.473
205.241
213.128
208.473
-654321
199.44
196.55
208.473
208.473
203.909
206.94
200.55
-654321
195.544
202.3
203.44
208.473
208.473
196.682
-654321
199.44
198.682
199.205
200.321
192.159
-654321
227.935
236.626
248.583
257.279
219.435
-654321
239.58
243.214
263.634
260.055
219.224
225.208
-654321
247.804
263.374
267.827
276.085
230.535
217.749
234.8
-654321
260.938
266.927
270.736
286.463
232.82
229.938
216.925
241.848
-654321
261.004
280.367
292.002
297.491
249.274
235.787
226.537
218.355
260.763
-654321
265.043
287.785
298.32
303.239
247.087
245.009
239.424
227.905
264.961
-654321
288.233
297.354
307.188
310.717
263.218
255.087
246.043
235.391
278.615
-654321
302.728
302.329
308.155
309.379
280.098
267.322
259.663
248.725
279.785
-654321
306.236
307.395
314.484
316.819
280.573
270.726
267.248
252.49
291.416
-654321
307.914
306.006
313.054
313.245
298.089
283.805
272.271
262.207
301.426
-654321
313.072
312.341
315.899
317.209
297.677
300.651
281.001
267.26
310.033
-654321
313.248
317.077
316.653
315.684
306.568
302.725
288.241
279.502
313.015
-654321
314.431
316.548
311.654
315.854
313.496
304.417
300.71
291.915
314.564
-654321
313.235
312.18
315.619
314.09
338.508
315.521
308.412
302.167
313.628
-654321
313.625
313.421
311.025
311.221
313.925
314.692
309.922
306.336
316.933
-654321
316.053
311.68
309.781
308.057
314.507
316.287
315.074
316.962
331.023
-654321
311.911
324.73
308.616
305.98
317.773
316.344
314.506
313.051
316.891
-654321
313.377
308.979
305.365
302.642
311.202
312.969
312.986
318.778
310.687
-654321
306.591
305.214
302.266
299.399
314.097
313.647
315.998
314.677
311.506
-654321
304.635
302.939
299.766
295.861
312.504
312.973
314.681
317.413
309.368
-654321
300.171
300.905
295.894
290.694
309.506
313.84
316.026
316.252
305.875
-654321
296.303
296.153
292.746
289.153
307.899
304.161
312.917
314.089
300.005
-654321
295.337
292.864
288.274
284.632
304.061
307.855
302.586
323.07
299.687
-654321
291.2
288.925
285.613
281.578
299.743
303.75
306.917
309.414
298.095
-654321
289.149
285.713
280.674
277.614
293.546
301.122
300.927
306.331
292.927
-654321
283.146
281.242
277.666
274.043
292.082
295.987
301.669
302.616
289.836
-654321
281.247
278.004
273.804
269.905
289.195
293.325
296.698
299.634
285.786
-654321
274.87
274.359
270.369
266.327
284.896
289.969
290.407
292.726
281.911
-654321
273.192
269.825
265.937
262.614
282.171
285.591
285.822
292.287
277.101
-654321
269.905
266.425
261.617
258.622
277.418
281.823
285.807
288.897
273.29
-654321
266.385
262.394
258.38
254.088
273.378
278.098
280.255
286.261
243.502
-654321
261.343
238.07
254.948
249.269
269.82
273.933
247.462
282.135
267.586
-654321
236.411
253.554
250.273
246.586
241.725
270.106
274.973
277.307
262.916
-654321
253.353
250.91
246.784
242.952
262.758
266.343
269.385
273.02
259.013
-654321
233.72
246.044
242.772
238.56
257.401
262.769
240.394
270.264
234.887
-654321
231.194
229.195
238.445
234.106
253.78
236.4
263.334
240.899
233.661
-654321
241.21
226.262
225.849
223.113
250.093
215.291
237.59
262.51
231.984
-654321
225.778
225.329
222.706
221.55
245.699
249.871
234.735
257.831
228.45
-654321
224.682
222.772
227.474
222.139
242.373
232.133
251.232
253.119
238.458
-654321
227.3
221.33
219.856
218.552
227.784
229.801
231.406
249.638
225.534
-654321
220.889
219.422
217.985
217.349
225.838
228.007
229.22
245.567
224.517
-654321
223.249
220.176
213.906
213.603
224.235
224.919
229.787
228.35
221.628
-654321
218.631
214.317
215.552
208.473
220.693
228.507
225.445
226.101
216.867
-654321
217.066
214.3
211.341
210.557
220.545
220.445
223.567
225.149
220.029
-654321
215.83
214.462
209.849
209.452
216.566
222.462
221.337
229.865
214.751
-654321
212.519
210.914
208.103
202.783
215.782
217.86
219.806
224.418
213.576
-654321
209.576
202.69
199.925
214.084
208.473
217.766
214.69
213.588
-654321
207.66
207.937
212.026
205.874
217.074
219.585
211.937
-654321
207.937
208.473
206.673
213.691
214.969
208.473
-654321
205.413
212.268
208.473
212.406
208.473
-654321
