82.0428
78.5941
87.5407
70.727
82.5973
-654321
78.8874
75.0965
70.7136
66.8576
82.8112
82.646
-654321
74.8114
70.7679
66.8369
62.952
82.481
82.6586
78.7133
-654321
70.5285
66.941
62.8756
58.6571
78.833
82.4875
82.4793
74.4665
-654321
66.8641
62.7194
58.8812
54.7658
74.7789
78.5995
96.3904
82.5707
71.1469
-654321
63.1077
59.053
55.0381
50.9614
70.8091
74.933
78.4979
88.1549
67.1177
-654321
58.7627
82.7336
50.914
74.8878
67.0527
71.0908
75.054
79.0035
63.0602
-654321
54.5149
80.8499
46.9825
42.9279
62.6876
66.9328
70.8891
74.9155
58.6277
-654321
51.05
47.2874
42.6421
38.5085
58.9168
62.5382
66.9379
70.8815
54.6602
-654321
47.2044
42.3368
38.679
35.4268
55.072
59.191
63.1796
66.9947
50.8764
-654321
42.8145
38.9539
34.8386
30.8826
50.5308
54.8455
59.2055
98.9864
46.7348
-654321
38.7109
35.323
30.6972
27.2877
46.6955
51.4328
54.9354
59.0551
42.9977
-654321
35.4723
30.8211
26.4251
22.6898
42.8755
46.5558
51.3934
54.8496
38.9132
-654321
31.0775
27.1719
23.0306
18.8204
39.5337
42.8786
46.4208
51.1115
34.9439
-654321
27.6292
23.4581
19.3179
14.7107
34.9391
38.5385
42.8272
47.0264
31.5303
-654321
23.0309
18.7096
15.3472
11.3415
30.2941
34.2731
38.4559
43.0653
26.8269
-654321
19.0834
14.6398
11.8306
47.9724
30.9815
35.4706
39.1565
39.3826
-654321
15.4128
11.2053
22.578
27.8268
31.715
34.5812
18.4332
-654321
11.196
19.9434
23.5618
26.8567
30.9574
42.3105
-654321
15.3881
18.422
22.6696
26.9223
11.7662
-654321
99.7347
98.6185
96.5238
91.1706
92.1247
-654321
100.258
96.0104
91.5052
86.2153
91.1093
99.9295
-654321
96.1201
90.8656
85.3751
79.9005
98.7997
90.9799
100.449
-654321
91.5022
85.8383
79.5055
73.5757
99.9706
99.8631
91.2029
96.4303
-654321
85.5217
80.1576
74.212
67.9741
96.326
100.163
100.169
91.8046
91.3381
-654321
79.7776
74.03
67.6269
62.0499
91.3448
95.9259
99.5716
98.8454
85.2763
-654321
73.4663
67.872
62.0996
55.2403
85.5123
90.9324
97.3494
100.223
79.522
-654321
67.9102
62.0908
56.372
49.645
79.7445
85.415
91.4757
96.0818
73.8382
-654321
62.0148
56.1177
50.0647
43.8698
73.7559
80.0574
86.0865
91.9434
67.6535
-654321
55.6408
49.8959
44.0639
38.4547
68.5141
73.812
79.4057
85.5436
60.7674
-654321
49.8144
43.6563
37.5628
32.055
62.0742
67.4724
73.8378
79.5591
56.0115
-654321
43.6206
37.8178
30.9503
25.6591
55.3741
62.4179
68.1105
73.7482
49.9013
-654321
37.5691
31.999
25.4772
19.3806
49.8728
55.9231
61.2306
67.8194
43.3903
-654321
32.083
25.678
19.3343
14.6067
43.8436
50.0645
55.5323
61.4232
36.6416
-654321
24.9726
20.0005
14.6656
8.00189
37.4223
43.2748
53.4627
55.0662
31.0974
-654321
18.8959
12.9913
7.09994
20.5643
31.0337
38.5085
43.4857
50.0393
25.1178
-654321
14.6822
25.327
33.0354
24.2649
31.6556
37.0612
43.7878
33.0234
-654321
7.41079
1.46957
19.4523
24.8931
32.3284
38.041
14.7733
-654321
1.53059
14.7314
18.5822
37.4024
32.1718
9.08895
-654321
25.5008
28.5605
19.6683
26.7958
0
-654321
105.163
117.73
121.093
117.977
91.5307
-654321
113.298
119.754
117.05
114.623
92.2135
103.869
-654321
118.392
117.732
115.399
108.584
104.081
90.9155
117.883
-654321
117.97
114.759
109.363
103.125
113.917
104.478
91.2679
119.204
-654321
113.913
109.921
104.416
98.5359
118.096
117.283
105.894
91.0347
118.472
-654321
110.115
104.089
98.624
92.8725
118.228
115.856
117.43
104.703
114.762
-654321
104.6
98.0679
92.2812
86.852
114.68
118.243
118.48
111.338
109.965
-654321
98.5995
92.234
86.3701
80.859
109.252
113.586
117.159
118.849
103.72
-654321
92.2764
86.3099
80.9905
74.5551
104.507
108.234
115.644
117.453
97.9684
-654321
86.6232
79.875
74.5328
67.6333
98.4351
104.789
108.574
114.366
92.8688
-654321
80.6785
74.1707
68.1448
61.4998
92.4288
98.5304
101.334
109.331
85.8871
-654321
74.5594
67.9321
62.5695
56.2243
86.7105
91.9188
98.8705
103.305
80.2522
-654321
68.1916
62.0425
55.4669
50.4557
80.874
86.601
92.802
97.9817
74.6724
-654321
63.2321
57.0889
50.2018
44.9297
73.8906
79.4393
85.0752
91.6434
66.8845
-654321
57.2537
51.0736
44.5344
39.3532
67.412
74.4269
72.7551
86.3792
63.1064
-654321
52.7587
44.0446
38.9044
31.7041
61.3388
69.3251
73.576
80.2404
57.1717
-654321
44.3042
38.5426
32.0286
57.773
62.7419
67.8676
73.8678
50.2481
-654321
56.3679
41.112
52.9771
56.3469
73.2096
67.8516
44.0662
-654321
32.098
43.9431
51.1931
56.1183
61.3709
38.6445
-654321
37.7068
45.1539
52.0219
57.3678
31.2071
-654321
107.98
120.148
132.678
135.472
90.8311
-654321
122.29
128.815
137.625
134.004
91.7256
102.928
-654321
133.771
138.775
134.446
133.134
107.562
91.4128
116.913
-654321
133.636
134.781
135.469
130.126
118.823
108.451
90.8726
128.962
-654321
136.409
134.151
130.263
123.576
128.054
118.313
104.979
91.6271
135.128
-654321
134.96
129.903
124.707
120.669
137.212
130.767
118.13
106.151
137.252
-654321
130.633
126.351
120.194
115.831
136.495
134.175
128.319
120.089
135.127
-654321
126.485
120.655
115.362
108.944
135.911
135.521
133.616
125.632
127.713
-654321
120.57
114.124
108.773
103.183
130.199
133.538
134.832
136.299
124.399
-654321
113.401
109.441
103.244
96.8072
124.637
131.717
132.918
136.509
118.896
-654321
108.889
103.339
97.614
90.9861
118.898
125.645
130.369
132.356
114.601
-654321
103.133
97.7562
91.1307
85.11
114.258
121.568
125.928
129.717
109.628
-654321
97.6248
91.7966
85.1824
78.212
107.668
115.625
117.946
126.066
103.61
-654321
90.6305
85.087
79.2216
73.2914
102.792
108.504
115.435
119.321
97.2535
-654321
83.7782
80.2867
72.7527
67.4048
97.8341
102.779
109.293
114.566
90.8805
-654321
79.0255
73.4077
66.7405
61.8721
89.45
97.9166
102.612
108.597
85.2075
-654321
72.0424
68.3186
59.7439
86.0181
89.9296
95.5334
103.059
80.0062
-654321
64.053
60.894
78.6619
75.1944
90.0922
96.9231
72.6844
-654321
61.7505
72.3903
72.3325
84.3383
90.9674
67.8783
-654321
66.9172
72.3122
77.7911
85.7698
60.3151
-654321
109.11
118.199
139.367
149.081
91.2095
-654321
128.029
131.48
143.238
153.268
92.3364
107.099
-654321
128.484
152.461
151.09
154.638
103.842
91.9538
118.936
-654321
141.664
153.757
152.35
154.28
116.764
105.881
91.9715
133.042
-654321
154.308
158.921
155.119
154.59
135.807
119.473
106.401
91.3724
146.928
-654321
155.739
153.723
155.772
148.33
144.3
134.387
117.864
106.174
147.675
-654321
156.507
152.448
148.489
144.256
151.807
144.622
133.258
120.501
154.446
-654321
153.599
149.672
145.776
138.355
155.437
152.517
144.802
132.717
149.978
-654321
147.38
144.49
140.965
135.146
154.903
154.248
150.026
146.662
148.338
-654321
145.337
140.298
133.499
127.69
151.472
155.012
154.551
152.13
151.925
-654321
141.024
133.514
129.197
122.689
149.472
151.626
158.02
151.301
145.202
-654321
134.801
128.451
122.566
118.399
140.917
148.606
151.973
151.066
138.956
-654321
128.773
122.315
116.68
111.399
136.796
144.383
149.338
152.279
133.778
-654321
123.282
116.92
111.088
104.425
133.655
136.931
139.169
147.94
128.439
-654321
117.846
110.273
103.554
99.674
104.826
132.981
141.321
145.518
122.692
-654321
110.999
104.211
100.207
92.8204
121.308
127.928
134.993
140.471
115.4
-654321
104.657
99.4319
93.9361
116.868
122.283
129.994
135.092
110.197
-654321
84.5789
93.2779
110.734
115.42
101.143
128.196
104.988
-654321
94.0483
106.231
110.283
117.887
121.9
98.492
-654321
99.2577
105.18
112.613
115.578
92.8881
-654321
106.457
117.861
129.949
148.662
92.7553
-654321
118.56
131.663
147.945
161.095
91.6017
104.823
-654321
135.533
141.55
162.227
163.358
104.765
91.6131
118.047
-654321
150.605
156.445
168.346
175.751
120.067
105.749
90.606
133.099
-654321
160.09
163.36
171.701
175.252
133.326
121.012
106.63
91.8274
141.474
-654321
173.302
173.576
173.637
168.963
142.114
132.187
116.631
104.571
155.905
-654321
168.593
172.459
172.881
165.624
148.882
143.104
134.084
118.239
172.737
-654321
170.98
172.642
169.513
165.185
169.454
156.557
144.335
136.591
172.996
-654321
168.361
166.705
166.996
162.228
171.636
167.428
155.344
147.355
171.18
-654321
171.588
165.075
159.562
154.213
170.856
170.895
167.399
153.865
173.41
-654321
168.119
159.926
156.07
152.823
170.591
171.866
168.209
163.903
168.832
-654321
161.72
154.3
152.087
145.465
166.538
174.612
170.929
174.16
165.514
-654321
157.038
147.882
144.351
140.194
160.13
169.887
171.115
174.675
161.956
-654321
152.626
146.486
139.125
135.156
156.957
163.7
169.735
174.827
155.92
-654321
143.933
140.331
134.174
128.985
155.09
156.807
163.715
171.177
152.384
-654321
140.373
133.641
128.08
123.133
150.827
154.808
162.59
167.019
146.476
-654321
133.893
127.492
121.861
144.021
148.762
157.659
158.785
113.07
-654321
127.806
121.604
139.198
143.151
152.113
153.243
130.99
-654321
120.558
108.127
139.413
145.742
151.868
126.812
-654321
128.371
135.031
137.044
146.353
121.315
-654321
106.396
119.116
130.379
153.106
91.5762
-654321
118.704
128.268
149.6
165.283
89.9441
106.198
-654321
130.123
144.888
166.891
180.431
104.198
91.3831
119.045
-654321
141.966
162.028
170.903
183.973
122.211
100.362
90.3769
126.313
-654321
161.973
173.842
186.069
186.458
125.156
119.877
106.851
90.9996
146.205
-654321
182.72
185.815
179.954
186.988
147.409
134.507
120.452
104.285
157.066
-654321
179.39
179.842
188.829
186.208
160.91
142.282
130.007
120.928
171.218
-654321
189.504
189.51
191.391
188.136
171.096
160.466
150.006
133.501
181.411
-654321
185.226
191.13
185.552
184.619
179.861
175.95
164.916
144.933
186.694
-654321
190.756
186.501
186.465
180.193
187.45
184.401
171.323
168.757
189.397
-654321
184.371
186.335
179.954
178.058
191.298
190.815
179.905
175.134
188.14
-654321
187.676
182.693
179.986
171.893
189.86
193.058
190.029
182.265
185.69
-654321
180.732
173.225
174.355
168.309
191.641
191.45
183.877
178.415
180.167
-654321
175.932
169.942
167.572
162.16
185.494
175.978
184.885
189.408
180.883
-654321
168.686
168.526
162.42
157.626
178.099
188.895
178.742
185.682
177.658
-654321
162.868
161.682
155.745
151.128
177.592
184.327
188.904
185.629
173.118
-654321
161.711
156.536
151.357
169.022
180.877
179.686
189.165
158.305
-654321
156.523
150.825
166.15
171.197
179.675
181.864
161.911
-654321
150.201
162.36
162.261
172.085
178.651
156.491
-654321
155.314
161.594
168.806
173.569
151.376
-654321
105.972
128.28
128.857
142.385
93.3731
-654321
120.675
132.192
144.665
146.671
91.0899
101.373
-654321
133.437
147.074
155.541
167.581
103.617
90.7814
127.168
-654321
140.126
153.565
163.027
187.293
119.445
107.535
91.2953
133.587
-654321
150.566
177.969
188.478
186.682
130.19
119.517
106.086
91.5445
152.271
-654321
181.361
205.62
195.724
205.664
145.655
128.451
123.831
105.532
165.764
-654321
192.673
201.02
193.482
209.728
163.23
147.383
134.541
121.114
173.289
-654321
191.747
191.105
205.466
207.794
188.994
166.704
149.449
129.916
202.324
-654321
201.877
203.137
205.683
204.04
190.741
178.496
162.333
147.119
201.902
-654321
203.773
198.919
208.885
207.423
190.194
190.045
181.184
159.271
192.942
-654321
205.93
200.943
203.098
201.454
203.909
203.999
194.696
179.708
203.968
-654321
209.105
201.418
200.009
201.966
204.729
203.507
206.137
189.907
206.996
-654321
202.793
206.303
201.72
197.976
208.57
208.527
200.303
193.791
207.776
-654321
204.271
190.003
189.352
190.567
205.332
208.328
201.276
208.867
205.627
-654321
199.011
196.979
191.159
184.73
205.7
205.286
203.198
207.495
199.022
-654321
198.515
193.334
182.456
178.293
199.221
205.583
206.68
192.593
200.056
-654321
190.592
187.799
180.7
200.184
206.687
207.438
200.602
192.052
-654321
187.017
181.657
198.848
201.092
205.749
198.061
193.108
-654321
181.299
190.479
199.199
197.216
202.321
187.859
-654321
187.113
187.518
192.844
195.629
178.696
-654321
106.521
109.732
143.377
158.489
87.4366
-654321
128.441
116.041
134.983
161.943
90.5645
107.475
-654321
141.072
155.983
153.683
180.479
102.257
89.8089
110.566
-654321
152.321
148.598
177.393
179.605
126.163
104.943
92.4163
131.943
-654321
159.819
171.501
185.27
199.656
134.594
115.538
103.916
88.4928
133.283
-654321
183.364
183.929
192.588
222.594
144.575
131.474
116.982
102.427
157.772
-654321
181.678
213.553
225.158
221.746
168.962
153.744
139.313
122.657
152.638
-654321
203.39
203.202
226.393
223.72
170.066
166.374
146.748
126.854
176.835
-654321
214.124
225.357
225.912
222.464
194.127
172.907
166.99
148.842
216.686
-654321
212.589
225.845
234.993
226.517
207.534
192.743
177.34
162.366
215.48
-654321
214.711
220.173
223.072
222.242
208.431
201.745
181.541
174.106
222.123
-654321
224.812
225.118
218.522
216.332
218.842
214.998
202.881
189.794
223.002
-654321
222.973
226.269
221.545
220.631
221.531
215.316
219.924
198.37
218.761
-654321
227.091
225.523
216.667
217.377
224.605
215.959
214.864
213.81
218.655
-654321
223.243
216.576
212.816
212.764
219.408
225.164
224.517
217.343
224.826
-654321
212.94
218.626
200.461
208.192
222.718
222.177
226.775
224.314
222.22
-654321
213.101
216.021
208.25
221.298
224.215
224.808
223.32
221.427
-654321
209.392
209.408
218.928
217.375
226.055
221.806
212.272
-654321
209.694
214.265
213.903
226.86
224.242
211.484
-654321
209.019
215.536
223.554
225.11
208.945
-654321
98.9817
108.947
124.095
121.425
88.7631
-654321
107.267
97.5504
122.231
137.022
86.9069
98.1831
-654321
113.285
128.313
141.31
146.807
96.0941
87.9559
104.442
-654321
126.925
152.312
138.998
146.722
107.987
91.3587
82.0148
110.66
-654321
128.146
145.51
115.17
157.973
118.594
96.5559
99.4087
84.6735
125.865
-654321
138.056
161.224
162.941
167.238
125.845
111.497
110.097
94.8008
134.731
-654321
149.063
152.948
181.328
169.04
121.401
120.567
113.767
107.283
147.571
-654321
175.731
178.589
176.336
185.396
137.502
132.982
115.534
111.032
153.257
-654321
160.109
176.87
180.419
173.728
150.576
144.78
130.232
124.413
176.322
-654321
189.349
173.83
179.646
183.718
163.237
155.817
142.407
134.999
172.141
-654321
190.394
181.063
186.975
180.685
167.581
162.706
156.784
141.446
173.543
-654321
182.681
184.268
185.256
186.793
175.788
174.66
164.599
151.826
179.732
-654321
177.817
181.678
184.553
183.937
177.823
165.031
165.903
163.237
185.491
-654321
184.851
180.275
177.945
181.033
182.01
174.152
178.796
165.094
182.611
-654321
178.404
181.974
184.011
180.718
183.636
180.162
180.57
174.158
184.369
-654321
183.725
182.129
179.125
176.853
186.995
183.986
183.225
181.599
183.733
-654321
184.949
178.009
174.236
186.415
201.37
206.213
180.038
184.952
-654321
178.955
179.495
181.453
182.954
185.018
181.598
179.176
-654321
176.796
184.368
183.83
185.569
185.055
182.644
-654321
176.179
183.496
184.852
187.786
177.94
-654321
