140.484
137.127
145.987
168.662
147.061
-654321
137.371
133.451
129.157
125.279
143.383
140.931
-654321
133.09
129.125
125.347
121.321
140.638
141.076
137.097
-654321
128.98
125.318
121.225
117.159
137.075
141.017
140.901
133.213
-654321
125.387
121.071
117.281
113.044
133.402
136.975
140.598
141.266
129.334
-654321
121.387
117.517
113.369
109.29
129.252
133.393
136.99
140.576
125.536
-654321
117.472
113.151
109.336
105.264
125.521
129.352
133.137
137.307
121.419
-654321
113.127
139.203
105.476
101.55
121.312
125.275
129.101
133.287
117.209
-654321
109.41
105.306
101.333
97.1435
117.316
121.388
125.39
183.201
113.154
-654321
105.574
101.359
97.5023
93.9387
113.32
117.37
121.345
143.052
109.746
-654321
101.06
97.2653
93.3518
89.0305
109.255
113.28
117.68
121.202
104.95
-654321
97.2081
93.6347
89.7042
85.3246
105.157
109.74
113.612
124.904
101.489
-654321
93.4174
89.1817
85.0026
81.2405
101.702
105.372
139.253
113.468
97.2917
-654321
89.5774
85.7472
81.8111
77.3501
96.9524
101.481
105.123
109.546
93.2051
-654321
85.6224
81.7636
77.9646
73.3397
93.5
96.708
101.287
105.262
89.5522
-654321
80.8595
77.4261
72.639
69.5333
89.1644
92.8333
97.9405
101.436
85.1892
-654321
77.2678
73.1368
69.6849
103.934
84.8199
89.707
93.4842
97.422
97.0387
-654321
73.5837
69.2509
64.8745
60.6939
80.7714
85.2554
108.92
93.932
77.0664
-654321
69.5828
64.698
61.0402
57.104
77.9181
82.1092
84.6151
89.2588
72.6026
-654321
65.198
61.2975
57.7615
53.2254
73.0373
102.818
81.791
85.2943
99.2968
-654321
61.2317
92.6288
90.582
49.9485
68.4279
73.6715
77.2735
81.596
65.4014
-654321
57.8913
54.1031
49.8072
44.9396
64.7735
68.9434
100.164
76.9837
61.7136
-654321
91.3003
88.7777
45.0442
85.1847
61.3345
97.0155
99.5931
73.5772
58.133
-654321
49.9431
86.3518
41.6918
36.5319
93.8131
61.5499
65.0227
69.311
90.5637
-654321
46.4132
42.6011
38.5116
80.7293
90.349
57.6439
60.0228
65.8237
88.9213
-654321
83.8934
36.4126
32.5675
80.5377
49.9107
91.4442
92.19
94.6472
85.6043
-654321
84.2575
33.7088
78.7146
87.2875
49.6419
90.3003
57.5634
85.6737
-654321
34.0826
80.0931
86.355
46.2156
50.6213
90.1489
82.348
-654321
78.6138
83.3726
41.0744
43.8132
49.6925
81.5797
-654321
81.092
82.859
85.6494
45.7998
30.5174
-654321
157.821
156.65
154.958
149.762
150.623
-654321
158.618
154.474
149.523
144.161
149.151
157.988
-654321
154.396
149.463
143.938
138.76
158.605
149.67
158.846
-654321
149.865
144.298
138.167
132.151
159.266
158.238
149.349
155.263
-654321
144.171
138.12
132.337
126.159
154.916
158.99
159.088
149.567
149.791
-654321
138.192
132.2
125.858
120.3
149.217
154.076
158.568
158.171
144.239
-654321
132.353
126.417
120.401
113.849
144.325
150.157
155.356
157.736
137.887
-654321
126.45
120.689
114.935
108.364
138.458
143.938
149.535
155.66
132.245
-654321
120.623
113.766
108.206
102.831
132.526
138.151
144.292
149.784
126.177
-654321
114.176
108.499
102.039
96.2065
126.64
132.042
137.932
143.895
119.951
-654321
108.417
101.854
96.0409
89.6175
120.207
125.904
132.488
137.943
113.942
-654321
102.533
95.4922
89.586
83.9185
113.806
120.127
126.46
132.245
107.473
-654321
96.7693
90.8916
83.8716
77.7551
107.671
113.826
120.201
125.846
101.743
-654321
89.9021
84.6135
78.0149
72.1723
102.308
108.196
113.648
119.892
96.0003
-654321
83.7025
78.0314
72.8143
66.5714
95.3395
101.977
107.633
114.208
90.1727
-654321
78.7332
72.1644
65.7554
59.9161
88.9884
95.1312
102.082
107.909
84.6043
-654321
71.9812
65.417
59.4492
54.3812
84.8276
90.3922
95.6363
101.674
77.3373
-654321
65.2844
91.3568
53.4422
47.7159
77.3167
84.7992
90.592
96.0845
71.5472
-654321
60.0539
75.3882
48.6139
41.9531
72.398
91.9672
94.7077
90.246
66.9157
-654321
53.8889
48.1379
41.2679
36.1635
64.4952
71.7994
77.2929
83.7724
59.4569
-654321
47.869
43.586
63.2071
31.9906
60.5525
65.1125
72.1885
77.9145
53.12
-654321
41.553
63.8219
100.687
23.8577
53.9431
60.6293
83.1624
71.3412
47.9392
-654321
35.6356
30.9476
23.9895
51.3316
71.5219
75.9994
60.811
66.6518
42.1049
-654321
59.1943
55.6069
62.3986
49.4147
67.3709
106.21
52.955
59.2651
36.9518
-654321
24.8201
50.6486
94.5276
42.6353
74.8871
68.382
48.4427
54.4953
58.2278
-654321
51.9838
46.7429
91.5026
38.7712
57.6505
62.1707
68.3589
49.4227
97.5364
-654321
47.5048
42.6328
89.7602
66.3184
60.5777
36.5962
42.2301
51.2526
-654321
91.4525
88.478
49.9251
23.4448
60.2313
36.4819
95.1241
-654321
51.8045
12.8897
16.7676
54.7169
29.2297
44.8181
-654321
92.9821
45.6026
62.5667
56.0326
0
-654321
162.588
175.515
177.447
176.614
149.464
-654321
175.664
177.989
175.634
173.099
150.325
164.645
-654321
178.196
175.059
172.638
167.034
164.824
149.867
174.064
-654321
176.83
171.562
168.254
161.969
174.684
164.623
149.312
176.627
-654321
173.315
168.062
162.846
156.936
176.652
175.062
165.061
149.593
176.874
-654321
168.27
163
156.881
150.642
175.585
175.811
175.124
162.363
172.428
-654321
162.163
156.646
151.844
145.447
172.969
176.381
178.065
174.64
167.809
-654321
156.627
150.943
145.018
139.466
168.273
173.095
176.184
177.735
162.185
-654321
151.196
145.004
138.593
133.19
163.199
166.933
171.524
175.266
156.448
-654321
144.888
138.83
133.218
126.533
156.933
162.479
168.161
171.851
151.736
-654321
138.454
131.979
126.981
120.542
150.695
157.265
161.727
167.146
144.806
-654321
132.506
126.528
121.106
115.12
145.085
150.039
156.461
162.477
139.602
-654321
126.383
120.949
114.119
108.159
138.627
144.506
151.247
156.564
132.08
-654321
120.27
114.275
108.116
102.028
132.911
138.162
144.917
150.719
126.047
-654321
114.849
109.254
102.959
97.4014
126.245
132.324
139.121
144.254
120.835
-654321
111.175
103.376
95.6231
90.3455
120.664
125.224
132.625
138.618
114.534
-654321
102.362
95.4321
90.8117
83.2637
127.322
120.064
126.048
132.658
109.088
-654321
95.0681
90.7905
84.8546
77.9777
109.189
115.432
120.614
126.756
107.246
-654321
90.4189
84.0537
78.9938
71.6879
107.119
109.849
113.211
121.013
96.0023
-654321
85.6587
77.7292
71.5818
66.1338
96.4503
102.861
108.62
114.127
89.2409
-654321
78.0315
71.748
67.24
60.7499
90.4821
102.513
107.498
109.001
85.5347
-654321
72.2077
65.9281
78.5069
54.4377
94.6157
98.957
95.9383
101.471
91.4377
-654321
66.2794
58.8067
56.304
48.8605
89.8747
84.6272
98.7713
95.7812
72.5106
-654321
61.366
75.2763
48.0681
42.9356
86.2245
77.9979
94.0107
89.5725
65.6949
-654321
75.4279
48.6377
66.5861
36.0968
63.233
72.0468
90.0586
83.4677
78.5126
-654321
107.329
44.3519
36.2127
31.7472
58.9836
66.1654
73.2956
77.2076
108.053
-654321
79.0803
74.4686
58.7136
76.1309
60.0629
82.8181
70.9559
49.3817
-654321
102.398
58.384
49.6275
76.9238
79.7124
81.9452
79.0636
-654321
72.1771
103.003
48.9867
74.418
61.2372
62.8082
-654321
37.9805
67.6586
71.2752
75.8714
28.6337
-654321
165.502
177.835
191.178
194.084
150.325
-654321
175.979
187.149
196.369
192.806
150.049
163.655
-654321
191.578
194.846
196.011
191.952
165.183
149.227
176.445
-654321
190.741
194.433
194.768
189.541
173.573
165.116
149.315
187.053
-654321
195.426
192.998
188.045
183.179
188.37
176.028
162.42
149.7
195.265
-654321
193.365
188.789
184.309
178.767
194.19
189.197
176.439
165.006
195.342
-654321
189.721
185.092
179.256
173.488
196.757
195.38
185.718
177.439
191.908
-654321
184.061
178.995
173.459
167.337
193.367
195.044
194.75
189.45
185.144
-654321
178.819
173.223
167.146
162.232
189.146
191.844
195.227
194.585
183.729
-654321
173.079
167.624
161.646
155.416
181.074
188.771
192.904
193.472
178.845
-654321
167.311
162.073
156.713
149.029
176.496
185.1
188.693
193.214
172.761
-654321
161.348
156.232
149.133
143.611
172.008
179.248
183.057
189.004
166.622
-654321
155.698
149.835
143.687
136.982
167.412
173.443
178.173
184.618
161.501
-654321
149.394
143.383
138.175
131.519
161.438
167.069
173.047
177.504
154.61
-654321
143.596
138.313
132.106
125.935
155.79
160.639
167.605
173.734
149.707
-654321
136.955
130.795
125.907
119.368
148.387
154.524
160.254
167.084
143.055
-654321
130.529
125.555
118.651
113.87
143.041
149.859
154.88
160.785
137.868
-654321
124.855
120.338
113.792
107.885
136.985
144.27
150.034
154.58
130.702
-654321
119.172
114.038
107.352
101.251
131.71
137.451
134.482
149.455
126.027
-654321
113.805
108.901
99.737
95.4067
126.018
131.031
136.852
143.686
119.207
-654321
109.768
101.342
94.2729
88.8105
119.595
126.041
127.071
137.123
112.767
-654321
106.554
102.29
89.2151
83.0755
111.966
119.698
125.306
131.254
109.524
-654321
123.075
88.853
83.2144
78.675
109.464
113.838
117.948
125.86
101.353
-654321
90.4377
105.823
90.137
84.8745
101.298
125.831
112.653
119.827
101.953
-654321
93.0108
91.0755
71.0303
64.0506
101.216
106.517
110.186
112.998
98.2162
-654321
89.7739
113.394
82.7916
61.1084
98.8934
103.127
122.451
106.577
93.8003
-654321
86.6167
64.9391
78.7909
95.3283
96.4206
95.3372
100.674
88.5772
-654321
81.6121
78.4805
75.6647
93.2537
89.75
102.711
86.4786
-654321
58.7118
69.9057
76.7196
94.6645
87.8806
66.354
-654321
111.564
71.7933
92.5249
94.5017
79.2968
-654321
168.85
177.308
189.251
207.897
148.886
-654321
178.439
189.767
204.748
210.942
150.416
164.713
-654321
190.179
206.308
212.245
211.134
163.311
150.865
175.958
-654321
203.845
210.747
213.359
213.284
179.468
164.031
149.202
189.815
-654321
213.092
215.026
212.744
211.384
189.371
176.437
165.081
150.682
203.509
-654321
212.532
213.903
212.801
205.284
202.946
192.122
181.718
164.407
215.162
-654321
213.485
212.728
208.096
202.67
212.539
201.658
192.152
177.143
212.696
-654321
211.65
207.793
203.534
198.539
215.107
211.211
199.489
190.477
210.883
-654321
205.439
201.531
197.646
192.801
216.081
213.839
208.178
201.321
211.626
-654321
203.923
196.309
192.186
185.621
211.9
214.566
211.934
210.026
209.249
-654321
198.683
192.649
187.629
180.826
207.498
209.849
211.683
213.116
203.387
-654321
193.027
186.751
180.856
175.106
203.09
207.999
209.862
211.489
199.075
-654321
186.925
180.648
175.166
169.617
193.079
203.105
205.911
210.227
188.377
-654321
179.835
175.687
169.452
162.782
192.069
198.008
203.929
205.177
186.368
-654321
174.603
169.962
162.851
157.967
183.516
189.31
199.017
204.268
181.86
-654321
169.801
162.606
157.233
151.642
181.058
186.44
192.613
196.719
174.992
-654321
163.567
156.689
150.61
146.444
175.53
182.127
187.063
192.361
169.106
-654321
157.505
151.458
144.899
138.863
168.319
174.745
182.321
186.01
164.484
-654321
153.398
146.596
141.229
132.103
163.72
169.493
175.701
180.949
156.791
-654321
144.552
138.829
132.685
126.447
158.636
163.582
169.902
154.151
150.582
-654321
138.449
132.704
128.698
118.911
151.304
156.96
162.747
167.738
146.15
-654321
132.236
128.794
120.425
115.109
144.341
151.23
156.866
162.45
130.865
-654321
125.858
121.967
116.038
108.539
131.994
145.303
137.836
157.13
126.814
-654321
120.833
115.582
107.535
102.839
132.469
131.126
145.557
138.795
127.6
-654321
115.576
109.446
102.63
102.85
122.547
127.532
137.983
133.876
118.436
-654321
111.396
124.42
96.8248
90.0984
118.66
126.841
133.968
137.175
115.41
-654321
104.43
97.0722
90.9541
114.733
119.121
125.046
132.175
108.63
-654321
104.464
99.2589
112.219
116.968
120.161
127.842
103.004
-654321
113.356
106.685
111.225
115.868
121.284
104.028
-654321
115.741
105.794
110.527
115.327
90.4392
-654321
165.38
180.602
191.259
208.367
149.657
-654321
172.819
198.209
210.093
220.321
148.929
162.644
-654321
194.97
203.278
219.786
226.227
166.141
148.485
177.704
-654321
208.377
211.068
220.802
230.382
179.822
165.479
149.891
188.447
-654321
216.244
227.114
229.986
231.689
193.928
179.277
162.257
150.62
202.347
-654321
224.166
229.385
231.261
229.851
207.021
186.166
177.818
165.882
217.08
-654321
228.405
230.661
231.93
223.781
214.648
199.989
187.319
175.161
224.873
-654321
228.826
230.113
226.939
223.587
223.606
213.113
209.788
193.201
234.343
-654321
228.014
225.119
223.962
219.719
231.267
228.298
211.26
204.411
230.885
-654321
229.627
225.636
218.689
212.927
232.693
232.133
218.358
217.909
228.969
-654321
223.611
220.066
215.404
207.761
230.211
229.867
229.645
227.744
227.978
-654321
219.505
211.731
209.536
205.236
228.068
227.539
228.974
229.932
222.461
-654321
215.701
209.12
204.658
198.943
221.857
229.504
232.585
233.801
218.879
-654321
208.909
203.339
198.138
192.893
218.454
221.99
228.831
229.951
215.912
-654321
202.069
198.582
190.276
187.079
213.034
219.09
226.487
228.98
208.316
-654321
196.421
191.262
187.278
181.278
206.622
214.951
219.923
221.237
174.288
-654321
193.836
186.143
180.249
175.218
200.491
209.708
211.743
219.929
199.433
-654321
161.952
179.535
173.462
167.573
198.192
202.824
209.915
215.893
192.375
-654321
179.763
174.181
167.276
163.46
187.121
193.103
202.67
209.649
187.608
-654321
173.539
167.484
162.476
156.197
185.499
191.608
197.992
204.169
180.441
-654321
168.363
162.052
156.712
151.154
158.307
187.737
193.452
198.274
172.426
-654321
162.725
142.912
149.04
148.165
174.901
180.503
186.127
191.972
166.818
-654321
155.204
138.942
133.247
138.672
168.29
154.993
180.592
185.163
161.742
-654321
150.308
144.695
137.333
132.249
161.674
168.822
173.317
180.629
154.403
-654321
146.521
137.51
131.571
122.825
156.841
148.607
167.466
173.424
148.957
-654321
138.209
132.856
131.882
120.278
150.377
141.927
146.49
168.69
142.769
-654321
132.041
127.436
118.773
142.712
149.605
142.683
147.34
134.599
-654321
134.474
118.691
128.923
143.049
149.037
155.502
126.574
-654321
118.734
126.154
137.698
138.065
151.677
122.5
-654321
125.118
138.755
138.358
145.056
118.938
-654321
168.338
176.317
196.178
209.879
148.822
-654321
180.47
187.637
210.337
218.418
148.005
164.224
-654321
188.67
203.363
220.909
232.267
162.603
149.561
180.738
-654321
208.611
222.799
227.64
236.887
170.229
164.829
148.512
188.116
-654321
217.678
219.973
249.21
248.147
189.631
183.038
164.545
149.145
208.574
-654321
235.595
246.042
242.374
248.388
204.932
198.955
180.76
164.445
218.219
-654321
240.187
244.651
243.193
243.958
215.373
207.658
188.667
176.601
226.125
-654321
247.563
247.906
244.916
245.567
241.112
220.442
201.262
192.94
245.191
-654321
248.039
246.296
245.179
241.01
243.461
233.245
219.74
208.276
239.138
-654321
248.483
247.328
241.093
238.017
245.054
239.698
221.593
219.411
250.279
-654321
246.354
243.923
241.269
236.119
249.54
242.692
243.98
229.709
242.276
-654321
238.759
239.699
235.218
230.845
248.273
248.103
245.602
231.791
239.147
-654321
240.414
234.25
231.626
227.105
245.704
247.43
243.992
243.881
241.38
-654321
237.524
231.221
224.971
220.794
241.18
244.326
248.317
247.103
243.117
-654321
227.65
225.56
220.703
214.852
224.36
248.919
238.676
245.654
237.636
-654321
223.909
221.219
211.694
209.555
238.537
241.51
245.752
242.914
230.91
-654321
218.547
214.595
209.661
201.875
232.322
237.641
239.229
243.352
224.606
-654321
214.672
207.662
200.325
196.499
226.12
232.08
238.065
239.993
221.179
-654321
209.219
202.478
198.011
192.542
220.669
223.708
230.341
236.606
215.114
-654321
202.976
197.72
190.923
162.529
214.118
217.134
226.359
231.327
209.409
-654321
196.014
189.956
185.073
179.364
208.709
215.533
216.335
226.044
202.416
-654321
190.874
184.377
178.62
155.139
202.157
201.289
214.482
219.256
195.493
-654321
185.918
178.49
172.176
167.877
197.47
174.81
207.774
210.972
191.034
-654321
179.105
172.673
168.991
161.444
166.502
170.823
203.668
208.575
186.562
-654321
154.75
150.005
146.974
155.306
161.798
165.795
170.27
203.072
158.278
-654321
167.287
162.265
156.315
139.063
178.36
162.032
190.029
196.683
174.224
-654321
159.977
142.532
138.842
155.307
157.728
185.875
190.772
149.934
-654321
141.672
148.536
150.52
173.874
179.382
185.403
146.81
-654321
138.223
146.893
165.754
174.675
180.357
141.428
-654321
154.044
145.201
168.576
172.973
151.204
-654321
167.015
186.52
191.687
179.708
149.476
-654321
180.278
185.286
207.159
219.085
150.517
155.163
-654321
192.064
201.742
214.194
231.276
164.489
150.245
183.063
-654321
206.757
232.236
219.843
247.671
175.949
165.374
150.07
179.83
-654321
206.474
236.826
246.803
259.621
189.7
179.638
160.96
149.994
206.874
-654321
236.252
255.09
248.758
259.215
208.115
191.214
176.77
164.906
224.413
-654321
243.627
262.281
257.489
264.275
225.755
204.549
197.039
173.31
225.294
-654321
248.606
259.521
257.461
266.961
237.805
213.316
208.272
185.712
261.879
-654321
257.403
260.009
256.97
266.093
247.527
238.572
218.001
203.263
254.289
-654321
268.014
266.097
265.316
269.857
259.608
257.374
233.138
218.114
264.908
-654321
265.92
262.251
262.542
259.641
256.982
249.62
251.958
239.764
261.857
-654321
265.156
263.572
259.991
259.53
267.829
258.245
258.947
248.334
264.857
-654321
264.413
259.547
258.145
254.227
264.046
269.083
261.964
254.804
267.671
-654321
258.614
253.651
253.516
250.555
266.883
265.95
271.445
249.35
262.115
-654321
259.569
255.347
246.308
243.777
263.741
262.793
267.162
267.133
257.781
-654321
256.649
251.177
244.79
239.606
265.965
266.313
269.323
267.856
255.906
-654321
251.784
244.233
239.816
231.58
254.759
262.189
259.984
264.794
255.627
-654321
244.513
239.65
235.158
224.534
258.802
257.154
262.867
256.858
243.283
-654321
240.517
232.739
227.263
220.683
250.286
252.15
255.794
259.714
246.317
-654321
234.238
229.279
221.974
217.136
244.177
251.405
252.953
254.293
238.092
-654321
229.033
223.233
216.599
210.518
240.928
245.075
252.592
248.251
235.254
-654321
221.959
215.835
210.673
204.484
221.809
229.466
243.915
243.344
228.975
-654321
217.918
210.435
205.069
198.662
226.047
234.386
241.411
244.337
222.282
-654321
210.424
175.172
200.361
192.45
221.983
228.267
233.766
239.192
216.267
-654321
205.076
171.979
193.501
186.937
214.314
222.688
191.426
233.47
211.06
-654321
172.17
194.587
162.726
180.28
212.34
216.738
222.997
190.498
204.003
-654321
191.251
163.064
181.007
174.678
212.331
217.97
222.965
169.953
-654321
188.637
180.545
171.48
175.388
179.879
216.11
193.382
-654321
181.382
194.202
171.314
173.94
211.417
162.196
-654321
188.97
155.109
171.631
174.206
159.237
-654321
164.285
185.848
200.882
211.141
149.249
-654321
182.086
187.452
205.475
228.56
150.656
164.948
-654321
187.9
209.905
220.107
239.329
159.516
147.967
170.643
-654321
208.387
221.514
239.065
240.656
176.553
163.921
149.807
200.581
-654321
217.147
236.909
247.742
257.064
197.222
175.664
161.725
149.93
207.197
-654321
228.593
251.269
259.751
277.717
201.251
194.935
178.611
162.931
212.082
-654321
246.826
259.362
275.214
286.472
213.932
206.585
188.798
180.642
236.331
-654321
264.889
267.124
262.386
283.405
245.705
221.332
207.982
194.977
261.705
-654321
259.776
280.381
276.766
282.82
239.904
226.258
227.775
203.53
252.509
-654321
257.504
271.279
287.546
284.763
263.471
255.876
238.275
213.88
270.035
-654321
272.981
277.396
283.185
274.87
268.181
250.889
255.738
229.88
269.184
-654321
282.734
284.379
281.825
279.92
272.065
271.804
266.448
251.66
282.072
-654321
283.401
283.212
280.479
279.1
280.239
278.971
270.556
261.725
282.102
-654321
281.769
277.609
272.733
274.162
280.66
278.848
275.058
266.968
282.902
-654321
276.834
280.54
273.332
270.23
277.687
277.479
275.259
280.353
275.245
-654321
276.295
274.725
266.973
267.774
281.679
283.745
280.14
282.009
282.093
-654321
272.745
270.323
262.127
262.883
275.072
276.582
283.408
278.196
277.398
-654321
266.681
261.007
258.571
257.188
280.894
276.16
284.004
273.179
277.318
-654321
266.927
258.543
255.036
248.91
272.052
283.431
284.261
276.844
270.007
-654321
256.674
258.164
252.099
243.602
266.45
279.71
270.162
282.255
262.99
-654321
257.72
252.104
243.047
240.287
265.748
272.673
270.092
277.227
254.944
-654321
250.751
242.957
233.932
233.396
254.583
266.112
269.283
276.113
250.9
-654321
246.678
240.291
233.997
227.948
256.957
263.621
266.371
273.596
251.071
-654321
228.761
195.818
228.874
221.65
251.062
256.968
214.585
265.325
244.975
-654321
232.504
227.359
221.99
216.675
245.275
252.466
250.672
262.617
238.76
-654321
190.936
221.51
217.009
210.214
240.61
244.292
250.995
255.191
233.972
-654321
188.264
183.906
179.563
233.623
239.551
241.7
251.443
229.641
-654321
216.77
211.376
225.544
233.478
239.539
244.757
222.078
-654321
209.262
186.332
189.107
233.46
199.516
215.998
-654321
216.902
186.146
228.464
233.426
179.454
-654321
157.488
164.733
183.6
178.103
146.815
-654321
164.675
182.954
185.302
188.992
144.817
156.096
-654321
179.247
177.782
182.718
211.601
150.978
145.184
161.715
-654321
182.765
201.317
175.859
203.047
169.71
154.123
144.437
169.97
-654321
191.692
209.783
215.25
232.374
173.423
159.649
153.021
144.718
188.34
-654321
201.154
214.631
228.661
228.379
186.417
167.272
165.219
151.967
193.526
-654321
223.516
220.646
252.387
233.745
178.042
184.179
173.823
163.527
193.594
-654321
197.5
224.533
223.877
237.233
204.851
198.224
183.457
171.519
215.084
-654321
227.377
232.029
242.309
238.239
210.483
203.741
192.783
183.454
227.483
-654321
243.865
241.208
243.561
241.303
217.34
213.129
199.131
194.772
227.07
-654321
241.212
245.615
237.078
245.249
225.135
218.752
208.435
199.529
233.888
-654321
243.291
240.74
236.942
244.199
236.64
230.971
231.147
205.338
241.945
-654321
243.413
240.138
244.594
242.644
234.504
227.545
228.802
217.794
238.669
-654321
239.918
241.607
237.256
240.244
236.667
237.464
233.374
227.275
240.626
-654321
241.189
242.781
240.58
239.306
238.036
238.068
237.331
236.238
240.473
-654321
241.952
238.781
239.858
235.234
266.614
242.47
242.233
235.316
244.411
-654321
240.89
252.616
235.128
233.836
241.955
241.69
241.641
242.825
238.235
-654321
236.927
235.381
234.617
225.454
241.707
240.322
242.529
246.021
241.517
-654321
237.658
232.639
228.435
226.601
240.719
244.714
240.746
237.264
237.59
-654321
231.856
230.163
226.994
222.583
238.682
239.707
242.762
245.613
234.378
-654321
226.74
227.639
223.32
220.503
236.92
250.14
241.696
241.44
232.821
-654321
225.024
223.827
220.134
214.592
234.422
235.043
238.688
239.683
230.498
-654321
220.57
219.438
216.206
212.352
231.431
230.606
233.7
240.637
227.062
-654321
180.74
216.763
208.873
208.857
225.351
229.012
232.265
232.617
223.59
-654321
216.235
211.536
208.602
205.456
223.114
227.217
227.767
234.112
221.355
-654321
212.226
209.081
204.125
200.649
219.762
222.716
224.915
231.327
217.766
-654321
206.606
203.664
200.584
215.9
218.697
221.936
228.106
211.929
-654321
204.61
201.529
213.244
216.295
220.98
221.741
207.714
-654321
201.329
209.076
213.291
216.279
218.193
205.926
-654321
204.794
209.187
212.538
215.992
200.244
-654321
