31.6027
27.8652
23.9079
48.4758
31.963
-654321
28.2897
24.3843
20.3073
16.5199
31.8415
31.5337
-654321
24.0926
20.1685
16.0629
12.5997
31.5695
34.7013
27.9737
-654321
19.9575
16.3304
11.9737
8.06581
28.1874
32.0192
37.9088
23.8913
-654321
16.2521
11.9637
8.2907
4.02742
23.9725
27.9285
31.5133
32.15
20.2287
-654321
12.63
32.9282
4.31182
0.439912
20.4779
24.4932
28.1305
31.7814
16.3919
-654321
8.42894
4.81731
0.336681
16.2606
20.371
24.5048
28.5688
12.5857
-654321
4.60527
0.227695
12.5089
16.0954
20.0459
24.3412
8.30171
-654321
0
8.24633
12.7939
15.9703
20.3309
4.69107
-654321
4.62487
7.83276
11.9997
16.4285
0.0907936
-654321
49.8818
47.6798
44.8718
40.2175
41.3576
-654321
49.5548
45.1202
40.4137
35.1924
40.3559
48.4192
-654321
45.1933
41.0498
34.2387
28.6925
48.3819
40.6648
50.5434
-654321
41.3626
35.1024
29.341
23.6603
49.3121
48.8107
40.6312
46.0643
-654321
34.8862
29.337
23.4338
17.5083
46.3636
49.3084
49.3949
40.8144
40.5817
-654321
28.6851
23.3511
16.8155
11.2618
40.7818
46.7378
48.6244
50.5472
34.6781
-654321
23.1153
17.0739
11.0387
34.9674
41.0536
46.3384
49.9375
29.0573
-654321
16.8923
11.6329
29.5875
35.3362
40.3995
45.7917
23.2404
-654321
10.9626
23.5027
29.5735
35.0558
40.9704
17.1988
-654321
17.4366
23.611
28.9145
34.7966
10.9157
-654321
54.9332
61.3265
71.3619
65.8009
39.5923
-654321
66.0932
70.6949
66.215
63.5403
39.9402
54.409
-654321
68.1632
66.4573
64.539
58.7579
53.348
40.2871
66.6256
-654321
65.9891
62.8055
59.0519
53.1231
63.7968
53.952
39.5612
70.0977
-654321
64.2885
59.7011
52.6617
48.1102
68.9879
69.081
57.0142
40.8499
68.0061
-654321
59.2116
52.9562
47.8393
42.1124
67.5456
70.7467
61.6529
54.5744
61.4941
-654321
52.6024
47.6785
41.8671
62.8682
65.5666
68.4652
67.9974
58.2065
-654321
46.3462
41.9587
59.6839
60.2232
68.0767
66.5371
53.1309
-654321
41.3203
53.7778
57.9467
64.2021
65.3691
47.8125
-654321
47.6012
53.4291
59.881
64.2349
41.2753
-654321
57.7048
67.4902
81.5653
83.358
38.9834
-654321
64.006
74.7496
85.9882
81.9334
42.3671
50.8999
-654321
80.893
87.5748
84.4626
82.6342
55.6683
41.2009
70.6875
-654321
80.8262
87.7714
85.3652
78.9962
66.9113
52.9384
40.4434
73.823
-654321
84.7924
83.4396
79.6765
74.8189
74.0452
70.5573
56.0456
39.8129
83.4931
-654321
83.6166
80.1461
73.5455
70.0002
83.1545
80.4758
70.8064
53.9463
85.8551
-654321
81.681
75.3262
69.2446
85.2163
84.6684
78.9008
69.6725
81.3433
-654321
74.7705
70.0593
86.901
87.3608
86.2235
81.1469
80.6657
-654321
69.8896
80.1717
81.6831
85.6935
81.8614
76.9589
-654321
74.1874
79.3055
82.9132
84.9301
68.3614
-654321
56.3344
60.5455
77.0067
100.798
38.7091
-654321
68.1637
78.9716
95.0926
99.944
43.2285
53.1605
-654321
75.4688
94.5005
99.445
105.936
53.4648
41.5512
69.5621
-654321
87.1741
104.137
106.037
105.29
67.8412
52.9065
40.1912
82.1814
-654321
96.883
102.791
105.127
105.788
83.6597
64.7603
56.8638
41.4594
93.7677
-654321
104.442
97.3769
103.768
99.3635
95.6971
80.9813
67.7428
54.5891
95.5362
-654321
104.448
102.051
96.4753
101.1
95.7465
81.6841
73.6141
99.7277
-654321
101.909
99.6133
103.964
101.154
93.5465
80.152
104.686
-654321
100.656
103.433
106.202
107.395
99.8801
99.1681
-654321
103.644
104.561
100.438
100.399
100.818
-654321
53.5054
66.9515
83.4796
94.9747
41.4393
-654321
66.9223
74.9746
87.5772
113.094
42.3293
55.4812
-654321
85.053
95.9756
100.029
115.633
54.2947
39.7332
73.5973
-654321
91.0243
114.705
113.83
121.611
65.8583
51.8969
40.8684
85.7007
-654321
107.339
108.468
117.416
125.029
76.0256
65.053
51.2452
41.5774
96.8477
-654321
117.957
117.925
120.302
122.113
89.7448
80.4777
69.548
54.242
109.839
-654321
118.079
125.999
123.602
105.748
99.8943
84.3596
65.6556
110.679
-654321
121.167
119.743
109.312
108.376
93.9924
84.8568
123.538
-654321
122.571
125.755
117.1
113.467
97.9528
119.087
-654321
123.776
122.791
119.83
104.167
122.938
-654321
52.6647
74.0605
80.5767
106.073
40.5625
-654321
64.5493
80.1942
97.7582
112.013
40.0246
54.2594
-654321
78.7489
99.2398
108.111
122.408
55.8742
40.3512
61.0852
-654321
98.846
102.543
122.085
124.723
64.2572
55.4127
39.7141
83.6426
-654321
108.528
132.79
128.972
138.115
84.1744
67.1844
53.7031
39.5209
92.8532
-654321
125.504
131.263
138.326
133.192
102.272
80.0277
67.9651
53.3007
108.071
-654321
132.256
131.856
138.191
118.619
93.537
84.9062
69.3874
118.6
-654321
135.198
140.233
121.572
113.415
95.1872
83.2733
135.307
-654321
141.782
134.265
124.12
107.493
96.2732
139.298
-654321
138.509
131.768
123.87
116.684
133.025
-654321
57.2132
72.696
80.8319
101.662
42.1081
-654321
65.7795
75.3682
94.1488
102.156
41.6971
53.1658
-654321
89.1579
91.1946
107.12
124.519
54.8376
39.9159
72.8767
-654321
85.4995
112.311
127.774
140.268
72.3224
57.1989
41.3008
88.1664
-654321
105.218
122.542
141.872
140.38
79.9526
70.9734
53.43
40.7863
93.2778
-654321
119.738
140.81
151.962
152.696
89.5155
82.9212
70.06
54.5005
110.443
-654321
133.068
145.666
149.37
109.769
97.6686
86.0852
67.4491
129.302
-654321
148.649
138.324
115.114
108.609
99.5686
86.4925
135.197
-654321
152.442
135.1
128.181
118.272
93.1983
145.758
-654321
140.534
139.485
122.919
108.115
153.698
-654321
57.1506
69.9429
74.8565
101.053
34.7833
-654321
69.4467
81.0822
92.8472
114.51
41.7443
55.5889
-654321
81.236
99.3527
113.335
126.921
55.0586
40.9024
64.4766
-654321
86.2125
126.483
120.67
145.448
65.9433
54.6953
41.1115
72.1404
-654321
116.659
123.337
137.347
154.654
83.0539
68.3858
56.2077
41.6235
101.364
-654321
118.201
149.58
167.512
161.777
100.406
83.9497
67.6084
53.1138
112.903
-654321
130.415
149.406
153.771
111.403
97.3771
81.9079
66.0794
121.576
-654321
145.079
158.357
119.708
111.529
98.5537
85.0379
143.351
-654321
161.575
138.728
114.681
108.991
98.9603
157.107
-654321
148.497
140.934
126.811
113.413
158.8
-654321
45.8097
59.8869
67.6101
74.576
36.0132
-654321
57.4592
66.1553
69.9695
81.1625
36.8176
47.2667
-654321
62.991
68.3018
87.7611
93.1602
44.5533
35.2477
54.2999
-654321
69.4629
81.8405
92.2789
103.466
56.3824
43.4016
35.3339
65.8802
-654321
80.5788
92.4763
96.9425
109.862
60.3943
54.5229
44.6854
34.7555
73.3519
-654321
102.623
100.967
111.964
116.891
78.0101
62.7549
55.066
42.2484
88.6101
-654321
97.6074
102.919
120.004
80.8303
68.6231
64.8532
55.4455
93.3268
-654321
112.058
124.375
99.474
81.3953
73.5037
63.2484
98.9471
-654321
121.108
105.796
92.1912
82.8915
74.1893
116.351
-654321
112.328
97.3817
127.089
84.1088
117.587
-654321
