0.959296 1
0.0407041 21
-123456
0.95725 2
0.0427499 22
-123456
0.963821 3
0.0356133 23
0.000565291 83
-123456
0.953028 4
0.0469723 24
-123456
0.956607 0
0.043393 20
-123456
-654321
0.946472 2
0.053528 22
-123456
0.963109 3
0.0368906 23
-123456
0.96 4
0.04 24
-123456
0.964981 5
0.0350195 25
-123456
0.965185 0
0.0348152 20
-123456
0.966667 1
0.0333333 21
-123456
-654321
0.95098 3
0.0490196 23
-123456
0.966079 4
0.0339213 24
-123456
0.962406 5
0.037594 25
-123456
0.958652 6
0.0413476 26
-123456
0.956583 1
0.0434174 21
-123456
0.958019 0
0.0419806 20
-123456
0.960699 2
0.0393013 22
-123456
-654321
0.950794 4
0.0492063 24
-123456
0.957912 5
0.0420875 25
-123456
0.961083 6
0.0389171 26
-123456
0.958333 7
0.0416667 27
-123456
0.971429 2
0.0285714 22
-123456
0.955932 1
0.0440678 21
-123456
0.959553 0
0.040447 20
-123456
0.944762 3
0.0552381 23
-123456
-654321
0.965517 5
0.0344828 25
-123456
0.976868 6
0.0231317 26
-123456
0.957798 7
0.0422018 27
-123456
0.948998 8
0.0510018 28
-123456
0.957192 3
0.0428082 23
-123456
0.963899 2
0.0361011 22
-123456
0.951583 1
0.0465549 21
0.0018622 101
-123456
0.967996 0
0.0320045 20
-123456
0.959147 4
0.0408526 24
-123456
-654321
0.948655 6
0.0513447 26
-123456
0.965602 7
0.034398 27
-123456
0.950521 8
0.0494792 28
-123456
0.96934 9
0.0306604 29
-123456
0.967005 4
0.0329949 24
-123456
0.963592 3
0.0364078 23
-123456
0.973105 2
0.0268949 22
-123456
0.956052 1
0.0431766 21
0.00077101 101
-123456
0.958333 5
0.0416667 25
-123456
-654321
0.95641 7
0.0435897 27
-123456
0.953125 8
0.04375 28
0.003125 88
-123456
0.957672 9
0.042328 29
-123456
0.968481 10
0.0286533 30
0.00286533 110
-123456
0.975078 5
0.0249221 25
-123456
0.955432 4
0.0445682 24
-123456
0.970675 3
0.0293255 23
-123456
0.953552 2
0.0464481 22
-123456
0.956164 6
0.0438356 26
-123456
-654321
0.9653 8
0.0347003 28
-123456
0.92459 9
0.0721311 29
0.00327869 109
-123456
0.945763 10
0.0542373 30
-123456
0.961538 11
0.0384615 31
-123456
0.953177 6
0.0468227 26
-123456
0.957447 5
0.0425532 25
-123456
0.975524 4
0.0244755 24
-123456
0.966368 3
0.0336323 23
-123456
0.968641 7
0.0313589 27
-123456
-654321
0.947791 9
0.0522088 29
-123456
0.96281 10
0.0371901 30
-123456
0.978448 11
0.0215517 31
-123456
0.979253 12
0.0207469 32
-123456
0.953781 7
0.0462185 27
-123456
0.964143 6
0.0358566 26
-123456
0.960938 5
0.0390625 25
-123456
0.955439 4
0.0445609 24
-123456
0.964286 8
0.0357143 28
-123456
-654321
0.976303 10
0.0236967 30
-123456
0.989583 11
0.0104167 31
-123456
0.979058 12
0.0209424 32
-123456
0.972222 13
0.0277778 33
-123456
0.971292 8
0.0287081 28
-123456
0.955224 7
0.0447761 27
-123456
0.953488 6
0.0465116 26
-123456
0.96807 5
0.0319303 25
-123456
0.972851 9
0.0271493 29
-123456
-654321
0.981928 11
0.0180723 31
-123456
0.975 12
0.025 32
-123456
0.979058 13
0.0209424 33
-123456
0.937107 14
0.0628931 34
-123456
0.949367 9
0.0506329 29
-123456
0.953846 8
0.0461538 28
-123456
0.981595 7
0.0184049 27
-123456
0.96357 6
0.0346084 26
0.00182149 106
-123456
0.957831 10
0.0421687 30
-123456
-654321
0.985185 12
0.0148148 32
-123456
0.96875 13
0.03125 33
-123456
0.978873 14
0.0211268 34
-123456
0.992701 15
0.00729927 35
-123456
0.963235 10
0.0367647 30
-123456
0.96875 9
0.03125 29
-123456
0.976923 8
0.0230769 28
-123456
0.969121 7
0.0308789 27
-123456
0.976562 11
0.0234375 31
-123456
-654321
0.948276 13
0.0517241 33
-123456
0.963964 14
0.036036 34
-123456
0.981818 15
0.0181818 35
-123456
0.961905 16
0.0380952 36
-123456
0.970588 11
0.0294118 31
-123456
0.958333 10
0.0416667 30
-123456
0.97541 9
0.0245902 29
-123456
0.97027 8
0.0297297 28
-123456
0.945455 12
0.0545455 32
-123456
-654321
0.971698 14
0.0283019 34
-123456
0.958333 15
0.0416667 35
-123456
0.956522 16
0.0434783 36
-123456
0.951456 17
0.0485437 37
-123456
0.969388 12
0.0306122 32
-123456
0.942857 11
0.0571429 31
-123456
0.969697 10
0.030303 30
-123456
0.951807 9
0.0481928 29
-123456
0.973913 13
0.026087 33
-123456
-654321
0.935484 15
0.0645161 35
-123456
0.950617 16
0.0493827 36
-123456
0.940476 17
0.0595238 37
-123456
0.975904 18
0.0240964 38
-123456
0.939759 13
0.060241 33
-123456
0.966667 12
0.0333333 32
-123456
0.951807 11
0.0481928 31
-123456
0.966418 10
0.0335821 30
-123456
0.965909 14
0.0340909 34
-123456
-654321
0.984375 16
0.015625 36
-123456
0.925373 17
0.0746269 37
-123456
0.974684 18
0.0253165 38
-123456
0.961538 19
0.0384615 39
-123456
0.985507 14
0.0144928 34
-123456
0.973333 13
0.0266667 33
-123456
0.9375 12
0.0625 32
-123456
0.965686 11
0.0343137 31
-123456
0.9625 15
0.0375 35
-123456
-654321
0.957143 17
0.0428571 37
-123456
0.941176 18
0.0588235 38
-123456
0.924528 19
0.0754717 39
-123456
1 15
-123456
0.939394 14
0.0606061 34
-123456
0.982456 13
0.0175439 33
-123456
0.948387 12
0.0516129 32
-123456
0.957447 16
0.0212766 36
0.0212766 96
-123456
-654321
0.960784 18
0.0392157 38
-123456
0.982759 19
0.0172414 39
-123456
0.941176 16
0.0588235 36
-123456
0.959184 15
0.0408163 35
-123456
0.979167 14
0.0208333 34
-123456
0.977941 13
0.0220588 33
-123456
0.967213 17
0.0327869 37
-123456
-654321
0.965517 19
0.0344828 39
-123456
0.972973 17
0.027027 37
-123456
0.979167 16
0.0208333 36
-123456
0.949153 15
0.0508475 35
-123456
0.973214 14
0.0267857 34
-123456
1 18
-123456
-654321
0.973684 18
0.0263158 38
-123456
0.934783 17
0.0652174 37
-123456
0.944444 16
0.0555556 36
-123456
0.954955 15
0.045045 35
-123456
0.969697 19
0.030303 39
-123456
-654321
0.0862385 1
0.855046 21
0.0587156 41
-123456
0.0666667 2
0.846914 22
0.0864198 42
-123456
0.0588235 3
0.855882 23
0.0852941 43
-123456
0.0868056 4
0.833333 24
0.0798611 44
-123456
0.090301 0
0.842809 20
0.0668896 40
-123456
-654321
0.0715166 2
0.806412 22
0.122072 42
-123456
0.0607477 3
0.843458 23
0.0957944 43
-123456
0.0824468 4
0.819149 24
0.0984043 44
-123456
0.0647887 5
0.794366 25
0.140845 45
-123456
0.0878187 0
0.804533 20
0.107649 40
-123456
0.0796813 1
0.834661 21
0.0856574 41
-123456
-654321
0.104545 3
0.761364 23
0.134091 43
-123456
0.0949227 4
0.794702 24
0.110375 44
-123456
0.0504808 5
0.822115 25
0.127404 45
-123456
0.10596 6
0.807947 26
0.0860927 46
-123456
0.118026 1
0.7897 21
0.0922747 41
-123456
0.113734 0
0.770386 20
0.11588 40
-123456
0.092437 2
0.804431 22
0.103132 42
-123456
-654321
0.0759494 4
0.848101 24
0.0759494 44
-123456
0.103321 5
0.819188 25
0.0774908 45
-123456
0.0912409 6
0.813869 26
0.0948905 46
-123456
0.0857143 7
0.840816 27
0.0734694 47
-123456
0.0784314 2
0.839869 22
0.0816993 42
-123456
0.084022 1
0.830579 21
0.0853994 41
-123456
0.0881226 0
0.816092 20
0.0957854 40
-123456
0.0885609 3
0.826568 23
0.0848708 43
-123456
-654321
0.0987654 5
0.798354 25
0.102881 45
-123456
0.091954 6
0.831418 26
0.0766283 46
-123456
0.0723404 7
0.851064 27
0.0765957 47
-123456
0.0958904 8
0.83105 28
0.0730594 48
-123456
0.111111 3
0.808429 23
0.0804598 43
-123456
0.0928962 2
0.807377 22
0.0997268 42
-123456
0.105058 1
0.836576 21
0.0583658 41
-123456
0.0798319 0
0.840336 20
0.0798319 40
-123456
0.0509259 4
0.824074 24
0.125 44
-123456
-654321
0.0900474 6
0.805687 26
0.104265 46
-123456
0.134831 7
0.775281 27
0.0898876 47
-123456
0.0942408 8
0.774869 28
0.13089 48
-123456
0.102273 9
0.778409 29
0.119318 49
-123456
0.0752688 4
0.854839 24
0.0698925 44
-123456
0.0913979 3
0.822581 23
0.0860215 43
-123456
0.0925373 2
0.820895 22
0.0865672 42
-123456
0.103158 1
0.770526 21
0.126316 41
-123456
0.0812183 5
0.812183 25
0.106599 45
-123456
-654321
0.0986547 7
0.7713 27
0.130045 47
-123456
0.10303 8
0.812121 28
0.0848485 48
-123456
0.0792683 9
0.841463 29
0.0792683 49
-123456
0.0788177 10
0.82266 30
0.0985222 50
-123456
0.0880503 5
0.779874 25
0.132075 45
-123456
0.0882353 4
0.817647 24
0.0941176 44
-123456
0.0918367 3
0.816327 23
0.0918367 43
-123456
0.0898662 2
0.837476 22
0.0726577 42
-123456
0.0705882 6
0.847059 26
0.0823529 46
-123456
-654321
0.0917431 8
0.807339 28
0.100917 48
-123456
0.0983607 9
0.786885 29
0.114754 49
-123456
0.136691 10
0.791367 30
0.0719424 50
-123456
0.0454545 11
0.909091 31
0.0454545 51
-123456
0.0789474 6
0.861842 26
0.0592105 46
-123456
0.108333 5
0.775 25
0.116667 45
-123456
0.141791 4
0.776119 24
0.0820896 44
-123456
0.0947867 3
0.831754 23
0.0734597 43
-123456
0.0661157 7
0.884298 27
0.0495868 47
-123456
-654321
0.0884956 9
0.823009 29
0.0884956 49
-123456
0.102804 10
0.794393 30
0.102804 50
-123456
0.113402 11
0.793814 31
0.0927835 51
-123456
0.00909091 12
0.881818 32
0.109091 52
-123456
0.115702 7
0.752066 27
0.132231 47
-123456
0.106195 6
0.778761 26
0.115044 46
-123456
0.0463576 5
0.880795 25
0.0728477 45
-123456
0.0997442 4
0.846547 24
0.0537084 44
-123456
0.0545455 8
0.818182 28
0.127273 48
-123456
-654321
0.113402 10
0.814433 30
0.0721649 50
-123456
0.115385 11
0.807692 31
0.0769231 51
-123456
0.123596 12
0.820225 32
0.0561798 52
-123456
0.115789 13
0.852632 33
0.0315789 53
-123456
0.0576923 8
0.817308 28
0.125 48
-123456
0.0686275 7
0.872549 27
0.0588235 47
-123456
0.0322581 6
0.903226 26
0.0645161 46
-123456
0.0816993 5
0.794118 25
0.124183 45
-123456
0.0720721 9
0.882883 29
0.045045 49
-123456
-654321
0.0952381 11
0.845238 31
0.0595238 51
-123456
0.0697674 12
0.848837 32
0.0813954 52
-123456
0.164835 13
0.681319 33
0.153846 53
-123456
0.0789474 14
0.842105 34
0.0789474 54
-123456
0.08 9
0.813333 29
0.106667 49
-123456
0.102564 8
0.846154 28
0.0512821 48
-123456
0.139241 7
0.797468 27
0.0632911 47
-123456
0.0932836 6
0.835821 26
0.0708955 46
-123456
0.1125 10
0.75 30
0.1375 50
-123456
-654321
0.101449 12
0.84058 32
0.057971 52
-123456
0.0645161 13
0.903226 33
0.0322581 53
-123456
0.114943 14
0.827586 34
0.0574713 54
-123456
0.125 15
0.805556 35
0.0694444 55
-123456
0.109375 10
0.8125 30
0.078125 50
-123456
0.0294118 9
0.926471 29
0.0441176 49
-123456
0.0581395 8
0.848837 28
0.0930233 48
-123456
0.110497 7
0.801105 27
0.0883978 47
-123456
0.163636 11
0.690909 31
0.145455 51
-123456
-654321
0.15 13
0.8 33
0.05 53
-123456
0.149254 14
0.776119 34
0.0746269 54
-123456
0.0909091 15
0.818182 35
0.0909091 55
-123456
0.0344828 16
0.913793 36
0.0517241 56
-123456
0.0833333 11
0.875 31
0.0416667 51
-123456
0.0333333 10
0.85 30
0.116667 50
-123456
0.125 9
0.821429 29
0.0535714 49
-123456
0.0932643 8
0.813471 28
0.0932643 48
-123456
0.129032 12
0.741935 32
0.129032 52
-123456
-654321
0.047619 14
0.833333 34
0.119048 54
-123456
0.0425532 15
0.851064 35
0.106383 55
-123456
0.0714286 16
0.857143 36
0.0714286 56
-123456
0.125 17
0.8125 37
0.0625 57
-123456
0.178571 12
0.767857 32
0.0535714 52
-123456
0.0408163 11
0.897959 31
0.0612245 51
-123456
0.0697674 10
0.860465 30
0.0697674 50
-123456
0.141104 9
0.773006 29
0.0858896 49
-123456
0.0666667 13
0.911111 33
0.0222222 53
-123456
-654321
0.1 15
0.85 35
0.05 55
-123456
0.135135 16
0.837838 36
0.027027 56
-123456
0.0263158 17
0.868421 37
0.105263 57
-123456
0.115385 18
0.865385 38
0.0192308 58
-123456
0.173913 13
0.73913 33
0.0869565 53
-123456
0.0571429 12
0.8 32
0.142857 52
-123456
0.104167 11
0.895833 31
-123456
0.104839 10
0.854839 30
0.0403226 50
-123456
0.0851064 14
0.787234 34
0.12766 54
-123456
-654321
0.0769231 16
0.871795 36
0.0512821 56
-123456
0.170732 17
0.756098 37
0.0731707 57
-123456
0.075 18
0.875 38
0.05 58
-123456
0.114286 19
0.885714 39
-123456
0.166667 14
0.777778 34
0.0555556 54
-123456
0.047619 13
0.833333 33
0.119048 53
-123456
0.102041 12
0.877551 32
0.0204082 52
-123456
0.0754717 11
0.877358 31
0.0471698 51
-123456
0.157895 15
0.736842 35
0.105263 55
-123456
-654321
0.114286 17
0.857143 37
0.0285714 57
-123456
0.15625 18
0.84375 38
-123456
0.967742 39
0.0322581 59
-123456
0.037037 15
0.925926 35
0.037037 55
-123456
0.151515 14
0.818182 34
0.030303 54
-123456
0.115385 13
0.807692 33
0.0769231 53
-123456
0.107843 12
0.852941 32
0.0392157 52
-123456
0.0714286 16
0.928571 36
-123456
-654321
0.0714286 18
0.892857 38
0.0357143 58
-123456
0.111111 19
0.777778 39
0.111111 59
-123456
0.0666667 16
0.8 36
0.133333 56
-123456
0.0789474 15
0.789474 35
0.131579 55
-123456
0.108108 14
0.810811 34
0.0810811 54
-123456
0.102564 13
0.820513 33
0.0769231 53
-123456
0.16 17
0.76 37
0.08 57
-123456
-654321
0.1 19
0.833333 39
0.0666667 59
-123456
0.0540541 17
0.918919 37
0.027027 57
-123456
0.16129 16
0.774194 36
0.0645161 56
-123456
0.0689655 15
0.931035 35
-123456
0.0952381 14
0.793651 34
0.111111 54
-123456
0.0689655 18
0.827586 38
0.103448 58
-123456
-654321
0.137931 18
0.862069 38
-123456
0.136364 17
0.863636 37
-123456
0.0740741 16
0.777778 36
0.148148 56
-123456
0.109091 15
0.872727 35
0.0181818 55
-123456
0.12 19
0.84 39
0.04 59
-123456
-654321
0.0646766 21
0.820895 41
0.114428 61
-123456
0.0769231 22
0.807692 42
0.115385 62
-123456
0.126697 23
0.782805 43
0.0904977 63
-123456
0.0906593 24
0.785714 44
0.123626 64
-123456
0.106145 20
0.73743 40
0.156425 60
-123456
-654321
0.0748663 22
0.834225 42
0.0909091 62
-123456
0.0666667 23
0.814286 43
0.119048 63
-123456
0.0769231 24
0.794872 44
0.128205 64
-123456
0.0989583 25
0.755208 45
0.145833 65
-123456
0.0840708 20
0.79646 40
0.119469 60
-123456
0.0812183 21
0.781726 41
0.137056 61
-123456
-654321
0.0931174 23
0.797571 43
0.109312 63
-123456
0.0684411 24
0.807985 44
0.123574 64
-123456
0.0430622 25
0.899522 45
0.0574163 65
-123456
0.0918919 26
0.810811 46
0.0972973 66
-123456
0.0900901 21
0.810811 41
0.0990991 61
-123456
0.0700935 20
0.850467 40
0.0794393 60
-123456
0.0933333 22
0.795556 42
0.111111 62
-123456
-654321
0.0849858 24
0.784703 44
0.130312 64
-123456
0.106557 25
0.782787 45
0.110656 65
-123456
0.0746269 26
0.813433 46
0.11194 66
-123456
0.0736434 27
0.806202 47
0.120155 67
-123456
0.0944882 22
0.787402 42
0.11811 62
-123456
0.123894 21
0.752212 41
0.123894 61
-123456
0.124481 20
0.767635 40
0.107884 60
-123456
0.121556 23
0.734198 43
0.144246 63
-123456
-654321
0.0911681 25
0.77208 45
0.136752 65
-123456
0.129032 26
0.712903 46
0.158065 66
-123456
0.132258 27
0.719355 47
0.148387 67
-123456
0.136232 28
0.756522 48
0.107246 68
-123456
0.105263 23
0.807895 43
0.0868421 63
-123456
0.0855457 22
0.769912 42
0.144543 62
-123456
0.114706 21
0.755882 41
0.129412 61
-123456
0.101538 20
0.784615 40
0.113846 60
-123456
0.0871849 24
0.785714 44
0.127101 64
-123456
-654321
0.0819672 26
0.830601 46
0.0874317 66
-123456
0.0617978 27
0.825843 47
0.11236 67
-123456
0.126437 28
0.775862 48
0.0977011 68
-123456
0.0653595 29
0.843137 49
0.0915033 69
-123456
0.102679 24
0.779018 44
0.118304 64
-123456
0.0681818 23
0.866883 43
0.0649351 63
-123456
0.104167 22
0.833333 42
0.0625 62
-123456
0.154206 21
0.785047 41
0.0607477 61
-123456
0.104046 25
0.803468 45
0.0924855 65
-123456
-654321
0.103226 27
0.806452 47
0.0903226 67
-123456
0.117241 28
0.793103 48
0.0896552 68
-123456
0.0933333 29
0.773333 49
0.133333 69
-123456
0.0986842 30
0.756579 50
0.144737 70
-123456
0.0921053 25
0.809211 45
0.0986842 65
-123456
0.131818 24
0.775 44
0.0931818 64
-123456
0.157303 23
0.741573 43
0.101124 63
-123456
0.146341 22
0.810976 42
0.0426829 62
-123456
0.0909091 26
0.824675 46
0.0844156 66
-123456
-654321
0.107143 28
0.757143 48
0.135714 68
-123456
0.161017 29
0.754237 49
0.0847458 69
-123456
0.122302 30
0.798561 50
0.0791367 70
-123456
0.119718 31
0.760563 51
0.119718 71
-123456
0.0948276 26
0.75 46
0.155172 66
-123456
0.106061 25
0.704545 45
0.189394 65
-123456
0.10231 24
0.805281 44
0.0924092 64
-123456
0.0974729 23
0.805054 43
0.0974729 63
-123456
0.0948276 27
0.793103 47
0.112069 67
-123456
-654321
0.0769231 29
0.815385 49
0.107692 69
-123456
0.121739 30
0.730435 50
0.147826 70
-123456
0.104762 31
0.771429 51
0.12381 71
-123456
0.119658 32
0.794872 52
0.0854701 72
-123456
0.0849057 27
0.849057 47
0.0660377 67
-123456
0.103448 26
0.775862 46
0.12069 66
-123456
0.101852 25
0.796296 45
0.101852 65
-123456
0.114286 24
0.771429 44
0.114286 64
-123456
0.120567 28
0.730496 48
0.148936 68
-123456
-654321
0.0365854 30
0.902439 50
0.0609756 70
-123456
0.134021 31
0.793814 51
0.0721649 71
-123456
0.122222 32
0.8 52
0.0777778 72
-123456
0.131579 33
0.736842 53
0.131579 73
-123456
0.0818182 28
0.836364 48
0.0818182 68
-123456
0.120879 27
0.824176 47
0.0549451 67
-123456
0.125 26
0.714286 46
0.160714 66
-123456
0.141129 25
0.782258 45
0.0766129 65
-123456
0.168421 29
0.694737 49
0.136842 69
-123456
-654321
0.123288 31
0.767123 51
0.109589 71
-123456
0.170732 32
0.743902 52
0.0853659 72
-123456
0.0769231 33
0.846154 53
0.0769231 73
-123456
0.0897436 34
0.820513 54
0.0897436 74
-123456
0.0985916 29
0.816901 49
0.084507 69
-123456
0.232877 28
0.739726 48
0.0273973 68
-123456
0.0777778 27
0.833333 47
0.0888889 67
-123456
0.120623 26
0.797665 46
0.0817121 66
-123456
0.137931 30
0.741379 50
0.12069 70
-123456
-654321
0.119403 32
0.791045 52
0.0895522 72
-123456
0.0952381 33
0.761905 53
0.142857 73
-123456
0.103896 34
0.805195 54
0.0909091 74
-123456
0.190476 35
0.730159 55
0.0793651 75
-123456
0.125 30
0.796875 50
0.078125 70
-123456
0.125 29
0.75 49
0.125 69
-123456
0.175439 28
0.736842 48
0.0877193 68
-123456
0.0732984 27
0.816754 47
0.109948 67
-123456
0.142857 31
0.761905 51
0.0952381 71
-123456
-654321
0.203125 33
0.671875 53
0.125 73
-123456
0.114754 34
0.737705 54
0.147541 74
-123456
0.115385 35
0.865385 55
0.0192308 75
-123456
0.173913 36
0.73913 56
0.0869565 76
-123456
0.113208 31
0.811321 51
0.0754717 71
-123456
0.173913 30
0.710145 50
0.115942 70
-123456
0.111111 29
0.833333 49
0.0555556 69
-123456
0.155689 28
0.724551 48
0.11976 68
-123456
0.117647 32
0.823529 52
0.0588235 72
-123456
-654321
0.102564 34
0.794872 54
0.102564 74
-123456
0.150943 35
0.849057 55
-123456
0.135135 36
0.810811 56
0.0540541 76
-123456
0.171429 37
0.742857 57
0.0857143 77
-123456
0.0638298 32
0.87234 52
0.0638298 72
-123456
0.121951 31
0.804878 51
0.0731707 71
-123456
0.0638298 30
0.893617 50
0.0425532 70
-123456
0.156863 29
0.79085 49
0.0522876 69
-123456
0.0571429 33
0.885714 53
0.0571429 73
-123456
-654321
0.075 35
0.9 55
0.025 75
-123456
0.0465116 36
0.860465 56
0.0930233 76
-123456
0.217391 37
0.76087 57
0.0217391 77
-123456
0.107143 38
0.875 58
0.0178571 78
-123456
0.102564 33
0.794872 53
0.102564 73
-123456
0.0909091 32
0.818182 52
0.0909091 72
-123456
0.119048 31
0.880952 51
-123456
0.172131 30
0.745902 50
0.0819672 70
-123456
0.0754717 34
0.849057 54
0.0754717 74
-123456
-654321
0.0322581 36
0.967742 56
-123456
0.15625 37
0.65625 57
0.1875 77
-123456
0.108696 38
0.826087 58
0.0652174 78
-123456
0.116279 39
0.813953 59
0.0697674 79
-123456
0.047619 34
0.833333 54
0.119048 74
-123456
0.216216 33
0.72973 53
0.0540541 73
-123456
0.166667 32
0.777778 52
0.0555556 72
-123456
0.12069 31
0.775862 51
0.103448 71
-123456
0.1 35
0.9 55
-123456
-654321
0.0666667 37
0.9 57
0.0333333 77
-123456
0.131579 38
0.789474 58
0.0789474 78
-123456
0.166667 39
0.666667 59
0.166667 79
-123456
0.103448 35
0.896552 55
-123456
0.037037 34
0.777778 54
0.185185 74
-123456
0.130435 33
0.826087 53
0.0434783 73
-123456
0.166667 32
0.77451 52
0.0588235 72
-123456
0.09375 36
0.84375 56
0.0625 76
-123456
-654321
0.96875 58
0.03125 78
-123456
0.09375 39
0.90625 59
-123456
0.142857 36
0.857143 56
-123456
0.0869565 35
0.826087 55
0.0869565 75
-123456
0.952381 54
0.047619 74
-123456
0.117647 33
0.794118 53
0.0882353 73
-123456
0.166667 37
0.777778 57
0.0555556 77
-123456
-654321
0.0666667 39
0.844444 59
0.0888889 79
-123456
0.0740741 37
0.814815 57
0.111111 77
-123456
0.115385 36
0.769231 56
0.115385 76
-123456
0.204545 35
0.704545 55
0.0909091 75
-123456
0.125 34
0.767857 54
0.107143 74
-123456
0.205128 38
0.769231 58
0.025641 78
-123456
-654321
0.125 38
0.75 58
0.125 78
-123456
0.171429 37
0.771429 57
0.0571429 77
-123456
0.351351 36
0.648649 56
-123456
0.214286 35
0.732143 55
0.0535714 75
-123456
0.0740741 39
0.851852 59
0.0740741 79
-123456
-654321
0.0472441 41
0.811024 61
0.141732 81
-123456
0.119658 42
0.777778 62
0.102564 82
-123456
0.104478 43
0.753731 63
0.141791 83
-123456
0.0819672 44
0.762295 64
0.155738 84
-123456
0.0792079 40
0.772277 60
0.148515 80
-123456
-654321
0.0869565 42
0.724638 62
0.188406 82
-123456
0.119658 43
0.726496 63
0.153846 83
-123456
0.119835 44
0.706612 64
0.173554 84
-123456
0.102362 45
0.779528 65
0.11811 85
-123456
0.126984 40
0.730159 60
0.142857 80
-123456
0.0967742 41
0.798387 61
0.104839 81
-123456
-654321
0.145833 43
0.715278 63
0.138889 83
-123456
0.119048 44
0.706349 64
0.174603 84
-123456
0.10929 45
0.781421 65
0.10929 85
-123456
0.141593 46
0.752212 66
0.106195 86
-123456
0.0877193 41
0.754386 61
0.157895 81
-123456
0.154839 40
0.709677 60
0.135484 80
-123456
0.144828 42
0.682759 62
0.172414 82
-123456
-654321
0.0674603 44
0.797619 64
0.134921 84
-123456
0.097561 45
0.74216 65
0.160279 85
-123456
0.101351 46
0.756757 66
0.141892 86
-123456
0.0785714 47
0.807143 67
0.114286 87
-123456
0.0642857 42
0.807143 62
0.128571 82
-123456
0.115385 41
0.75641 61
0.128205 81
-123456
0.11194 40
0.746269 60
0.141791 80
-123456
0.0297619 43
0.880952 63
0.0892857 83
-123456
-654321
0.0993789 45
0.732919 65
0.167702 85
-123456
0.0759878 46
0.775076 66
0.148936 86
-123456
0.106383 47
0.748936 67
0.144681 87
-123456
0.110092 48
0.724771 68
0.165138 88
-123456
0.0947867 43
0.772512 63
0.132701 83
-123456
0.136792 42
0.740566 62
0.122642 82
-123456
0.107438 41
0.752066 61
0.140496 81
-123456
0.0980392 40
0.754902 60
0.147059 80
-123456
0.109333 44
0.712 64
0.178667 84
-123456
-654321
0.170616 46
0.682464 66
0.146919 86
-123456
0.130045 47
0.699552 67
0.170404 87
-123456
0.146245 48
0.727273 68
0.126482 88
-123456
0.127358 49
0.745283 69
0.127358 89
-123456
0.118902 44
0.759146 64
0.121951 84
-123456
0.106061 43
0.734848 63
0.159091 83
-123456
0.125 42
0.7125 62
0.1625 82
-123456
0.145833 41
0.7125 61
0.141667 81
-123456
0.155738 45
0.717213 65
0.127049 85
-123456
-654321
0.108974 47
0.794872 67
0.0961538 87
-123456
0.0787879 48
0.8 68
0.121212 88
-123456
0.117284 49
0.771605 69
0.111111 89
-123456
0.0729927 50
0.80292 70
0.124088 90
-123456
0.115646 45
0.75737 65
0.126984 85
-123456
0.0942408 44
0.806283 64
0.0994764 84
-123456
0.0877193 43
0.818713 63
0.0935673 83
-123456
0.140127 42
0.726115 62
0.133758 82
-123456
0.0833333 46
0.794444 66
0.122222 86
-123456
-654321
0.121019 48
0.757962 68
0.121019 88
-123456
0.104167 49
0.763889 69
0.131944 89
-123456
0.111888 50
0.713287 70
0.174825 90
-123456
0.10687 51
0.793893 71
0.0992366 91
-123456
0.141791 46
0.768657 66
0.0895522 86
-123456
0.119363 45
0.771883 65
0.108753 85
-123456
0.13245 44
0.754967 64
0.112583 84
-123456
0.0895522 43
0.768657 63
0.141791 83
-123456
0.0816327 47
0.823129 67
0.0952381 87
-123456
-654321
0.078125 49
0.78125 69
0.140625 89
-123456
0.120567 50
0.765957 70
0.113475 90
-123456
0.159574 51
0.648936 71
0.191489 91
-123456
0.0916667 52
0.741667 72
0.166667 92
-123456
0.0791367 47
0.805755 67
0.115108 87
-123456
0.135593 46
0.788136 66
0.0762712 86
-123456
0.136054 45
0.748299 65
0.115646 85
-123456
0.151515 44
0.747475 64
0.10101 84
-123456
0.129032 48
0.798387 68
0.0725806 88
-123456
-654321
0.126316 50
0.789474 70
0.0842105 90
-123456
0.119565 51
0.76087 71
0.119565 91
-123456
0.118182 52
0.790909 72
0.0909091 92
-123456
0.130952 53
0.738095 73
0.130952 93
-123456
0.0947368 48
0.768421 68
0.136842 88
-123456
0.110092 47
0.788991 67
0.100917 87
-123456
0.188679 46
0.679245 66
0.132075 86
-123456
0.136508 45
0.761905 65
0.101587 85
-123456
0.102273 49
0.818182 69
0.0795455 89
-123456
-654321
0.147368 51
0.757895 71
0.0947368 91
-123456
0.0952381 52
0.72619 72
0.178571 92
-123456
0.175258 53
0.721649 73
0.103093 93
-123456
0.141304 54
0.75 74
0.108696 94
-123456
0.0632911 49
0.848101 69
0.0886076 89
-123456
0.129412 48
0.8 68
0.0705882 88
-123456
0.141026 47
0.794872 67
0.0641026 87
-123456
0.104895 46
0.814685 66
0.0804196 86
-123456
0.126316 50
0.778947 70
0.0947368 90
-123456
-654321
0.134328 52
0.820895 72
0.0447761 92
-123456
0.114754 53
0.737705 73
0.147541 93
-123456
0.142857 54
0.714286 74
0.142857 94
-123456
0.172414 55
0.793103 75
0.0344828 95
-123456
0.150685 50
0.794521 70
0.0547945 90
-123456
0.164384 49
0.753425 69
0.0821918 89
-123456
0.121951 48
0.768293 68
0.109756 88
-123456
0.160377 47
0.764151 67
0.0754717 87
-123456
0.0819672 51
0.836066 71
0.0819672 91
-123456
-654321
0.0895522 53
0.835821 73
0.0746269 93
-123456
0.148148 54
0.648148 74
0.203704 94
-123456
0.157143 55
0.771429 75
0.0714286 95
-123456
0.160714 56
0.821429 76
0.0178571 96
-123456
0.147541 51
0.803279 71
0.0491803 91
-123456
0.1 50
0.8 70
0.1 90
-123456
0.180723 49
0.771084 69
0.0481928 89
-123456
0.183908 48
0.712644 68
0.103448 88
-123456
0.12069 52
0.827586 72
0.0517241 92
-123456
-654321
0.0833333 54
0.833333 74
0.0833333 94
-123456
0.173913 55
0.782609 75
0.0434783 95
-123456
0.142857 56
0.803571 76
0.0535714 96
-123456
0.125 57
0.821429 77
0.0535714 97
-123456
0.145161 52
0.774194 72
0.0806452 92
-123456
0.125 51
0.8125 71
0.0625 91
-123456
0.0886076 50
0.822785 70
0.0886076 90
-123456
0.12963 49
0.768519 69
0.101852 89
-123456
0.228571 53
0.685714 73
0.0857143 93
-123456
-654321
0.0232558 55
0.837209 75
0.139535 95
-123456
0.282609 56
0.652174 76
0.0652174 96
-123456
0.0697674 57
0.837209 77
0.0930233 97
-123456
0.176471 58
0.764706 78
0.0588235 98
-123456
0.146341 53
0.829268 73
0.0243902 93
-123456
0.27907 52
0.674419 72
0.0465116 92
-123456
0.102941 51
0.794118 71
0.102941 91
-123456
0.133858 50
0.787402 70
0.0787402 90
-123456
0.136364 54
0.795455 74
0.0681818 94
-123456
-654321
0.22807 56
0.719298 76
0.0526316 96
-123456
0.0638298 57
0.87234 77
0.0638298 97
-123456
0.178571 58
0.75 78
0.0714286 98
-123456
0.194444 59
0.638889 79
0.166667 99
-123456
0.344828 54
0.586207 74
0.0689655 94
-123456
0.222222 53
0.755556 73
0.0222222 93
-123456
0.119048 52
0.809524 72
0.0714286 92
-123456
0.173077 51
0.730769 71
0.0961538 91
-123456
0.173913 55
0.782609 75
0.0434783 95
-123456
-654321
0.259259 57
0.666667 77
0.0740741 97
-123456
0.0526316 58
0.921053 78
0.0263158 98
-123456
0.0789474 59
0.868421 79
0.0526316 99
-123456
0.105263 55
0.789474 75
0.105263 95
-123456
0.314286 54
0.657143 74
0.0285714 94
-123456
0.117647 53
0.764706 73
0.117647 93
-123456
0.144578 52
0.831325 72
0.0240964 92
-123456
0.2 56
0.685714 76
0.114286 96
-123456
-654321
0.102564 58
0.897436 78
-123456
0.166667 59
0.8 79
0.0333333 99
-123456
0.0434783 56
0.782609 76
0.173913 96
-123456
0.314286 55
0.685714 75
-123456
0.14 54
0.76 74
0.1 94
-123456
0.215385 53
0.707692 73
0.0769231 93
-123456
0.21875 57
0.6875 77
0.09375 97
-123456
-654321
0.117647 59
0.823529 79
0.0588235 99
-123456
0.0740741 57
0.851852 77
0.0740741 97
-123456
0.09375 56
0.90625 76
-123456
0.1 55
0.866667 75
0.0333333 95
-123456
0.12987 54
0.766234 74
0.103896 94
-123456
0.121212 58
0.787879 78
0.0909091 98
-123456
-654321
0.125 58
0.6875 78
0.1875 98
-123456
0.2 57
0.771429 77
0.0285714 97
-123456
0.0384615 56
0.807692 76
0.153846 96
-123456
0.145833 55
0.791667 75
0.0625 95
-123456
0.363636 59
0.575758 79
0.0606061 99
-123456
-654321
0.0989011 61
0.725275 81
0.175824 101
-123456
0.0729167 62
0.791667 82
0.135417 102
-123456
0.0618557 63
0.752577 83
0.185567 103
-123456
0.0434783 64
0.845411 84
0.111111 104
-123456
0.125 60
0.739583 80
0.135417 100
-123456
-654321
0.0588235 62
0.8 82
0.141176 102
-123456
0.0736842 63
0.810526 83
0.115789 103
-123456
0.0824742 64
0.762887 84
0.154639 104
-123456
0.0946502 65
0.802469 85
0.102881 105
-123456
0.0824742 60
0.835052 80
0.0824742 100
-123456
0.173077 61
0.701923 81
0.125 101
-123456
-654321
0.0898876 63
0.719101 83
0.191011 103
-123456
0.0431034 64
0.827586 84
0.12931 104
-123456
0.12931 65
0.775862 85
0.0948276 105
-123456
0.0745098 66
0.784314 86
0.141176 106
-123456
0.0990991 61
0.765766 81
0.135135 101
-123456
0.104762 60
0.742857 80
0.152381 100
-123456
0.113208 62
0.707547 82
0.179245 102
-123456
-654321
0.0932203 64
0.79661 84
0.110169 104
-123456
0.159664 65
0.714286 85
0.12605 105
-123456
0.0945946 66
0.77027 86
0.135135 106
-123456
0.0766423 67
0.788321 87
0.135036 107
-123456
0.104167 62
0.770833 82
0.125 102
-123456
0.0964912 61
0.719298 81
0.184211 101
-123456
0.0737705 60
0.737705 80
0.188525 100
-123456
0.0825688 63
0.798165 83
0.119266 103
-123456
-654321
0.0601852 65
0.842593 85
0.0972222 105
-123456
0.0755814 66
0.819767 86
0.104651 106
-123456
0.0809249 67
0.777457 87
0.141618 107
-123456
0.0642857 68
0.814286 88
0.121429 108
-123456
0.0735294 63
0.794118 83
0.132353 103
-123456
0.0793651 62
0.793651 82
0.126984 102
-123456
0.111888 61
0.79021 81
0.0979021 101
-123456
0.0897436 60
0.801282 80
0.108974 100
-123456
0.062069 64
0.82069 84
0.117241 104
-123456
-654321
0.100457 66
0.780822 86
0.118721 106
-123456
0.0872093 67
0.77907 87
0.133721 107
-123456
0.104712 68
0.780105 88
0.115183 108
-123456
0.0827586 69
0.8 89
0.117241 109
-123456
0.0869565 64
0.78882 84
0.124224 104
-123456
0.0792683 63
0.792683 83
0.128049 103
-123456
0.08125 62
0.7875 82
0.13125 102
-123456
0.125786 61
0.748428 81
0.125786 101
-123456
0.106742 65
0.786517 85
0.106742 105
-123456
-654321
0.117764 67
0.708583 87
0.173653 107
-123456
0.115538 68
0.733068 88
0.151394 108
-123456
0.10177 69
0.756637 89
0.141593 109
-123456
0.152381 70
0.704762 90
0.142857 110
-123456
0.117925 65
0.721698 85
0.160377 105
-123456
0.120773 64
0.714976 84
0.164251 104
-123456
0.124464 63
0.738197 83
0.137339 103
-123456
0.180995 62
0.687783 82
0.131222 102
-123456
0.105263 66
0.746412 86
0.148325 106
-123456
-654321
0.119318 68
0.727273 88
0.153409 108
-123456
0.142857 69
0.724138 89
0.133005 109
-123456
0.175258 70
0.726804 90
0.0979381 110
-123456
0.126829 71
0.765854 91
0.107317 111
-123456
0.148374 66
0.691057 86
0.160569 106
-123456
0.1 65
0.737931 85
0.162069 105
-123456
0.1133 64
0.743842 84
0.142857 104
-123456
0.119565 63
0.755435 83
0.125 103
-123456
0.139896 67
0.735751 87
0.124352 107
-123456
-654321
0.12 69
0.793333 89
0.0866667 109
-123456
0.120567 70
0.801418 90
0.0780142 110
-123456
0.104651 71
0.796512 91
0.0988372 111
-123456
0.142857 72
0.727273 92
0.12987 112
-123456
0.102662 67
0.779468 87
0.117871 107
-123456
0.114613 66
0.770774 86
0.114613 106
-123456
0.11194 65
0.746269 85
0.141791 105
-123456
0.107143 64
0.764286 84
0.128571 104
-123456
0.139073 68
0.754967 88
0.10596 108
-123456
-654321
0.174312 70
0.697248 90
0.12844 110
-123456
0.115385 71
0.759615 91
0.125 111
-123456
0.137405 72
0.717557 92
0.145038 112
-123456
0.156522 73
0.756522 93
0.0869565 113
-123456
0.159292 68
0.716814 88
0.123894 108
-123456
0.134146 67
0.760163 87
0.105691 107
-123456
0.148515 66
0.739274 86
0.112211 106
-123456
0.122137 65
0.755725 85
0.122137 105
-123456
0.0873016 69
0.801587 89
0.111111 109
-123456
-654321
0.138614 71
0.782178 91
0.0792079 111
-123456
0.0879121 72
0.758242 92
0.153846 112
-123456
0.18 73
0.77 93
0.05 113
-123456
0.119266 74
0.733945 94
0.146789 114
-123456
0.123894 69
0.769912 89
0.106195 109
-123456
0.123077 68
0.723077 88
0.153846 108
-123456
0.131579 67
0.75 87
0.118421 107
-123456
0.132479 66
0.782051 86
0.0854701 106
-123456
0.127451 70
0.715686 90
0.156863 110
-123456
-654321
0.122642 72
0.811321 92
0.0660377 112
-123456
0.173333 73
0.666667 93
0.16 113
-123456
0.115789 74
0.736842 94
0.147368 114
-123456
0.174419 75
0.697674 95
0.127907 115
-123456
0.1625 70
0.725 90
0.1125 110
-123456
0.163043 69
0.684783 89
0.152174 109
-123456
0.143969 68
0.750973 88
0.105058 108
-123456
0.0964912 67
0.824561 87
0.0789474 107
-123456
0.216867 71
0.686747 91
0.0963855 111
-123456
-654321
0.121622 73
0.72973 93
0.148649 113
-123456
0.242424 74
0.69697 94
0.0606061 114
-123456
0.171053 75
0.697368 95
0.131579 115
-123456
0.116883 76
0.805195 96
0.0779221 116
-123456
0.15942 71
0.710145 91
0.130435 111
-123456
0.102564 70
0.794872 90
0.102564 110
-123456
0.105691 69
0.788618 89
0.105691 109
-123456
0.11399 68
0.797927 88
0.0880829 108
-123456
0.113924 72
0.78481 92
0.101266 112
-123456
-654321
0.172414 74
0.758621 94
0.0689655 114
-123456
0.150943 75
0.735849 95
0.113208 115
-123456
0.157143 76
0.742857 96
0.1 116
-123456
0.132075 77
0.811321 97
0.0566038 117
-123456
0.241379 72
0.706897 92
0.0517241 112
-123456
0.16 71
0.78 91
0.06 111
-123456
0.166667 70
0.8 90
0.0333333 110
-123456
0.154696 69
0.762431 89
0.0828729 109
-123456
0.0892857 73
0.839286 93
0.0714286 113
-123456
-654321
0.1 75
0.85 95
0.05 115
-123456
0.142857 76
0.738095 96
0.119048 116
-123456
0.18 77
0.74 97
0.08 117
-123456
0.185185 78
0.796296 98
0.0185185 118
-123456
0.16 73
0.84 93
-123456
0.06 72
0.9 92
0.04 112
-123456
0.283333 71
0.633333 91
0.0833333 111
-123456
0.113208 70
0.823899 90
0.0628931 110
-123456
0.140351 74
0.789474 94
0.0701754 114
-123456
-654321
0.131579 76
0.815789 96
0.0526316 116
-123456
0.25641 77
0.692308 97
0.0512821 117
-123456
0.0909091 78
0.818182 98
0.0909091 118
-123456
0.193548 79
0.741935 99
0.0645161 119
-123456
0.27027 74
0.648649 94
0.0810811 114
-123456
0.0769231 73
0.846154 93
0.0769231 113
-123456
0.12766 72
0.808511 92
0.0638298 112
-123456
0.109589 71
0.821918 91
0.0684932 111
-123456
0.163265 75
0.755102 95
0.0816327 115
-123456
-654321
0.047619 77
0.833333 97
0.119048 117
-123456
0.222222 78
0.722222 98
0.0555556 118
-123456
0.181818 79
0.666667 99
0.151515 119
-123456
0.151515 75
0.69697 95
0.151515 115
-123456
0.159091 74
0.704545 94
0.136364 114
-123456
0.111111 73
0.833333 93
0.0555556 113
-123456
0.22449 72
0.714286 92
0.0612245 112
-123456
0.222222 76
0.722222 96
0.0555556 116
-123456
-654321
0.228571 78
0.771429 98
-123456
0.142857 79
0.742857 99
0.114286 119
-123456
0.317073 76
0.609756 96
0.0731707 116
-123456
0.0322581 75
0.935484 95
0.0322581 115
-123456
0.366667 74
0.633333 94
-123456
0.242424 73
0.666667 93
0.0909091 113
-123456
0.157895 77
0.736842 97
0.105263 117
-123456
-654321
0.184211 79
0.763158 99
0.0526316 119
-123456
0.206897 77
0.758621 97
0.0344828 117
-123456
0.107143 76
0.857143 96
0.0357143 116
-123456
0.162791 75
0.790698 95
0.0465116 115
-123456
0.0967742 74
0.790323 94
0.112903 114
-123456
0.21875 78
0.6875 98
0.09375 118
-123456
-654321
0.166667 78
0.6 98
0.233333 118
-123456
0.166667 77
0.75 97
0.0833333 117
-123456
0.0714286 76
0.892857 96
0.0357143 116
-123456
0.129032 75
0.758065 95
0.112903 115
-123456
0.210526 79
0.684211 99
0.105263 119
-123456
-654321
0.0967742 81
0.725806 101
0.177419 121
-123456
0.05 82
0.783333 102
0.166667 122
-123456
0.0344828 83
0.885057 103
0.0804598 123
-123456
0.08 84
0.72 104
0.2 124
-123456
0.078125 80
0.78125 100
0.140625 120
-123456
-654321
0.0930233 82
0.709302 102
0.197674 122
-123456
0.0694444 83
0.791667 103
0.138889 123
-123456
0.102804 84
0.747664 104
0.149533 124
-123456
0.111111 85
0.746032 105
0.142857 125
-123456
0.0483871 80
0.774194 100
0.177419 120
-123456
0.0606061 81
0.833333 101
0.106061 121
-123456
-654321
0.0882353 83
0.764706 103
0.147059 123
-123456
0.0294118 84
0.897059 104
0.0735294 124
-123456
0.0744681 85
0.744681 105
0.180851 125
-123456
0.0528846 86
0.774038 106
0.173077 126
-123456
0.105263 81
0.644737 101
0.25 121
-123456
0.108696 80
0.695652 100
0.195652 120
-123456
0.045977 82
0.781609 102
0.172414 122
-123456
-654321
0.0980392 84
0.72549 104
0.176471 124
-123456
0.0909091 85
0.75 105
0.159091 125
-123456
0.141304 86
0.728261 106
0.130435 126
-123456
0.0841122 87
0.705607 107
0.21028 127
-123456
0.0869565 82
0.76087 102
0.152174 122
-123456
0.0581395 81
0.848837 101
0.0930233 121
-123456
0.104167 80
0.78125 100
0.114583 120
-123456
0.057971 83
0.768116 103
0.173913 123
-123456
-654321
0.0989011 85
0.714286 105
0.186813 125
-123456
0.0645161 86
0.806452 106
0.129032 126
-123456
0.0789474 87
0.789474 107
0.131579 127
-123456
0.0839161 88
0.723776 108
0.192308 128
-123456
0.103774 83
0.716981 103
0.179245 123
-123456
0.0686275 82
0.784314 102
0.147059 122
-123456
0.0990099 81
0.742574 101
0.158416 121
-123456
0.0990099 80
0.762376 100
0.138614 120
-123456
0.150538 84
0.645161 104
0.204301 124
-123456
-654321
0.0990099 86
0.707921 106
0.193069 126
-123456
0.100559 87
0.765363 107
0.134078 127
-123456
0.0787402 88
0.795276 108
0.125984 128
-123456
0.0708661 89
0.771654 109
0.15748 129
-123456
0.168421 84
0.694737 104
0.136842 124
-123456
0.0967742 83
0.733871 103
0.169355 123
-123456
0.101695 82
0.762712 102
0.135593 122
-123456
0.119266 81
0.770642 101
0.110092 121
-123456
0.126214 85
0.76699 105
0.106796 125
-123456
-654321
0.138686 87
0.693431 107
0.167883 127
-123456
0.146104 88
0.714286 108
0.13961 128
-123456
0.0732759 89
0.780172 109
0.146552 129
-123456
0.105634 90
0.753521 110
0.140845 130
-123456
0.0615385 85
0.792308 105
0.146154 125
-123456
0.141667 84
0.716667 104
0.141667 124
-123456
0.0863309 83
0.827338 103
0.0863309 123
-123456
0.122449 82
0.768707 102
0.108844 122
-123456
0.107143 86
0.755952 106
0.136905 126
-123456
-654321
0.166667 88
0.702381 108
0.130952 128
-123456
0.164251 89
0.681159 109
0.154589 129
-123456
0.134078 90
0.743017 110
0.122905 130
-123456
0.137056 91
0.705584 111
0.15736 131
-123456
0.136612 86
0.743169 106
0.120219 126
-123456
0.161616 85
0.732323 105
0.106061 125
-123456
0.116822 84
0.696262 104
0.186916 124
-123456
0.113772 83
0.724551 103
0.161677 123
-123456
0.152455 87
0.70801 107
0.139535 127
-123456
-654321
0.159091 89
0.698864 109
0.142045 129
-123456
0.134078 90
0.698324 110
0.167598 130
-123456
0.11413 91
0.771739 111
0.11413 131
-123456
0.189944 92
0.687151 112
0.122905 132
-123456
0.112735 87
0.734864 107
0.152401 127
-123456
0.140541 86
0.724324 106
0.135135 126
-123456
0.166667 85
0.718391 105
0.114943 125
-123456
0.122093 84
0.715116 104
0.162791 124
-123456
0.117886 88
0.739837 108
0.142276 128
-123456
-654321
0.141104 90
0.711656 110
0.147239 130
-123456
0.157534 91
0.691781 111
0.150685 131
-123456
0.112676 92
0.795775 112
0.0915493 132
-123456
0.125828 93
0.761589 113
0.112583 133
-123456
0.145985 88
0.737226 108
0.116788 128
-123456
0.121528 87
0.75 107
0.128472 127
-123456
0.16129 86
0.709677 106
0.129032 126
-123456
0.117284 85
0.777778 105
0.104938 125
-123456
0.159159 89
0.702703 109
0.138138 129
-123456
-654321
0.155039 91
0.736434 111
0.108527 131
-123456
0.0983607 92
0.786885 112
0.114754 132
-123456
0.148148 93
0.759259 113
0.0925926 133
-123456
0.0930233 94
0.837209 114
0.0697674 134
-123456
0.12766 89
0.758865 109
0.113475 129
-123456
0.150888 88
0.739645 108
0.109467 128
-123456
0.115385 87
0.753846 107
0.130769 127
-123456
0.133858 86
0.755906 106
0.110236 126
-123456
0.153846 90
0.738462 110
0.107692 130
-123456
-654321
0.178947 92
0.6 112
0.221053 132
-123456
0.188889 93
0.688889 113
0.122222 133
-123456
0.168421 94
0.736842 114
0.0947368 134
-123456
0.140351 95
0.763158 115
0.0964912 135
-123456
0.146552 90
0.715517 110
0.137931 130
-123456
0.122449 89
0.806122 109
0.0714286 129
-123456
0.145833 88
0.708333 108
0.145833 128
-123456
0.132231 87
0.719008 107
0.14876 127
-123456
0.142857 91
0.747253 111
0.10989 131
-123456
-654321
0.160494 93
0.753086 113
0.0864198 133
-123456
0.193182 94
0.738636 114
0.0681818 134
-123456
0.1125 95
0.6875 115
0.2 135
-123456
0.168831 96
0.74026 116
0.0909091 136
-123456
0.177215 91
0.734177 111
0.0886076 131
-123456
0.104478 90
0.783582 110
0.11194 130
-123456
0.141243 89
0.745763 109
0.112994 129
-123456
0.170213 88
0.751773 108
0.0780142 128
-123456
0.219178 92
0.69863 112
0.0821918 132
-123456
-654321
0.134146 94
0.792683 114
0.0731707 134
-123456
0.142857 95
0.771429 115
0.0857143 135
-123456
0.118421 96
0.815789 116
0.0657895 136
-123456
0.0757576 97
0.893939 117
0.030303 137
-123456
0.214286 92
0.738095 112
0.047619 132
-123456
0.16 91
0.693333 111
0.146667 131
-123456
0.227848 90
0.708861 110
0.0632911 130
-123456
0.113043 89
0.791304 109
0.0956522 129
-123456
0.149254 93
0.746269 113
0.104478 133
-123456
-654321
0.126761 95
0.760563 115
0.112676 135
-123456
0.1 96
0.8 116
0.1 136
-123456
0.184615 97
0.753846 117
0.0615385 137
-123456
0.147541 98
0.754098 118
0.0983607 138
-123456
0.177419 93
0.709677 113
0.112903 133
-123456
0.178082 92
0.69863 112
0.123288 132
-123456
0.103448 91
0.775862 111
0.12069 131
-123456
0.121951 90
0.785366 110
0.0926829 130
-123456
0.137255 94
0.784314 114
0.0784314 134
-123456
-654321
0.185185 96
0.685185 116
0.12963 136
-123456
0.183333 97
0.733333 117
0.0833333 137
-123456
0.145833 98
0.8125 118
0.0416667 138
-123456
0.137255 99
0.745098 119
0.117647 139
-123456
0.2 94
0.690909 114
0.109091 134
-123456
0.2 93
0.746667 113
0.0533333 133
-123456
0.157895 92
0.807018 112
0.0350877 132
-123456
0.129496 91
0.769784 111
0.100719 131
-123456
0.214286 95
0.714286 115
0.0714286 135
-123456
-654321
0.194444 97
0.722222 117
0.0833333 137
-123456
0.2 98
0.733333 118
0.0666667 138
-123456
0.176471 99
0.764706 119
0.0588235 139
-123456
0.0487805 95
0.829268 115
0.121951 135
-123456
0.125 94
0.8125 114
0.0625 134
-123456
0.103448 93
0.844828 113
0.0517241 133
-123456
0.16 92
0.784 112
0.056 132
-123456
0.157895 96
0.842105 116
-123456
-654321
0.192308 98
0.692308 118
0.115385 138
-123456
0.317073 99
0.609756 119
0.0731707 139
-123456
0.2 96
0.733333 116
0.0666667 136
-123456
0.25 95
0.65 115
0.1 135
-123456
0.108696 94
0.76087 114
0.130435 134
-123456
0.160714 93
0.794643 113
0.0446429 133
-123456
0.097561 97
0.780488 117
0.121951 137
-123456
-654321
0.23913 99
0.652174 119
0.108696 139
-123456
0.0909091 97
0.909091 117
-123456
0.172414 96
0.793103 116
0.0344828 136
-123456
0.166667 95
0.708333 115
0.125 135
-123456
0.166667 94
0.738095 114
0.0952381 134
-123456
0.176471 98
0.676471 118
0.147059 138
-123456
-654321
0.171429 98
0.8 118
0.0285714 138
-123456
0.241379 97
0.724138 117
0.0344828 137
-123456
0.147059 96
0.735294 116
0.117647 136
-123456
0.263158 95
0.701754 115
0.0350877 135
-123456
0.181818 99
0.787879 119
0.030303 139
-123456
-654321
0.0909091 101
0.727273 121
0.181818 141
-123456
0.0625 102
0.770833 122
0.166667 142
-123456
0.0555556 103
0.777778 123
0.166667 143
-123456
0.0454545 104
0.8 124
0.154545 144
-123456
0.0545455 100
0.727273 120
0.218182 140
-123456
-654321
0.08 102
0.7 122
0.22 142
-123456
0.0816327 103
0.755102 123
0.163265 143
-123456
0.148148 104
0.648148 124
0.203704 144
-123456
0.0483871 105
0.798387 125
0.153226 145
-123456
0.078125 100
0.6875 120
0.234375 140
-123456
0.1 101
0.725 121
0.175 141
-123456
-654321
0.0212766 103
0.851064 123
0.12766 143
-123456
0.0833333 104
0.816667 124
0.1 144
-123456
0.0736842 105
0.768421 125
0.157895 145
-123456
0.0245902 106
0.770492 126
0.204918 146
-123456
0.0819672 101
0.688525 121
0.229508 141
-123456
0.0816327 100
0.755102 120
0.163265 140
-123456
0.0566038 102
0.811321 122
0.132075 142
-123456
-654321
0.129412 104
0.717647 124
0.152941 144
-123456
0.0952381 105
0.634921 125
0.269841 145
-123456
0.13 106
0.74 126
0.13 146
-123456
0.100592 107
0.769231 127
0.130178 147
-123456
0.047619 102
0.809524 122
0.142857 142
-123456
0.08 101
0.76 121
0.16 141
-123456
0.129032 100
0.774194 120
0.0967742 140
-123456
0.0795455 103
0.761364 123
0.159091 143
-123456
-654321
0.105263 105
0.789474 125
0.105263 145
-123456
0.0909091 106
0.763636 126
0.145455 146
-123456
0.0679012 107
0.814815 127
0.117284 147
-123456
0.119403 108
0.746269 128
0.134328 148
-123456
0.0421053 103
0.821053 123
0.136842 143
-123456
0.0985916 102
0.802817 122
0.0985916 142
-123456
0.105263 101
0.789474 121
0.105263 141
-123456
0.129032 100
0.698925 120
0.172043 140
-123456
0.0989011 104
0.681319 124
0.21978 144
-123456
-654321
0.104167 106
0.75 126
0.145833 146
-123456
0.0992366 107
0.755725 127
0.145038 147
-123456
0.114286 108
0.67619 128
0.209524 148
-123456
0.131818 109
0.695455 129
0.172727 149
-123456
0.0947368 104
0.694737 124
0.210526 144
-123456
0.104167 103
0.75 123
0.145833 143
-123456
0.115385 102
0.730769 122
0.153846 142
-123456
0.108434 101
0.710843 121
0.180723 141
-123456
0.134021 105
0.71134 125
0.154639 145
-123456
-654321
0.0869565 107
0.73913 127
0.173913 147
-123456
0.118421 108
0.730263 128
0.151316 148
-123456
0.110701 109
0.734317 129
0.154982 149
-123456
0.174757 110
0.718447 130
0.106796 150
-123456
0.0849057 105
0.773585 125
0.141509 145
-123456
0.145833 104
0.71875 124
0.135417 144
-123456
0.0625 103
0.785714 123
0.151786 143
-123456
0.122642 102
0.716981 122
0.160377 142
-123456
0.0983607 106
0.754098 126
0.147541 146
-123456
-654321
0.111111 108
0.79321 128
0.095679 148
-123456
0.0774648 109
0.816901 129
0.105634 149
-123456
0.0777385 110
0.798587 130
0.123675 150
-123456
0.122302 111
0.791367 131
0.0863309 151
-123456
0.104839 106
0.75 126
0.145161 146
-123456
0.075188 105
0.75188 125
0.172932 145
-123456
0.0538462 104
0.807692 124
0.138462 144
-123456
0.0551724 103
0.82069 123
0.124138 143
-123456
0.0958904 107
0.691781 127
0.212329 147
-123456
-654321
0.135135 109
0.745946 129
0.118919 149
-123456
0.116854 110
0.737079 130
0.146067 150
-123456
0.129944 111
0.728814 131
0.141243 151
-123456
0.117647 112
0.751131 132
0.131222 152
-123456
0.169399 107
0.704918 127
0.125683 147
-123456
0.101124 106
0.741573 126
0.157303 146
-123456
0.151515 105
0.727273 125
0.121212 145
-123456
0.148936 104
0.696809 124
0.154255 144
-123456
0.100313 108
0.761755 128
0.137931 148
-123456
-654321
0.141361 110
0.696335 130
0.162304 150
-123456
0.169697 111
0.739394 131
0.0909091 151
-123456
0.0946746 112
0.792899 132
0.112426 152
-123456
0.138686 113
0.766423 133
0.0948905 153
-123456
0.135849 108
0.713208 128
0.150943 148
-123456
0.142361 107
0.743056 127
0.114583 147
-123456
0.134831 106
0.735955 126
0.129213 146
-123456
0.114286 105
0.788571 125
0.0971429 145
-123456
0.0938967 109
0.713615 129
0.192488 149
-123456
-654321
0.151316 111
0.736842 131
0.111842 151
-123456
0.125714 112
0.754286 132
0.12 152
-123456
0.149701 113
0.706587 133
0.143713 153
-123456
0.129032 114
0.741935 134
0.129032 154
-123456
0.139303 109
0.716418 129
0.144279 149
-123456
0.118375 108
0.743816 128
0.137809 148
-123456
0.161491 107
0.732919 127
0.10559 147
-123456
0.0573248 106
0.770701 126
0.171975 146
-123456
0.115 110
0.76 130
0.125 150
-123456
-654321
0.151261 112
0.722689 132
0.12605 152
-123456
0.0992908 113
0.808511 133
0.0921986 153
-123456
0.108844 114
0.823129 134
0.0680272 154
-123456
0.097561 115
0.845528 135
0.0569106 155
-123456
0.10687 110
0.770992 130
0.122137 150
-123456
0.14433 109
0.762887 129
0.0927835 149
-123456
0.157658 108
0.761261 128
0.0810811 148
-123456
0.10687 107
0.78626 127
0.10687 147
-123456
0.151724 111
0.710345 131
0.137931 151
-123456
-654321
0.170732 113
0.731707 133
0.097561 153
-123456
0.0852713 114
0.829457 134
0.0852713 154
-123456
0.174312 115
0.724771 135
0.100917 155
-123456
0.207692 116
0.746154 136
0.0461538 156
-123456
0.148936 111
0.77305 131
0.0780142 151
-123456
0.131356 110
0.75 130
0.118644 150
-123456
0.119835 109
0.785124 129
0.0950413 149
-123456
0.136691 108
0.776978 128
0.0863309 148
-123456
0.129032 112
0.798387 132
0.0725806 152
-123456
-654321
0.125 114
0.729167 134
0.145833 154
-123456
0.158879 115
0.700935 135
0.140187 155
-123456
0.14433 116
0.752577 136
0.103093 156
-123456
0.0952381 117
0.819048 137
0.0857143 157
-123456
0.114035 112
0.77193 132
0.114035 152
-123456
0.119266 111
0.807339 131
0.0733945 151
-123456
0.117647 110
0.781513 130
0.10084 150
-123456
0.189189 109
0.722973 129
0.0878378 149
-123456
0.1 113
0.8 133
0.1 153
-123456
-654321
0.175 115
0.725 135
0.1 155
-123456
0.134021 116
0.752577 136
0.113402 156
-123456
0.186813 117
0.736264 137
0.0769231 157
-123456
0.163043 118
0.771739 138
0.0652174 158
-123456
0.168421 113
0.789474 133
0.0421053 153
-123456
0.108108 112
0.792793 132
0.0990991 152
-123456
0.103896 111
0.792208 131
0.103896 151
-123456
0.127148 110
0.776632 130
0.0962199 150
-123456
0.10989 114
0.813187 134
0.0769231 154
-123456
-654321
0.117647 116
0.794118 136
0.0882353 156
-123456
0.116883 117
0.844156 137
0.038961 157
-123456
0.116667 118
0.833333 138
0.05 158
-123456
0.142857 119
0.825397 139
0.031746 159
-123456
0.125 114
0.825 134
0.05 154
-123456
0.2 113
0.741176 133
0.0588235 153
-123456
0.121622 112
0.851351 132
0.027027 152
-123456
0.112 111
0.8 131
0.088 151
-123456
0.121212 115
0.808081 135
0.0707071 155
-123456
-654321
0.147059 117
0.794118 137
0.0588235 157
-123456
0.0740741 118
0.851852 138
0.0740741 158
-123456
0.0952381 119
0.888889 139
0.015873 159
-123456
0.136364 115
0.772727 135
0.0909091 155
-123456
0.135135 114
0.851351 134
0.0135135 154
-123456
0.227273 113
0.666667 133
0.106061 153
-123456
0.109827 112
0.843931 132
0.0462428 152
-123456
0.164384 116
0.767123 136
0.0684932 156
-123456
-654321
0.15873 118
0.793651 138
0.047619 158
-123456
0.0545455 119
0.890909 139
0.0545455 159
-123456
0.118644 116
0.830508 136
0.0508475 156
-123456
0.0851064 115
0.851064 135
0.0638298 155
-123456
0.147059 114
0.838235 134
0.0147059 154
-123456
0.188235 113
0.752941 133
0.0588235 153
-123456
0.214286 117
0.767857 137
0.0178571 157
-123456
-654321
0.0638298 119
0.851064 139
0.0851064 159
-123456
0.102941 117
0.852941 137
0.0441176 157
-123456
0.117647 116
0.823529 136
0.0588235 156
-123456
0.108108 115
0.783784 135
0.108108 155
-123456
0.212963 114
0.703704 134
0.0833333 154
-123456
0.166667 118
0.761905 138
0.0714286 158
-123456
-654321
0.104167 118
0.770833 138
0.125 158
-123456
0.259259 117
0.648148 137
0.0925926 157
-123456
0.133333 116
0.822222 136
0.0444444 156
-123456
0.214286 115
0.696429 135
0.0892857 155
-123456
0.0892857 119
0.821429 139
0.0892857 159
-123456
-654321
0.0877193 121
0.754386 141
0.157895 161
-123456
0.0612245 122
0.857143 142
0.0816327 162
-123456
0.107143 123
0.75 143
0.142857 163
-123456
0.0212766 124
0.829787 144
0.148936 164
-123456
0.0625 120
0.833333 140
0.104167 160
-123456
-654321
0.0655738 122
0.852459 142
0.0819672 162
-123456
0.0980392 123
0.823529 143
0.0784314 163
-123456
0.0454545 124
0.863636 144
0.0909091 164
-123456
0.036036 125
0.828829 145
0.135135 165
-123456
0.0888889 120
0.688889 140
0.222222 160
-123456
0.0612245 121
0.755102 141
0.183673 161
-123456
-654321
0.122449 123
0.714286 143
0.163265 163
-123456
0.0508475 124
0.830508 144
0.118644 164
-123456
0.08 125
0.746667 145
0.173333 165
-123456
0.0227273 126
0.863636 146
0.113636 166
-123456
0.0357143 121
0.839286 141
0.125 161
-123456
0.0877193 120
0.789474 140
0.122807 160
-123456
0.0576923 122
0.884615 142
0.0576923 162
-123456
-654321
0.0943396 124
0.773585 144
0.132075 164
-123456
0.0169492 125
0.864407 145
0.118644 165
-123456
0.128571 126
0.771429 146
0.1 166
-123456
0.0693642 127
0.768786 147
0.16185 167
-123456
0.0535714 122
0.803571 142
0.142857 162
-123456
0.015873 121
0.84127 141
0.142857 161
-123456
0.08 120
0.8 140
0.12 160
-123456
0.0444444 123
0.822222 143
0.133333 163
-123456
-654321
0.0454545 125
0.863636 145
0.0909091 165
-123456
0.0722892 126
0.771084 146
0.156627 166
-123456
0.097166 127
0.785425 147
0.117409 167
-123456
0.103896 128
0.805195 148
0.0909091 168
-123456
0.0519481 123
0.883117 143
0.0649351 163
-123456
0.0428571 122
0.771429 142
0.185714 162
-123456
0.056338 121
0.84507 141
0.0985916 161
-123456
0.0985916 120
0.774648 140
0.126761 160
-123456
0.0684932 124
0.808219 144
0.123288 164
-123456
-654321
0.0512821 126
0.871795 146
0.0769231 166
-123456
0.0357143 127
0.845238 147
0.119048 167
-123456
0.0882353 128
0.794118 148
0.117647 168
-123456
0.0666667 129
0.826667 149
0.106667 169
-123456
0.0549451 124
0.813187 144
0.131868 164
-123456
0.0674157 123
0.831461 143
0.101124 163
-123456
0.0625 122
0.775 142
0.1625 162
-123456
0.0731707 121
0.731707 141
0.195122 161
-123456
0.0987654 125
0.765432 145
0.135802 165
-123456
-654321
0.0714286 127
0.758929 147
0.169643 167
-123456
0.030303 128
0.878788 148
0.0909091 168
-123456
0.0743802 129
0.834711 149
0.0909091 169
-123456
0.0681818 130
0.765152 150
0.166667 170
-123456
0.0594059 125
0.80198 145
0.138614 165
-123456
0.0882353 124
0.77451 144
0.137255 164
-123456
0.0674157 123
0.786517 143
0.146067 163
-123456
0.0686275 122
0.852941 142
0.0784314 162
-123456
0.114583 126
0.770833 146
0.114583 166
-123456
-654321
0.0441989 128
0.839779 148
0.116022 168
-123456
0.101695 129
0.79661 149
0.101695 169
-123456
0.0680851 130
0.842553 150
0.0893617 170
-123456
0.0791667 131
0.7875 151
0.133333 171
-123456
0.12069 126
0.758621 146
0.12069 166
-123456
0.0964912 125
0.798246 145
0.105263 165
-123456
0.0909091 124
0.793388 144
0.115702 164
-123456
0.0725806 123
0.798387 143
0.129032 163
-123456
0.08 127
0.792 147
0.128 167
-123456
-654321
0.0735294 129
0.845588 149
0.0808824 169
-123456
0.0942029 130
0.775362 150
0.130435 170
-123456
0.0953846 131
0.806154 151
0.0984615 171
-123456
0.0883978 132
0.801105 152
0.110497 172
-123456
0.105691 127
0.756098 147
0.138211 167
-123456
0.0791367 126
0.856115 146
0.0647482 166
-123456
0.120567 125
0.758865 145
0.120567 165
-123456
0.0921986 124
0.780142 144
0.12766 164
-123456
0.0921053 128
0.796053 148
0.111842 168
-123456
-654321
0.100592 130
0.798817 150
0.100592 170
-123456
0.0833333 131
0.813725 151
0.102941 171
-123456
0.0858369 132
0.819743 152
0.0944206 172
-123456
0.121212 133
0.745455 153
0.133333 173
-123456
0.0769231 128
0.846154 148
0.0769231 168
-123456
0.0748299 127
0.768707 147
0.156463 167
-123456
0.0967742 126
0.774194 146
0.129032 166
-123456
0.0714286 125
0.807143 145
0.121429 165
-123456
0.0844156 129
0.818182 149
0.0974026 169
-123456
-654321
0.11336 131
0.769231 151
0.117409 171
-123456
0.0888889 132
0.811111 152
0.1 172
-123456
0.0930233 133
0.773256 153
0.133721 173
-123456
0.126667 134
0.76 154
0.113333 174
-123456
0.0600522 129
0.827676 149
0.112272 169
-123456
0.144654 128
0.786164 148
0.0691824 168
-123456
0.118644 127
0.830508 147
0.0508475 167
-123456
0.08 126
0.828571 146
0.0914286 166
-123456
0.133721 130
0.75 150
0.116279 170
-123456
-654321
0.107563 132
0.756303 152
0.136134 172
-123456
0.15508 133
0.748663 153
0.0962567 173
-123456
0.108808 134
0.792746 154
0.0984456 174
-123456
0.092233 135
0.762136 155
0.145631 175
-123456
0.127119 130
0.788136 150
0.0847458 170
-123456
0.0904523 129
0.773869 149
0.135678 169
-123456
0.11 128
0.79 148
0.1 168
-123456
0.151042 127
0.776042 147
0.0729167 167
-123456
0.131148 131
0.765027 151
0.103825 171
-123456
-654321
0.0905797 133
0.786232 153
0.123188 173
-123456
0.134199 134
0.757576 154
0.108225 174
-123456
0.153846 135
0.764706 155
0.081448 175
-123456
0.117647 136
0.843137 156
0.0392157 176
-123456
0.15304 131
0.752621 151
0.0943396 171
-123456
0.161017 130
0.694915 150
0.144068 170
-123456
0.104762 129
0.72381 149
0.171429 169
-123456
0.0751174 128
0.802817 148
0.122066 168
-123456
0.111765 132
0.785294 152
0.102941 172
-123456
-654321
0.145985 134
0.759124 154
0.0948905 174
-123456
0.120879 135
0.785714 155
0.0934066 175
-123456
0.134615 136
0.801282 156
0.0641026 176
-123456
0.108844 137
0.789116 157
0.102041 177
-123456
0.121387 132
0.774566 152
0.104046 172
-123456
0.130864 131
0.765432 151
0.103704 171
-123456
0.101796 130
0.796407 150
0.101796 170
-123456
0.108108 129
0.783784 149
0.108108 169
-123456
0.125561 133
0.798206 153
0.0762332 173
-123456
-654321
0.153226 135
0.75 155
0.0967742 175
-123456
0.152672 136
0.778626 156
0.0687023 176
-123456
0.138462 137
0.738462 157
0.123077 177
-123456
0.154472 138
0.764228 158
0.0813008 178
-123456
0.127451 133
0.767974 153
0.104575 173
-123456
0.107914 132
0.791367 152
0.100719 172
-123456
0.139706 131
0.779412 151
0.0808824 171
-123456
0.150602 130
0.789157 150
0.060241 170
-123456
0.137097 134
0.741935 154
0.120968 174
-123456
-654321
0.0940171 136
0.803419 156
0.102564 176
-123456
0.103175 137
0.801587 157
0.0952381 177
-123456
0.130841 138
0.785047 158
0.0841122 178
-123456
0.128 139
0.808 159
0.064 179
-123456
0.147541 134
0.803279 154
0.0491803 174
-123456
0.186992 133
0.764228 153
0.0487805 173
-123456
0.144044 132
0.764543 152
0.0914127 172
-123456
0.120968 131
0.806452 151
0.0725806 171
-123456
0.108108 135
0.774775 155
0.117117 175
-123456
-654321
0.10989 137
0.747253 157
0.142857 177
-123456
0.208791 138
0.703297 158
0.0879121 178
-123456
0.136842 139
0.778947 159
0.0842105 179
-123456
0.121495 135
0.785047 155
0.0934579 175
-123456
0.176471 134
0.764706 154
0.0588235 174
-123456
0.110701 133
0.789668 153
0.099631 173
-123456
0.108911 132
0.811881 152
0.0792079 172
-123456
0.151163 136
0.77907 156
0.0697674 176
-123456
-654321
0.158537 138
0.792683 158
0.0487805 178
-123456
0.107527 139
0.784946 159
0.107527 179
-123456
0.173333 136
0.72 156
0.106667 176
-123456
0.177778 135
0.788889 155
0.0333333 175
-123456
0.152778 134
0.717593 154
0.12963 174
-123456
0.150538 133
0.817204 153
0.0322581 173
-123456
0.154762 137
0.785714 157
0.0595238 177
-123456
-654321
0.137931 139
0.827586 159
0.0344828 179
-123456
0.1125 137
0.8125 157
0.075 177
-123456
0.111111 136
0.736111 156
0.152778 176
-123456
0.0990099 135
0.811881 155
0.0891089 175
-123456
0.138686 134
0.781022 154
0.080292 174
-123456
0.0958904 138
0.863014 158
0.0410959 178
-123456
-654321
0.192982 138
0.754386 158
0.0526316 178
-123456
0.108911 137
0.841584 157
0.049505 177
-123456
0.160494 136
0.777778 156
0.0617284 176
-123456
0.178808 135
0.768212 155
0.0529801 175
-123456
0.114286 139
0.8 159
0.0857143 179
-123456
-654321
0.0384615 141
0.846154 161
0.115385 181
-123456
0.0294118 142
0.794118 162
0.176471 182
-123456
0.0512821 143
0.846154 163
0.102564 183
-123456
0.0879121 144
0.824176 164
0.0879121 184
-123456
0.918919 160
0.0810811 180
-123456
-654321
0.0357143 142
0.910714 162
0.0535714 182
-123456
0.88 163
0.12 183
-123456
0.108696 144
0.782609 164
0.108696 184
-123456
0.0393701 145
0.874016 165
0.0866142 185
-123456
0.0909091 140
0.727273 160
0.181818 180
-123456
0.0344828 141
0.931035 161
0.0344828 181
-123456
-654321
0.0285714 143
0.828571 163
0.142857 183
-123456
0.0444444 144
0.866667 164
0.0888889 184
-123456
0.102041 145
0.816327 165
0.0816327 185
-123456
0.023622 146
0.850394 166
0.125984 186
-123456
0.04 141
0.82 161
0.14 181
-123456
0.0535714 140
0.839286 160
0.107143 180
-123456
0.0833333 142
0.866667 162
0.05 182
-123456
-654321
0.0727273 144
0.818182 164
0.109091 184
-123456
0.037037 145
0.796296 165
0.166667 185
-123456
0.0175439 146
0.859649 166
0.122807 186
-123456
0.0791367 147
0.848921 167
0.0719424 187
-123456
0.0196078 142
0.843137 162
0.137255 182
-123456
0.0952381 141
0.777778 161
0.126984 181
-123456
0.0833333 140
0.783333 160
0.133333 180
-123456
0.0363636 143
0.909091 163
0.0545455 183
-123456
-654321
0.047619 145
0.857143 165
0.0952381 185
-123456
0.0714286 146
0.757143 166
0.171429 186
-123456
0.0625 147
0.828125 167
0.109375 187
-123456
0.0702703 148
0.854054 168
0.0756757 188
-123456
0.0675676 143
0.837838 163
0.0945946 183
-123456
0.116667 142
0.783333 162
0.1 182
-123456
0.030303 141
0.893939 161
0.0757576 181
-123456
0.0784314 140
0.843137 160
0.0784314 180
-123456
0.0545455 144
0.854545 164
0.0909091 184
-123456
-654321
0.0289855 146
0.84058 166
0.130435 186
-123456
0.0416667 147
0.861111 167
0.0972222 187
-123456
0.0735294 148
0.867647 168
0.0588235 188
-123456
0.0396476 149
0.845815 169
0.114537 189
-123456
0.0810811 144
0.72973 164
0.189189 184
-123456
0.0666667 143
0.92 163
0.0133333 183
-123456
0.0307692 142
0.8 162
0.169231 182
-123456
0.0422535 141
0.802817 161
0.15493 181
-123456
0.060241 145
0.819277 165
0.120482 185
-123456
-654321
0.0571429 147
0.742857 167
0.2 187
-123456
0.0543478 148
0.728261 168
0.217391 188
-123456
0.0833333 149
0.825 169
0.0916667 189
-123456
0.0622222 150
0.826667 170
0.111111 190
-123456
0.0405405 145
0.864865 165
0.0945946 185
-123456
0.0689655 144
0.770115 164
0.16092 184
-123456
0.0860215 143
0.784946 163
0.129032 183
-123456
0.0352941 142
0.870588 162
0.0941176 182
-123456
0.0253165 146
0.873418 166
0.101266 186
-123456
-654321
0.0660377 148
0.745283 168
0.188679 188
-123456
0.0865385 149
0.807692 169
0.105769 189
-123456
0.0550459 150
0.844037 170
0.100917 190
-123456
0.0840841 151
0.810811 171
0.105105 191
-123456
0.10101 146
0.818182 166
0.0808081 186
-123456
0.0612245 145
0.806122 165
0.132653 185
-123456
0.019802 144
0.891089 164
0.0891089 184
-123456
0.0561798 143
0.853933 163
0.0898876 183
-123456
0.0625 147
0.830357 167
0.107143 187
-123456
-654321
0.12 149
0.76 169
0.12 189
-123456
0.0750751 150
0.828829 170
0.0960961 190
-123456
0.146552 151
0.767241 171
0.0862069 191
-123456
0.102703 152
0.794595 172
0.102703 192
-123456
0.104839 147
0.830645 167
0.0645161 187
-123456
0.0948276 146
0.818965 166
0.0862069 186
-123456
0.103774 145
0.792453 165
0.103774 185
-123456
0.0775862 144
0.827586 164
0.0948276 184
-123456
0.04 148
0.87 168
0.09 188
-123456
-654321
0.0791367 150
0.856115 170
0.0647482 190
-123456
0.115108 151
0.791367 171
0.0935252 191
-123456
0.0631068 152
0.84466 172
0.092233 192
-123456
0.0582011 153
0.833333 173
0.108466 193
-123456
0.0873016 148
0.833333 168
0.0793651 188
-123456
0.101449 147
0.833333 167
0.0652174 187
-123456
0.0935252 146
0.827338 166
0.0791367 186
-123456
0.0970149 145
0.80597 165
0.0970149 185
-123456
0.0794702 149
0.788079 169
0.13245 189
-123456
-654321
0.0841584 151
0.821782 171
0.0940594 191
-123456
0.0815789 152
0.844737 172
0.0736842 192
-123456
0.08 153
0.829091 173
0.0909091 193
-123456
0.0625 154
0.801136 174
0.136364 194
-123456
0.0736196 149
0.797546 169
0.128834 189
-123456
0.0684211 148
0.836842 168
0.0947368 188
-123456
0.0662651 147
0.783133 167
0.150602 187
-123456
0.0696203 146
0.816456 166
0.113924 186
-123456
0.0967742 150
0.795699 170
0.107527 190
-123456
-654321
0.091954 152
0.831418 172
0.0766283 192
-123456
0.0604027 153
0.845638 173
0.0939597 193
-123456
0.0893617 154
0.808511 174
0.102128 194
-123456
0.123932 155
0.799145 175
0.0769231 195
-123456
0.111607 150
0.794643 170
0.09375 190
-123456
0.0816327 149
0.821429 169
0.0969388 189
-123456
0.100478 148
0.808612 168
0.0909091 188
-123456
0.109649 147
0.820175 167
0.0701754 187
-123456
0.0948905 151
0.785888 171
0.119221 191
-123456
-654321
0.114165 153
0.794926 173
0.0909091 193
-123456
0.132275 154
0.759259 174
0.108466 194
-123456
0.102564 155
0.786325 175
0.111111 195
-123456
0.125 156
0.783333 176
0.0916667 196
-123456
0.10352 151
0.807453 171
0.0890269 191
-123456
0.0956175 150
0.824701 170
0.0796813 190
-123456
0.121094 149
0.785156 169
0.09375 189
-123456
0.123596 148
0.786517 168
0.0898876 188
-123456
0.116667 152
0.791667 172
0.0916667 192
-123456
-654321
0.0769231 154
0.832579 174
0.0904977 194
-123456
0.0969072 155
0.795876 175
0.107216 195
-123456
0.115044 156
0.792035 176
0.0929204 196
-123456
0.0585586 157
0.864865 177
0.0765766 197
-123456
0.107296 152
0.819743 172
0.0729614 192
-123456
0.0714286 151
0.802521 171
0.12605 191
-123456
0.129353 150
0.810945 170
0.0597015 190
-123456
0.0913043 149
0.826087 169
0.0826087 189
-123456
0.097561 153
0.800813 173
0.101626 193
-123456
-654321
0.106017 155
0.816619 175
0.0773639 195
-123456
0.100457 156
0.826484 176
0.0730594 196
-123456
0.0858586 157
0.838384 177
0.0757576 197
-123456
0.0452261 158
0.854271 178
0.100503 198
-123456
0.0851064 153
0.847518 173
0.0673759 193
-123456
0.104712 152
0.806283 172
0.0890052 192
-123456
0.110599 151
0.857143 171
0.0322581 191
-123456
0.0746888 150
0.821577 170
0.103734 190
-123456
0.11236 154
0.825843 174
0.0617978 194
-123456
-654321
0.110169 156
0.830508 176
0.059322 196
-123456
0.0896226 157
0.834906 177
0.0754717 197
-123456
0.110553 158
0.824121 178
0.0653266 198
-123456
0.0862069 159
0.831897 179
0.0818966 199
-123456
0.0690789 154
0.861842 174
0.0690789 194
-123456
0.125 153
0.817308 173
0.0576923 193
-123456
0.10757 152
0.812749 172
0.0796813 192
-123456
0.107981 151
0.85446 171
0.0375587 191
-123456
0.0794393 155
0.836449 175
0.0841122 195
-123456
-654321
0.0810811 157
0.837838 177
0.0810811 197
-123456
0.0588235 158
0.882353 178
0.0588235 198
-123456
0.113208 159
0.798742 179
0.0880503 199
-123456
0.0903226 155
0.864516 175
0.0451613 195
-123456
0.118519 154
0.8 174
0.0814815 194
-123456
0.120253 153
0.841772 173
0.0379747 193
-123456
0.0940439 152
0.815047 172
0.0909091 192
-123456
0.0863309 156
0.863309 176
0.0503597 196
-123456
-654321
0.10828 158
0.847134 178
0.044586 198
-123456
0.12766 159
0.765957 179
0.106383 199
-123456
0.132867 156
0.797203 176
0.0699301 196
-123456
0.137363 155
0.791209 175
0.0714286 195
-123456
0.102564 154
0.842491 174
0.0549451 194
-123456
0.0973451 153
0.827434 173
0.0752212 193
-123456
0.14094 157
0.785235 177
0.0738255 197
-123456
-654321
0.145833 159
0.798611 179
0.0555556 199
-123456
0.0791367 157
0.805755 177
0.115108 197
-123456
0.118519 156
0.837037 176
0.0444444 196
-123456
0.0913706 155
0.847716 175
0.0609137 195
-123456
0.0920502 154
0.832636 174
0.0753138 194
-123456
0.0979021 158
0.811189 178
0.0909091 198
-123456
-654321
0.0916031 158
0.847328 178
0.0610687 198
-123456
0.0797101 157
0.876812 177
0.0434783 197
-123456
0.137097 156
0.798387 176
0.0645161 196
-123456
0.109848 155
0.795455 175
0.094697 195
-123456
0.117647 159
0.801471 179
0.0808824 199
-123456
-654321
0.0571429 161
0.942857 181
-123456
0.0125 162
0.9875 182
-123456
0.0142857 163
0.985714 183
-123456
0.027972 164
0.972028 184
-123456
0.0694444 160
0.930556 180
-123456
-654321
0.0136986 162
0.986301 182
-123456
1 183
-123456
0.0465116 164
0.953488 184
-123456
0.0275229 165
0.972477 185
-123456
0.012987 160
0.987013 180
-123456
0.0125 161
0.9875 181
-123456
-654321
0.0416667 163
0.958333 183
-123456
0.0348837 164
0.965116 184
-123456
0.0208333 165
0.979167 185
-123456
0.025974 166
0.974026 186
-123456
0.0326087 161
0.967391 181
-123456
0.0128205 160
0.987179 180
-123456
0.0229885 162
0.977012 182
-123456
-654321
0.0113636 164
0.988636 184
-123456
0.021978 165
0.978022 185
-123456
0.0263158 166
0.973684 186
-123456
0.0426357 167
0.957364 187
-123456
0.0263158 162
0.973684 182
-123456
0.0319149 161
0.968085 181
-123456
1 180
-123456
0.032967 163
0.967033 183
-123456
-654321
0.049505 165
0.950495 185
-123456
0.0578512 166
0.942149 186
-123456
1 187
-123456
0.0290698 168
0.97093 188
-123456
0.0183486 163
0.981651 183
-123456
0.00813008 162
0.99187 182
-123456
0.016 161
0.984 181
-123456
0.0319149 160
0.968085 180
-123456
0.0471698 164
0.95283 184
-123456
-654321
0.0290698 166
0.97093 186
-123456
0.0296296 167
0.97037 187
-123456
0.0265487 168
0.973451 188
-123456
0.028103 169
0.971897 189
-123456
0.0151515 164
0.984848 184
-123456
0.0387597 163
0.96124 183
-123456
0.0384615 162
0.961538 182
-123456
0.0564516 161
0.943548 181
-123456
0.0211268 165
0.978873 185
-123456
-654321
0.0516129 167
0.948387 187
-123456
0.0172414 168
0.982759 188
-123456
0.0409357 169
0.959064 189
-123456
0.0361446 170
0.963855 190
-123456
0.0211268 165
0.978873 185
-123456
0.0245399 164
0.97546 184
-123456
0.0558659 163
0.944134 183
-123456
0.0662252 162
0.933775 182
-123456
0.0308642 166
0.969136 186
-123456
-654321
0.0240964 168
0.975904 188
-123456
0.0225989 169
0.977401 189
-123456
0.030303 170
0.969697 190
-123456
0.0323741 171
0.967626 191
-123456
0.0441989 166
0.955801 186
-123456
0.0295567 165
0.970443 185
-123456
0.0384615 164
0.961538 184
-123456
0.0294118 163
0.970588 183
-123456
0.0251256 167
0.974874 187
-123456
-654321
0.0220264 169
0.977974 189
-123456
0.0286396 170
0.97136 190
-123456
0.0394737 171
0.960526 191
-123456
0.0585938 172
0.941406 192
-123456
0.032967 167
0.967033 187
-123456
0.0420561 166
0.957944 186
-123456
0.0412844 165
0.958716 185
-123456
0.0382979 164
0.961702 184
-123456
0.0214592 168
0.978541 188
-123456
-654321
0.018315 170
0.981685 190
-123456
0.0551471 171
0.944853 191
-123456
0.0282258 172
0.971774 192
-123456
0.0505181 173
0.949482 193
-123456
0.0320285 168
0.967972 188
-123456
0.0325203 167
0.96748 187
-123456
0.0255319 166
0.974468 186
-123456
0.02 165
0.98 185
-123456
0.0395257 169
0.960474 189
-123456
-654321
0.0348101 171
0.96519 191
-123456
0.0426829 172
0.957317 192
-123456
0.0277778 173
0.972222 193
-123456
0.0293478 174
0.970652 194
-123456
0.0345912 169
0.965409 189
-123456
0.0349206 168
0.965079 188
-123456
0.0383387 167
0.961661 187
-123456
0.0247678 166
0.975232 186
-123456
0.0178042 170
0.982196 190
-123456
-654321
0.0376344 172
0.962366 192
-123456
0.0358744 173
0.964126 193
-123456
0.0316206 174
0.968379 194
-123456
0.0408685 175
0.959132 195
-123456
0.0433673 170
0.956633 190
-123456
0.0510753 169
0.948925 189
-123456
0.0319149 168
0.968085 188
-123456
0.0509383 167
0.949062 187
-123456
0.0290237 171
0.970976 191
-123456
-654321
0.0310734 173
0.968927 193
-123456
0.0441767 174
0.955823 194
-123456
0.0388693 175
0.961131 195
-123456
0.0448065 176
0.955193 196
-123456
0.0493151 171
0.950685 191
-123456
0.0360111 170
0.963989 190
-123456
0.0449438 169
0.955056 189
-123456
0.0325203 168
0.96748 188
-123456
0.062212 172
0.937788 192
-123456
-654321
0.0438521 174
0.956148 194
-123456
0.0360231 175
0.963977 195
-123456
0.0371134 176
0.962887 196
-123456
0.0588235 177
0.941176 197
-123456
0.0135135 172
0.986486 192
-123456
0.0348837 171
0.965116 191
-123456
0.0473251 170
0.952675 190
-123456
0.0405117 169
0.959488 189
-123456
0.0238806 173
0.976119 193
-123456
-654321
0.0386152 175
0.961385 195
-123456
0.0430672 176
0.956933 196
-123456
0.042 177
0.958 197
-123456
0.0373984 178
0.962602 198
-123456
0.0422323 173
0.957768 193
-123456
0.0357782 172
0.964222 192
-123456
0.028754 171
0.971246 191
-123456
0.0473773 170
0.952623 190
-123456
0.0329341 174
0.967066 194
-123456
-654321
0.0436198 176
0.95638 196
-123456
0.0471567 177
0.952843 197
-123456
0.045977 178
0.954023 198
-123456
0.0495627 179
0.950437 199
-123456
0.0451031 174
0.954897 194
-123456
0.053443 173
0.946557 193
-123456
0.0312925 172
0.968708 192
-123456
0.0327869 171
0.967213 191
-123456
0.0415879 175
0.958412 195
-123456
-654321
0.0422297 177
0.95777 197
-123456
0.0377668 178
0.962233 198
-123456
0.0372439 179
0.962756 199
-123456
0.0439462 175
0.956054 195
-123456
0.00147493 94
0.039823 174
0.958702 194
-123456
0.00186567 93
0.0727612 173
0.925373 193
-123456
0.0323194 172
0.967681 192
-123456
0.0361882 176
0.963812 196
-123456
-654321
0.0600962 178
0.939904 198
-123456
0.0294737 179
0.970526 199
-123456
0.0581897 176
0.94181 196
-123456
0.0330396 175
0.96696 195
-123456
0.0421179 174
0.957882 194
-123456
0.0810185 173
0.918981 193
-123456
0.0403587 177
0.959641 197
-123456
-654321
0.0485437 179
0.951456 199
-123456
0.0474138 177
0.952586 197
-123456
0.042654 176
0.957346 196
-123456
0.0515575 175
0.948443 195
-123456
0.0501089 174
0.949891 194
-123456
0.0406091 178
0.959391 198
-123456
-654321
0.0290557 178
0.970944 198
-123456
0.0568475 177
0.943152 197
-123456
0.0498688 176
0.950131 196
-123456
0.0382452 175
0.961755 195
-123456
0.0439815 179
0.956019 199
-123456
-654321
