0.958692 1
0.0413081 11
-123456
0.955702 2
0.0442978 12
-123456
0.96313 3
0.0368705 13
-123456
0.951131 4
0.0479638 14
0.000904977 54
-123456
0.960129 0
0.0398711 10
-123456
-654321
0.966135 2
0.0338645 12
-123456
0.975359 3
0.0246407 13
-123456
0.95679 4
0.0432099 14
-123456
0.954936 5
0.0450644 15
-123456
0.961018 0
0.0389817 10
-123456
0.976744 1
0.0232558 11
-123456
-654321
0.961814 3
0.0381862 13
-123456
0.958128 4
0.0418719 14
-123456
0.972292 5
0.0277078 15
-123456
0.955294 6
0.0447059 16
-123456
0.946512 1
0.0534884 11
-123456
0.950089 0
0.0490196 10
0.000891266 40
-123456
0.96875 2
0.03125 12
-123456
-654321
0.951743 4
0.0482574 14
-123456
0.957747 5
0.0422535 15
-123456
0.969529 6
0.0304709 16
-123456
0.968023 7
0.0319767 17
-123456
0.964377 2
0.0356234 12
-123456
0.977839 1
0.0221607 11
-123456
0.963287 0
0.0358392 10
0.000874126 40
-123456
0.962428 3
0.0375723 13
-123456
-654321
0.962428 5
0.0375723 15
-123456
0.973837 6
0.0261628 16
-123456
0.962264 7
0.0377358 17
-123456
0.954683 8
0.0453172 18
-123456
0.961988 3
0.0380117 13
-123456
0.977848 2
0.0221519 12
-123456
0.961877 1
0.0381232 11
-123456
0.954669 0
0.0453309 10
-123456
0.941718 4
0.0582822 14
-123456
-654321
0.97541 6
0.0245902 16
-123456
0.965116 7
0.0310078 17
0.00387597 47
-123456
0.958175 8
0.0418251 18
-123456
0.948052 9
0.0519481 19
-123456
0.966245 4
0.0337553 14
-123456
0.964427 3
0.0355731 13
-123456
0.97037 2
0.0296296 12
-123456
0.956743 1
0.043257 11
-123456
0.959514 5
0.0404858 15
-123456
-654321
0.957447 7
0.0425532 17
-123456
0.971751 8
0.0282486 18
-123456
0.948357 9
0.0516432 19
-123456
0.952991 5
0.0470085 15
-123456
0.974359 4
0.025641 14
-123456
0.966346 3
0.0336538 13
-123456
0.969256 2
0.0307443 12
-123456
0.979381 6
0.0206186 16
-123456
-654321
0.958115 8
0.0418848 18
-123456
0.948718 9
0.0512821 19
-123456
0.955 6
0.045 16
-123456
0.963542 5
0.0364583 15
-123456
0.957219 4
0.0427807 14
-123456
0.972167 3
0.027833 13
-123456
0.955446 7
0.0445545 17
-123456
-654321
0.956989 9
0.0430108 19
-123456
0.952941 7
0.0470588 17
-123456
0.94152 6
0.0584795 16
-123456
0.942529 5
0.0574713 15
-123456
0.954751 4
0.0452489 14
-123456
0.973958 8
0.0260417 18
-123456
-654321
0.97191 8
0.0280899 18
-123456
0.95 7
0.05 17
-123456
0.972222 6
0.0277778 16
-123456
0.958564 5
0.0414365 15
-123456
0.97076 9
0.0292398 19
-123456
-654321
0.0933661 1
0.85258 11
0.0540541 21
-123456
0.0884956 2
0.831858 12
0.079646 22
-123456
0.0519481 3
0.857143 13
0.0909091 23
-123456
0.108911 4
0.811881 14
0.0792079 24
-123456
0.0837696 0
0.858639 10
0.0575916 20
-123456
-654321
0.0820611 2
0.80916 12
0.108779 22
-123456
0.10625 3
0.8 13
0.09375 23
-123456
0.109792 4
0.789317 14
0.10089 24
-123456
0.116438 5
0.797945 15
0.0856164 25
-123456
0.0940171 0
0.80057 10
0.105413 20
-123456
0.078905 1
0.806763 11
0.114332 21
-123456
-654321
0.0792952 3
0.845815 13
0.0748899 23
-123456
0.0896226 4
0.816038 14
0.0943396 24
-123456
0.0761421 5
0.796954 15
0.126904 25
-123456
0.0982143 6
0.821429 16
0.0803571 26
-123456
0.104096 1
0.802048 11
0.0938567 21
-123456
0.114679 0
0.798165 10
0.087156 20
-123456
0.0678571 2
0.882143 12
0.05 22
-123456
-654321
0.0853659 4
0.853659 14
0.0609756 24
-123456
0.108571 5
0.828571 15
0.0628571 25
-123456
0.103261 6
0.804348 16
0.0923913 26
-123456
0.0946746 7
0.83432 17
0.0710059 27
-123456
0.0590717 2
0.886076 12
0.0548523 22
-123456
0.104603 1
0.792887 11
0.10251 21
-123456
0.0797872 0
0.792553 10
0.12766 20
-123456
0.101695 3
0.841808 13
0.0564972 23
-123456
-654321
0.0460526 5
0.888158 15
0.0657895 25
-123456
0.106667 6
0.793333 16
0.1 26
-123456
0.0787402 7
0.84252 17
0.0787402 27
-123456
0.0774194 8
0.832258 18
0.0903226 28
-123456
0.0740741 3
0.82963 13
0.0962963 23
-123456
0.0927152 2
0.811258 12
0.0960265 22
-123456
0.108014 1
0.794425 11
0.097561 21
-123456
0.144828 0
0.758621 10
0.0965517 20
-123456
0.0465116 4
0.813953 14
0.139535 24
-123456
-654321
0.142857 6
0.738095 16
0.119048 26
-123456
0.146341 7
0.804878 17
0.0487805 27
-123456
0.0762712 8
0.813559 18
0.110169 28
-123456
0.104348 9
0.817391 19
0.0782609 29
-123456
0.0944882 4
0.80315 14
0.102362 24
-123456
0.0820896 3
0.843284 13
0.0746269 23
-123456
0.0864198 2
0.808642 12
0.104938 22
-123456
0.0771429 1
0.82 11
0.102857 21
-123456
0.0512821 5
0.82906 15
0.119658 25
-123456
-654321
0.0537634 7
0.83871 17
0.107527 27
-123456
0.0727273 8
0.872727 18
0.0545455 28
-123456
0.0729167 9
0.84375 19
0.0833333 29
-123456
0.11828 5
0.817204 15
0.0645161 25
-123456
0.0648148 4
0.777778 14
0.157407 24
-123456
0.0902778 3
0.833333 13
0.0763889 23
-123456
0.0928571 2
0.810714 12
0.0964286 22
-123456
0.103093 6
0.814433 16
0.0824742 26
-123456
-654321
0.06 8
0.89 18
0.05 28
-123456
0.1125 9
0.8 19
0.0875 29
-123456
0.0705882 6
0.870588 16
0.0588235 26
-123456
0.0824742 5
0.804124 15
0.113402 25
-123456
0.0853659 4
0.804878 14
0.109756 24
-123456
0.0632411 3
0.837945 13
0.0988142 23
-123456
0.0898876 7
0.831461 17
0.0786517 27
-123456
-654321
0.0947368 9
0.842105 19
0.0631579 29
-123456
0.12 7
0.773333 17
0.106667 27
-123456
0.109756 6
0.817073 16
0.0731707 26
-123456
0.0879121 5
0.802198 15
0.10989 25
-123456
0.0833333 4
0.856481 14
0.0601852 24
-123456
0.0686275 8
0.803922 18
0.127451 28
-123456
-654321
0.126582 8
0.797468 18
0.0759494 28
-123456
0.04 7
0.88 17
0.08 27
-123456
0.028169 6
0.929577 16
0.0422535 26
-123456
0.116667 5
0.783333 15
0.1 25
-123456
0.106667 9
0.813333 19
0.08 29
-123456
-654321
0.0970149 11
0.768657 21
0.134328 31
-123456
0.132353 12
0.808824 22
0.0588235 32
-123456
0.109244 13
0.794118 23
0.0966387 33
-123456
0.0633803 14
0.852113 24
0.084507 34
-123456
0.14876 10
0.702479 20
0.14876 30
-123456
-654321
0.0839161 12
0.874126 22
0.041958 32
-123456
0.08125 13
0.80625 23
0.1125 33
-123456
0.0769231 14
0.830769 24
0.0923077 34
-123456
0.0748299 15
0.809524 25
0.115646 35
-123456
0.0821918 10
0.821918 20
0.0958904 30
-123456
0.078125 11
0.8125 21
0.109375 31
-123456
-654321
0.0955224 13
0.78209 23
0.122388 33
-123456
0.122137 14
0.78626 24
0.0916031 34
-123456
0.0833333 15
0.795455 25
0.121212 35
-123456
0.103704 16
0.807407 26
0.0888889 36
-123456
0.096 11
0.816 21
0.088 31
-123456
0.0866142 10
0.818898 20
0.0944882 30
-123456
0.0993377 12
0.774834 22
0.125828 32
-123456
-654321
0.10219 14
0.788321 24
0.109489 34
-123456
0.111554 15
0.772908 25
0.115538 35
-123456
0.123457 16
0.720165 26
0.156379 36
-123456
0.140625 17
0.75 27
0.109375 37
-123456
0.159851 12
0.69145 22
0.148699 32
-123456
0.131455 11
0.732394 21
0.13615 31
-123456
0.111969 10
0.764479 20
0.123552 30
-123456
0.126638 13
0.742358 23
0.131004 33
-123456
-654321
0.0746269 15
0.80597 25
0.119403 35
-123456
0.0916667 16
0.75 26
0.158333 36
-123456
0.0636364 17
0.8 27
0.136364 37
-123456
0.0762712 18
0.864407 28
0.059322 38
-123456
0.110193 13
0.77135 23
0.118457 33
-123456
0.109244 12
0.806723 22
0.0840336 32
-123456
0.0967742 11
0.774194 21
0.129032 31
-123456
0.112782 10
0.774436 20
0.112782 30
-123456
0.0639535 14
0.837209 24
0.0988372 34
-123456
-654321
0.080292 16
0.817518 26
0.10219 36
-123456
0.121429 17
0.8 27
0.0785714 37
-123456
0.119266 18
0.788991 28
0.0917431 38
-123456
0.16 19
0.752 29
0.088 39
-123456
0.108974 14
0.75 24
0.141026 34
-123456
0.0780856 13
0.823678 23
0.0982368 33
-123456
0.171233 12
0.753425 22
0.0753425 32
-123456
0.131579 11
0.828947 21
0.0394737 31
-123456
0.078125 15
0.84375 25
0.078125 35
-123456
-654321
0.141304 17
0.793478 27
0.0652174 37
-123456
0.106796 18
0.825243 28
0.0679612 38
-123456
0.0648148 19
0.833333 29
0.101852 39
-123456
0.0916667 15
0.816667 25
0.0916667 35
-123456
0.0900901 14
0.792793 24
0.117117 34
-123456
0.108108 13
0.776062 23
0.11583 33
-123456
0.132911 12
0.759494 22
0.107595 32
-123456
0.114286 16
0.828571 26
0.0571429 36
-123456
-654321
0.0943396 18
0.830189 28
0.0754717 38
-123456
0.108911 19
0.762376 29
0.128713 39
-123456
0.214953 16
0.654206 26
0.130841 36
-123456
0.07 15
0.79 25
0.14 35
-123456
0.0762712 14
0.822034 24
0.101695 34
-123456
0.114155 13
0.776256 23
0.109589 33
-123456
0.111111 17
0.805556 27
0.0833333 37
-123456
-654321
0.0631579 19
0.842105 29
0.0947368 39
-123456
0.121622 17
0.797297 27
0.0810811 37
-123456
0.0707071 16
0.808081 26
0.121212 36
-123456
0.114286 15
0.794286 25
0.0914286 35
-123456
0.153153 14
0.783784 24
0.0630631 34
-123456
0.0769231 18
0.846154 28
0.0769231 38
-123456
-654321
0.0945946 18
0.810811 28
0.0945946 38
-123456
0.039604 17
0.871287 27
0.0891089 37
-123456
0.127907 16
0.825581 26
0.0465116 36
-123456
0.0946746 15
0.846154 25
0.0591716 35
-123456
0.133333 19
0.786667 29
0.08 39
-123456
-654321
0.0384615 21
0.794872 31
0.166667 41
-123456
0.139241 22
0.759494 32
0.101266 42
-123456
0.115044 23
0.80531 33
0.079646 43
-123456
0.107784 24
0.754491 34
0.137725 44
-123456
0.08 20
0.746667 30
0.173333 40
-123456
-654321
0.115789 22
0.736842 32
0.147368 42
-123456
0.119565 23
0.793478 33
0.0869565 43
-123456
0.142857 24
0.761905 34
0.0952381 44
-123456
0.173709 25
0.732394 35
0.0938967 45
-123456
0.113636 20
0.772727 30
0.113636 40
-123456
0.105263 21
0.778947 31
0.115789 41
-123456
-654321
0.130841 23
0.785047 33
0.0841122 43
-123456
0.128378 24
0.75 34
0.121622 44
-123456
0.103448 25
0.781609 35
0.114943 45
-123456
0.175258 26
0.690722 36
0.134021 46
-123456
0.11236 21
0.741573 31
0.146067 41
-123456
0.13 20
0.8 30
0.07 40
-123456
0.0803571 22
0.821429 32
0.0982143 42
-123456
-654321
0.0935252 24
0.81295 34
0.0935252 44
-123456
0.107527 25
0.763441 35
0.129032 45
-123456
0.106838 26
0.790598 36
0.102564 46
-123456
0.0820896 27
0.835821 37
0.0820896 47
-123456
0.0846154 22
0.815385 32
0.1 42
-123456
0.0840336 21
0.756303 31
0.159664 41
-123456
0.118644 20
0.771186 30
0.110169 40
-123456
0.0677966 23
0.864407 33
0.0677966 43
-123456
-654321
0.100775 25
0.790698 35
0.108527 45
-123456
0.103245 26
0.734513 36
0.162242 46
-123456
0.126214 27
0.757282 37
0.116505 47
-123456
0.129032 28
0.725806 38
0.145161 48
-123456
0.118644 23
0.762712 33
0.118644 43
-123456
0.132353 22
0.772059 32
0.0955882 42
-123456
0.0826446 21
0.785124 31
0.132231 41
-123456
0.128713 20
0.732673 30
0.138614 40
-123456
0.0958084 24
0.784431 34
0.11976 44
-123456
-654321
0.162791 26
0.726744 36
0.110465 46
-123456
0.159509 27
0.687117 37
0.153374 47
-123456
0.160494 28
0.722222 38
0.117284 48
-123456
0.121429 29
0.757143 39
0.121429 49
-123456
0.136905 24
0.732143 34
0.130952 44
-123456
0.155844 23
0.681818 33
0.162338 43
-123456
0.149351 22
0.714286 32
0.136364 42
-123456
0.136095 21
0.710059 31
0.153846 41
-123456
0.176591 25
0.685832 35
0.137577 45
-123456
-654321
0.0958904 27
0.787671 37
0.116438 47
-123456
0.0897436 28
0.788462 38
0.121795 48
-123456
0.135135 29
0.763514 39
0.101351 49
-123456
0.111486 25
0.739865 35
0.148649 45
-123456
0.105263 24
0.798246 34
0.0964912 44
-123456
0.164384 23
0.719178 33
0.116438 43
-123456
0.107692 22
0.761538 32
0.130769 42
-123456
0.126984 26
0.746032 36
0.126984 46
-123456
-654321
0.110169 28
0.822034 38
0.0677966 48
-123456
0.0932203 29
0.79661 39
0.110169 49
-123456
0.115044 26
0.823009 36
0.0619469 46
-123456
0.136364 25
0.760331 35
0.103306 45
-123456
0.0857143 24
0.851429 34
0.0628571 44
-123456
0.0826446 23
0.801653 33
0.115702 43
-123456
0.08 27
0.79 37
0.13 47
-123456
-654321
0.0769231 29
0.736264 39
0.186813 49
-123456
0.126126 27
0.756757 37
0.117117 47
-123456
0.125 26
0.7125 36
0.1625 46
-123456
0.0883978 25
0.801105 35
0.110497 45
-123456
0.196429 24
0.651786 34
0.151786 44
-123456
0.11828 28
0.774194 38
0.107527 48
-123456
-654321
0.106383 28
0.797872 38
0.0957447 48
-123456
0.133929 27
0.75 37
0.116071 47
-123456
0.109948 26
0.769634 36
0.120419 46
-123456
0.112245 25
0.826531 35
0.0612245 45
-123456
0.148936 29
0.691489 39
0.159574 49
-123456
-654321
0.104651 31
0.72093 41
0.174419 51
-123456
0.0645161 32
0.806452 42
0.129032 52
-123456
0.0449438 33
0.786517 43
0.168539 53
-123456
0.105263 34
0.736842 44
0.157895 54
-123456
0.208333 30
0.708333 40
0.0833333 50
-123456
-654321
0.128205 32
0.666667 42
0.205128 52
-123456
0.0595238 33
0.857143 43
0.0833333 53
-123456
0.0855263 34
0.802632 44
0.111842 54
-123456
0.111111 35
0.818182 45
0.0707071 55
-123456
0.0952381 30
0.857143 40
0.047619 50
-123456
0.134328 31
0.731343 41
0.134328 51
-123456
-654321
0.130435 33
0.768116 43
0.101449 53
-123456
0.106667 34
0.773333 44
0.12 54
-123456
0.131387 35
0.773723 45
0.0948905 55
-123456
0.103226 36
0.716129 46
0.180645 56
-123456
0.125 31
0.75 41
0.125 51
-123456
0.118421 30
0.75 40
0.131579 50
-123456
0.164557 32
0.746835 42
0.0886076 52
-123456
-654321
0.115385 34
0.782051 44
0.102564 54
-123456
0.0582524 35
0.815534 45
0.126214 55
-123456
0.157407 36
0.694444 46
0.148148 56
-123456
0.118421 37
0.741228 47
0.140351 57
-123456
0.1 32
0.725 42
0.175 52
-123456
0.170732 31
0.731707 41
0.097561 51
-123456
0.105769 30
0.682692 40
0.211538 50
-123456
0.131313 33
0.747475 43
0.121212 53
-123456
-654321
0.104762 35
0.819048 45
0.0761905 55
-123456
0.101695 36
0.771186 46
0.127119 56
-123456
0.0952381 37
0.784127 47
0.120635 57
-123456
0.111111 38
0.805556 48
0.0833333 58
-123456
0.1 33
0.77 43
0.13 53
-123456
0.0957447 32
0.755319 42
0.148936 52
-123456
0.0990099 31
0.80198 41
0.0990099 51
-123456
0.0909091 30
0.757576 40
0.151515 50
-123456
0.136752 34
0.726496 44
0.136752 54
-123456
-654321
0.0962963 36
0.792593 46
0.111111 56
-123456
0.107914 37
0.81295 47
0.0791367 57
-123456
0.139665 38
0.748603 48
0.111732 58
-123456
0.102041 39
0.826531 49
0.0714286 59
-123456
0.140351 34
0.754386 44
0.105263 54
-123456
0.125874 33
0.762238 43
0.111888 53
-123456
0.075 32
0.8 42
0.125 52
-123456
0.122951 31
0.803279 41
0.0737705 51
-123456
0.0909091 35
0.772727 45
0.136364 55
-123456
-654321
0.0914127 37
0.778393 47
0.130194 57
-123456
0.10559 38
0.776398 48
0.118012 58
-123456
0.14094 39
0.744966 49
0.114094 59
-123456
0.156028 35
0.702128 45
0.141844 55
-123456
0.08125 34
0.8 44
0.11875 54
-123456
0.0816327 33
0.809524 43
0.108844 53
-123456
0.138158 32
0.743421 42
0.118421 52
-123456
0.105991 36
0.81106 46
0.0829493 56
-123456
-654321
0.178571 38
0.688776 48
0.132653 58
-123456
0.153846 39
0.692308 49
0.153846 59
-123456
0.163265 36
0.693878 46
0.142857 56
-123456
0.122172 35
0.710407 45
0.167421 55
-123456
0.122449 34
0.75 44
0.127551 54
-123456
0.165049 33
0.684466 43
0.150485 53
-123456
0.16453 37
0.690171 47
0.145299 57
-123456
-654321
0.116667 39
0.783333 49
0.1 59
-123456
0.0976562 37
0.804688 47
0.0976562 57
-123456
0.139175 36
0.742268 46
0.118557 56
-123456
0.0983607 35
0.868852 45
0.0327869 55
-123456
0.128571 34
0.764286 44
0.107143 54
-123456
0.19403 38
0.723881 48
0.0820896 58
-123456
-654321
0.0962963 38
0.792593 48
0.111111 58
-123456
0.133891 37
0.757322 47
0.108787 57
-123456
0.0909091 36
0.818182 46
0.0909091 56
-123456
0.111111 35
0.777778 45
0.111111 55
-123456
0.154362 39
0.778524 49
0.0671141 59
-123456
-654321
0.155172 41
0.758621 51
0.0862069 61
-123456
0.0847458 42
0.728814 52
0.186441 62
-123456
0.103896 43
0.818182 53
0.0779221 63
-123456
0.11811 44
0.76378 54
0.11811 64
-123456
0.125 40
0.791667 50
0.0833333 60
-123456
-654321
0.126761 42
0.788732 52
0.084507 62
-123456
0.0491803 43
0.852459 53
0.0983607 63
-123456
0.163934 44
0.786885 54
0.0491803 64
-123456
0.138686 45
0.722628 55
0.138686 65
-123456
0.127273 40
0.727273 50
0.145455 60
-123456
0.153846 41
0.707692 51
0.138462 61
-123456
-654321
0.121212 43
0.69697 53
0.181818 63
-123456
0.118421 44
0.776316 54
0.105263 64
-123456
0.0365854 45
0.853659 55
0.109756 65
-123456
0.0837989 46
0.804469 56
0.111732 66
-123456
0.123288 41
0.712329 51
0.164384 61
-123456
0.12987 40
0.74026 50
0.12987 60
-123456
0.0943396 42
0.867925 52
0.0377358 62
-123456
-654321
0.107143 44
0.738095 54
0.154762 64
-123456
0.116279 45
0.802326 55
0.0813954 65
-123456
0.141026 46
0.794872 56
0.0641026 66
-123456
0.123223 47
0.739336 57
0.137441 67
-123456
0.0465116 42
0.813953 52
0.139535 62
-123456
0.134146 41
0.695122 51
0.170732 61
-123456
0.0909091 40
0.792208 50
0.116883 60
-123456
0.140625 43
0.71875 53
0.140625 63
-123456
-654321
0.142857 45
0.690476 55
0.166667 65
-123456
0.117021 46
0.776596 56
0.106383 66
-123456
0.0357143 47
0.857143 57
0.107143 67
-123456
0.149826 48
0.703833 58
0.146341 68
-123456
0.0824742 43
0.835052 53
0.0824742 63
-123456
0.120879 42
0.714286 52
0.164835 62
-123456
0.1125 41
0.725 51
0.1625 61
-123456
0.0860215 40
0.774194 50
0.139785 60
-123456
0.0963855 44
0.819277 54
0.0843373 64
-123456
-654321
0.150538 46
0.709677 56
0.139785 66
-123456
0.115646 47
0.707483 57
0.176871 67
-123456
0.148387 48
0.735484 58
0.116129 68
-123456
0.112 49
0.724 59
0.164 69
-123456
0.194175 44
0.737864 54
0.0679612 64
-123456
0.0967742 43
0.763441 53
0.139785 63
-123456
0.140187 42
0.757009 52
0.102804 62
-123456
0.126126 41
0.702703 51
0.171171 61
-123456
0.168317 45
0.722772 55
0.108911 65
-123456
-654321
0.13 47
0.69 57
0.18 67
-123456
0.140244 48
0.743902 58
0.115854 68
-123456
0.13099 49
0.728435 59
0.140575 69
-123456
0.119658 45
0.777778 55
0.102564 65
-123456
0.116071 44
0.741071 54
0.142857 64
-123456
0.0615385 43
0.869231 53
0.0692308 63
-123456
0.166667 42
0.740741 52
0.0925926 62
-123456
0.171429 46
0.714286 56
0.114286 66
-123456
-654321
0.164103 48
0.68718 58
0.148718 68
-123456
0.127517 49
0.768456 59
0.104027 69
-123456
0.189873 46
0.727848 56
0.0822785 66
-123456
0.147059 45
0.720588 55
0.132353 65
-123456
0.0949367 44
0.765823 54
0.139241 64
-123456
0.0833333 43
0.791667 53
0.125 63
-123456
0.121495 47
0.785047 57
0.0934579 67
-123456
-654321
0.147309 49
0.745043 59
0.107649 69
-123456
0.122807 47
0.783626 57
0.0935673 67
-123456
0.138889 46
0.727778 56
0.133333 66
-123456
0.127778 45
0.738889 55
0.133333 65
-123456
0.1625 44
0.7 54
0.1375 64
-123456
0.0967742 48
0.754032 58
0.149194 68
-123456
-654321
0.158209 48
0.677612 58
0.164179 68
-123456
0.141593 47
0.734513 57
0.123894 67
-123456
0.174107 46
0.709821 56
0.116071 66
-123456
0.148305 45
0.70339 55
0.148305 65
-123456
0.131148 49
0.688525 59
0.180328 69
-123456
-654321
0.129032 51
0.854839 61
0.016129 71
-123456
0.166667 52
0.712121 62
0.121212 72
-123456
0.12 53
0.76 63
0.12 73
-123456
0.0701754 54
0.807018 64
0.122807 74
-123456
0.0638298 50
0.765957 60
0.170213 70
-123456
-654321
0.180556 52
0.736111 62
0.0833333 72
-123456
0.123077 53
0.769231 63
0.107692 73
-123456
0.12987 54
0.792208 64
0.0779221 74
-123456
0.13245 55
0.728477 65
0.139073 75
-123456
0.205479 50
0.69863 60
0.0958904 70
-123456
0.15942 51
0.724638 61
0.115942 71
-123456
-654321
0.09375 53
0.765625 63
0.140625 73
-123456
0.140845 54
0.788732 64
0.0704225 74
-123456
0.189189 55
0.702703 65
0.108108 75
-123456
0.10101 56
0.79798 66
0.10101 76
-123456
0.118421 51
0.763158 61
0.118421 71
-123456
0.113208 50
0.716981 60
0.169811 70
-123456
0.130952 52
0.761905 62
0.107143 72
-123456
-654321
0.140845 54
0.760563 64
0.0985916 74
-123456
0.15942 55
0.681159 65
0.15942 75
-123456
0.0759494 56
0.797468 66
0.126582 76
-123456
0.0837438 57
0.788177 67
0.128079 77
-123456
0.0540541 52
0.864865 62
0.0810811 72
-123456
0.111111 51
0.736111 61
0.152778 71
-123456
0.112903 50
0.774194 60
0.112903 70
-123456
0.078125 53
0.796875 63
0.125 73
-123456
-654321
0.140845 55
0.690141 65
0.169014 75
-123456
0.175824 56
0.681319 66
0.142857 76
-123456
0.0823529 57
0.764706 67
0.152941 77
-123456
0.120755 58
0.792453 68
0.0867925 78
-123456
0.112245 53
0.744898 63
0.142857 73
-123456
0.146067 52
0.764045 62
0.0898876 72
-123456
0.0657895 51
0.815789 61
0.118421 71
-123456
0.128713 50
0.762376 60
0.108911 70
-123456
0.138889 54
0.675926 64
0.185185 74
-123456
-654321
0.147826 56
0.773913 66
0.0782609 76
-123456
0.0810811 57
0.81982 67
0.0990991 77
-123456
0.127389 58
0.751592 68
0.121019 78
-123456
0.112782 59
0.766917 69
0.120301 79
-123456
0.171717 54
0.707071 64
0.121212 74
-123456
0.11 53
0.81 63
0.08 73
-123456
0.0947368 52
0.736842 62
0.168421 72
-123456
0.10687 51
0.78626 61
0.10687 71
-123456
0.112245 55
0.816327 65
0.0714286 75
-123456
-654321
0.146497 57
0.694268 67
0.159236 77
-123456
0.0928571 58
0.835714 68
0.0714286 78
-123456
0.118211 59
0.744409 69
0.13738 79
-123456
0.141667 55
0.766667 65
0.0916667 75
-123456
0.112903 54
0.766129 64
0.120968 74
-123456
0.141791 53
0.761194 63
0.0970149 73
-123456
0.0902256 52
0.744361 62
0.165414 72
-123456
0.143885 56
0.741007 66
0.115108 76
-123456
-654321
0.0797342 58
0.82392 68
0.0963455 78
-123456
0.112426 59
0.775148 69
0.112426 79
-123456
0.0785714 56
0.785714 66
0.135714 76
-123456
0.0547945 55
0.821918 65
0.123288 75
-123456
0.120968 54
0.758065 64
0.120968 74
-123456
0.138462 53
0.753846 63
0.107692 73
-123456
0.132867 57
0.762238 67
0.104895 77
-123456
-654321
0.125455 59
0.721818 69
0.152727 79
-123456
0.16087 57
0.721739 67
0.117391 77
-123456
0.0902527 56
0.794224 66
0.115523 76
-123456
0.162393 55
0.679487 65
0.15812 75
-123456
0.125561 54
0.73991 64
0.134529 74
-123456
0.125 58
0.753676 68
0.121324 78
-123456
-654321
0.128571 58
0.736735 68
0.134694 78
-123456
0.123894 57
0.792035 67
0.0840708 77
-123456
0.0946502 56
0.794239 66
0.111111 76
-123456
0.172691 55
0.738956 65
0.0883534 75
-123456
0.082397 59
0.76779 69
0.149813 79
-123456
-654321
0.123288 61
0.767123 71
0.109589 81
-123456
0.171875 62
0.796875 72
0.03125 82
-123456
0.0877193 63
0.807018 73
0.105263 83
-123456
0.120301 64
0.766917 74
0.112782 84
-123456
0.134328 60
0.701493 70
0.164179 80
-123456
-654321
0.133333 62
0.773333 72
0.0933333 82
-123456
0.078125 63
0.859375 73
0.0625 83
-123456
0.104762 64
0.838095 74
0.0571429 84
-123456
0.103175 65
0.761905 75
0.134921 85
-123456
0.114286 60
0.7 70
0.185714 80
-123456
0.138889 61
0.791667 71
0.0694444 81
-123456
-654321
0.0989011 63
0.835165 73
0.0659341 83
-123456
0.116279 64
0.697674 74
0.186047 84
-123456
0.0746269 65
0.820895 75
0.104478 85
-123456
0.108108 66
0.8 76
0.0918919 86
-123456
0.101266 61
0.810127 71
0.0886076 81
-123456
0.136986 60
0.753425 70
0.109589 80
-123456
0.16092 62
0.770115 72
0.0689655 82
-123456
-654321
0.0882353 64
0.808824 74
0.102941 84
-123456
0.0842105 65
0.863158 75
0.0526316 85
-123456
0.0864198 66
0.839506 76
0.0740741 86
-123456
0.0787402 67
0.838583 77
0.0826772 87
-123456
0.0769231 62
0.791209 72
0.131868 82
-123456
0.05 61
0.8375 71
0.1125 81
-123456
0.0722892 60
0.86747 70
0.060241 80
-123456
0.0740741 63
0.814815 73
0.111111 83
-123456
-654321
0.107843 65
0.823529 75
0.0686275 85
-123456
0.160377 66
0.745283 76
0.0943396 86
-123456
0.115044 67
0.769912 77
0.115044 87
-123456
0.116923 68
0.781538 78
0.101538 88
-123456
0.114286 63
0.780952 73
0.104762 83
-123456
0.148515 62
0.762376 72
0.0891089 82
-123456
0.144444 61
0.722222 71
0.133333 81
-123456
0.105263 60
0.815789 70
0.0789474 80
-123456
0.0833333 64
0.819444 74
0.0972222 84
-123456
-654321
0.0983607 66
0.729508 76
0.172131 86
-123456
0.107692 67
0.815385 77
0.0769231 87
-123456
0.110795 68
0.806818 78
0.0823864 88
-123456
0.108434 69
0.777108 79
0.114458 89
-123456
0.0761905 64
0.8 74
0.12381 84
-123456
0.121429 63
0.814286 73
0.0642857 83
-123456
0.115044 62
0.761062 72
0.123894 82
-123456
0.0902256 61
0.766917 71
0.142857 81
-123456
0.112903 65
0.798387 75
0.0887097 85
-123456
-654321
0.0955414 67
0.764331 77
0.140127 87
-123456
0.0955631 68
0.8157 78
0.0887372 88
-123456
0.122727 69
0.772727 79
0.104545 89
-123456
0.08 65
0.744 75
0.176 85
-123456
0.121429 64
0.785714 74
0.0928571 84
-123456
0.0806452 63
0.814516 73
0.104839 83
-123456
0.130435 62
0.775362 72
0.0942029 82
-123456
0.0769231 66
0.823077 76
0.1 86
-123456
-654321
0.104167 68
0.759259 78
0.136574 88
-123456
0.117021 69
0.797872 79
0.0851064 89
-123456
0.110429 66
0.791411 76
0.0981595 86
-123456
0.128049 65
0.804878 75
0.0670732 85
-123456
0.100592 64
0.739645 74
0.159763 84
-123456
0.0680272 63
0.85034 73
0.0816327 83
-123456
0.101796 67
0.790419 77
0.107784 87
-123456
-654321
0.118557 69
0.776632 79
0.104811 89
-123456
0.0864662 67
0.819549 77
0.093985 87
-123456
0.108949 66
0.754864 76
0.136187 86
-123456
0.125954 65
0.770992 75
0.103053 85
-123456
0.0787402 64
0.783465 74
0.137795 84
-123456
0.0865801 68
0.787879 78
0.125541 88
-123456
-654321
0.121875 68
0.771875 78
0.10625 88
-123456
0.106825 67
0.789317 77
0.103858 87
-123456
0.0924658 66
0.818493 76
0.0890411 86
-123456
0.119266 65
0.752294 75
0.12844 85
-123456
0.0942699 69
0.798521 79
0.107209 89
-123456
-654321
0.0540541 71
0.851351 81
0.0945946 91
-123456
0.1 72
0.833333 82
0.0666667 92
-123456
0.0759494 73
0.759494 83
0.164557 93
-123456
0.104046 74
0.797688 84
0.0982659 94
-123456
0.953846 80
0.0461538 90
-123456
-654321
0.0972222 72
0.736111 82
0.166667 92
-123456
0.144737 73
0.75 83
0.105263 93
-123456
0.0588235 74
0.882353 84
0.0588235 94
-123456
0.062201 75
0.866029 85
0.0717703 95
-123456
0.135802 70
0.765432 80
0.0987654 90
-123456
0.0340909 71
0.863636 81
0.102273 91
-123456
-654321
0.0645161 73
0.763441 83
0.172043 93
-123456
0.101124 74
0.865169 84
0.0337079 94
-123456
0.0851064 75
0.861702 85
0.0531915 95
-123456
0.12069 76
0.764368 86
0.114943 96
-123456
0.0519481 71
0.844156 81
0.103896 91
-123456
0.0666667 70
0.893333 80
0.04 90
-123456
0.142857 72
0.814286 82
0.0428571 92
-123456
-654321
0.0681818 74
0.852273 84
0.0795455 94
-123456
0.0416667 75
0.875 85
0.0833333 95
-123456
0.0673077 76
0.855769 86
0.0769231 96
-123456
0.0617761 77
0.864865 87
0.0733591 97
-123456
0.105263 72
0.802632 82
0.0921053 92
-123456
0.0934579 71
0.813084 81
0.0934579 91
-123456
0.0967742 70
0.817204 80
0.0860215 90
-123456
0.111111 73
0.808081 83
0.0808081 93
-123456
-654321
0.131579 75
0.77193 85
0.0964912 95
-123456
0.0882353 76
0.843137 86
0.0686275 96
-123456
0.0740741 77
0.851852 87
0.0740741 97
-123456
0.0860534 78
0.804154 88
0.109792 98
-123456
0.0384615 73
0.894231 83
0.0673077 93
-123456
0.0661157 72
0.834711 82
0.0991736 92
-123456
0.103448 71
0.818965 81
0.0775862 91
-123456
0.0827068 70
0.819549 80
0.0977444 90
-123456
0.0869565 74
0.847826 84
0.0652174 94
-123456
-654321
0.0805369 76
0.832215 86
0.0872483 96
-123456
0.109756 77
0.804878 87
0.0853659 97
-123456
0.0700637 78
0.859873 88
0.0700637 98
-123456
0.0956341 79
0.829522 89
0.0748441 99
-123456
0.145455 74
0.775758 84
0.0787879 94
-123456
0.0714286 73
0.857143 83
0.0714286 93
-123456
0.143885 72
0.726619 82
0.129496 92
-123456
0.111111 71
0.8125 81
0.0763889 91
-123456
0.0933333 75
0.813333 85
0.0933333 95
-123456
-654321
0.0479042 77
0.850299 87
0.101796 97
-123456
0.0446927 78
0.826816 88
0.128492 98
-123456
0.0825688 79
0.832569 89
0.0848624 99
-123456
0.1 75
0.842105 85
0.0578947 95
-123456
0.0958904 74
0.794521 84
0.109589 94
-123456
0.147887 73
0.753521 83
0.0985916 93
-123456
0.107383 72
0.765101 82
0.127517 92
-123456
0.0658683 76
0.844311 86
0.0898204 96
-123456
-654321
0.0752688 78
0.827957 88
0.0967742 98
-123456
0.078 79
0.812 89
0.11 99
-123456
0.0994152 76
0.777778 86
0.122807 96
-123456
0.124324 75
0.756757 85
0.118919 95
-123456
0.0857143 74
0.851429 84
0.0628571 94
-123456
0.0913979 73
0.822581 83
0.0860215 93
-123456
0.117978 77
0.803371 87
0.0786517 97
-123456
-654321
0.0815603 79
0.83156 89
0.0868794 99
-123456
0.12381 77
0.795238 87
0.0809524 97
-123456
0.0693069 76
0.821782 86
0.108911 96
-123456
0.086758 75
0.853881 85
0.0593607 95
-123456
0.0855856 74
0.810811 84
0.103604 94
-123456
0.0752212 78
0.853982 88
0.0707965 98
-123456
-654321
0.0840336 78
0.819328 88
0.0966387 98
-123456
0.113248 77
0.799145 87
0.0876068 97
-123456
0.0764463 76
0.82438 86
0.0991736 96
-123456
0.073913 75
0.832609 85
0.0934783 95
-123456
0.117949 79
0.796923 89
0.0851282 99
-123456
-654321
0.0519481 81
0.948052 91
-123456
0.0460526 82
0.953947 92
-123456
0.0248447 83
0.975155 93
-123456
0.039039 84
0.960961 94
-123456
0.04 80
0.96 90
-123456
-654321
0.0220994 82
0.977901 92
-123456
0.0276243 83
0.972376 93
-123456
0.0427807 84
0.957219 94
-123456
0.0420354 85
0.957965 95
-123456
0.0111111 80
0.988889 90
-123456
0.0384615 81
0.961538 91
-123456
-654321
0.0481283 83
0.951872 93
-123456
0.0372093 84
0.962791 94
-123456
0.0230415 85
0.976959 95
-123456
0.0500963 86
0.949904 96
-123456
0.0380952 81
0.961905 91
-123456
0.0454545 80
0.954545 90
-123456
0.0483092 82
0.951691 92
-123456
-654321
0.0442478 84
0.955752 94
-123456
0.038961 85
0.961039 95
-123456
0.0533981 86
0.946602 96
-123456
0.0448505 87
0.95515 97
-123456
0.0560748 82
0.943925 92
-123456
0.0328638 81
0.967136 91
-123456
0.037234 80
0.962766 90
-123456
0.0314136 83
0.968586 93
-123456
-654321
0.057377 85
0.942623 95
-123456
0.0454545 86
0.954545 96
-123456
0.0404624 87
0.959538 97
-123456
0.0331492 88
0.966851 98
-123456
0.0460251 83
0.953975 93
-123456
0.0153846 82
0.984615 92
-123456
0.0358566 81
0.964143 91
-123456
0.024 80
0.976 90
-123456
0.0493827 84
0.950617 94
-123456
-654321
0.0287356 86
0.971264 96
-123456
0.0337079 87
0.966292 97
-123456
0.0477612 88
0.952239 98
-123456
0.0359066 89
0.964093 99
-123456
0.0166205 84
0.983379 94
-123456
0.0438871 83
0.956113 93
-123456
0.0457143 82
0.954286 92
-123456
0.0259366 81
0.974063 91
-123456
0.0134048 85
0.986595 95
-123456
-654321
0.0482234 87
0.951777 97
-123456
0.0431472 88
0.956853 98
-123456
0.0468047 89
0.953195 99
-123456
0.0464481 85
0.953552 95
-123456
0.0363636 84
0.963636 94
-123456
0.0467836 83
0.953216 93
-123456
0.0521978 82
0.947802 92
-123456
0.0237467 86
0.976253 96
-123456
-654321
0.0498812 88
0.950119 98
-123456
0.0434028 89
0.956597 99
-123456
0.0378619 86
0.962138 96
-123456
0.0395349 85
0.960465 95
-123456
0.0399003 84
0.9601 94
-123456
0.0232019 83
0.976798 93
-123456
0.0285714 87
0.971429 97
-123456
-654321
0.0460069 89
0.953993 99
-123456
0.0313199 87
0.96868 97
-123456
0.0494624 86
0.950538 96
-123456
0.032 85
0.968 95
-123456
0.0422222 84
0.957778 94
-123456
0.042 88
0.958 98
-123456
-654321
0.0380195 88
0.961981 98
-123456
0.0357454 87
0.964255 97
-123456
0.000881057 46
0.0475771 86
0.951542 96
-123456
0.048913 85
0.951087 95
-123456
0.03207 89
0.96793 99
-123456
-654321
