1 650.28
2 340.3
3 636.77
4 348.85
5 623.14
6 331.58
7 619.39
8 321.11
9 597.55
10 323.82
11 579.66
12 309.99
13 573.74
14 300.82
15 551.11
16 305.6
17 527.37
18 297.39
19 518.05
20 292.53
21 496.22
22 297.56
23 473.51
24 297.57
25 452.69
26 298.27
27 433.23
28 299.64
29 408.75
30 307.36
31 378.21
32 315.41
33 357.89
34 315.91
35 333.26
36 324.34
37 307.38
38 327.04
39 291.98
40 320.36
41 282.48
42 318.22
43 262.96
44 313.58
45 257.48
46 303.38
47 241.51
48 308.57
49 231.58
50 294.68
51 224.22
52 295.9
53 207.77
54 288.25
55 200.74
56 286.87
57 192.3
58 278.42
59 179.32
60 270.82
61 181.59
62 260.63
63 175.88
64 245.94
65 176.66
66 235.26
67 172.86
68 227.33
69 170.9
70 218.46
71 171.65
72 202.11
73 166.51
74 197.28
75 167.49
76 188.27
77 161.06
78 183.48
79 154.92
80 178.69
81 147.59
82 175.48
83 146.04
84 164.81
85 141.37
86 158.66
87 139.38
88 148.44
89 147.28
90 139.29
91 140.22
92 127.57
93 141.53
94 126.17
95 138.34
96 114.67
97 141.31
98 105.19
99 140.96
100 103.91
101 130.58
102 93.26
103 133.38
104 94.23
105 126.85
106 95.13
107 123.85
108 83.57
109 118.69
110 82.74
111 119.75
112 84.33
113 105.13
114 79.45
115 106.9
116 79.7
117 100.13
118 77.11
119 98.57
120 75.69
121 91.77
122 76.49
123 84.87
124 74.56
125 85.67
126 73.37
127 76.97
128 64.5
129 77.02
130 70
131 78.52
132 66.95
133 66.27
134 65.83
135 67.16
136 65.5
137 66.37
138 59.81
139 61.39
140 57.89
141 62.59
142 57.48
143 60.03
144 50.95
145 56.86
146 52.49
147 55.21
148 53.38
149 51.41
150 50.26
151 50.83
152 49.7
153 52.6
154 46.2
155 49.08
156 44.82
157 41.17
158 44.31
159 41.16
160 40.87
161 42.41
162 44.54
163 36.84
164 46.25
165 34.88
166 41.95
167 35.79
168 39.18
169 32.6
170 38.14
171 35.71
172 35.72
173 33.98
174 32.75
175 33.26
176 29.32
177 33
178 31.53
179 31.3
180 27.6
181 31.17
182 26.75
183 31.33
184 30.05
185 31.66
186 26.55
187 27.82
188 25.15
189 29.26
190 25.42
191 26.28
192 26.9
193 23.82
194 26.02
195 23.26
196 26.99
197 23.73
198 22.87
199 21.56
200 24.91
201 21.19
202 22.67
203 20.53
204 23.1
205 20.13
206 23.91
207 18.12
208 20.4
209 18.18
210 20.32
211 18.05
212 18.58
213 18.37
214 17.9
215 17.26
216 16.2
217 15.88
218 14.42
219 16.31
220 14.27
221 16.09
222 13.14
223 13.73
224 13.53
225 13.24
226 11.8
227 11.86
228 11.87
229 14.33
230 12.82
231 9.98
232 9.22
233 10.77
234 11.42
235 9.62
236 9.32
237 9.62
238 8.72
239 8.9
240 9.73
241 8.43
242 8.52
243 10.92
244 7.41
245 8.46
246 8.49
247 8.37
248 9.19
249 6.97
250 9.13
251 7.73
252 7.68
253 8.93
254 6.5
255 7.54
256 6.39
257 7.67
258 7.92
259 8.56
260 7.77
261 8.54
262 7.08
263 7.49
264 7.48
265 8.35
266 8.11
267 7.35
268 6.14
269 7.94
270 7.89
271 6.73
272 7.67
273 7.89
274 6.94
275 7
276 6.37
277 6.69
278 7.78
279 5.44
280 5.69
281 6.38
282 6.34
283 7.56
284 7.1
285 5.32
286 5.81
287 6.47
288 5.58
289 5.85
290 5.85
291 5.8
292 5.67
293 6.08
294 5.25
295 5.29
296 4.94
297 5.73
298 4.27
299 5
300 4.51
301 3.83
302 5.13
303 4.24
304 4.41
305 4.67
306 4.27
307 4.04
308 3.99
309 4.98
310 4.16
311 3.94
312 4.2
313 4.12
314 3.15
315 3.6
316 3.71
317 3.15
318 3.35
319 3.3
320 2.97
321 3.29
322 2.93
323 2.66
324 2.21
325 2.88
326 2.07
327 3.19
328 2.7
329 2.1
330 2.31
331 2.59
332 2.5
333 2.54
334 2.24
335 2.18
336 2.04
337 2.42
338 2.01
339 1.74
340 1.81
341 1.47
342 1.98
343 2.08
344 1.91
345 1.85
346 1.69
347 1.82
348 1.54
349 1.52
350 1.99
351 1.67
352 1.55
353 1.82
354 1.71
355 1.5
356 1.69
357 1.42
358 1.51
359 1.84
360 1.34
361 1.44
362 1.64
363 1.3
364 1.27
365 1.28
366 1.6
367 1.4
368 1.24
369 1.17
370 1.14
371 1.28
372 1.33
373 1.21
374 1.62
375 1.22
376 1.32
377 1.09
378 1.26
379 1.44
380 1.34
381 1.3
382 1.42
383 1.22
384 1.13
385 1.5
386 1.08
387 1.18
388 1.17
389 1.21
390 1.24
391 1.19
392 1.28
393 1.05
394 1.13
395 1.11
396 1.2
397 1.2
398 1
399 1.23
400 1.23
401 1.28
402 1.06
403 1.17
404 1.11
405 1.09
406 1.08
407 1.2
408 1.12
409 1.08
410 1.22
411 1
412 1.1
413 1.05
414 1
415 1.04
416 1
417 1.22
418 1
419 1
420 1.04
421 1.07
422 1.08
423 1.14
424 1.04
425 1
426 1
427 1.1
428 1.17
429 1.13
430 1
431 1.04
432 1.05
433 1.04
434 1.04
435 1
436 1.04
437 1.12
438 1.09
439 1.13
440 1.07
441 1
442 1
443 1.05
444 1.09
445 1
446 1
447 1.05
448 1
449 1.09
450 1
451 1
452 1
453 1
454 1.04
455 1.05
456 1
457 1
458 1
459 1
460 1.04
461 1
462 1.05
463 1.05
464 1.06
465 1
466 1.04
467 1
468 1.04
469 1
470 1
471 1
472 1.04
473 1
474 1
475 1
476 1
477 1
478 1
479 1
480 1
481 1.04
482 1
483 1
484 1
485 1
486 1
487 1
488 1
489 1
490 1
491 1
492 1
493 1
494 1
495 1
496 1
497 1
498 1
499 1
500 1
501 1
502 1
503 1.04
504 1
505 1
506 1
507 1
508 1
509 1
510 1
511 1
512 1.04
513 1
514 1
515 1
516 1
517 1
518 1
519 1
520 1
521 1
522 1
523 1
524 1
525 1.04
526 1
527 1
528 1
529 1
530 1
531 1
532 1
533 1
534 1
535 1
536 1
537 1
538 1
539 1
540 1.04
541 1
542 1.04
543 1
544 1
545 1
546 1
547 1
548 1
549 1
550 1
551 1
552 1
553 1
