31.5016
28.0206
24.2357
20.1164
36.2173
12.0177
42.0825
4.1338
30.0126
31.799
-654321
28.4443
46.9047
20.52
16.8336
12.4038
8.60266
4.95831
0.366759
32.0617
31.2477
-654321
24.523
20.5514
16.2566
12.6948
8.15307
4.45099
0.536976
31.4096
32.1626
28.7118
-654321
20.0615
16.5505
12.1729
8.2054
4.22621
0.34467
28.3242
31.9814
35.0128
24.1535
-654321
16.1675
11.9236
8.26769
4.42174
0
24.1495
28.0919
46.1629
31.7571
57.5948
-654321
12.3313
7.89473
4.33115
0.120683
20.4642
23.8417
28.2214
31.375
31.9058
16.5324
-654321
8.22226
4.03676
0.40416
16.0245
20.1201
24.1162
27.7082
32.0041
31.606
11.8428
-654321
4.49823
30.4315
12.1894
15.9844
20.3417
24.0248
28.2583
32.2351
32.165
8.34791
-654321
0.568989
8.20801
12.4431
16.5922
20.1097
24.6112
28.3312
31.4536
32.0672
4.33976
-654321
4.31555
7.98985
12.1603
15.9402
20.1513
24.0783
28.0273
31.5655
32.397
0.400504
-654321
49.2313
48.8671
44.6754
40.0755
34.1964
28.6647
22.75
16.404
10.7811
40.6099
-654321
49.0438
45.7768
39.8302
34.6945
28.8925
23.1144
17.1023
11.1325
40.5445
49.1413
-654321
45.6577
40.8577
34.9436
28.8107
23.1803
17.1574
11.2786
49.462
40.1503
49.3685
-654321
40.8963
35.956
29.2719
23.233
17.383
11.5871
49.9563
49.4555
41.2628
45.9909
-654321
35.4342
29.7797
23.635
17.4182
11.6303
45.4177
49.566
48.3959
40.7698
41.1799
-654321
28.8798
22.9107
17.0904
11.2079
40.3847
46.073
50.0466
48.5246
40.651
35.0738
-654321
23.0191
17.4533
11.3571
34.5381
41.4802
45.7552
48.5178
48.5718
40.0852
28.9634
-654321
16.6983
10.9927
29.0796
35.0418
41.174
45.277
51.6034
49.0207
41.0098
23.4248
-654321
11.0144
23.1905
28.8662
35.1596
40.8752
44.7943
49.9226
48.3064
39.8525
17.1285
-654321
17.2236
22.692
29.1262
35.3709
40.643
45.7617
49.5688
49.6629
41.1554
10.7184
-654321
53.5467
64.2433
69.6669
67.4856
61.9232
58.9756
53.6535
47.5995
42.1972
39.6892
-654321
66.4102
68.1907
67.2488
63.7827
58.5933
53.0181
47.1851
41.1419
40.8084
56.194
-654321
69.9873
66.5596
64.1413
59.1914
52.883
47.4687
41.437
57.3578
40.9617
64.7096
-654321
67.3449
63.9825
58.3154
53.2756
47.8726
42.077
63.3287
53.7092
40.2593
68.658
-654321
62.894
59.7482
53.3358
47.4408
41.469
68.4107
65.2779
56.1231
40.2382
66.749
-654321
60.1852
54.13
48.112
42.1837
67.0235
67.1873
61.3702
54.8561
39.5669
64.6258
-654321
53.6196
47.5929
41.7127
61.1342
69.1504
68.4683
67.0672
54.1103
41.3787
58.1627
-654321
46.9783
42.0319
58.065
64.4261
67.4099
68.066
65.9292
54.7537
40.9026
53.6055
-654321
42.0575
54.2253
59.8348
63.2394
71.1728
68.2368
62.5637
52.8149
41.6037
47.7078
-654321
47.4786
53.406
57.8408
64.6207
66.7344
68.1751
61.9343
53.2667
41.5212
41.2994
-654321
56.3338
65.3857
79.2356
86.1746
86.1115
79.4914
80.0194
75.5805
69.8285
41.2163
-654321
68.9084
79.1106
86.2295
84.1014
82.061
79.9273
75.4168
69.701
40.8511
51.8881
-654321
82.8382
86.446
87.1668
85.0427
77.0977
72.9657
70.5941
55.4371
41.6318
68.2146
-654321
80.1424
86.0064
83.9544
78.2831
74.8174
70.2725
72.5668
56.1774
39.723
78.9719
-654321
85.3735
84.3059
78.5687
74.4504
69.0688
80.1771
71.3133
53.3371
40.4783
84.8943
-654321
84.3778
80.9006
73.3614
68.2279
88.8926
80.8742
69.9425
54.6575
41.1395
85.7165
-654321
80.3681
75.7505
70.107
83.5629
85.3299
81.6778
68.8926
54.8077
39.7804
83.7814
-654321
74.7641
69.5554
81.8751
84.4608
85.7302
79.0948
65.5265
55.2482
40.654
79.176
-654321
69.7318
76.8402
83.2791
85.1465
81.8338
80.5355
68.296
55.2145
40.4939
74.3233
-654321
75.6982
81.0002
85.5488
85.2898
84.4882
77.9127
70.923
53.4406
40.5612
70.5036
-654321
51.1214
71.2597
82.8059
94.5174
102.702
103.259
104.049
102.309
97.679
39.2234
-654321
68.5494
86.0358
98.5182
103.577
101.954
97.1599
101.345
98.7703
41.5758
56.5107
-654321
76.9011
93.422
105.699
106.041
103.255
103.845
97.6938
53.2847
40.2941
64.3491
-654321
96.9015
100.835
103.847
106.392
101.03
98.1611
68.5212
55.7985
40.7244
82.9411
-654321
104.032
102.867
103.594
102.781
98.2186
85.0194
66.8635
55.6043
39.5684
90.8063
-654321
104.955
103.726
102.767
99.105
96.6144
80.4232
70.115
56.3271
41.6155
100.903
-654321
104.893
102.319
99.0108
100.214
95.5805
83.6173
69.2989
54.5948
41.6247
102.216
-654321
101.597
98.7996
103.995
104.41
92.3776
79.1998
67.687
53.7972
40.8951
103.057
-654321
100.684
103.59
103.55
100.154
95.9341
85.4377
65.9449
52.55
40.1502
101.693
-654321
104.492
104.044
105.577
98.6618
94.1325
79.4625
70.7349
54.8791
39.7183
100.509
-654321
53.7406
69.6838
78.5049
99.358
100.309
120.648
116.295
122.114
120.154
41.4394
-654321
72.8403
81.3339
88.3085
107.136
121.576
115.41
121.175
119.963
40.8112
54.5613
-654321
79.8886
95.4734
111.81
110.639
117.62
117.594
120.964
55.7245
40.1624
69.4306
-654321
94.902
105.513
116.653
115.746
122.297
122.893
67.0458
55.7254
39.665
78.6345
-654321
105.114
113.452
122.795
121.463
121.083
83.726
73.5229
54.6809
40.8053
101.712
-654321
113.248
120.358
120.817
116.355
99.5799
79.3058
68.7846
53.2883
41.0017
108.724
-654321
121.279
124.336
119.872
109.361
97.6421
79.1243
72.904
51.9042
41.8249
117.06
-654321
123.924
121.727
123.281
109.974
98.3258
83.3059
67.7562
52.9869
41.0602
115.784
-654321
121.387
116.561
119.554
113.556
96.0532
83.904
67.0307
52.9752
40.2064
122.112
-654321
123.723
122.66
117.371
105.86
97.2121
80.1636
68.5403
52.7637
40.9714
121.806
-654321
54.164
70.3722
82.4074
96.8324
111.851
122.901
133.627
138.485
138.129
39.505
-654321
68.8859
86.5175
94.3111
119.595
122.998
131.844
136.36
137.973
38.6681
52.8327
-654321
83.0954
93.1894
111.31
130.058
129.276
134.674
136.765
54.0848
39.1651
64.7197
-654321
96.7997
111.198
119.439
135.146
138.202
138.534
66.5935
55.2695
39.1566
81.899
-654321
111.928
122.02
129.752
138.619
136.85
75.5631
67.0092
55.4232
41.9346
89.1406
-654321
122.985
133.022
139.318
133.87
95.0676
83.7986
68.5631
53.2643
39.7009
112.157
-654321
133.649
135.992
134.499
106.91
93.5065
81.7941
63.5608
56.3737
40.6095
119.988
-654321
139.7
142.501
128.433
108.348
95.0197
81.5718
73.3022
53.8643
40.3906
125.918
-654321
137.665
131.763
123.92
113.992
100.123
83.9441
68.6287
55.8459
40.4798
136.536
-654321
135.177
132.637
124.901
111.739
94.4648
84.5404
68.5709
55.1516
40.2074
141.945
-654321
55.6469
68.2907
79.7576
92.7373
108.48
132.7
140.821
147.294
151.319
40.4094
-654321
69.1107
80.3366
97.1153
105.872
124.902
141.9
146.345
151.09
40.5365
55.1648
-654321
85.8234
96.3874
112.235
115.337
142.29
132.401
153.554
55.3882
40.4593
67.0939
-654321
96.558
112.983
126.657
135.797
147.507
152.9
67.6053
53.8741
41.169
81.9927
-654321
111.148
124.395
139.593
151.233
153.475
83.3787
67.1867
54.0151
40.1427
98.2969
-654321
116.254
131.108
152.042
152.103
91.266
76.9946
72.6312
53.9273
39.6593
112.529
-654321
142.856
147.249
151.56
112.785
98.8219
83.5364
66.3464
54.821
40.7846
125.712
-654321
140.517
151.385
126.587
110.61
96.7098
86.2713
69.1292
57.494
40.2099
135.393
-654321
151.193
135.629
125.019
111.434
99.9548
87.5439
67.854
53.0419
40.4265
148.42
-654321
142.747
134.69
120.577
108.643
98.1308
86.0001
70.4024
53.8549
41.2558
153.962
-654321
52.4881
72.3143
82.2506
94.609
116.325
131.882
141.742
149.919
161.214
40.8265
-654321
66.7517
83.5188
100.172
124.55
129.872
135.425
144.002
159.076
41.7108
52.1636
-654321
79.9057
92.8896
113.514
125.136
135.395
157.952
171.273
52.841
39.7018
66.7265
-654321
96.3022
111.469
130.418
144.225
155.227
155.153
66.5327
53.8638
40.7249
83.5343
-654321
109.969
121.417
132.57
156.732
160.434
81.8122
69.607
56.312
38.995
100.731
-654321
109.422
141.303
149.913
160.098
86.4121
86.4149
71.91
55.1119
41.8173
112.458
-654321
135.467
145.062
163.084
115.037
95.9265
81.1722
67.3337
56.7019
40.1759
131.604
-654321
148.962
161.298
125.64
116.667
94.0056
85.5627
67.2234
56.0593
40.6213
138.718
-654321
160.55
133.26
131.679
106.003
99.4146
82.3243
67.5773
54.7429
40.7188
145.878
-654321
150.52
142.714
125.189
109.103
94.1469
83.3911
70.8169
54.8923
40.5883
158.659
-654321
44.6938
54.8257
68.1995
71.6288
78.6223
94.0104
104.025
114.547
120.043
36.9191
-654321
53.7849
64.0378
75.2796
82.2943
94.0819
103.831
107.874
123.858
36.2364
42.0997
-654321
65.292
71.0384
84.5311
89.2718
103.195
109.234
118.007
44.6643
35.0296
56.8768
-654321
74.1846
84.8322
91.7226
101.911
114.127
118.575
54.7933
45.2353
34.5241
62.86
-654321
84.2001
88.0981
105.249
105.803
119.06
62.7481
52.0811
44.0157
35.2499
69.4649
-654321
88.0882
100.644
113.276
122.805
72.6339
65.4002
54.0037
46.0167
35.8239
82.1125
-654321
104.752
106.84
117.665
83.7907
70.7419
63.1713
55.013
45.5543
35.0528
98.1254
-654321
110.842
122.198
92.9348
83.9857
75.4523
67.3414
55.2925
45.2115
35.8517
101.678
-654321
120.033
92.4888
95.0032
80.6923
75.3114
59.2389
55.0902
45.8402
36.7603
116.218
-654321
111.267
103.568
90.8238
81.1305
72.985
94.5108
54.1634
45.8801
35.8283
118.994
-654321
