120.082
120.918
-654321
116.802
120.413
120.07
-654321
112.899
120.464
116.589
-654321
108.88
116.825
112.981
-654321
104.816
112.867
146.265
-654321
100.976
124.867
104.662
-654321
96.9766
105.014
101.088
-654321
92.948
100.826
96.973
-654321
88.8995
96.8898
92.9037
-654321
113.117
92.9201
118.944
-654321
80.7947
88.7499
85.0643
-654321
76.8384
84.8744
80.7469
-654321
73.2492
80.8089
76.7645
-654321
69.0253
76.9923
73.0374
-654321
65.1153
72.7537
69.0358
-654321
60.9431
68.872
65.2647
-654321
56.4245
65.1793
60.7928
-654321
53.1808
61.0589
57.4993
-654321
49.2457
56.6846
52.9361
-654321
43.8484
52.7193
48.8555
-654321
41.2683
78.1375
75.517
-654321
71.4292
52.718
40.9879
-654321
71.3765
74.3568
72.6506
-654321
68.8707
73.1194
69.9205
-654321
66.3027
70.6027
27.9483
-654321
21.2844
28.3426
65.8239
-654321
62.378
67.7341
65.3655
-654321
59.7828
65.0145
61.14
-654321
55.3583
61.511
61.7345
-654321
56.6733
58.6458
62.1672
-654321
54.9033
58.3844
3.94359
-654321
50.759
56.7567
51.9372
-654321
50.3821
53.4768
53.3671
-654321
45.4817
52.6685
48.0934
-654321
52.1503
47.7964
45.3113
-654321
47.5204
46.693
45.2467
-654321
43.3896
48.1201
48.6214
-654321
115.208
44.3437
42.8486
-654321
115.208
115.208
115.208
-654321
115.208
115.208
115.208
-654321
115.208
115.208
115.208
-654321
115.208
115.208
115.208
-654321
115.208
115.208
115.208
-654321
115.208
115.208
115.208
-654321
115.208
115.208
115.208
-654321
115.208
115.208
115.208
-654321
115.208
115.208
115.208
-654321
115.208
115.208
115.208
-654321
115.208
115.208
115.208
-654321
115.208
115.208
-654321
137.872
128.567
-654321
138.227
128.918
138.567
-654321
134.946
138.45
138.613
-654321
129.559
138.431
135.292
-654321
123.347
134.527
129.368
-654321
117.835
129.131
123.291
-654321
111.777
123.476
117.755
-654321
105.692
117.689
111.933
-654321
99.8313
111.613
105.898
-654321
93.5745
105.623
99.5306
-654321
87.8834
99.5251
93.0842
-654321
81.7701
93.5605
87.6493
-654321
75.3939
87.6194
82.2272
-654321
69.3466
81.6599
75.2852
-654321
63.5993
75.5674
70.3542
-654321
56.9906
69.8874
63.576
-654321
52.5062
63.6741
71.4034
-654321
45.8289
57.6755
52.2442
-654321
38.3119
51.4158
62.2673
-654321
55.6424
45.9609
40.0223
-654321
27.4746
39.038
87.7625
-654321
47.3135
56.3592
86.5559
-654321
53.1502
86.4701
47.1824
-654321
39.7475
46.909
80.0045
-654321
79.1266
42.4306
80.216
-654321
42.3072
80.5332
78.768
-654321
27.3928
3.54364
76.0927
-654321
70.5356
40.9115
71.7561
-654321
69.7068
73.0156
68.6821
-654321
17.248
71.3117
72.5368
-654321
65.0309
69.9236
66.5213
-654321
60.6821
67.4841
115.208
-654321
0
115.208
115.208
-654321
0.230175
60.6971
60.5213
-654321
61.6063
62.4884
115.208
-654321
115.208
62.5368
115.208
-654321
115.208
115.208
115.208
-654321
115.208
115.208
115.208
-654321
115.208
115.208
115.208
-654321
115.208
115.208
115.208
-654321
115.208
115.208
115.208
-654321
115.208
115.208
115.208
-654321
115.208
115.208
115.208
-654321
115.208
115.208
115.208
-654321
115.208
115.208
115.208
-654321
115.208
115.208
115.208
-654321
115.208
115.208
115.208
-654321
115.208
115.208
115.208
-654321
115.208
115.208
115.208
-654321
115.208
115.208
-654321
144.498
129.996
-654321
151.981
128.987
142.526
-654321
158.029
143.437
154.189
-654321
157.002
152.84
157.626
-654321
152.562
156.887
157.008
-654321
147.483
155.949
152.92
-654321
142.236
152.444
148.228
-654321
135.608
146.347
141.504
-654321
130.339
141.544
135.989
-654321
124.417
135.644
130.052
-654321
118.276
129.442
123.751
-654321
112.399
123.895
117.882
-654321
106.497
117.772
112.049
-654321
99.8762
112.047
106.163
-654321
93.6717
106.695
100.283
-654321
88.0094
99.7671
94.5312
-654321
87.1623
94.5837
87.8113
-654321
76.65
88.2381
82.6382
-654321
79.4949
81.2119
77.0495
-654321
63.0659
75.794
78.3187
-654321
57.2375
79.2666
73.8731
-654321
66.3416
64.1691
70.4885
-654321
63.0062
58.0474
67.949
-654321
41.3651
67.2966
45.9915
-654321
53.7457
92.6286
91.4318
-654321
60.3521
70.8142
55.9614
-654321
45.6178
56.284
82.6728
-654321
84.976
87.7547
84.5227
-654321
81.7342
115.208
39.8818
-654321
78.5107
80.1224
115.208
-654321
115.208
79.3064
115.208
-654321
73.7348
72.7005
76.1349
-654321
69.5625
75.3545
115.208
-654321
64.7005
73.9677
70.1224
-654321
115.208
115.208
115.208
-654321
115.208
115.208
115.208
-654321
115.208
115.208
115.208
-654321
115.208
115.208
115.208
-654321
115.208
115.208
115.208
-654321
115.208
115.208
115.208
-654321
115.208
115.208
115.208
-654321
115.208
115.208
115.208
-654321
115.208
115.208
115.208
-654321
115.208
115.208
115.208
-654321
115.208
115.208
115.208
-654321
115.208
115.208
115.208
-654321
115.208
115.208
115.208
-654321
115.208
115.208
115.208
-654321
115.208
115.208
115.208
-654321
115.208
115.208
-654321
142.06
124.657
-654321
159.515
130.535
141.845
-654321
169.68
135.538
156.795
-654321
173.741
157.186
167.049
-654321
174.741
168.548
173.678
-654321
172.566
172.383
175.279
-654321
166.351
176.169
173.415
-654321
164.398
172.274
168.495
-654321
158.167
166.622
162.359
-654321
152.562
163.475
156.939
-654321
146.638
158.698
152.443
-654321
141.081
152.526
146.602
-654321
135.017
146.747
140.532
-654321
129.184
140.682
134.93
-654321
122.397
134.821
129.161
-654321
117.463
129.234
122.755
-654321
105.518
113.675
117.229
-654321
104.174
115.541
111.378
-654321
98.0969
106.419
103.007
-654321
91.8077
105.718
109.015
-654321
89.9655
99.7117
95.6809
-654321
104.216
94.244
90.1769
-654321
101.181
85.8475
104.669
-654321
78.2961
85.1836
79.7271
-654321
73.7656
82.1955
67.8041
-654321
96.1115
68.3189
75.4755
-654321
90.5882
97.3193
73.1257
-654321
90.7644
94.1246
88.2352
-654321
91.7621
93.4253
74.3775
-654321
84.8016
94.7791
90.44
-654321
80.2352
89.4253
83.5107
-654321
82.1068
88.7562
86.7618
-654321
77.5107
88.1034
80.8015
-654321
115.208
86.0983
46.4781
-654321
115.208
115.208
115.208
-654321
115.208
115.208
115.208
-654321
115.208
115.208
115.208
-654321
115.208
115.208
115.208
-654321
115.208
115.208
115.208
-654321
115.208
115.208
115.208
-654321
115.208
115.208
115.208
-654321
115.208
115.208
115.208
-654321
115.208
115.208
115.208
-654321
115.208
115.208
115.208
-654321
115.208
115.208
115.208
-654321
115.208
115.208
115.208
-654321
115.208
115.208
115.208
-654321
115.208
115.208
115.208
-654321
115.208
115.208
115.208
-654321
115.208
115.208
-654321
143.346
127.794
-654321
162.724
124.387
142.837
-654321
167.333
133.362
158.037
-654321
182.251
159.781
170.432
-654321
190.279
171.264
186.37
-654321
194.546
182.107
193.126
-654321
194.303
188.881
190.873
-654321
190.967
191.607
192.388
-654321
186.112
195.238
188.634
-654321
180.456
191.759
187.489
-654321
177.861
185.585
183.991
-654321
170.058
183.027
178.567
-654321
167.332
177.155
172.286
-654321
160.191
171.336
164.986
-654321
155.002
166.943
160.857
-654321
148.782
160.702
154.45
-654321
142.647
154.281
130.875
-654321
137.453
148.022
142.765
-654321
130.303
126.964
135.994
-654321
124.026
136.15
119.551
-654321
119.574
117.968
114.967
-654321
106.295
125.126
110.229
-654321
117.701
110.472
105.628
-654321
98.0682
114.631
110.485
-654321
96.8071
102.782
99.1783
-654321
106.51
111.452
99.4161
-654321
88.3174
95.4792
108.766
-654321
102.098
102.208
104.795
-654321
78.5455
103.776
98.8693
-654321
101.114
101.875
97.5585
-654321
115.208
101.72
115.208
-654321
88.8122
115.208
115.208
-654321
92.3286
92.1818
93.6392
-654321
115.208
95.0276
115.208
-654321
85.5585
86.8122
115.208
-654321
89.114
87.5615
115.208
-654321
115.208
88.3286
87.7199
-654321
115.208
115.208
115.208
-654321
115.208
115.208
115.208
-654321
115.208
115.208
115.208
-654321
115.208
115.208
115.208
-654321
115.208
115.208
115.208
-654321
115.208
115.208
115.208
-654321
115.208
115.208
115.208
-654321
115.208
115.208
115.208
-654321
115.208
115.208
115.208
-654321
115.208
115.208
115.208
-654321
115.208
115.208
115.208
-654321
115.208
115.208
115.208
-654321
115.208
115.208
-654321
133.737
124.951
-654321
159.179
124.506
141.21
-654321
151.562
148.344
155.516
-654321
190.412
151.279
164.944
-654321
197.123
172.615
181.736
-654321
206.272
182.805
195.844
-654321
208.977
197.854
201.071
-654321
211.733
207.55
208.673
-654321
210.002
209.922
210.629
-654321
206.448
213.849
209.701
-654321
201.859
208.688
205.212
-654321
196.291
204.022
194.512
-654321
192.488
200.37
198.267
-654321
189.374
196.061
194.046
-654321
183.023
194.701
188.402
-654321
177.631
182.85
153.043
-654321
172.432
179.677
178.297
-654321
142.797
178.267
170.398
-654321
159.954
172.59
166.021
-654321
135.822
166.741
137.885
-654321
130.128
138.98
133.443
-654321
125.378
153.248
129.182
-654321
134.377
130.985
124.832
-654321
119.039
126.967
119.208
-654321
116.423
135.651
120.948
-654321
117.64
130.465
118.195
-654321
119.647
118.433
124.957
-654321
109.766
113.468
105.994
-654321
96.6035
105.996
113.474
-654321
103.906
112.079
115.208
-654321
115.208
99.3889
115.208
-654321
102.696
115.208
106.087
-654321
80.6035
107.474
115.208
-654321
115.208
103.381
115.208
-654321
115.208
115.208
115.208
-654321
98.8571
115.208
115.208
-654321
95.4744
92.5097
115.208
-654321
90.6956
91.9059
94.0869
-654321
115.208
91.3015
115.208
-654321
115.208
115.208
115.208
-654321
115.208
115.208
115.208
-654321
115.208
115.208
115.208
-654321
115.208
115.208
115.208
-654321
115.208
115.208
115.208
-654321
115.208
115.208
115.208
-654321
115.208
115.208
115.208
-654321
115.208
115.208
115.208
-654321
115.208
115.208
115.208
-654321
115.208
115.208
115.208
-654321
115.208
115.208
-654321
142.839
127.001
-654321
165.64
124.197
142.833
-654321
170.463
142.701
155.396
-654321
180.723
157.717
167.253
-654321
203.216
174.938
188.661
-654321
211.568
185.382
197.73
-654321
215.494
203.774
204.173
-654321
226.902
207.185
223.238
-654321
228.986
225.882
226.983
-654321
229.483
223.085
226.082
-654321
224.859
228.594
226.528
-654321
225.636
229.987
225.144
-654321
222.076
221.725
221.628
-654321
208.724
223.771
212.678
-654321
211.713
222.185
207.1
-654321
204.959
211.604
206.984
-654321
164.067
210.452
198.541
-654321
160.445
204.981
199.081
-654321
189.78
200.186
191.745
-654321
180.484
161.16
158.263
-654321
176.953
189.555
182.473
-654321
147.473
154.537
150.514
-654321
163.053
137.207
160.52
-654321
137.591
131.978
144.887
-654321
150.73
137.253
139.065
-654321
130.016
157.825
132.645
-654321
121.642
127.967
127.907
-654321
121.658
125.984
115.208
-654321
125.545
123.993
123.977
-654321
115.208
124.309
115.208
-654321
116.99
122.64
114.158
-654321
112.317
114.284
114.988
-654321
101.343
114.988
113.372
-654321
109.609
115.637
110.978
-654321
102.234
114.309
115.208
-654321
115.208
115.208
115.208
-654321
115.208
115.208
115.208
-654321
115.208
115.208
115.208
-654321
115.208
115.208
115.208
-654321
115.208
115.208
115.208
-654321
115.208
115.208
115.208
-654321
115.208
115.208
115.208
-654321
115.208
115.208
115.208
-654321
115.208
115.208
115.208
-654321
115.208
115.208
115.208
-654321
115.208
115.208
115.208
-654321
115.208
115.208
115.208
-654321
115.208
115.208
115.208
-654321
115.208
115.208
115.208
-654321
115.208
115.208
-654321
136.178
127.234
-654321
150.099
130.407
139.757
-654321
167.688
144.408
151.295
-654321
189.96
157.405
168.65
-654321
204.14
179.09
183.32
-654321
212.217
186.715
202.46
-654321
231.185
196.186
214.755
-654321
235.435
212.665
223.005
-654321
242.999
221.155
239.027
-654321
242.472
234.665
240.079
-654321
246.483
243.95
248.429
-654321
244.622
248.443
244.221
-654321
243.623
245.376
245.022
-654321
240.192
244.635
246.804
-654321
238.903
240.881
244.749
-654321
235.355
243.71
231.454
-654321
183.094
233.161
225.821
-654321
223.485
224.96
181.14
-654321
216.676
215.587
222.058
-654321
197.932
181.509
176.129
-654321
209.173
176.455
175.478
-654321
167.706
213.889
145.77
-654321
140.415
171.862
168.204
-654321
140.477
201.805
164.11
-654321
138.765
141.638
141.084
-654321
151.297
171.094
138.156
-654321
135.401
137.818
135.859
-654321
132.804
115.208
162.49
-654321
153.208
136.877
115.208
-654321
136.331
137.159
128.063
-654321
125.466
130.838
125.44
-654321
125.699
134.378
125.905
-654321
122.99
124.645
115.208
-654321
118.06
122.645
125.99
-654321
115.208
121.025
115.208
-654321
115.208
115.208
115.208
-654321
115.208
115.208
115.208
-654321
115.208
115.208
115.208
-654321
115.208
115.208
115.208
-654321
115.208
115.208
115.208
-654321
115.208
115.208
115.208
-654321
115.208
115.208
115.208
-654321
115.208
115.208
115.208
-654321
115.208
115.208
115.208
-654321
115.208
115.208
115.208
-654321
115.208
115.208
115.208
-654321
115.208
115.208
115.208
-654321
115.208
115.208
115.208
-654321
115.208
115.208
115.208
-654321
115.208
115.208
-654321
141.903
126.706
-654321
155.549
127.819
142.448
-654321
171.592
141.963
159.877
-654321
182.752
157.951
176.533
-654321
208.627
172.942
187.136
-654321
212.514
187.83
199.8
-654321
229.357
196.888
209.217
-654321
237.424
216.776
226.804
-654321
253.396
223.987
245.631
-654321
256.986
242.051
251.87
-654321
263.018
248.741
253.54
-654321
260.639
251.129
262.147
-654321
264.605
264.573
262.421
-654321
264.134
260.173
263.137
-654321
254.42
256.958
257.916
-654321
253.497
261.456
265.406
-654321
250.12
259.25
235.53
-654321
243.88
204.019
258.509
-654321
194.978
254.406
248.723
-654321
188.788
194.903
194.462
-654321
188.58
195.015
242.07
-654321
208.566
241.567
189.644
-654321
183.104
189.776
185.903
-654321
179.944
232.957
196.171
-654321
150.325
152
179.18
-654321
173.47
148.375
146.366
-654321
179.508
174.804
147.459
-654321
175.668
170.114
147.083
-654321
139.619
142.566
161.26
-654321
155.33
140.024
138.349
-654321
133.879
115.208
115.208
-654321
129.715
115.208
115.208
-654321
115.208
115.208
127.456
-654321
115.208
115.208
115.208
-654321
129.88
115.208
135.104
-654321
115.208
130.812
126.914
-654321
115.208
115.208
115.208
-654321
115.208
115.208
115.208
-654321
115.208
115.208
115.208
-654321
115.208
115.208
115.208
-654321
115.208
115.208
115.208
-654321
115.208
115.208
115.208
-654321
115.208
115.208
115.208
-654321
115.208
115.208
115.208
-654321
115.208
115.208
115.208
-654321
115.208
115.208
115.208
-654321
115.208
115.208
115.208
-654321
115.208
115.208
115.208
-654321
115.208
115.208
115.208
-654321
115.208
115.208
-654321
134.647
121.898
-654321
146.933
124.304
133.093
-654321
155.139
134.063
142.403
-654321
158.611
138.437
154.415
-654321
170.022
153.873
160.21
-654321
175.871
167.808
173.438
-654321
184.382
165.592
176.874
-654321
196.734
183.767
185.751
-654321
208.221
188.532
200.188
-654321
210.588
202.417
209.623
-654321
216.875
207.872
215.506
-654321
222.112
215.908
219.906
-654321
242.816
213.981
224.317
-654321
221.762
217.449
220.31
-654321
222.244
222.806
242.771
-654321
221.535
245.044
222.332
-654321
221.256
222.897
221.923
-654321
215.455
237.713
217.111
-654321
210.807
221.524
217.158
-654321
198.858
228.586
214.445
-654321
208.725
206.963
211.629
-654321
205.097
210.508
205.154
-654321
201.87
207.371
208.607
-654321
198.485
161.098
197.964
-654321
157.456
159.865
157.379
-654321
157.361
197.426
159.677
-654321
156.482
197.093
191.205
-654321
185.224
157.66
155.796
-654321
153.353
155.883
154.169
-654321
151.366
155.499
153.723
-654321
148.972
115.208
115.208
-654321
146.54
115.208
115.208
-654321
141.427
115.208
142.922
-654321
135.452
144.431
115.208
-654321
132.608
115.208
115.208
-654321
115.208
115.208
115.208
-654321
115.208
115.208
115.208
-654321
115.208
115.208
115.208
-654321
115.208
115.208
115.208
-654321
115.208
115.208
115.208
-654321
115.208
115.208
115.208
-654321
115.208
115.208
115.208
-654321
115.208
115.208
115.208
-654321
115.208
115.208
115.208
-654321
115.208
115.208
115.208
-654321
115.208
115.208
115.208
-654321
115.208
115.208
115.208
-654321
115.208
115.208
115.208
-654321
115.208
115.208
115.208
-654321
115.208
115.208
-654321
