81.2212
88.3863
86.2587
69.9203
86.9632
61.8005
57.916
53.9483
79.818
81.442
-654321
78.0651
74.0215
70.2752
66.2865
62.2299
83.9281
54.5161
50.3844
46.4172
83.8428
81.5735
-654321
74.1852
70.1048
66.08
62.422
58.2671
54.3523
50.0047
46.4484
68.3084
81.4353
81.9721
78.5091
-654321
70.2951
65.9659
62.1095
57.9189
54.2023
49.9125
46.135
42.2116
37.9319
99.1858
80.9318
84.7859
73.6774
-654321
66.2267
62.1585
58.0529
54.0557
50.3931
45.8194
42.0432
38.2177
33.8583
73.7391
78.0555
81.6449
81.6796
69.702
-654321
62.2328
92.0418
54.4934
49.8147
46.0634
41.6397
38.0368
33.8872
30.0206
70.4067
74.1668
78.4074
81.7359
81.6685
66.1176
-654321
58.1999
53.7612
49.8102
46.0779
68.1889
37.8367
33.8695
30.0021
25.9213
66.1068
70.003
73.9027
77.6725
81.3836
81.6026
97.8992
-654321
54.1916
49.7187
46.0109
42.1677
38.0762
33.9071
29.9407
44.0829
21.688
62.1226
65.9604
70.2085
73.7961
95.1966
81.8259
81.6713
57.9994
-654321
49.9638
46.4549
42.2512
37.5177
34.0336
30.2327
26.0275
21.8326
18.1063
58.0864
62.0046
65.9142
69.8571
74.1849
78.4088
81.0173
81.9221
53.7899
-654321
45.8474
41.7736
37.5401
33.8876
30.128
25.7561
22.2711
18.0107
13.8875
54.051
58.127
62.1395
66.0494
69.9131
74.1476
77.8817
82.0966
81.6609
50.1036
-654321
42.1712
37.6583
56.2627
30.0294
26.2248
22.5363
18.6424
14.1923
9.92892
50.0414
54.1758
57.9291
61.7199
66.0989
70.1535
74.0381
77.9981
92.9516
46.3764
-654321
38.3422
34.798
30.1547
26.0721
22.2869
18.0915
14.4528
10.4388
45.9868
50.0553
54.2157
57.868
61.9617
66.116
70.2868
74.0136
78.0618
42.1026
-654321
34.4325
30.0252
25.6921
21.8907
17.8306
13.842
9.46157
42.0288
46.0581
49.9474
53.6234
57.961
62.1547
66.1945
70.2637
74.0577
38.0641
-654321
30.0337
26.3115
22.3557
18.0514
14.2382
9.77122
37.5491
42.0626
46.5072
49.7276
54.6216
57.5832
61.7548
66.2333
69.8771
34.0973
-654321
26.0838
21.8896
18.5317
14.0366
9.87027
34.0586
37.8232
42.269
46.0994
49.6397
54.0959
58.0761
62.13
103.957
29.7019
-654321
22.0981
17.9893
13.7091
9.88107
30.0326
34.1772
38.2969
41.9861
46.0032
49.8366
53.968
58.0027
62.0481
25.6445
-654321
18.0008
14.4474
9.45679
26.1297
30.1933
33.7737
38.2958
41.6992
46.2434
49.9552
54.098
57.9836
22.3402
-654321
14.3172
10.1694
21.7987
26.1255
30.1388
34.239
38.233
42.1587
45.9323
49.4692
54.2441
18.5639
-654321
10.518
17.9263
22.1428
25.4299
29.9299
34.3238
38.557
42.174
45.9754
50.0439
13.8778
-654321
14.1428
17.9442
22.2115
25.2915
29.8732
33.6174
37.9643
42.5778
45.8578
9.78544
-654321
98.5817
97.7017
94.3637
89.6706
83.804
77.8925
71.9957
66.2813
60.2011
90.5971
-654321
99.3019
95.2278
90.0535
84.4221
78.7626
72.9588
66.8941
60.6792
54.663
89.916
99.2093
-654321
95.9396
90.7779
84.5363
79.2764
72.7987
66.7434
60.9161
54.9904
48.9919
98.7796
90.9125
98.8422
-654321
90.5276
85.5197
79.6526
73.4249
67.4119
61.2298
55.8379
49.5366
43.2037
99.5621
98.1778
90.4932
96.1197
-654321
84.9596
78.6797
73.0906
67.0612
61.0481
54.5771
49.4863
43.0275
36.6442
95.9013
99.1831
98.9422
90.4522
90.5704
-654321
78.8519
72.6811
66.8775
61.1703
54.4808
49.0655
42.6098
36.6845
31.2778
90.6803
95.7206
99.0901
97.7834
91.2938
84.879
-654321
72.6097
66.3938
61.0687
54.9206
48.7857
43.0131
36.5627
31.3957
24.9663
84.5982
90.0146
96.1091
99.182
97.8752
90.4021
78.7602
-654321
66.8367
61.0213
55.2274
48.4082
42.5023
37.2539
30.6152
24.7639
18.9813
79.0425
85.2752
91.0003
95.6427
99.9015
99.7694
90.4161
72.5077
-654321
60.811
55.075
48.909
42.9162
36.6794
31.0449
24.8618
18.9338
12.5964
72.7745
79.6017
84.8756
91.4331
97.0866
97.7899
98.9297
90.326
66.8284
-654321
55.0582
48.9987
43.2462
36.8035
30.748
25.3869
19.0293
12.2967
6.65375
66.9757
73.054
79.0841
83.7997
91.206
95.51
98.9253
99.2515
91.7224
60.8316
-654321
48.5258
42.7188
37.324
31.3223
24.6739
18.8116
13.2064
6.97783
1.16058
60.7832
66.9545
72.8869
78.6763
84.5288
90.7487
96.0165
100.095
98.6722
54.4114
-654321
43.0375
37.1777
31.0739
25.1305
18.4296
12.9336
6.53008
0.894083
55.0948
60.4671
66.9614
72.5872
79.0312
85.2084
90.9087
95.6791
99.4582
48.7822
-654321
37.66
31.137
25.0572
19.312
13.505
6.58879
1.02713
48.4332
55.0033
60.9746
67.2534
73.179
79.2197
84.3568
90.4825
95.0182
42.4983
-654321
31.1635
25.1649
19.2086
13.0752
7.29046
0.63748
42.7615
48.8379
54.9687
61.1452
66.5106
72.8121
79.3081
84.8259
89.9365
37.0251
-654321
25.1356
19.1387
13.0458
6.61283
0.571625
37.2569
43.2082
48.4639
54.8363
60.3968
66.3435
73.0726
79.2377
84.9334
30.3087
-654321
18.6533
12.51
6.9729
1.14554
30.863
36.3947
43.1404
48.9497
54.1095
61.02
67.3645
72.6963
78.7322
24.9842
-654321
12.1271
7.07115
1.81318
24.4705
31.2067
36.0942
42.7555
48.8715
55.3989
60.9991
68.0243
72.8918
19.5647
-654321
7.10271
0.465536
18.7257
24.7048
31.5981
37.2002
43.2216
49.1715
54.4054
60.7569
67.1204
13.2225
-654321
0
13.6701
18.8278
25.057
31.6098
36.4899
42.7407
48.7539
54.8546
60.9614
7.41148
-654321
6.66482
12.9264
18.8371
24.947
31.2358
36.7745
43.0753
49.8642
55.2099
1.18216
-654321
105.19
114.712
117.908
116.592
112.182
109.073
103.423
97.3372
92.2794
88.9494
-654321
112.689
117.52
117.599
112.593
109.321
103.228
97.2
90.9502
85.1746
89.7054
101.514
-654321
119.107
116.353
113.098
109.207
102.787
97.5858
91.6745
85.8381
79.732
103.551
90.4126
112.867
-654321
117.26
113.712
108.494
103.237
98.2284
91.8227
85.5443
80.0296
73.7254
114.09
103.182
90.3639
118.404
-654321
114.053
109.034
102.654
98.0868
91.6796
85.9828
79.934
73.6466
68.4763
118.14
117.311
103.229
90.5947
117.881
-654321
108.742
103.342
97.0921
91.649
85.5848
79.7542
74.1251
68.1405
61.8323
116.993
118.693
114.188
104.474
90.826
113.843
-654321
103.006
97.2637
91.5829
85.3869
79.7093
73.7703
67.8531
61.8314
55.3195
113.431
119.015
119.796
116.317
105.54
91.4582
108.575
-654321
97.993
92.4622
85.5748
79.2557
73.9631
67.9578
61.4928
56.6581
50.09
107.156
114.274
117.551
118.104
112.697
106.022
90.3812
103.468
-654321
92.1219
85.3878
79.4279
74.3334
67.8559
60.9374
56.0394
49.9959
43.6293
103.214
108.798
114.047
117.426
116.909
115.357
105.938
91.3086
98.1896
-654321
85.3845
79.4881
73.6219
67.5965
61.2536
56.2607
49.6047
43.3998
37.9272
97.7301
103.483
108.362
111.367
116.564
118.763
110.92
102.729
91.2427
91.7853
-654321
79.5041
73.2176
68.1272
62.0936
55.6008
48.7743
43.2054
38.2508
32.2802
91.1438
97.1253
103.638
107.361
113.729
116.579
116.833
110.028
106.798
85.5893
-654321
74.1957
68.1057
61.4301
55.2722
49.9467
44.5946
37.5384
31.787
85.8899
91.7111
96.612
103.707
109.368
114.121
119.2
118.129
113.139
79.483
-654321
66.9698
61.713
55.5476
49.6366
43.8955
37.4025
30.8729
79.5371
85.5849
91.058
97.1828
103.071
109.441
114.518
118.356
117.901
73.5153
-654321
62.1151
55.1968
49.5529
43.2159
37.6056
32.1673
74.2655
80.0994
85.5241
91.7405
96.9751
100.567
108.261
113.671
116.128
67.6369
-654321
55.2083
50.2221
44.6377
37.2837
32.3753
67.9931
73.7366
79.3185
85.1656
91.9209
96.4954
103.038
108.422
113.522
61.8447
-654321
50.3233
44.3896
38.1473
31.7075
62.3957
67.723
73.6498
79.2924
84.4526
91.9286
97.5154
101.698
108.778
55.8732
-654321
44.8466
37.9579
31.093
55.9803
61.3062
67.7697
73.2465
79.9675
85.5865
91.5062
97.1808
102.298
49.4698
-654321
37.3163
31.3342
50.2348
56.477
62.3127
67.8556
73.5093
79.8568
85.7365
91.8247
97.6965
44.7067
-654321
31.6071
44.5572
49.7875
55.7614
61.5479
68.3886
72.915
79.2017
85.7878
91.8524
37.2977
-654321
36.8035
43.8672
49.5229
55.5703
62.3992
67.7015
74.5507
79.7222
85.6611
31.6868
-654321
100.263
119.083
124.864
138.256
137.617
132.067
129.936
125.472
120.045
91.1246
-654321
119.491
128.557
132.895
135.227
131.238
129.317
117.86
118.136
114.346
90.8301
105.108
-654321
126.923
132.524
135.327
133.166
130.686
125.9
121.189
113.115
107.979
104.135
91.0342
114.346
-654321
135.91
136.261
133.069
129.946
124.375
120.024
112.227
108.765
101.997
120.679
103.935
90.4103
130.6
-654321
135.863
132.989
129.169
124.73
118.434
113.336
107.559
101.557
96.261
131.761
117.823
104.137
90.5244
130.633
-654321
133.672
128.528
125.711
118.826
114.639
108.057
102.686
96.2182
90.2798
136.349
130.49
118.041
105.708
90.5202
136.319
-654321
128.487
125.051
119.793
114.451
109.1
102.062
96.9594
90.7729
85.1105
136.494
132.604
127.356
119.467
105.917
90.9088
131.867
-654321
123.518
121.025
114.088
109.23
103.158
96.0288
90.2789
85.2416
78.7842
133.178
136.59
134.8
129.393
121.512
105.226
90.4248
131.571
-654321
119.51
113.329
107.338
102.624
96.9075
91.2448
83.943
77.9076
72.1094
131.511
132.969
137.396
134.185
127.633
116.248
106.031
91.3685
123.918
-654321
114.485
109.156
102.504
96.3375
90.894
84.9761
78.6522
72.529
66.1275
123.027
128.347
132.695
133.985
136.53
127.341
117.107
102.434
90.7623
119.813
-654321
107.742
102.451
96.7473
90.6282
84.4545
78.0322
72.3233
66.2529
61.0779
119.795
124.603
129.314
132.646
134.239
135.453
124.464
114.06
104.937
114.054
-654321
102.252
96.9203
90.1985
85.5393
78.7201
72.5164
66.4534
60.2232
114.244
118.458
123.11
131.138
135.125
134.949
136.513
129.066
119.201
107.631
-654321
95.7367
90.5746
85.1317
78.8321
73.2934
66.7094
60.3502
108.427
112.387
119.803
125.382
128.457
132.599
137.739
133.7
124.754
101.801
-654321
91.308
84.5845
78.3478
73.1153
66.3452
60.6835
102.603
108.538
113.923
119.945
126.113
128.739
132.272
134.169
137.387
95.9146
-654321
84.0115
78.5175
72.859
66.5196
60.344
97.0251
101.997
109.025
113.919
117.142
125.055
131.335
133.686
135.755
90.5107
-654321
79.0264
72.4464
65.8716
61.0538
89.9107
96.8398
102.393
107.864
113.974
118.549
125.816
128.703
133.563
84.2709
-654321
72.7036
66.1896
60.1406
84.4614
89.8021
96.3772
101.671
108.038
114.274
120.233
123.922
127.003
79.9491
-654321
66.1091
60.5394
78.636
84.5241
89.7512
96.5376
101.762
108.461
113.505
118.941
124.911
71.8397
-654321
60.9184
72.8504
78.2425
84.8246
90.3135
97.2109
101.331
107.501
113.378
119.904
66.5149
-654321
65.4745
72.483
79.0681
84.0164
91.2887
96.9859
102.258
108.983
114.202
60.794
-654321
105.114
118.741
136.561
139.084
155.357
156.64
158.056
152.313
149.247
90.466
-654321
118.448
129.998
148.235
153.854
150.894
152.301
147.047
152.578
142.834
90.142
107.264
-654321
133.541
142.347
147.877
152.363
155.051
154.478
148.153
144.002
139.514
105.285
90.0223
122.341
-654321
146.412
146.533
157.867
153.74
155.959
150.247
143.763
137.909
134.289
118.957
105.697
92.368
125.775
-654321
150.705
153.724
147.374
151.451
148.944
145.595
138.311
133.757
126.327
130.359
116.737
103.934
90.6586
140.307
-654321
155.539
154.327
153.481
147.314
145.547
138.472
132.751
128.229
122.632
142.544
131.997
116.973
105.038
90.2421
147.263
-654321
155.02
149.828
148.348
143.458
138.537
133.17
128.041
121.951
116.637
151.349
144.555
131.897
118.378
104.759
90.6009
154.669
-654321
149.168
148.829
144.889
139.33
133.79
127.716
122.547
116.615
110.803
153.927
150.436
142.514
134.157
120.029
104.913
89.2804
153.608
-654321
148.982
146.292
138.969
133.537
127.364
122.936
115.795
110.715
104.595
153.554
150.784
147.993
139.142
132.575
115.502
104.338
91.0812
148.505
-654321
143.656
137.896
134.224
127.774
120.784
116.909
110.885
104.324
98.6499
152.851
152.508
154.099
149.415
142.483
135.657
116.728
103.005
89.6531
150.115
-654321
139.211
134.428
128.99
122.418
116.582
109.565
104.63
98.566
91.6829
149.832
151.611
152.459
152.224
150.427
145.182
132.887
119.089
103.905
143.024
-654321
133.668
127.798
122.525
115.62
110.758
104.469
97.5891
92.4831
143.059
146.348
152.781
155.318
153.824
153.083
147.162
128.717
116.128
139.23
-654321
127.324
122.025
115.887
110.562
104.133
99.5365
92.6279
138.667
144.398
147.687
151.104
153.477
153.911
145.822
145.226
136.697
133.968
-654321
121.65
114.386
110.659
104.81
98.5691
92.4302
133.779
139.838
138.752
150.832
153.855
153.964
153.267
149.617
147.892
127.554
-654321
116.191
110.453
103.806
99.0035
93.0077
128.55
133.669
139.069
143.789
149.67
151.725
157.167
152.66
145.877
123.458
-654321
109.958
103.946
98.5522
92.739
122.968
127.495
132.527
136.75
143.774
148.395
149.81
149.656
152.899
116.305
-654321
103.445
98.2643
92.7216
117.514
122.927
128.747
132.324
139.96
144.433
149.301
150.935
154.207
111.095
-654321
98.7148
92.9048
110.583
116.69
122.741
127.392
132.785
137.294
142.211
148.371
150.627
104.876
-654321
92.875
104.829
110.608
116.334
121.462
127.869
130.301
139.018
142.361
149.333
97.7491
-654321
99.1119
103.065
110.791
117.187
122.272
128.05
134.395
138.218
143.957
93.549
-654321
103.686
120.514
134.699
140.821
149.8
170.866
170.536
171.713
169.138
90.8014
-654321
116.783
129.555
146.065
159.512
167.647
175.039
164.524
171.038
168.346
91.0076
103.237
-654321
127.465
146.349
145.902
162.839
177.188
170.314
172.899
166.787
163.417
104.758
89.9786
117.738
-654321
149.858
158.424
166.026
167.618
168.811
172.479
169.853
162.444
159.466
119.902
105.347
89.0175
133.127
-654321
151.464
165.651
169.962
171.075
167.923
165.093
164.543
160.684
156.531
128.945
119.516
103.81
88.7194
143.878
-654321
166.708
170.589
167.613
173.439
167.46
165.079
160.943
154.728
150.456
148.695
127.089
116.303
101.375
89.2605
152.489
-654321
170.739
172.001
166.531
166.208
163.88
158.625
153.968
151.113
144.102
164.627
156.752
130.278
115.816
102.983
89.4611
167.183
-654321
170.839
170.069
165.766
165.642
156.484
155.458
149.405
143.944
138.587
167.534
160.702
145.877
130.537
118.684
104.2
90.1838
169.742
-654321
166.145
166.888
166.312
159.649
155.405
150.516
143.683
138.585
133.938
169.867
165.413
156.292
147.289
131.638
117.955
104.587
90.0878
171.238
-654321
168.511
165.285
160.446
153.433
150.302
143.88
138.537
132.148
127.181
173.905
166.254
164.484
164.008
140.892
135.323
116.645
104.036
90.898
173.216
-654321
165.022
160.245
156.694
150.647
144.449
139.376
134.069
126.87
121.862
171.055
167.566
168.41
159.76
158.895
137.688
135.952
118.536
103.339
168.778
-654321
162.248
156.528
151.48
142.771
139.193
133.573
127.145
121.978
164.981
167.449
171.281
172.292
169.353
159.472
149.315
131.914
117.48
166.389
-654321
155.587
150.588
145.636
139.875
133.382
127.931
121.849
166.007
163.007
170.861
171.781
167.945
164.833
157.712
154.011
131.005
160.631
-654321
148.735
144.178
139.31
133.267
128.174
122.696
159.659
161.893
168.446
166.282
174.119
173.938
168.693
153.207
143.048
156.102
-654321
145.205
137.892
133.984
127.956
121.687
157.711
159.836
164.371
168.104
173.491
169.459
173.086
170.036
157.27
145.989
-654321
138.053
133.256
127.881
121.745
149.366
152.33
161.94
165.606
166.352
171.555
178.405
173.257
159.915
144.78
-654321
133.264
127.59
121.763
142.949
151.361
154.79
159.806
163.473
169.469
164.159
174.004
167.682
139.137
-654321
127.713
121.445
139.002
144.193
151.312
157.134
160.052
164.958
170.57
172.246
173.294
132.669
-654321
121.211
133.299
138.207
145.086
151.008
153.554
162.091
164.178
167.234
169.642
125.494
-654321
127.82
133.04
138.72
145.605
148.277
155.886
161.372
160.818
167.667
121.954
-654321
103.695
123.484
135.469
141.519
164.395
175.906
173.289
183.092
189.229
89.1079
-654321
122.758
130.842
156.352
152.475
168.479
185.819
184.218
190.988
188.696
89.4164
103.069
-654321
133.181
148.627
160.355
178.863
182.861
185.738
185.536
182.594
190.101
102.578
90.4938
116.412
-654321
144.043
155.473
183.97
182.792
183.267
181.317
189.929
186.948
185.305
114.876
102.866
91.295
135.679
-654321
159.933
178.762
178.23
186.021
185.912
190.339
189.217
177.787
184.109
134.893
117.814
102.723
89.8726
140.33
-654321
184.882
184.787
183.129
181.73
179.735
190.166
185.627
179.309
177.893
143.367
127.709
119.281
107.016
91.0052
155.429
-654321
190.561
182.915
190.421
189.678
192.612
184.122
178.589
177.089
172.286
159.804
152.395
132.812
119.846
102.299
88.7103
176.143
-654321
183.03
183.255
186.184
179.196
183.354
181.923
169.224
172.016
163.684
173.198
162.929
144.409
134.952
115.308
102.923
88.6716
186.977
-654321
190.393
188.254
186.835
185.393
181.87
175.459
170.955
166.863
160.085
183.431
175.306
155.249
144.177
130.064
119.489
106.594
90.4023
188.855
-654321
188.696
187.434
182.724
182.037
175.874
169.405
166.663
161.982
154.057
187.209
183.587
171.202
159.73
148.751
131.07
119.004
104.141
90.0863
186.709
-654321
181.092
186.517
183.065
178.391
171.045
166.057
159.922
154.879
150.127
188.48
187.752
181.227
172.191
154.791
151.466
127.878
117.313
104.506
187.41
-654321
181.175
182.388
173.104
170.224
164.995
160.322
156.72
149.559
183.034
191.974
188.723
177.927
165.288
156.368
152.212
129.302
115.43
187.885
-654321
177.255
173.007
169.08
163.785
160.502
155.42
150.49
186.258
183.991
188.578
184.873
186.144
176.281
160.512
148.315
128.913
182.124
-654321
178.761
174.051
164.429
160.326
154.68
148.13
187.284
186.838
187.547
187.795
185.882
183.169
170.888
153.624
147.422
180.698
-654321
166.454
167.397
159.652
156.528
150.66
179.35
186.786
189.536
193.28
190.096
186.252
182.603
167.297
157.297
177.695
-654321
166.974
161.362
155.216
149.269
178.015
177.905
179.226
185.837
183.563
180.889
183.923
182.172
168.705
172.275
-654321
157.609
155.954
149.69
168.03
174.662
179.064
182.795
187.064
187.712
192.736
187.915
172.08
167.025
-654321
156.058
148.812
164.909
171.435
171.596
180.234
184.107
186.207
188.847
188.147
181.043
161.663
-654321
147.92
162.179
165.617
168.759
178.194
178.805
181.344
188.804
188.839
185.427
155.715
-654321
154.826
162.159
167.486
170.954
174.095
181.358
183.845
183.074
186.372
149.531
-654321
106.395
118.076
133.288
145.444
158.902
171.04
191.593
188.722
198.505
89.7875
-654321
118.426
131.178
151.873
165.968
167.222
192.82
198.815
210.837
204.043
89.9102
105.027
-654321
136.822
143.679
153.421
167.333
180.154
189.815
194.662
200.449
200.435
106.554
91.0051
115.818
-654321
142.782
153.739
175.533
195.392
189.664
202.892
205.928
207.578
206.957
116.872
102.455
89.2253
134.902
-654321
151.128
166.505
191.841
208.657
201.755
204.827
206.701
206.489
209.891
132.717
123.048
106.089
89.6792
144.95
-654321
176.882
196.767
189.005
199.191
204.662
210.188
206.733
205.379
206.887
142.578
130.662
115.789
103.761
91.0585
165.443
-654321
190.256
189.79
203.009
206.535
199.31
203.086
203.724
208.379
200.751
158.624
143.373
133.495
121.472
100.048
90.2193
183.282
-654321
195.335
197.362
203.946
202.367
196.766
202.831
203.9
198.501
194.346
170.093
151.687
142.836
139.296
121.943
104.262
91.7104
187.903
-654321
202.371
206.315
205.629
204.127
206.058
203.45
195.175
194.938
190.218
178.967
184.671
160.765
147.059
134.37
110.338
103.373
88.872
202.84
-654321
202.623
206.8
208.623
201.107
202.844
196.765
191.033
191.986
183.892
200.64
192.87
179.8
163.011
154.216
132.08
120.594
103.397
90.6838
205.683
-654321
200.484
203.58
201.553
203.137
197.299
196.787
189.259
184.447
181.099
202.126
199.002
189.562
176.833
163.742
145.725
133.742
121.514
105.573
207.685
-654321
207.682
205.439
202.278
201.588
194.809
188.123
185.213
180.334
205.787
205.008
196.782
189.351
180.558
151.82
147.667
134.431
117.343
199.539
-654321
204.33
203.006
199.254
190.044
188.15
185.718
179.685
206.157
208.069
202.799
199.664
183.137
175.603
153.054
147.127
133.511
206.653
-654321
204.343
200.004
194.982
188.425
187.817
180.954
208.753
200.144
205.271
205.18
200.139
179.685
170.555
157.621
144.37
208.045
-654321
190.02
193.306
188.452
184.921
176.016
204.967
202.745
206.927
209.839
209.766
199.029
183.775
171.944
158.321
204.516
-654321
197.368
190.721
182.331
179.219
197.383
207.415
190.312
199.829
201.578
210.036
198.059
172.311
182.159
196.023
-654321
191.095
186.447
179.347
194.965
207.669
198.198
204.666
207.606
208.124
202.909
181.376
192.13
194.327
-654321
181.027
182.214
195.868
198.187
207.243
206.024
206.562
209.111
206.925
200.062
198.806
183.891
-654321
176.15
190.896
191.109
196.247
204.289
204.535
204.349
205.815
203.069
200.469
185.272
-654321
186.167
193.054
187.468
199.285
207.109
203.521
207.993
201.134
209.679
180.547
-654321
102.839
118.152
138.029
133.624
157.923
166
185.984
209.172
209.897
88.9372
-654321
119.407
138.544
143.101
158.249
177.19
182.675
207.451
206.359
214.477
89.6531
102.251
-654321
132.887
146.864
165.583
175.616
197.978
218.467
201.758
218.87
224.362
102.389
90.3112
120.758
-654321
141.46
155.287
170.288
198.282
196.617
223.481
213.308
216.021
221.47
118.572
107.38
90.5073
130.944
-654321
155.704
174.755
188.697
200.755
209.607
216.318
220.997
225.333
227.37
130.856
117.323
104.371
91.1225
152.772
-654321
170.198
185.069
202.615
214.316
198.511
220.132
224.407
228.301
216.886
146.77
135.138
115.148
104.231
90.7421
162.248
-654321
187.595
195.553
205.944
220.814
229.382
227.006
226.452
219.773
225.85
164.815
155.563
128.257
115.082
104.455
89.715
176.68
-654321
196.709
188.211
220.743
215.769
226.323
226.189
224.324
222.784
222.485
178.206
162.904
149.369
134.471
118.666
105.401
89.8631
191.491
-654321
210.864
212.866
221.629
223.46
227.31
220.334
215.705
222.07
215.494
187.633
176.804
159.304
142.964
135.34
117.577
103.725
90.7041
194.226
-654321
218.878
222.041
230.174
220.164
224.285
227.059
223.224
213.46
207.487
213.347
193.088
173.634
159.897
152.011
134.39
111.676
104.451
90.4153
220.678
-654321
226.393
224.758
221.713
224.861
224.63
219.501
217.104
209.484
208.85
215.152
192.278
196.908
175.48
155.462
142.158
126.089
114.574
106.603
223.767
-654321
221.064
224.276
223.301
216.258
216.501
218.949
211.262
206.129
217.178
203.536
196.692
176.847
173.013
161.281
150.812
135.373
120.69
218.479
-654321
224.499
222.871
218.992
207.152
210.016
205.822
201.041
227.609
227.612
214.007
202.82
183.368
173.59
168.337
148.298
133.687
225.135
-654321
223.187
219.388
218.686
210.974
209.749
203.375
225.115
215.887
219.186
219.787
199.569
185.006
177.497
163.187
146.658
222.055
-654321
219.38
217.516
215.932
211.625
207.504
223.876
223.133
223.082
211.67
208.006
204.676
188.603
176.479
161.322
220.918
-654321
213.996
218.632
208.839
205.783
221.967
224.604
220.608
216.641
224.041
215.341
186.751
183.122
181.17
215.34
-654321
215.016
215.151
201.144
217.862
220.712
223.185
216.846
215.258
211.679
213.753
205.146
180.57
226.898
-654321
206.938
206.434
219.203
225.842
221.199
219.1
228.379
217.772
221.585
208.376
196.21
216.217
-654321
203.913
216.036
216.225
221.986
222.948
226.881
218.591
232.266
222.816
212.402
213.674
-654321
209.631
219.879
220.548
223.247
222.046
218.963
226.336
227.117
215.492
206.987
-654321
98.6518
107.07
112.688
119.752
129.772
145.967
147.046
153.864
169.332
86.4149
-654321
104.362
106.611
126.188
138.862
162.517
156.052
169.464
162.469
175.429
86.1012
96.0111
-654321
110.685
121.146
133.265
146.485
150.947
159.545
179.277
169.716
179.906
96.4733
85.0378
100.323
-654321
126.577
125.016
136.191
163.052
164.44
155.36
168.839
186.88
184.733
105.702
95.2395
85.6368
110.151
-654321
133.987
140.219
158.963
155.866
168.612
162.98
176.689
181.094
183.358
112.506
105.57
95.6805
84.9585
123.406
-654321
138.545
146.241
166.167
166.138
172.673
176.861
180.524
184.61
183.097
128.061
116.662
106.486
92.755
86.0794
137.469
-654321
154.21
156.073
171.371
174.779
180.768
171.57
183.987
185.496
182.603
126.64
120.915
115.859
99.5363
94.3873
85.8722
142.246
-654321
165.331
168.817
170.94
181.424
180.367
184.37
175.187
184.637
184.36
130.765
136.983
122.99
112.953
103.748
95.0469
85.7076
147.442
-654321
174.474
172.383
184.609
172.029
185.692
183.219
183.581
178.594
178.496
156.922
144.956
128.481
121.638
114.469
104.495
94.6157
85.9096
160.885
-654321
182.849
172.566
170.961
181.509
184.955
180.044
182.567
180.089
179.155
162.723
155.085
139.157
129.682
119.699
119.202
101.506
96.1662
86.0503
170.984
-654321
179.395
181.858
183.234
185.067
181.806
179.078
180.983
179.519
175.934
163.863
154.828
149.986
146.781
130.772
125.621
112.315
104.505
96.059
178.991
-654321
188.851
184.921
183.544
183.608
181.475
181.407
182.117
177.135
169.806
161.662
153.066
150.431
138.695
131.096
128.773
114.104
104.987
175.626
-654321
182.617
185.688
181.886
184.859
180.331
180.066
175.298
185.143
181.515
172.101
159.475
156.013
145.474
130.074
120.663
112.289
179.782
-654321
180.548
179.58
182.63
183.87
177.408
175.259
176.894
179.17
174.918
168.074
170.748
149.086
144.374
128.903
120.465
182.33
-654321
182.292
184.042
180.603
178.46
174.588
182.646
186.672
206.253
176.746
166.927
162.782
149.538
139.55
130.356
184.191
-654321
182.164
179.188
177.508
174.869
183.11
186.719
178.793
178.349
174.168
165.831
157.023
153.036
142.776
185.15
-654321
180.726
179.471
179.583
184.794
179.298
187.862
185.839
187.013
201.438
170.257
167.19
148.25
181.656
-654321
181.311
177.698
185.031
185.082
185.8
182.156
182.209
165.53
180.363
161.075
159.167
178.043
-654321
174.712
182.684
183.976
187.278
186.942
181.661
178.501
175.843
167.971
174.529
181.288
-654321
178.957
183.826
184.215
182.417
182.729
181.814
182.285
175.326
178.42
176.621
-654321
