201.172
208.331
206.234
189.871
185.81
181.733
177.871
173.847
169.782
201.492
-654321
197.938
194.129
190.24
186.014
182.205
203.846
174.048
170.359
165.99
207.659
201.113
-654321
194.115
190.344
186.091
182.223
178.167
174.421
170.346
166.433
188.319
201.215
206.335
198.225
-654321
190.142
185.845
181.902
178.038
174.042
169.895
165.939
162.176
158.204
219.345
201.437
201.562
194.035
-654321
186.008
181.721
177.775
174.037
170.087
165.854
161.977
158.145
153.898
193.819
197.868
201.633
201.741
210.708
-654321
181.968
177.673
174.142
170.056
165.965
161.914
157.768
153.727
149.952
190.097
194.029
198.086
201.584
203.545
185.973
-654321
177.937
173.922
170.074
166.146
187.854
157.916
153.835
149.935
163.837
185.939
189.914
193.964
197.797
213.504
206.004
217.981
-654321
174.406
169.999
166.111
187.893
157.896
154.052
150.09
145.91
141.771
181.866
185.829
222.774
194.084
215.215
201.957
201.733
212.122
-654321
170.03
166.119
161.967
157.932
154.002
149.961
145.885
141.954
137.695
178.003
181.914
185.915
189.725
193.967
198.035
200.89
201.617
174.142
-654321
165.952
187.734
157.71
153.742
150.079
146.044
142.002
137.689
145.759
173.984
177.875
181.593
186.113
189.903
194.185
197.755
201.752
206.23
169.922
-654321
161.952
157.755
154.207
169.813
145.848
142.107
138.144
134.024
130.029
169.856
174.306
178.13
181.915
186.064
190.009
193.933
197.766
201.203
166.83
-654321
158.121
154.293
170.056
145.96
141.837
138.11
134.3
129.94
134.067
166.045
169.887
173.916
177.911
182.046
186.038
190.053
194.395
213.165
161.742
-654321
154.185
149.832
146.059
142.275
137.887
133.926
129.678
126.261
122.149
161.937
166.026
169.699
174.099
177.961
182.045
186.096
190.017
193.946
157.599
-654321
150.252
146.24
141.476
152.28
134.089
129.949
125.865
121.917
117.832
158.219
161.934
166.125
169.69
173.725
177.401
182.209
204.085
194.703
154.063
-654321
145.999
141.597
138.247
133.85
129.889
126.606
122.228
117.833
113.972
154.325
158.143
161.903
165.939
169.691
174.09
178.293
182.207
186.001
149.664
-654321
142.245
137.821
134.273
130.057
125.72
121.873
117.66
114.017
110.059
150.351
154.23
157.849
162.047
165.74
169.918
173.803
177.757
182.008
146.034
-654321
138.198
146.511
129.565
126.172
122.27
117.961
113.706
109.844
105.968
146.014
149.751
153.969
157.778
161.824
166.127
169.958
174.16
178.067
141.788
-654321
133.779
130.169
126.214
121.661
117.772
114.363
109.901
106.418
101.715
142.289
145.789
150.068
153.661
157.935
176.166
166.099
169.967
174.007
137.689
-654321
129.799
125.799
122.071
117.65
113.789
110.107
106.014
102.185
98.0598
137.922
141.986
146.07
150.404
153.537
157.42
161.804
166.279
169.914
134.012
-654321
126.478
121.878
118.268
114.253
110.25
105.831
101.691
97.536
93.6394
133.939
138.342
142.415
146.292
149.997
153.848
158.296
162.491
165.999
129.773
-654321
122.163
117.855
114.637
110.104
106.044
102.429
97.5978
94.0546
90.2411
129.851
133.753
137.834
142.116
146.02
150.264
153.894
157.863
162.192
126.281
-654321
117.766
113.831
149.659
105.941
102.065
98.3599
93.8848
89.7611
86.2054
125.744
130.241
134.319
138.272
141.978
164.006
149.954
153.845
158.148
122.08
-654321
113.685
110.069
105.679
101.724
97.698
94.246
90.4098
85.457
82.0667
122.592
126.475
129.826
133.748
137.558
141.806
145.996
149.583
153.866
117.949
-654321
109.743
106.031
101.39
98.2521
94.2377
89.9148
85.6468
82.452
78.2191
117.928
122.211
125.486
130.297
133.795
137.744
142.029
145.774
150.179
114.239
-654321
105.909
102.056
91.8096
93.9656
90.1414
86.1872
81.9765
77.7199
73.858
113.858
117.401
121.677
126.271
129.348
134.033
138.224
142.057
163.94
110.41
-654321
101.933
97.4346
94.4664
89.2855
85.6428
81.9042
77.8329
73.8474
69.8534
110.378
114.66
117.032
121.901
125.506
129.752
133.766
138.111
142.021
105.808
-654321
97.8085
94.4343
90.3433
85.9816
82.0563
77.6793
73.6491
69.7926
65.6697
106.481
109.888
113.936
117.939
122.819
126.678
130.602
133.845
137.974
101.38
-654321
94.2364
89.7294
86.3212
81.7462
78.7032
74.5937
69.4396
65.5038
61.6478
102.158
106.238
110.153
114.125
118.299
121.993
126.48
130.37
133.751
97.7953
-654321
90.4094
85.5141
82.3468
78.3145
73.5257
69.9342
66.0004
61.8971
57.637
97.8235
101.627
105.684
108.939
114.162
118.212
155.435
126.653
130.242
93.4364
-654321
85.7823
82.0161
77.4534
73.6211
70.233
65.1423
125.326
123.317
53.9751
93.2837
98.1977
101.972
106.698
149.725
114.068
118.942
121.927
125.758
90.8146
-654321
82.299
61.8477
73.4866
129.332
66.5868
62.1927
123.921
54.8138
48.9888
90.3181
94.957
97.5335
101.969
105.412
109.443
114.24
117.855
121.972
86.6037
-654321
77.1665
74.1146
70.8113
66.3425
61.5938
58.1314
54.4939
50.8776
85.3164
139.502
93.7381
98.1725
102.484
106.645
109.316
113.501
118.368
81.5111
-654321
73.7807
71.3328
65.708
125.42
57.4535
54.8759
50.7808
81.4997
85.3782
139.296
93.7856
142.836
102.199
147.12
110.135
113.844
77.5059
-654321
71.0124
65.8957
62.3571
58.4937
53.9128
49.5631
78.3808
82.6868
85.7169
89.9546
141.452
97.2764
101.015
106.397
109.936
73.6978
-654321
66.0811
61.7366
123.475
54.3168
50.5197
74.8585
78.1113
81.9864
85.724
89.834
94.7014
98.4767
146.266
105.838
71.1518
-654321
125.095
57.9625
53.7002
50.3935
70.539
73.2176
77.6509
81.4437
86.2768
90.0186
93.7641
98.9096
101.998
65.8149
-654321
57.8093
54.748
49.3061
66.3689
129.853
74.0256
77.8925
82.3139
85.8138
90.3096
94.2009
97.8246
61.779
-654321
53.8438
49.7089
61.7816
127.626
71.3294
74.5074
77.5116
81.7376
86.339
89.1865
94.3156
57.8046
-654321
49.8914
57.9703
61.8937
65.0465
70.1831
131.329
133.396
81.2806
86.4857
89.5629
53.1555
-654321
54.1217
58.2272
62.7306
64.9253
70.3795
73.868
77.3219
82.5306
86.1508
49.6213
-654321
218.745
219.093
213.539
209.82
204.072
198.271
192.256
186.046
179.81
209.887
-654321
219.554
215.226
210.201
204.624
198.509
192.824
186.974
180.621
174.646
210.41
218.858
-654321
215.782
210.252
204.664
199.146
192.759
186.714
180.972
174.596
168.615
219.215
210.073
219.7
-654321
210.769
205.085
199.243
193.225
187.399
181.106
175.443
169.465
163.095
218.883
218.18
210.696
216.825
-654321
205.299
199.122
193.45
187.529
181.538
174.587
169.524
163.097
157.027
216.131
219.3
218.935
211.225
210.805
-654321
198.736
192.619
186.773
181.087
174.701
168.557
163.045
156.728
150.842
209.992
215.343
219.097
219.407
211.084
204.888
-654321
193.057
186.732
180.867
174.69
168.605
163.107
156.912
150.919
145.048
204.834
210.564
216.555
219.258
218.329
210.509
198.81
-654321
186.691
181.032
174.782
168.483
162.457
156.909
151.086
145.212
138.961
198.725
204.573
210.193
215.868
219.069
219.415
210.124
193.155
-654321
180.796
174.671
168.877
162.764
156.833
150.776
144.729
139.167
132.79
192.912
198.401
204.996
209.766
214.773
218.646
218.86
211.227
187.274
-654321
174.546
168.657
162.398
156.886
150.644
144.957
138.772
132.91
126.631
186.811
193.084
199.161
204.51
210.702
216.282
219.475
219.059
210.262
180.758
-654321
168.725
162.931
157.033
150.829
144.886
138.486
132.829
126.455
120.657
180.687
186.973
192.786
199.256
204.823
210.961
215.446
219.974
218.092
174.216
-654321
162.323
156.875
151.551
144.854
139.264
132.998
127.313
120.957
115.101
175.029
180.954
187.059
193.234
199.122
204.746
210.816
215.182
219.57
168.66
-654321
157.063
151.358
145.21
138.4
133.366
126.45
120.922
114.472
108.729
169.004
174.931
181.031
187.092
192.669
199.004
204.474
210.879
215.5
162.971
-654321
150.625
144.627
139.172
132.979
127.394
121.202
114.789
108.569
102.577
162.745
168.568
174.96
180.616
186.822
192.967
199.372
204.309
210.612
156.551
-654321
145.127
139.187
133.067
126.704
120.471
115.063
108.849
102.934
97.0188
156.577
162.984
168.668
175.103
180.902
186.967
192.969
199.094
204.78
150.674
-654321
139.155
131.953
126.949
120.429
114.754
109.078
102.803
96.7222
90.9671
151.11
156.684
162.687
168.784
174.39
180.496
186.406
192.455
198.754
145.252
-654321
133.157
126.221
121.02
114.798
108.794
102.877
96.5863
91.2455
84.999
144.556
150.742
156.779
162.384
168.909
174.909
180.601
188.029
192.921
138.026
-654321
127.089
120.661
114.18
109.016
102.595
96.7901
91.3858
85.3176
78.6014
138.844
145.199
151.306
156.936
162.891
168.173
175.36
180.437
186.424
133.291
-654321
120.993
115.037
108.023
102.36
97.0794
90.9897
84.8448
79.0114
73.052
133.359
138.568
144.975
150.969
157.516
163.25
169.443
174.647
180.685
126.695
-654321
114.79
107.978
102.895
96.6445
90.5221
84.9722
78.9932
72.7165
66.1236
126.347
132.676
138.35
145.144
150.737
156.703
163.391
168.419
174.624
120.673
-654321
109.245
102.826
96.2039
91.026
85.1323
78.4917
73.0582
66.5901
61.2569
120.869
127.17
133.719
139.003
144.711
150.899
157.242
162.66
168.784
115.66
-654321
103.191
96.421
90.5878
85.606
78.0265
73.3437
66.7704
59.9816
54.6322
115.074
120.784
127.091
133.201
138.132
145.134
150.76
157.254
162.588
109.214
-654321
96.7831
91.6322
85.2103
79.1714
73.2564
66.6496
60.9271
53.9419
48.5334
109.364
114.557
120.38
126.607
133.194
138.856
145.104
151.162
156.813
102.7
-654321
90.7752
85.1091
79.0703
73.0064
66.3551
60.5996
55.1939
47.996
42.2744
102.795
108.544
114.94
121.168
126.952
133.153
138.793
145.583
150.928
96.0994
-654321
84.5836
79.4567
73.2594
66.9822
60.9536
54.2066
48.7094
41.8598
36.935
97.3641
102.049
107.873
115.463
120.638
126.988
133.981
138.668
144.886
90.2682
-654321
79.0155
72.9913
66.5087
60.0315
54.7435
48.8922
44.0777
36.3102
30.9488
91.4186
97.2756
103.511
108.62
116.327
120.434
126.837
132.503
138.669
84.9453
-654321
73.5066
66.7663
59.4655
55.3401
49.8141
42.8971
35.9707
30.1665
25.177
85.2179
90.5446
98.1405
102.585
108.635
114.729
120.708
127.197
132.595
77.7307
-654321
66.9841
60.5712
55.281
48.9325
42.8331
36.7745
31.1433
24.0796
18.141
112.575
85.3164
90.5367
97.1996
102.097
108.635
113.875
121.043
126.828
73.4627
-654321
60.7948
54.3092
49.1626
43.672
36.727
30.9825
23.1505
18.2235
13.0639
73.3776
112.453
83.5574
90.0381
96.7855
103.613
109.083
114.722
120.493
66.2946
-654321
54.3189
48.7725
43.3711
36.6434
30.3356
76.0865
18.9374
68.5634
6.07508
67.2081
71.5254
78.9296
84.6802
91.3772
96.6729
102.803
107.202
114.881
62.0177
-654321
50.5676
41.989
37.8017
31.6662
24.5497
18.5241
13.3155
5.93795
0.773289
100.825
66.7257
72.3397
112.455
85.5475
90.4486
96.6003
102.494
109.08
53.6948
-654321
42.7519
36.5115
92.0312
24.5527
17.8985
12.1941
6.97065
1.47961
54.7228
60.1879
66.573
73.3712
79.2917
116.69
90.8106
125.675
102.758
48.4526
-654321
84.971
30.9747
24.8025
17.936
12.469
75.1459
60.3416
48.5319
53.1239
60.9308
67.7109
107.71
77.639
84.0917
91.246
97.0313
42.4395
-654321
31.2074
23.7485
19.6378
13.1759
75.5411
60.1754
87.8017
50.0699
53.9431
61.1164
66.2723
71.8399
78.4125
85.4453
90.9716
84.1833
-654321
24.7727
72.3106
12.7252
6.75372
1.24601
37.274
144.409
48.9579
55.8503
60.5218
66.1174
73.2879
79.2928
85.412
30.524
-654321
17.8331
13.3402
6.64297
0
79.1083
36.0439
42.4991
49.9605
54.3614
101.182
66.824
72.4441
78.8399
23.568
-654321
13.641
6.77226
59.8727
23.8436
29.1732
35.0419
98.3663
103.017
54.7032
59.1077
67.7481
108.271
19.8791
-654321
6.1641
0.637852
17.8736
25.0009
80.4925
36.4757
99.5312
92.9235
53.9264
60.3112
67.2351
69.3111
-654321
70.5201
68.459
19.0942
26.1735
31.9636
84.9405
42.778
48.7072
56.2176
60.354
65.2193
-654321
75.7033
12.5402
18.6928
24.2618
32.0417
37.4301
42.9321
48.5759
55.3622
1.18159
-654321
224.74
235.913
237.256
236.994
233.447
228.424
223.471
216.782
212.399
209.502
-654321
232.092
238.63
238.623
233.034
227.859
223.323
217.243
211.055
205.472
210.721
223.464
-654321
237.958
236.141
232.123
228.289
222.622
217.417
211.343
204.972
199.568
222.9
210.242
235.796
-654321
237.229
233.62
228.518
223.053
217.604
211.634
205.541
200.086
194.016
234.891
224.538
210.283
237.961
-654321
233.633
228.765
223.372
217.467
211.844
205.634
199.828
194.146
188.109
238.254
235.916
225.17
210.741
237.967
-654321
228.667
223.101
217.281
211.631
206.562
199.686
193.79
188.025
181.922
239.174
237.338
235.562
224.419
210.994
232.44
-654321
223.263
217.968
211.638
205.086
199.674
193.563
187.661
181.285
175.558
232.277
237.809
239.252
235.964
223.556
210.202
229.006
-654321
218.572
211.634
205.624
199.471
194.036
187.919
181.557
175.631
169.99
229.452
234.029
237.169
238.201
237.376
225.026
209.888
223.413
-654321
212.114
205.944
199.957
193.383
188.074
181.321
175.232
169.563
163.646
222.455
228.107
233.164
238.449
239.857
233.559
225.564
211.382
217.891
-654321
205.709
199.294
193.824
187.502
182.226
175.629
169.635
163.887
157.37
217.443
222.812
229.389
233.618
236.86
238.001
233.99
222.533
210.074
211.795
-654321
199.461
193.022
187.811
181.776
175.323
169.581
163.489
157.765
151.821
211.898
217.212
223.12
228.35
233.767
236.679
238.022
232.371
225.375
205.542
-654321
193.621
187.203
181.999
175.847
169.987
163.8
157.866
151.96
145.873
205.769
211.524
217.195
223.024
228.824
233.435
234.082
237.45
236.562
199.926
-654321
187.445
181.643
175.88
169.173
163.712
157.745
151.333
145.495
139.754
199.483
205.457
211.104
217.837
223.107
228.675
232.148
237.979
238.276
193.487
-654321
182.502
175.868
169.62
163.32
157.37
152.247
145.722
139.915
134.046
193.752
199.683
205.506
210.825
217.068
221.879
228.385
232.763
236.267
187.667
-654321
176.491
169.096
163.894
157.475
151.473
145.735
139.527
133.915
127.912
187.263
192.76
199.38
205.381
211.238
216.538
223.767
229.358
233.623
181.512
-654321
169.573
163.737
157.541
151.211
145.117
139.662
133.359
127.654
121.931
182.383
187.184
193.468
199.771
205.981
211.045
216.773
223.735
228.389
176.582
-654321
163.699
157.583
152.128
145.819
139.582
133.7
127.462
121.251
115.058
175.761
181.711
187.506
192.719
199.71
205.058
211.298
217.385
223.134
169.377
-654321
157.905
151.392
145.802
140.205
134.135
127.574
121.798
115.178
109.089
170.032
175.615
181.123
188.067
193.356
199.945
205.406
211.392
217.255
164.356
-654321
151.592
146.531
139.71
132.899
126.92
121.603
116.438
109.621
103.385
162.772
169.424
174.558
181.029
187.26
193.377
199.563
205.468
211.332
157.773
-654321
145.164
139.813
132.994
127.913
121.066
115.93
110.393
103.476
97.9367
158.095
163.883
169.491
175.734
181.737
186.975
194.065
199.498
205.327
151.426
-654321
139.339
134.076
127.749
121.953
115.383
109.114
103.23
97.6138
91.5105
151.495
156.741
163.921
169.157
175.815
182.683
186.5
193.902
199.786
145.569
-654321
133.337
127.737
122.052
116.208
109.163
102.481
97.176
92.1236
85.4452
145.421
151.598
158.169
163.03
168.828
174.837
180.873
187.732
193.606
140.355
-654321
127.602
122.07
115.382
109.454
104.374
97.5017
91.1247
85.3318
80.2387
139.423
145.122
151.002
157.344
164.026
168.969
175.416
181.344
187.708
133.716
-654321
121.491
116.017
109.233
103.184
96.973
92.9172
85.7918
79.7411
74.0631
133.05
138.604
146.026
152.181
156.646
164.442
170.413
175.338
181.723
126.491
-654321
116.739
109.924
103.365
97.4636
89.9686
85.5226
79.7125
72.5847
67.433
127.666
133.865
140.251
145.433
150.692
158.571
164.339
170.482
175.438
122.146
-654321
109.142
140.678
97.5256
91.8066
86.5449
80.3292
73.9609
67.3502
60.6266
120.982
128.7
133.312
139.92
144.685
152.238
157.258
164.404
169.714
115.507
-654321
103.364
96.1028
91.3867
85.2955
80.1948
72.7174
67.6442
61.646
56.8003
115.905
120.621
127.168
133.822
138.314
145.433
149.822
157.067
163.101
109.059
-654321
97.7015
91.7679
84.7047
79.8789
73.1695
67.6521
61.8809
55.4748
49.0411
109.916
116.648
121.976
126.83
134.719
139.786
145.534
151.955
157.438
103.431
-654321
91.0373
86.1445
79.0782
74.4888
68.0011
61.749
55.5364
49.6387
42.0519
103.769
108.91
115.408
152.801
127.317
134.244
151.82
144.23
151.593
96.88
-654321
85.822
79.1976
71.961
67.2385
98.9858
55.0346
50.0811
42.8207
37.9652
95.4988
104.499
109.64
116.741
122.991
127.978
132.854
139.359
145.466
91.0145
-654321
80.0153
74.8645
67.9758
61.7285
56.0037
49.3817
43.843
39.0978
32.7853
90.736
123.215
102.84
130.616
114.956
138.869
128.042
133.053
139.412
86.7404
-654321
73.2436
66.0313
61.7644
54.022
48.7401
42.0419
37.8981
31.2411
85.5923
90.9561
95.4112
103.521
132.37
115.079
122.49
144.852
133.633
79.1926
-654321
67.8913
60.8111
55.9276
49.1846
102.091
37.9848
31.3756
78.9578
85.1994
90.3133
98.4537
141.342
109.788
137.369
121.517
127.209
73.544
-654321
61.916
54.9765
49.3901
44.452
37.672
80.0846
74.188
157.829
86.5545
91.5772
97.2362
104.704
110.48
115.458
122.092
103.037
-654321
109.986
49.1717
43.7168
37.1256
31.6891
103.898
108.055
79.46
85.3991
91.5478
96.7895
104.725
109.098
116.021
60.7089
-654321
104.777
43.6698
38.0713
31.5259
99.8164
65.8197
73.3771
79.2457
85.9405
90.025
98.1369
104.035
109.673
54.0423
-654321
43.1401
83.8436
79.5483
56.6442
60.992
104.669
72.7855
78.8655
85.3046
118.925
96.9818
103.177
48.382
-654321
39.1153
31.2654
103.002
56.6263
61.0219
68.3751
108.487
79.5082
85.1453
132.464
97.0943
42.7438
-654321
31.7619
44.8377
50.7664
53.6992
62.7011
68.1079
74.4365
80.0687
85.7714
90.8268
39.5249
-654321
37.2988
145.803
49.6886
55.4393
60.3521
67.5524
74.6063
112.453
85.8149
31.7192
-654321
223.911
239.859
245.538
256.364
257.274
252.307
248.619
245.098
239.565
210.488
-654321
235.981
248.557
256.364
253.331
253.272
247.964
243.819
238.756
233.979
211.249
224.335
-654321
247.819
253.756
255.009
254.964
249.591
246.071
240.074
234.128
228.471
223.46
211.502
236.935
-654321
255.033
253.521
250.454
249.132
244.708
239.667
233.124
228.191
222.099
239.421
222.688
210.362
250.567
-654321
255.216
253.092
249.877
244.472
239.232
233.912
228.048
222.31
216.593
246.103
238.058
224.885
210.502
255.903
-654321
253.954
248.611
244.985
239.244
233.636
228.461
222.438
216.617
210.422
254.745
249.107
236.119
223.105
210.763
254.769
-654321
249.322
244.78
238.626
233.963
228.33
222.207
216.789
210.668
204.653
254.863
255.875
249.118
237.289
225.285
210.074
253.311
-654321
245.362
241.088
233.463
228.964
222.506
216.606
210.614
205.073
198.965
253.039
256.503
255.881
247.072
238.591
226.399
210.146
249.837
-654321
239.53
233.983
228.539
223.102
216.44
210.432
203.951
198.317
191.999
250.019
254.056
254.884
254.364
249.139
241.241
223.09
211.006
244.964
-654321
234.023
228.594
222.605
216.43
210.496
204.487
198.906
192.561
186.564
242.922
249.993
253.837
253.778
252.997
248.549
237.04
222.828
209.79
240.011
-654321
227.579
222.229
216.987
210.033
204.975
198.579
192.151
186.129
180.392
240.128
244.977
249.564
254.238
255.134
255.18
248.484
238.871
225.46
234.343
-654321
222.381
216.391
209.953
204.794
198.189
192.141
186.278
180.254
174.216
233.847
239.108
244.013
250.267
252.087
250.184
255.15
250.257
236.657
228.009
-654321
215.688
210.559
205.219
198.926
193.192
186.969
180.255
174.09
168.351
227.653
234.401
239.503
244.438
248.511
253.843
255.546
253.805
245.213
222.622
-654321
210.385
204.318
198.524
192.353
186.253
181.177
174.438
167.934
162.271
221.938
228.542
234.106
240.337
245.47
248.473
253.841
254.447
252.277
216.462
-654321
204.221
198.324
192.174
186.698
180.726
174.142
168.575
162.575
156.618
215.414
222.476
227.792
234.624
239.361
245.405
251.213
254.663
255.48
209.981
-654321
197.574
192.129
186.276
180.22
174.443
167.933
162.28
155.879
151.078
210.728
216.072
222.67
227.533
234.659
240.369
243.634
249.3
252.94
204.906
-654321
192.094
186.265
180.995
174.35
169.225
162.706
156.18
150.535
144.556
204.258
211.03
216.329
221.758
227.985
234.501
237.929
245.164
249.916
198.005
-654321
185.834
180.817
174.352
168.332
162.708
155.562
149.832
144.571
138.308
198.562
203.807
209.677
215.683
222.543
228.735
233.356
239.418
244.409
191.77
-654321
181.49
174.635
168.988
162.417
156.653
151.245
144.941
138.216
133.091
192.547
197.914
204.562
209.636
215.563
222.084
227.981
234.271
239.013
186.785
-654321
174.059
168.237
162.52
156.829
150.708
144.523
138.397
132.709
125.556
187.292
191.89
198.238
204.083
210.672
216.999
222.633
228.877
232.96
180.444
-654321
168.513
162.762
156.319
150.459
143.705
139.048
132.033
126.621
120.23
179.536
185.605
192.164
198.275
204.873
210.229
216.613
222.204
228.018
173.929
-654321
162.613
156.527
150.475
144.505
138.252
132.105
125.693
120.144
115.023
174.331
181.212
186.424
192.759
198.808
204.515
210.784
216.708
222.333
168.092
-654321
155.879
150.93
144.574
138.389
132.43
126.771
120.579
113.892
109.101
167.929
173.952
180.464
186.035
192.585
199.164
203.693
210.178
216.243
162.242
-654321
150.403
145.161
137.778
133.291
126.434
120.525
113.889
108.21
102.685
162.831
168.732
174.686
180.339
186.209
191.778
199.41
203.808
210.061
157.38
-654321
144.009
139.002
132.352
125.853
119.843
114.194
107.888
102.386
95.9383
155.954
162.784
167.859
174.394
180.887
187.632
192.967
198.153
203.909
148.732
-654321
138.088
133.967
127.548
119.241
114.864
107.5
101.114
95.7837
89.8427
151.111
156.389
162.157
167.553
173.979
180.321
187.039
191.693
198.218
143.869
-654321
131.204
126.213
121.617
115.208
109.225
101.854
97.107
90.1351
84.6645
143.957
150.283
156.699
162.467
168.521
174.712
180.73
186.434
191.829
138.518
-654321
126.182
119.795
115.211
109.298
102.556
96.1909
91.6665
85.3655
78.0645
137.398
144.009
151.049
156.696
163.12
168.789
173.518
180.064
186.327
131.509
-654321
139.48
114.197
107.626
102.648
98.1787
90.111
85.0433
79.2719
72.6428
132.023
138.398
143.738
150.069
155.276
163.383
167.609
173.72
180.401
125.848
-654321
115.435
108.529
101.944
97.0037
90.8964
84.9756
78.2453
73.2284
67.0019
126.15
147.618
137.609
143.554
150.045
156.057
161.845
167.806
174.426
119.777
-654321
107.614
102.117
96.4805
88.9135
83.4567
78.3583
73.2763
66.7844
60.8002
122.033
143.709
131.294
136.455
143.487
152.356
156.367
162.439
168.262
113.713
-654321
101.304
95.98
89.8376
127.143
112.06
74.5344
66.5948
59.6836
115.267
119.862
128.036
132.212
139.233
143.943
150.002
157.297
162.326
107.667
-654321
96.8107
90.3421
82.8843
76.3427
70.702
67.2174
62.2441
108.252
113.325
119.484
143.342
131.544
164.155
145.235
171.477
156.332
101.52
-654321
117.528
83.9451
77.3742
73.0434
66.4501
59.7823
103.794
109.039
116.876
119.098
126.206
132.189
139.62
144.64
149.877
96.6248
-654321
83.4025
78.1663
72.7093
65.9473
58.1644
95.3839
102.653
107.976
115.37
151.731
126.171
132.418
137.489
143.239
89.8481
-654321
80.026
71.6504
66.0307
58.7368
90.0806
95.7116
100.368
109.4
115.318
118.685
126.207
131.33
139.196
84.841
-654321
73.7902
64.7106
59.7075
84.3056
91.3188
96.9998
101.728
109.117
115.457
120.154
126.506
132.372
123.835
-654321
115.139
113.654
77.582
114.294
92.7859
95.3734
127.637
109.548
114.469
171.028
126.751
106.899
-654321
60.2271
120.145
80.4422
85.4961
91.4605
96.7337
127.079
130.046
112.954
120.281
66.1728
-654321
64.6379
72.9972
122.876
83.693
90.6327
98.1037
102.774
143.295
113.888
61.4506
-654321
223.995
237.064
256.491
265.425
275.15
275.122
273.087
271.072
268.442
209.961
-654321
238.155
247.59
268.921
267.89
272.349
271.234
272.415
270.217
262.241
210.385
226.877
-654321
255.119
261.119
272.325
274.261
273.013
274.396
265.538
264.114
258.725
223.731
211.123
239.339
-654321
260.638
271.614
272.686
272.382
268.389
265.641
263.559
258.315
253.281
238.445
225.073
210.172
252.763
-654321
272.929
271.548
273.122
269.788
268.209
263.931
257.644
252.058
246.966
252.378
242.079
224.613
209.899
263.135
-654321
275.499
271.373
270.478
267.293
265.102
259.148
253.231
247.089
241.9
266.561
246.641
236.191
223.902
209.992
272.321
-654321
273.679
271.413
268.518
263.37
259.208
253.19
247.732
241.284
236.692
270.752
264.76
252.986
239.858
224.515
210.985
270.469
-654321
271.556
269.108
263.775
260.016
253.676
248.366
241.414
236.624
230.423
273.12
270.314
263.047
251.608
237.599
224.816
209.466
274.102
-654321
268.123
265.068
259.595
253.061
246.711
242.69
236.333
230.465
225.23
273.992
276.904
270.151
268.636
255.856
238.921
225.48
209.98
270.925
-654321
260.678
256.497
253.475
248.826
243.242
236.671
230.761
224.302
218.357
271.761
274.086
274.855
272.094
264.949
255.134
234.425
225.194
211.338
269.296
-654321
256.703
252.8
248.537
242.104
236.326
230.298
224.875
218.826
213.09
270.64
269.549
274.413
275.961
266.399
262.843
252.61
238.196
225.91
262.657
-654321
253.435
247.614
242.181
236.404
230.655
224.697
218.409
212.245
206.238
263.395
269.569
272.202
273.589
273.157
270.129
260.873
250.723
238.901
260.099
-654321
245.678
242.35
236.668
229.924
224.795
218.147
212.776
206.167
200.567
259.545
263.929
269.499
271.401
275.179
273.113
274.171
259.729
254.512
253.952
-654321
242.391
236.039
230.298
224.147
218.62
212.17
207.008
200.491
194.711
253.719
256.667
264.782
268.076
275.997
271.735
273.44
269.465
256.827
247.672
-654321
236.181
231.04
224.268
219.026
212.29
206.872
200.358
195.403
188.49
247.187
252.587
259.939
265.092
269.066
271.264
275.157
268.685
267.76
242.589
-654321
230.982
223.981
218.539
212.295
207.07
200.149
194.518
188.269
182.723
242.201
249.019
254.846
260.575
264.586
267.329
272.255
275.51
272.277
236.688
-654321
224.636
219.527
212.701
206.318
200.916
194.089
188.746
182.187
176.206
235.5
242.274
248.565
252.915
257.278
264.509
267.604
271.966
269.444
231.173
-654321
219.009
212.604
206.873
200.717
195.129
188.588
182.997
175.916
170.333
229.559
236.917
242.063
248.739
253.443
256.082
261.81
265.014
271.916
224.236
-654321
211.099
206.846
200.482
194.995
188.237
182.069
176.723
170.592
164.839
224.715
229.751
236.611
241.856
246.697
254.028
256.086
263.18
268.674
219.14
-654321
207.025
200.293
194.783
188.846
181.348
175.965
170.492
164.966
158.835
218.607
224.682
230.637
236.114
242.602
247.762
252.348
257.983
263.132
212.676
-654321
200.165
194.662
189.844
182.521
176.075
170.695
163.98
157.679
152.566
212.875
218.092
224.584
229.797
235.237
242.684
246.551
251.432
258.731
206.835
-654321
194.137
188.429
182.032
174.656
169.596
164.078
158.237
151.958
146.13
205.633
212.407
218.203
224.635
230.163
235.272
242.58
248.99
253.058
200.262
-654321
187.988
181.517
176.463
169.6
164.384
157.622
152.634
146.84
139.941
200.771
206.517
212.3
218.018
224.497
230.192
235.354
242.212
247.012
193.946
-654321
181.664
175.999
170.221
163.839
158.472
152.209
147.057
152.62
134.045
193.672
201.551
206.738
213.196
219.563
225.235
230.528
236.763
242.259
187.395
-654321
177.697
170.193
163.852
158.016
151.787
146.76
140.444
134.403
127.786
187.788
194.981
201.259
206.168
212.073
217.715
225.46
230.829
236.346
181.631
-654321
170.383
165.718
177.205
152.346
145.443
141.31
133.696
128.312
121.991
183.304
188.645
193.656
199.795
206.677
212.696
217.832
223.842
230.258
175.939
-654321
164.694
158.321
152.873
148.063
140.865
134.139
128.274
122.471
116.623
176.968
182.809
188.113
194.995
200.918
206.587
212.355
217.9
224.404
170.765
-654321
158.14
152.609
146.702
140.642
134.806
129.529
123.256
116.205
109.791
169.729
177.352
181.814
188.018
193.822
200.197
206.166
211.759
218.787
164.322
-654321
152.63
145.791
141.818
134.664
128.68
123.098
114.979
110.437
103.482
163.889
170.371
177.596
182.732
188.983
193.829
199.166
205.752
212.63
159.634
-654321
145.52
141.526
134.874
127.188
123.555
115.383
111.31
104.413
98.2816
157.907
164.144
170.106
176.301
182.7
185.471
194.662
200.146
206.199
153.047
-654321
142.606
134.567
145.266
121.096
117.334
111.632
105.434
97.4051
92.4098
152.387
159.806
163.167
171.146
176.646
183.71
190.833
186.008
200.024
145.933
-654321
135.73
128.666
120.016
117.731
109.991
104.898
99.6812
91.804
146.54
153.841
156.914
164.719
169.207
176.763
183.151
185.362
193.842
139.697
-654321
127.871
121.623
115.779
110.397
104.205
98.7585
90.8579
139.283
146.383
152.932
159.54
164.18
171.042
176.878
182.526
189.164
133.974
-654321
122.849
117.069
110.545
103.242
96.7926
93.2181
134.812
141.02
157.927
152.428
156.651
163.822
171.407
174.718
182.08
128.502
-654321
116.235
109.726
140.219
98.2689
93.5667
128.84
133.372
140.321
146.503
152.393
158.991
166.081
170.774
176.48
121.168
-654321
110.131
103.555
124.554
133.541
121.143
128.968
132.942
140.785
147.823
152.56
158.43
163.375
169.342
136.403
-654321
104.279
124.452
133.957
116.448
154.252
127.979
135.307
138.776
145.567
152.635
158.447
164.31
110.23
-654321
96.5457
119.172
111.672
115.78
123.062
128.31
133.189
138.648
146.71
151.315
158.283
127.685
-654321
92.4773
128.153
111.121
115.484
122.08
127.944
134.316
140.256
146.973
151.953
126.792
-654321
98.3679
105.028
111.62
135.597
121.798
129.262
135.234
138.699
145.854
119.588
-654321
222.876
240.109
251.095
260.036
275.356
279.374
292.061
289.665
285.918
211.315
-654321
241.152
252.156
264.204
279.079
292.083
290.491
288.043
292.792
286.676
211.94
224.104
-654321
253.857
269.053
280.105
287.919
293.057
289.753
291.522
288.408
285.269
225.764
211.254
238.882
-654321
260.05
276.864
284.702
290.712
292.845
290.225
288.823
285.859
282.636
242.795
223.441
208.81
249.777
-654321
280.91
287.498
291.274
293.3
286.69
286.407
282.108
279.303
273.52
249.421
239.061
224.222
209.314
262.584
-654321
279.905
290.937
289.449
291.902
290.25
285.881
278.791
273.287
271.041
268.719
256.279
235.887
223.651
208.44
282.368
-654321
288.822
288.092
289.566
289.093
285.557
277.69
273.967
269.166
264.382
279.925
273.829
251.674
239.134
225.019
210.217
290.587
-654321
290.076
290.426
287.257
284.504
278.756
275.452
270.999
263.327
258.933
284.596
273.823
260.648
248.646
239.268
224.148
209.457
290.581
-654321
288.775
289.392
282.409
280.815
274.52
269.992
263.427
259.118
253.34
289.473
281.803
279.827
270.716
252.996
237.555
224.366
210.218
292.797
-654321
288.111
283.982
281.329
274.231
268.616
265.604
259.666
252.748
246.555
290.366
287.474
286.312
278.416
261.662
255.175
238.938
224.518
210.221
288.907
-654321
285.909
280.91
276.797
268.833
264.502
259.066
253.201
246.927
242.03
292.393
291.085
288.274
286.719
278.93
263.884
250.446
235.396
223.172
287.538
-654321
281.027
275.928
271.21
262.952
260.06
253.508
246.885
240.882
235.764
288.021
291.189
293.225
292.834
286.892
276.795
263.925
250.076
237.061
285.074
-654321
275.332
270.342
264.308
258.074
253.659
247.574
242.058
235.922
229.722
286.345
283.427
291.585
290.857
289.866
282.758
280.041
258.868
251.363
279.977
-654321
266.478
263.886
259.199
253.997
247.702
242.55
236.217
229.811
224.384
278.358
283.459
289.628
289.927
291.973
296.252
288.247
277.367
264.887
272.919
-654321
264.337
259.975
252.123
248.038
241.728
235.745
230.054
223.324
218.302
274.524
277.942
285.765
291.488
285.843
293.9
286.198
277.342
276.925
271.459
-654321
259.265
253.414
248.191
241.262
235.519
229.859
224.316
217.389
211.882
269.092
275.39
276.63
283
289.339
293.951
290.784
290.214
281.298
265.612
-654321
253.266
247.191
240.286
235.956
230.008
223.428
216.763
211.71
205.61
265.597
271.528
271.119
281.493
281.742
290.737
289.773
293.664
288.851
257.942
-654321
247.427
240.894
235.406
229.903
223.414
217.747
210.961
205.888
200.338
258.506
264.084
269.251
275.668
281.388
287.439
285.896
290.078
286.466
254.051
-654321
241.02
235.495
229.635
222.881
216.913
212.206
205.276
200.097
193.551
253.37
259.362
263.303
267.545
276.175
278.723
286.735
290.422
289.82
245.999
-654321
236.022
229.168
224.184
218.117
211.126
205.689
200.827
193.707
188.087
247.579
254.354
257.527
264.36
269.727
275.336
278.329
284.044
289.637
241.584
-654321
229.862
224.172
217.547
212.513
205.625
199.023
193.642
188.349
181.844
242.268
247.668
253.779
257.798
264.365
271.632
275.668
279.71
286.287
236.231
-654321
224.63
217.563
212.053
205.717
199.156
193.761
187.233
182.106
175.656
235.1
241.593
247.746
253.636
258.065
265.286
270.087
276.377
278.85
229.872
-654321
216.599
211.509
206.517
199.806
193.735
186.988
181.389
177.041
169.69
229.373
235.913
242.108
248.567
251.237
257.284
264.875
269.221
273.817
223.912
-654321
211.758
207.152
199.374
192.749
187.718
182.363
175.596
170.36
163.019
224.073
229.788
236.731
241.445
247.482
255.213
259.95
264.724
269.051
218.103
-654321
204.993
199.397
192.807
187.815
181.528
175.193
170.514
164.004
157.845
217.2
224.538
229.31
235.652
242.302
247.212
252.704
259.533
264.633
211.524
-654321
199.412
193.635
188.516
182.321
175.07
168.823
165.236
158.028
151.816
211.58
218.651
224.297
229.384
235.87
241.481
223.619
253.501
258.506
205.586
-654321
195.05
188.875
182.55
176.114
170.721
162.905
157.3
152.202
144.519
205.338
211.934
217.746
224.54
230.226
235.719
241.748
248.719
253.842
197.862
-654321
188.336
181.782
176.005
169.863
168.667
157.867
152.207
144.236
138.63
199.658
205.944
212.333
216.775
224.38
229.897
235.891
240.921
247.66
193.906
-654321
180.379
176.305
169.654
163.062
158.589
150.755
146.144
139.076
134.41
193.791
199.242
206.733
210.451
217.365
224.102
229.975
234.844
241.7
188.041
-654321
174.404
168.766
163.876
156.141
151.4
146.506
137.779
132.817
127.977
187.101
193.711
200.208
205.712
211.45
218.821
223.37
228.255
235.235
181.84
-654321
168.537
164.074
156.563
153.488
145.589
139.452
133.036
128.798
121.502
180.698
185.894
193.717
198.741
207.28
210.906
215.893
223.787
229.403
175.782
-654321
163.601
157.841
151.135
155.725
140.052
133.322
127.123
122.412
174.759
181.882
187.055
192.019
199.348
205.841
199.093
202.981
223.871
169.431
-654321
157.698
173.146
144.004
138.31
132.968
145.372
123.191
170.741
177.771
181.294
186.65
193.476
205.77
205.221
212.401
218.243
162.759
-654321
158.135
145.484
138.768
134.498
127.711
122.196
163.502
170.125
175.3
182.685
186.841
193.66
199.684
204.807
211.231
157.265
-654321
143.972
139.18
133.705
127.737
121.163
158.535
162.76
167.545
176.092
182.491
185.267
192.619
199.163
206.03
151.952
-654321
140.548
146.182
127.717
139.588
151.363
176.129
165.153
171.107
174.888
182.232
187.941
194.296
199.327
144.436
-654321
133.385
128.179
120.516
146.08
152.673
156.206
163.963
171.158
175.003
180.089
184.55
193.517
152.293
-654321
127.781
120.656
138.991
144.234
158.493
157.074
163.413
169.496
175.09
180.795
188.36
132.575
-654321
122.911
133.188
138.429
158.089
152.551
158.179
166.45
183.916
174.836
182.981
127.057
-654321
156.513
133.883
165.755
145.072
153.189
156.598
162.84
171.729
174.672
122.069
-654321
227.006
240.124
249.39
261.553
283.77
291.824
301.894
298.134
304.824
209.596
-654321
239.487
251.349
267.67
278.499
296.044
293.469
303.965
310.624
311.366
209.308
224.946
-654321
249.379
265.745
278.239
286.729
303.328
304.991
304.382
306.188
309.739
225.571
210.62
237.428
-654321
263.572
283.696
294.944
300.435
299.84
309.142
298.124
305.909
301.612
239.516
225.446
210.207
259.638
-654321
277.153
296.991
301.236
307.532
308.213
307.974
305.863
303.954
303.874
252.758
239.05
224.206
210.162
263.685
-654321
292.761
300.874
302.025
303.732
312.182
308.644
307.153
300.045
294.919
268.365
255.271
240.3
224.841
209.911
277.985
-654321
302.123
310.436
307.703
307.97
306.473
301.377
304.359
295.554
292.553
282.668
268.679
247.918
239.096
223.757
210.236
287.599
-654321
309.087
309.589
304.422
304.177
301.122
302.49
291.312
291.691
285.096
287.152
283.827
265.833
255.084
233.817
222.855
209.455
302.233
-654321
307.428
304.597
308.45
304.832
299.057
292.643
292.126
284.912
280.402
297.624
296.966
280.448
270.631
251.894
236.711
225.525
210.222
306.711
-654321
308.956
306.417
301.538
303.616
296.482
291.339
287.525
281.986
275.558
300.78
300.615
295.994
278.158
268.711
251.191
238.358
222.959
210.152
307.653
-654321
305.066
304.695
301.233
296.672
291.832
285.443
280.43
274.597
269.723
310.521
305.315
304.996
292.517
270.005
269.422
252.258
238.809
224.549
309.451
-654321
303.436
300.132
294.712
292.414
286.665
280.917
274.882
270.041
264.24
309.415
311.351
304.586
305.58
291.184
279.778
266.916
250.645
238.877
306.502
-654321
300.212
293.001
292.876
286.275
281.837
276.065
269.665
263.956
258.902
302.912
308.212
307.532
302.196
302.052
301.172
280.985
259.985
254.024
303.73
-654321
295.508
290.335
284.462
280.833
275.92
270.247
264.645
257.37
252.457
304.512
306.607
306.44
308.304
302.152
300.305
299.907
279.474
270.208
299.249
-654321
289.128
286.213
282.244
273.193
270.345
264.805
258.076
252.299
246.209
302.021
302.021
306.216
306.496
307.219
306.63
305.123
292.081
278.699
294.36
-654321
285.299
281.004
275.497
269.841
264.081
257.228
252.429
246.294
240.138
289.427
296.795
304.396
306.459
307.086
301.7
308.332
302.332
295.372
292.996
-654321
282.066
276.487
270.135
264.396
258.67
252.585
246.571
240.678
233.904
292.96
292.648
302.895
305.807
301.263
301.74
297.33
308.06
296.3
286.849
-654321
276.184
269.633
261.694
258.541
252.672
245.754
240.526
234.405
229.048
286.922
291.832
297.566
295.854
303.082
305.822
302.566
306.043
311.716
282.136
-654321
270.736
263.9
258.353
252.128
246.18
241.03
235.214
227.731
222.456
279.154
286.719
286.08
291.931
302.14
301.216
309.09
303.197
299.31
276.211
-654321
264.185
258.698
253.624
247.1
240.89
234.542
228.915
222.26
216.707
275.395
280.642
285.752
293.229
297.092
297.493
296.586
303.161
309.535
269.69
-654321
257.997
252.725
247.211
240.186
234.574
227.761
221.794
216.514
210.334
269.995
273.856
279.341
285.085
291.942
298.941
296.343
302.644
302.569
262.953
-654321
251.863
246.657
240.716
234.148
228.678
221.823
215.439
210.11
203.602
264.704
268.699
276.516
278.979
286.481
291.933
296.386
302.793
305.408
257.772
-654321
246.237
240.253
234.46
228.68
222.946
215.732
209.893
204.687
198.187
258.344
265.156
269.819
274.998
279.11
283.498
290.45
299.418
302.059
253.014
-654321
239.993
234.732
227.493
222.705
216.761
210.76
204.311
198.482
192.683
252.677
258.483
263.759
270.604
275.127
275.523
284.528
292.78
297.067
246.497
-654321
234.853
227.802
222.904
216.65
211.061
204.912
197.375
192.699
187.743
247.162
251.602
258.375
264.705
269.128
273.194
280.947
289.042
290.083
240.738
-654321
228.29
222.828
215.65
210.807
204.752
198.094
192.385
186.815
181.184
240.037
246.203
251.449
258.222
262.791
270.41
276.74
278.554
284.978
234.94
-654321
222.819
217.095
209.978
205.048
198.179
192.802
186.284
180.588
174.683
234.35
240.466
246.088
251.559
258.23
260.659
269.415
276.4
279.428
229.26
-654321
217.02
210.361
205.006
197.35
191.105
186.358
181.093
174.142
167.588
228.062
234.828
218.914
246.458
227.076
231.166
264.081
263.304
274.196
221.959
-654321
211.183
204.075
199.645
192.946
186.956
180.592
174.567
169.27
162.571
222.217
228.899
234.944
240.637
246.134
252.85
258.149
263.579
267.77
215.696
-654321
204.554
198.835
191.444
185.46
191.527
175.396
167.841
161.979
156.213
217.131
222.787
230.06
234.506
240.515
246.83
253.054
258.871
263.334
210.089
-654321
191.687
187.855
185.562
179.386
174.92
166.621
161.125
155.325
149.042
209.792
215.82
223.186
227.991
234.425
240.148
244.819
252.184
258.041
204.616
-654321
191.832
186.724
179.421
175.658
169.055
161.544
155.965
150.828
203.799
209.639
216.116
222.415
224.864
235.013
240.798
246.391
251.887
199.021
-654321
186.843
178.707
172.786
167.457
161.597
157.775
160.046
197.633
203.995
209.46
215.619
223.284
227.875
234.432
240.283
245.992
192.095
-654321
181.304
175.322
169.014
161.526
155.429
160.356
191.492
197.921
195.631
211.28
217.818
222.495
227.719
232.516
240.854
188.706
-654321
175.895
168.375
180.125
157.365
160.996
186.125
192.359
198.181
207.645
198.688
204.483
222.776
228.492
235.275
179.511
-654321
167.899
162.86
155.87
149.689
179.858
184.929
191.639
199.543
204.274
209.953
215.445
222.38
228.694
173.048
-654321
168.342
162.851
150.033
175.382
180.192
186.035
192.704
197.478
204.091
210.694
217.101
222.347
168.058
-654321
155.732
151.313
168.882
174.498
179.333
185.303
192.565
200.555
204.145
210.318
216.178
164.102
-654321
150.051
168.011
167.818
176.013
179.601
186.673
193.083
198.665
204.421
209.299
155.791
-654321
154.519
160.634
169.344
175.062
180.932
186.686
199.692
197.49
204.318
151.229
-654321
228.177
237.568
255.589
261.057
286.33
294.874
310.68
319.132
321.525
211.029
-654321
238.139
248.327
261.647
287.127
290.642
306.425
329.568
325.628
324.697
209.878
224.29
-654321
252.211
267.297
282.948
285.128
303.649
310.76
322.965
324.485
324.774
220.878
211.522
241.639
-654321
261.023
277.963
299.168
303.94
321.286
330.961
320.062
323.469
321.354
236.327
223.868
210.194
253.946
-654321
274.551
287.398
302.602
316.673
317.538
328.794
328.191
329.078
329.842
250.176
237.514
226.236
209.715
264.811
-654321
297.349
316.515
316.447
329.08
323.906
326.663
324.828
320.778
318.314
270.775
253.794
238.876
224.799
209.933
276.093
-654321
302.612
314.671
322.454
323.57
316.674
326.66
324.563
319.284
321.46
286.187
262.876
258.134
242.439
222.154
211.871
299.955
-654321
327.951
324.252
328.459
316.962
319.607
327.353
322.385
319.06
313.902
293.142
282.2
262.257
252.587
239.066
223.549
210.751
301.342
-654321
326.323
327.016
326.918
322.279
322.329
321.376
319.232
316.648
312.134
301.824
293.576
280.477
272.475
255.006
238.431
221.467
208.812
312.546
-654321
325.115
328.275
326.65
324.294
323.445
317.309
310.391
309.381
303.087
320.398
310.999
295.445
282.16
266.5
255.733
237.744
224.276
210.679
321.354
-654321
333.548
325.05
325.611
321.283
317.648
312.928
308.84
301.163
301.265
329.04
313.53
304.676
292.638
281.26
264.175
253.19
237.014
225.092
328.622
-654321
322.432
321.282
319.974
316.138
313.215
310.406
305.921
299.393
294.23
319.775
319.823
320.373
304.37
291.388
285.235
267.736
254.066
236.191
326.42
-654321
323.41
322.18
317.983
311.614
308.3
306.299
299.974
295.183
289.368
326.946
325.097
325.368
316.028
310.53
288.313
280.424
265.584
255.164
326.241
-654321
321.033
319.753
318.794
312.445
304.919
299.069
293.539
288.702
282.364
321.629
331.356
328.947
322.666
322.152
307.102
289.502
280.747
266.713
325.179
-654321
319.028
312.775
311.191
303.55
300.234
293.288
288.787
283.032
277.306
322.156
329.416
326.315
324.064
334.104
318.674
295.919
298.29
292.081
322.128
-654321
311.809
307.56
304.915
300.391
294.888
289.936
281.827
277.417
271.403
320.574
322.906
328.122
325.08
325.008
312.665
318.62
307.337
300.281
323.536
-654321
307.968
302.466
298.585
294.302
289.59
283.315
278.072
270.123
266.113
318.859
324.751
326.552
325.064
328.871
320.725
320.519
310.262
310.383
319.081
-654321
301.961
298.749
292.96
287.719
283.259
277.232
271.845
266.124
259.662
317.094
320.12
319.417
323.367
325.723
324.005
322.005
327.23
312.276
310.752
-654321
301.076
291.808
289.936
283.171
276.173
270.742
265.877
259.398
253.853
308.826
315.549
320.695
320.756
325.083
318.165
328.416
326.89
323.209
306.688
-654321
294.546
287.455
283.958
277.599
272.368
265.512
258.878
254.433
248.358
306.617
311.035
317.866
321.956
322.102
321.195
325.845
323.342
324.17
299.068
-654321
288.952
284.201
277.224
272.221
265.931
259.179
253.997
248.523
242.336
301.705
303.684
313.178
312.216
307.63
327.091
320.894
322.748
324.412
293.59
-654321
283.612
278.511
272.997
266.172
260.217
254.14
248.079
242.444
236.834
289.937
301.095
306.284
310.863
315.291
316.531
314.526
322.513
329.18
287.221
-654321
276.566
272.942
265.872
260.798
254.023
247.956
241.627
236.906
229.935
289.411
295.483
301.567
303.344
308.995
318.779
314.978
321.045
321.429
277.644
-654321
272.454
266.392
258.807
253.902
247.386
242.075
236.707
230.783
223.786
283.703
289.564
295.72
299.817
306.462
305.593
313.402
319.472
319.29
277.629
-654321
264.138
260.565
253.699
248.258
241.162
236.817
230.287
224.222
218.198
277.74
283.958
285.433
293.944
301.295
306.571
311.236
319.232
319.793
271.356
-654321
259.161
253.716
248.428
242.711
236.433
230.447
224.114
219.041
212.332
271.749
277.568
283.599
289.206
295.888
300.706
297.709
309.738
314.85
266.237
-654321
253.01
248.907
240.645
236.582
230.239
224.703
218.562
212.704
205.616
265.766
271.965
278.076
283.384
289.196
295.118
296.598
297.734
309.509
260.215
-654321
247.445
242.464
236.581
230.788
224.424
219.925
211.483
206.099
200.65
259.901
266.238
271.982
278.366
281.668
289.706
294.985
301.467
303.112
253.994
-654321
242.048
236.589
230.898
223.836
217.333
214.245
206.388
199.979
193.49
254.592
260.118
265.614
272.277
277.34
280.816
287.855
292.274
299.897
248.341
-654321
236.87
229.549
224.059
217.99
213.42
206.215
201.104
193.237
187.997
248.065
254.497
259.227
265.741
272.26
277.273
283.078
289.397
292.934
242.206
-654321
230.868
222.832
217.67
212.916
205.487
200.663
194.024
188.488
182.059
242.937
248.314
253.548
260.693
266.759
271.346
278.494
284.171
288.18
236.768
-654321
224.856
216.884
212.503
195.328
199.059
194.932
188.94
181.61
235.941
242.195
247.923
253.166
261.401
265.448
272.084
277.653
283.273
230.046
-654321
218.679
211.154
205.579
200.391
195.28
189.733
181.872
229.953
236.589
220.815
249.317
253.555
259.721
264.728
273.14
275.069
224.453
-654321
212.83
207.208
200.062
194.416
187.532
181.543
226.557
230.228
236.34
242.201
248.595
254.316
260.225
266.358
271.277
218.456
-654321
207.445
200.087
195.729
187.884
183.172
219.153
223.812
229.112
235.066
241.165
249.279
255.393
258.097
266.178
212.537
-654321
200.198
194.938
187.043
192.601
200.832
218.119
223.797
229.524
237.324
243.568
248.167
248.578
259.716
206.074
-654321
194.969
188.487
181.602
206.195
212.739
219.073
223.643
212.132
236.005
243.909
248.534
253.545
200.088
-654321
187.058
182.601
200.631
196.484
212.363
206.041
223.599
230.01
235.576
240.109
248.577
195.178
-654321
181.675
192.881
199.934
207.072
212.292
217.086
208.744
230.256
236.889
242.524
186.698
-654321
189.229
194.909
200.659
206.797
212.652
218.366
223.471
228.861
236.155
180.517
-654321
225.108
236.83
250.94
252.343
276.816
294.453
306.127
332.283
332.617
209.577
-654321
234.811
251.049
264.062
287.889
297.365
303.049
322.83
329.852
339.904
210.559
223.532
-654321
253.904
276.194
286.682
294.46
316.899
324.348
315.806
340.881
343.966
224.322
212.225
237.179
-654321
265.552
288.338
284.427
306.01
332.26
330.996
330.088
339.351
344.936
239.425
225.823
210.78
255.623
-654321
278.399
297.083
309.228
326.562
331.746
330.602
337.108
346.683
335.737
253.316
239.994
225.132
210.653
262.107
-654321
286.811
309.66
324.676
330.269
341.53
338.851
337.578
346.344
333.461
261.169
252.138
238.097
225.542
210.843
276.963
-654321
306.319
323.289
324.972
336.062
338.225
346.738
346.399
344.017
346.693
288.856
264.055
249.577
235.405
221.407
208.579
299.159
-654321
309.451
325.132
341.593
334.999
340.181
343.675
344.07
337.209
335.899
304.048
283.379
268.694
254.691
241.629
224.277
210.025
305.748
-654321
316.684
342.586
343.145
340.732
349.227
344.614
340.498
338.157
339.18
306.832
294.597
280.499
264.981
256.516
237.224
226.302
211.512
313.135
-654321
335.611
343.219
345.074
343.35
344.214
339.749
338.488
333.074
329.92
324.99
311.008
285.719
279.19
265.888
252.577
237.861
223.933
210.833
323.522
-654321
341.964
341.293
348.11
338.77
339.237
336.395
334.851
332.062
323.675
337.517
322.385
311.452
287.024
279.437
271.018
253.623
238.277
226.501
332.95
-654321
347.031
342.512
348.296
336.525
338.18
332.275
329.068
325.147
322.825
337.121
337.234
314.86
313.051
292.179
281.74
266.614
247.493
239.128
340.905
-654321
344.354
339.943
342.525
336.819
334.942
333.613
327.068
319.756
313.375
340.405
339.263
333.558
327.743
313.334
290.725
279.624
270.588
251.235
342.936
-654321
337.993
342.515
340.02
332.152
328.733
325.164
319.818
315.001
311.607
343.88
340.368
337.718
333.855
323.382
309.984
289.469
279.14
267.738
343.889
-654321
340.085
331.284
333.144
329.743
324.914
322.703
312.391
310.024
303.913
340.116
339.736
336.351
330.613
339.873
325.871
307.143
295.314
287.237
339.261
-654321
338.113
330.551
333.245
326.414
320.651
316.226
311.47
303.302
298.774
338.353
343.18
343.34
344.369
334.492
334.814
331.061
310.863
296.291
333.223
-654321
332.293
326.491
326.934
322.007
315.826
311.907
303.889
301.465
293.189
339.25
346.228
339.957
340.227
341.016
328.416
327.669
310.158
309.121
342.678
-654321
331.704
327.08
321.394
313.337
310.345
306.568
300.771
292.514
289.314
341.416
340.526
346.118
340.594
343.263
340.33
329.574
329.183
328.36
336.77
-654321
324.013
315.894
314.141
309.219
305.567
300.448
294.263
288.714
283.607
331.453
341.162
342.079
342.046
340.488
344.555
333.305
339.031
335.236
330.966
-654321
321.87
315.607
309.334
306.321
299.159
295.504
288.85
283.106
277.544
324.546
329.43
340.535
334.503
345.013
342.742
346.831
333.831
334.255
327.949
-654321
316.708
310.325
305.831
298.436
294.761
289.3
283.223
277.021
271.87
322.428
333.54
336.57
338.527
339.088
346.211
344.167
343.4
345.017
319.354
-654321
311.374
302.116
301.224
295.183
288.023
283.709
278.398
271.676
264.861
318.038
326.606
331.617
333.463
338.561
339.787
343.741
341.339
335.686
314.441
-654321
306.406
301.084
295.048
288.947
282.29
276.611
271.927
264.988
259.397
317.629
324.394
327.268
325.512
337.743
338.122
336.081
344.013
341.08
310.628
-654321
300.951
295.441
288.963
282.263
276.528
270.434
265.226
259.765
253.264
312.523
313.374
321.999
324.081
325.258
340.027
340.151
344.031
334.323
304.723
-654321
293.05
289.234
283.084
277.904
271.575
264.941
259.982
253.642
247.096
306.259
306.804
314.564
321.736
320.096
325.002
330.007
333.152
341.739
299.806
-654321
286.903
282.755
277.669
271.879
265.339
259.251
253.125
246.738
241.407
297.728
305.319
311.353
318.415
322.63
321.318
311.743
334.93
340.357
293.45
-654321
283.276
271.898
270.833
265.357
259.479
254.43
247.337
240.869
236.115
295.549
298.501
306.775
309.674
309.903
323.201
330.342
334.535
335.087
287.529
-654321
276.824
271.132
266.17
259.413
253.48
247.279
240.929
234.731
229.187
289.475
295.619
299.513
307.043
311.123
318.008
321.703
328.178
331.231
279.662
-654321
270.944
265.783
259.143
253.601
247.349
241.292
235.618
229.77
223.165
283.178
289.521
294.054
301.031
305.286
312.195
313.463
321.796
321.835
277.489
-654321
265.692
259.718
254.059
247.289
241.784
235.336
229.149
223.558
217.128
278.597
282.117
288.659
295.805
300.736
307.216
308.055
314.129
321.157
272.351
-654321
260.382
253.789
248.176
241.759
235.64
229.318
222.738
217.203
210.966
270.414
277.137
283.291
289.526
295.157
300.575
295.863
313.138
316.197
265.12
-654321
253.921
247.086
242.209
235.583
229.253
222.858
217.093
213.172
264.038
271.061
278.19
283.439
289.549
295.045
296.76
307.38
310.375
258.725
-654321
247.884
241.104
236.339
230.212
223.919
216.491
212.522
259.259
265.393
271.574
276.357
284.201
289.239
295.65
296.578
305.637
253.705
-654321
219.914
235.348
229.609
223.193
217.144
211.389
253.418
259.961
266.007
271.113
277.605
278.284
288.096
295.798
300.752
246.75
-654321
215.44
228.331
223.105
217.378
211.42
246.488
254.418
259.173
264.64
271.551
277.418
283.888
286.214
295.119
242.478
-654321
230.13
223.296
217.433
211.521
241.639
247.073
253.923
259.543
264.195
270.449
277.52
283.286
288.247
234.92
-654321
223.112
218.215
211.606
234.956
240.947
247.703
252.608
260.552
266.481
270.885
277.236
282.717
229.779
-654321
218.162
200.412
228.57
235.933
242.802
247.644
254.487
258.245
264.49
272.239
277.104
223.856
-654321
212.368
223.449
212.925
234.471
240.716
223.454
253.938
258.725
266.076
271.219
203.536
-654321
216.997
224.15
212.412
216.877
243.281
247.498
253.978
259.278
265.533
210.704
-654321
215.583
221.862
229.954
236.933
254.826
262.519
264.494
275.302
287.448
205.002
-654321
224.218
227.716
243.684
259.837
255.74
268.198
280.184
287.552
294.883
205.918
218.204
-654321
237.268
237.823
259.075
263.403
266.99
278.673
288.393
299.334
297.837
216.251
205.423
225.876
-654321
245.75
244.857
254.054
277.919
282.741
285.853
290.75
309.491
305.22
227.861
215.054
206.072
238.569
-654321
248.325
261.761
269.429
282.112
283.994
294.888
299.897
297.181
300.981
233.94
225.114
216.708
203.82
245.204
-654321
262.653
263.545
277.129
284.304
293.104
295.689
290.976
303.671
304.498
243.267
230.395
221.599
215.924
206.351
248.872
-654321
274.721
274.209
295.203
298.639
297.232
298.322
306.446
300.92
304.537
246.007
244.543
236.188
226.665
214.955
205.714
262.612
-654321
279.436
281.888
295.676
291.173
310.566
300.174
307.596
301.603
305.289
262.905
253.942
238.449
233.88
227.243
214.372
205.922
270.213
-654321
292.359
284.82
297.987
307.165
307.639
300.647
301.199
303.632
293.173
275.204
252.366
251.729
241.91
233.029
223.119
214.457
205.194
276.948
-654321
298.559
292.493
300.151
302.643
303.204
303.481
302.843
301.098
299.634
278.891
269.423
266.676
247.662
245.957
232.96
221.788
216.764
204.98
281.98
-654321
305.185
304.747
298.439
302.681
298.396
298.933
303.392
299.782
293.95
284.47
281.547
277.83
258.367
254.346
243.463
233.784
225.736
214.572
293.222
-654321
302.041
307.474
303.029
301.87
302.598
297.669
301.003
295.596
294.04
297.211
290.378
277.053
280.029
258.629
253.503
239.044
235.417
221.952
294.514
-654321
305.225
302.973
302.806
302.929
302.301
300.133
294.939
293.39
289.038
298.252
286.554
292.059
280.198
274.52
260.49
247.12
239.339
236.337
306.315
-654321
306.346
304.77
300.477
301.716
296.699
296.669
291.864
291.505
283.134
293.599
304.939
294.394
286.547
281.875
281.247
261.26
251.307
244.455
301.449
-654321
302.28
302.762
299.151
298.175
297.839
292.871
291.638
286.594
283.751
301.923
300.427
298.288
296.206
288.067
277.376
270.573
261.18
256.914
304.732
-654321
301.239
301.867
299.378
296.47
292.009
290.523
286.692
284.287
279.364
303.622
305.968
305.92
295.339
291.876
289.962
278.966
271.448
266.546
303.83
-654321
303.3
299.002
297.643
290.264
288.856
287.104
283.698
279.816
277.051
304.383
300.953
302.968
297.586
301.903
295.335
283.552
285.752
270.09
300.981
-654321
301.889
296.967
295.606
289.933
285.932
283.975
280.798
276.296
273.126
320.262
303.164
301.771
303.227
304.7
300.238
299.972
295.29
282.508
300.342
-654321
297.521
293.425
291.229
285.977
282.779
279.567
276.116
273.435
269.32
303.424
319.335
303.915
303.39
300.845
305.812
304.199
292.058
292.975
298.707
-654321
295.321
292.354
292.821
283.306
280.603
277.514
272.033
269.536
265.92
302.224
301.113
306.616
322.459
303.753
303.056
298.837
297.156
292.228
296.093
-654321
286.921
285.337
283.18
280.629
277.283
272.457
269.427
264.305
261.825
296.115
299.651
299.244
301.86
300.544
303.772
297.466
302.272
302.258
294.963
-654321
286.298
284.229
279.773
277.115
272.198
269.744
265.706
261.67
258.088
294.276
294.451
299.129
304.297
299.448
302.377
299.836
301.915
305.635
291.124
-654321
283.587
277.155
277.041
273.143
269.503
265.996
261.717
257.819
254.075
288.535
292.73
298.467
301.835
300.667
302.143
303.468
303.977
305.661
284.064
-654321
280.735
276.434
270.814
269.299
265.675
261.652
257.886
254
250.155
285.263
292.024
289.745
295.551
299.53
303.331
303.57
303.587
303.304
281.452
-654321
277.513
273.325
269.379
265.519
262.13
258.045
253.965
250.116
246.353
281.477
287.759
289.173
295.514
295.843
295.843
295.045
300.652
304.78
280.383
-654321
271.318
269.471
265.289
261.248
258.282
254.31
249.749
246.03
241.769
279.847
284.704
287.553
285.209
294.547
295.248
295.655
304.823
304.18
277.373
-654321
269.714
265.261
261.767
258.145
254.465
249.916
245.55
241.427
237.784
277.65
281.216
284.123
289.124
290.524
294.719
295.337
300.733
303.413
269.01
-654321
263.431
261.753
258.452
254.614
250.157
246.192
242.202
238.147
234.082
273.774
277.648
281.213
282.833
287.69
292.329
294.905
298.906
301.384
268.646
-654321
261.692
257.208
253.937
249.913
246.372
242.066
238.27
234.282
230.076
268.82
273.317
270.947
280.189
284.911
287.943
291.148
287.771
295.729
265.56
-654321
258.501
253.584
250.035
246.685
242.773
238.035
234.442
230.36
225.982
265.253
270.016
272.653
276.073
280.398
281.09
288.052
292.106
292.713
261.274
-654321
254.416
250.434
246.087
242.244
238.166
234.639
230.19
226.516
222.296
262.115
264.677
269.568
273.696
277.646
280.65
285.176
287.036
290.558
257.696
-654321
250.044
246.849
242.36
238.382
233.931
229.42
225.785
222.37
258.004
261.675
265.604
269.806
268.757
276.321
281.055
284.133
287.767
254.126
-654321
245.949
242.173
239.141
234.109
230.251
226.154
222.888
253.906
258.123
261.484
265.788
270.125
273.339
277.544
281.303
282.891
250.33
-654321
242.101
237.856
234.052
230.285
215.171
222.583
250.214
254.273
256.888
262.621
265.403
268.974
272.263
277.018
280.133
245.869
-654321
238.573
233.93
229.75
226.158
222.491
246.283
250.188
254.003
258.697
261.473
265.749
269.306
273.474
276.186
241.754
-654321
234.222
230.321
226.452
222.439
242.066
246.111
250.03
253.699
258.26
261.681
264.518
269.223
272.965
238.587
-654321
229.383
226.477
222.351
238.265
242.044
246.102
250.375
253.413
258.196
233.122
265.472
269.604
234.957
-654321
225.952
222.517
234.577
238.328
242.102
245.165
250.022
253.572
257.507
261.631
265.609
230.573
-654321
222.373
229.913
234.414
237.993
241.887
246.678
250.539
254.114
258.043
262.081
226.206
-654321
226.762
230.081
234.164
221.584
242.702
246.398
250.404
254.955
258.417
222.517
-654321
