261.463
268.527
266.428
250.12
246.033
241.945
238.089
234.029
229.989
267.819
-654321
258.173
254.494
265.274
246.351
242.382
238.375
234.342
230.455
226.206
269.836
261.588
-654321
254.23
250.386
246.241
242.448
238.336
263.55
230.306
226.54
248.37
261.514
264.604
258.367
-654321
250.214
246.115
242.198
238.262
234.264
230.165
226.083
222.339
218.318
258
261.68
261.818
254.136
-654321
246.157
242.041
237.95
234.224
230.167
225.953
222.086
242.262
214.016
254.1
258.222
261.643
263.673
271.043
-654321
242.212
238.029
234.242
230.186
226.088
222.19
218.058
213.997
210.055
250.223
254.111
258.178
261.515
261.81
246.077
-654321
238.262
234.217
230.247
226.397
248.116
218.202
214.042
210.079
206.129
246.183
250.093
254.117
257.825
273.93
266.368
278.148
-654321
234.506
230.139
226.316
248
218.111
214.3
210.426
206.069
202.138
242.15
246.004
282.936
254.2
258.296
261.72
261.983
272.197
-654321
230.213
226.21
222.114
218.02
214.142
210.068
206.042
202.123
197.954
238.159
242.208
246.162
250.076
254.158
258.281
261.248
265.039
234.308
-654321
226.163
248.094
217.999
213.96
210.21
206.019
202.268
197.986
206.012
234.121
238.21
242.03
246.101
250.033
254.4
258.056
261.818
271.678
230.201
-654321
222.152
218.097
214.36
210.067
206.027
202.323
198.296
194.331
190.276
230.056
234.499
238.155
242.125
246.062
250.484
254.114
258.083
274.403
226.635
-654321
217.959
214.368
230.346
206.123
202.094
198.387
194.304
190.102
186.363
226.01
230.292
234.037
238.199
242.335
246.141
250.117
254.512
273.266
221.9
-654321
214.305
209.995
206.328
202.301
198.102
194.053
190.043
186.389
182.129
222.242
226.023
229.898
234.084
238.132
278.419
246.395
250.158
254.222
217.978
-654321
210.436
206.227
201.832
226.491
194.152
190.09
186.291
182.178
177.984
218.36
222.193
226.214
230.048
233.78
237.484
242.199
264.256
254.825
214.191
-654321
206.452
201.87
198.242
194.139
190.13
194.451
182.28
178.101
174.327
214.559
218.151
222.171
226.243
230.114
234.485
238.284
242.247
246.255
209.948
-654321
202.457
198.098
194.309
190.39
186.225
182.312
178.08
174.283
170.375
210.434
214.057
218.135
222.159
226.152
229.984
233.934
237.943
242.206
206.048
-654321
197.93
194.691
189.933
186.898
182.184
177.993
174.009
170.394
166.047
206.214
209.955
213.909
218.02
222.359
226.467
229.866
234.211
238.187
202.015
-654321
193.569
190.338
186.235
181.765
178.056
174.142
170.233
166.424
162.019
202.33
205.999
210.336
214.13
218.066
222.128
226.269
230.105
234.214
198.368
-654321
190.1
185.921
182.122
177.97
174.383
170.079
166.214
162.115
158.227
198.108
202.011
206.051
210.482
213.854
217.89
222.006
226.593
230.27
193.886
-654321
186.595
182.03
178.458
174.028
170.571
166.037
161.521
157.939
153.982
194.505
198.634
202.322
206.56
210.429
214.011
218.221
222.592
226.299
189.983
-654321
182.465
177.854
174.907
170.556
166.272
162.463
158.059
154.571
150.027
190.067
194.136
197.981
202.146
206.118
210.215
214.168
217.922
222.329
186.556
-654321
178.136
175.966
169.978
165.868
162.139
158.831
154.263
150.582
134.095
186.076
190.395
194.467
198.326
202.394
224.417
210.366
213.957
218.211
182.213
-654321
173.806
170.31
166.345
162.149
157.984
154.362
150.387
145.986
141.898
182.902
186.165
189.65
194.136
198.456
201.919
206.603
210.156
224.013
178.077
-654321
170.128
166.39
162.016
158.639
154.372
150.099
146.102
142.57
138.436
178.428
182.195
186.263
190.494
194.111
198.08
202.467
206.455
210.314
174.441
-654321
166.499
162.139
158.098
154.03
150.373
146.311
142.342
137.642
134.164
174.328
177.935
181.54
186.417
190.148
194.146
198.629
202.353
224.301
170.566
-654321
161.95
158.077
154.27
149.765
146.151
142.121
137.557
134.028
130.17
170.288
173.956
177.903
182.158
185.917
190.507
194.01
198.469
202.239
166.36
-654321
158.419
154.435
150.556
146.358
142.118
137.419
133.984
129.639
125.479
166.22
170.504
174.903
177.846
182.387
186.322
190.34
194.145
198.238
161.593
-654321
153.905
150.208
145.813
141.972
139.059
134.733
129.826
126.074
122.197
162.233
166.344
170.661
174.365
177.525
182.497
186.243
190.052
194.101
158.113
-654321
150.614
145.781
142.603
138.329
134.498
130.444
126.468
121.735
118.226
158.338
162.704
165.701
170.352
174.745
178.345
182.416
186.191
190.496
154.199
-654321
146.082
142.579
137.762
134.418
130.844
126.426
122.2
118.401
113.524
153.96
158.194
162.303
165.945
170.017
174.028
178.334
182.764
186.399
149.91
-654321
142.829
122.359
134.723
130.363
187.434
122.485
117.711
181.656
110.09
150.71
154.34
157.804
162.343
207.662
169.994
174.386
178.116
182.084
145.815
-654321
137.409
134.427
110.136
126.191
185.54
119.211
114.18
110.496
106.343
145.394
150.631
153.843
158.419
162.248
166.031
169.926
174.058
178.459
142.383
-654321
134.592
130.21
126.607
122.712
117.506
114.484
109.982
106.453
102.432
142.322
197.502
150.038
153.891
159.043
161.881
165.38
169.156
174.083
193.398
-654321
130.403
126.469
122.175
117.977
114.69
110.429
106.397
101.567
98.0856
138.556
143.015
146.425
149.962
153.419
158.233
161.432
166.123
170.37
134.178
-654321
125.678
121.373
118.004
113.666
110.325
105.742
102.642
98.1358
94.189
134.786
138.65
141.393
198.276
199.92
154.241
157.759
162.329
166.225
129.805
-654321
121.37
118.025
181.939
109.249
106.069
101.467
98.2653
93.9063
89.1114
129.971
134.194
138.448
141.624
147.009
150.766
154.169
158.034
162.033
126.239
-654321
117.676
114.636
110.092
105.954
101.805
98.6098
171.502
169.976
85.5555
126.234
130.35
192.107
138.275
195.043
146.261
150.338
154.097
157.82
122.636
-654321
114.789
110.314
105.954
175.18
173.795
95.1578
90.3534
86.0437
81.9722
121.111
125.977
189.86
134.768
138.192
141.965
197.667
200.343
154.155
118.123
-654321
110.632
106.746
101.931
98.5383
94.1475
90.1672
167.84
166.115
78.0718
118.438
121.846
125.97
129.351
134.668
138.156
142.321
145.571
149.739
181.117
-654321
106.036
176.05
97.0774
94.5478
90.416
86.3361
165.582
77.9018
73.8491
181.613
182.97
121.586
126.086
190.21
133.114
194.155
141.819
146.109
110.021
-654321
102.32
172.555
171.61
90.0846
85.4478
166.136
79.0233
161.626
69.9081
109.207
113.607
117.938
122.504
126.597
130.141
134.085
193.621
142.337
106.313
-654321
97.585
93.6863
90.075
85.8033
83.0399
163.958
73.8656
159.438
105.481
109.371
113.167
117.966
185.934
187.525
130.419
133.622
137.913
175.599
-654321
95.1682
91.3669
85.6697
82.6538
163.578
161.739
71.0572
102.009
105.844
179.081
113.439
183.309
121.216
125.505
189.958
133.766
97.0369
-654321
169.25
167.638
82.1711
163.224
161.842
70.3344
96.8449
101.965
105.951
109.804
182.045
117.259
185.078
188.511
130.439
94.1929
-654321
85.664
83.1809
78.2273
74.068
70.4483
93.8916
98.5267
175.512
105.622
109.592
114.295
118.495
123.059
126.679
169.142
-654321
82.7673
79.5288
161.882
159.118
169.313
92.9475
97.508
101.228
106.228
110.48
113.593
117.873
121.829
86.4007
-654321
76.4115
75.2153
70.7905
86.9423
91.7251
172.09
98.9602
176.212
177.604
179.265
114.859
118.604
165.862
-654321
74.2272
159.338
81.1708
167.636
170.287
172.111
97.4675
174.965
177.657
109.95
181.547
77.3158
-654321
70.6306
79.5509
82.9595
167.463
90.5652
93.2665
174.145
175.43
106.589
109.651
73.7049
-654321
162.544
76.9259
81.5144
167.723
90.3339
170.99
97.9044
175.361
105.993
68.594
-654321
278.046
279.015
274.651
270.099
264.331
258.288
252.387
245.952
240.151
270.018
-654321
279.325
275.678
270.535
265.035
258.761
252.89
247.037
240.922
235.05
270.606
278.762
-654321
276.488
270.464
264.89
259.221
252.979
246.877
241.202
234.868
228.738
279.459
270.705
279.91
-654321
270.85
265.596
259.479
253.412
247.961
241.47
235.461
229.504
223.523
280.629
279.173
270.611
277.039
-654321
265.387
259.328
253.592
247.395
241.307
234.572
229.629
223.169
217.047
275.769
278.213
278.579
271.04
270.974
-654321
259.159
253.097
246.986
241.15
234.604
228.764
223.233
217.257
211.265
270.839
275.671
279.505
279.371
270.669
264.882
-654321
253.426
247.207
241.133
234.605
229.016
223.22
217.126
211.254
205.052
264.804
270.431
276.609
278.546
279.336
270.325
259.044
-654321
246.911
240.913
235.194
228.631
222.752
217.101
211.352
205.392
198.901
258.865
264.594
270.683
275.553
279.195
278.933
270.919
253.176
-654321
240.879
235.111
229.058
222.897
216.928
211.186
205.211
198.973
192.884
253.178
258.693
265.284
269.633
275.15
277.383
279.155
270.394
247.226
-654321
234.579
228.861
222.656
216.83
210.919
205.144
199.315
192.917
187.074
247.066
253.393
258.959
264.761
270.832
275.282
279.807
278.805
270.894
241.04
-654321
229.016
223.054
217.459
211.248
205.406
198.467
192.941
186.579
181.373
241.095
246.877
253.038
259.495
265.077
271.22
275.8
279.221
278.948
234.763
-654321
222.776
216.936
211.615
205.415
198.839
193.168
187.281
181.051
174.95
235.002
241.43
246.864
253.443
259.095
264.862
270.691
274.952
279.649
228.859
-654321
217.771
211.219
205.489
198.209
193.45
186.866
181.235
175.1
168.882
229.154
235.575
241.063
247.56
253.033
259.025
264.597
271.337
275.421
223.041
-654321
210.935
205.078
199.131
193.419
187.056
181.249
174.76
168.694
162.849
223
228.816
235.249
241.351
246.836
253.097
258.922
264.923
270.923
216.693
-654321
205.257
199.55
192.901
186.937
180.908
175.457
169.006
163.198
156.682
216.889
223.201
228.992
235.234
241.49
247.182
253.423
259.363
265.072
211.327
-654321
199.594
192.949
187.281
180.7
175.068
169.224
162.721
157.179
151.078
210.922
216.766
222.702
229.519
235.28
240.72
246.99
253.1
258.861
205.485
-654321
193.325
186.815
180.641
175.294
169.227
163.309
157.051
151.015
144.884
205.147
211.029
217.036
222.933
229.045
234.994
240.8
247.86
253.097
198.714
-654321
186.923
180.615
174.789
169.131
162.985
157.025
151.481
145.432
138.746
199.089
204.817
211.528
216.858
223.256
229.138
235.656
240.726
247.058
193.439
-654321
181.09
174.429
168.559
162.694
157.226
151.088
144.754
139.216
132.395
193.299
198.972
205.453
211.015
217.774
223.718
229.498
235.059
240.806
186.917
-654321
174.979
168.467
162.725
156.934
151.618
145.233
139.412
132.306
126.733
186.463
192.81
199.1
205.329
211.073
217.052
223.507
228.841
234.91
181.134
-654321
168.965
162.969
156.765
151.14
144.588
139.255
133.024
126.902
121.095
180.637
186.52
193.572
199.251
204.402
211.143
217.789
222.474
229.034
174.517
-654321
163.806
156.745
151.326
144.904
138.324
133.618
126.558
120.385
115.365
174.817
180.723
186.958
193.349
198.803
205.133
211.047
217.113
222.862
169.263
-654321
157.376
151.404
145.195
139.369
132.707
126.739
121.145
114.197
108.224
169.593
173.922
181.092
186.561
192.838
199.017
205.395
211.445
217.028
163.072
-654321
151.222
144.9
138.329
132.879
126.457
120.77
116.093
108.645
102.574
163.304
168.828
174.884
181.202
186.967
193.208
198.663
205.726
211.103
156.832
-654321
144.215
139.354
134.024
127.628
121.778
115.795
108.441
103.229
97.6789
157.705
163.062
169.162
175.316
181.292
187.196
193.659
199.266
205.047
150.282
-654321
139.336
132.664
127.214
121.313
115.019
108.634
103.275
96.9055
90.7157
151.99
157.067
163.767
168.502
175.2
180.873
187.106
193.32
198.97
144.185
-654321
133.563
127.389
120.34
114.636
110.074
102.691
96.8123
139.799
85.1029
145.838
151.154
157.64
162.399
169.286
174.757
181.374
186.397
193.029
138.413
-654321
127.706
120.771
114.878
108.816
103.285
97.0362
90.6308
84.5649
78.7876
139.338
145.373
150.559
157.121
163.409
168.711
175.254
180.75
186.405
134.345
-654321
120.504
114.52
108.696
103.947
96.8671
90.5832
84.8206
79.4788
72.2855
132.575
138.974
144.397
150.832
156.222
163.658
169.159
174.444
180.368
126.214
-654321
114.931
109.68
103.493
96.9515
90.6429
86.4364
78.7804
73.476
66.9746
127.022
132.226
139.018
144.81
150.886
157.728
161.653
168.962
175.053
161.015
-654321
110.018
102.08
97.5819
91.2354
84.9227
79.4048
72.3172
66.9668
61.603
160.797
126.512
132.338
138.615
145.823
150.139
156.998
163.459
169.209
113.643
-654321
102.408
96.9114
92.7576
85.6992
79.6637
72.2107
66.2281
60.6704
54.8649
114.726
120.998
126.482
132.621
139.158
144.984
150.362
195.232
162.989
109.129
-654321
96.4536
90.2171
84.5539
78.4979
72.308
67.0469
61.3473
53.8518
48.6329
108.065
114.97
121.112
163.282
131.801
138.413
144.082
151.206
156.954
103.533
-654321
91.9233
84.8285
78.6418
71.7308
66.8236
60.847
54.9588
50.3389
43.5539
102.856
108.219
115.677
171.013
163.14
132.516
138.262
144.506
151.171
156.001
-654321
85.2408
132.99
73.3715
135.713
61.0652
189.63
49.7218
42.5077
36.6867
97.3098
102.956
108.987
156.625
120.884
127.015
133.915
139.311
145.183
90.2692
-654321
78.3702
72.2425
67.3768
120.272
54.3122
49.179
44.3296
37.3352
101.986
90.8304
96.6023
103.339
109.395
116.422
121.468
126.185
132.722
139.627
84.7543
-654321
73.6762
66.4958
61.7316
54.2197
186.925
43.7644
37.0882
112.555
107.511
85.961
151.683
97.1986
160.223
108.46
116.118
121.372
127.106
132.358
132.088
-654321
67.1528
190.739
115.959
49.0437
42.6043
114.747
31.7088
106.98
17.7671
78.8757
85.1976
89.6333
97.3758
101.986
162.246
114.601
123.111
126.974
128.229
-654321
120.975
117.365
48.3574
43.282
36.3998
98.9976
96.0675
102.016
14.1538
127.086
132.969
83.4287
90.8805
97.3078
103.689
109.631
114.538
121.166
66.7769
-654321
128.702
121.984
109.025
37.5901
181.745
23.2408
104.167
12.3099
83.4216
66.8342
72.3949
78.5006
85.493
90.7212
96.1792
159.624
109.003
115.22
60.3488
-654321
49.5871
107.889
36.3696
30.6803
25.0293
18.3214
174.053
172.607
92.1676
191.293
124.414
72.4051
78.6703
86.0453
90.331
144.157
104.127
108.839
55.1694
-654321
42.9017
37.7461
100.885
26.4008
93.7319
88.7562
7.44466
80.1541
126.74
60.9281
137.341
73.0147
131.826
83.8843
151.721
96.9409
103.041
186.869
-654321
183.672
98.1752
25.7184
91.055
10.3374
173.746
171.256
112.322
128.541
120.594
67.0682
140.137
78.1151
84.9596
139.83
96.5899
41.2293
-654321
110.828
106.905
19.8965
87.3724
85.4005
1.35918
109.584
49.7551
128.132
60.0593
66.0549
73.9822
133.107
136.57
91.4004
36.9542
-654321
96.9857
18.7689
99.1248
6.6976
2.36475
182.09
120.132
49.3107
129.248
121.186
67.8081
72.9122
79.3108
85.2725
31.6686
-654321
19.4357
87.8389
5.67833
1.19502
32.1083
36.6948
110.265
113.349
115.28
119.68
193.291
73.4378
78.7091
178.614
-654321
11.8717
8.53485
81.6128
95.3491
99.4889
182.468
41.6134
49.0483
117.474
120.233
193.931
73.9395
90.099
-654321
85.772
0
102.186
25.3515
99.1868
37.1392
121.301
112.16
52.8773
61.5484
66.5323
89.9269
-654321
91.359
102.291
17.9743
26.1597
181.895
35.9495
108.699
49.2573
56.3196
61.1576
7.51606
-654321
96.7318
13.081
176.486
96.5666
100.626
115.379
44.0043
49.5804
55.7639
78.6982
-654321
284.691
295.13
297.458
298.168
293.693
289.087
283.496
277.284
272.388
270.181
-654321
292.867
298.898
298.706
293.307
288.204
283.233
277.282
271.152
265.506
270.968
283.062
-654321
298.631
295.96
292.313
288.333
282.922
277.558
271.473
265.47
259.515
284.158
270.603
294.613
-654321
297.413
293.844
288.967
283.23
277.848
271.832
265.89
260.386
254.131
295.507
284.827
270.525
298.543
-654321
293.931
288.239
283.25
277.428
272.058
265.79
259.762
254.007
248.225
299.01
294.773
285.226
270.804
297.362
-654321
288.532
283.613
277.668
272.003
266.535
259.896
254.038
248.104
242.223
297.964
298.526
296.239
284.56
271.183
292.4
-654321
283.591
277.983
271.64
265.538
259.919
253.953
247.857
241.884
235.754
293.63
297.045
298.656
295.674
286.343
270.71
289.608
-654321
277.775
272.135
265.9
259.556
254.082
248.032
241.771
235.911
229.821
288.519
293.763
297.785
298.928
292.107
285.592
270.171
283.351
-654321
271.916
266.008
259.984
253.961
247.775
241.581
235.537
230.083
223.77
283.176
288.484
294.729
298.489
299.147
293.654
284.66
270.794
277.708
-654321
265.862
259.465
253.771
247.722
242.147
235.597
229.974
224.311
217.542
277.826
283.649
289.304
293.409
297.254
296.982
298.066
281.723
271.208
272.02
-654321
260.174
253.328
247.876
241.597
235.588
229.791
223.368
217.816
212.077
272.126
277.777
282.582
288.66
294.708
297.624
297.099
292.669
284.512
265.69
-654321
254.273
247.334
241.75
236.099
229.976
224.171
217.782
211.759
206.232
265.918
271.536
277.309
283.257
289.41
294.907
296.133
297.876
295.382
259.974
-654321
247.856
242.213
235.429
229.672
224.006
218.01
211.623
206.245
200.028
259.609
266.029
271.245
277.658
283.226
288.027
292.496
298.725
298.246
253.765
-654321
241.712
235.939
229.71
223.33
217.621
212.012
206.011
200.136
193.896
253.858
259.779
266.408
271.268
277.124
282.586
289.139
292.69
296.589
247.714
-654321
236.69
229.795
224.266
218.342
212.259
206.143
200.334
193.789
187.736
247.656
252.831
259.502
265.976
271.605
276.956
283.855
288.73
293.994
241.877
-654321
229.46
223.884
217.99
211.621
205.491
199.477
193.736
187.443
182.494
241.873
247.33
253.567
260.031
265.43
271.581
277.063
283.584
288.868
236.58
-654321
224.032
217.752
211.904
205.282
199.748
194.049
187.622
181.598
175.291
236.126
241.892
248.187
254.052
259.425
265.833
271.09
277.338
283.229
230.111
-654321
217.481
212.118
205.484
200.04
194.417
187.309
182.248
174.981
169.533
229.667
235.484
241.415
247.605
253.324
259.596
265.782
271.639
277.612
223.985
-654321
212.245
206.066
199.621
193.349
187.244
181.906
176.372
169.723
163.377
223.486
229.45
235.739
241.314
247.89
253.946
259.496
265.686
271.737
217.71
-654321
205.437
200.694
193.821
188.004
182.8
175.753
169.74
163.881
158.053
218.376
223.439
229.806
236.34
242.137
247.674
254.659
260.336
265.426
212.481
-654321
199.862
193.902
188.293
181.792
175.965
169.996
163.076
157.152
151.529
211.542
217.311
224.318
229.287
235.794
242.004
246.993
253.617
259.59
206.4
-654321
194.346
187.283
181.711
176.427
169.422
162.918
158
152.078
145.74
205.623
211.852
218.118
223.238
229.533
234.782
241.634
247.679
253.967
199.989
-654321
188.125
181.787
175.195
170.419
164.435
158.457
152.024
145.881
139.932
198.868
204.458
211.7
217.853
223.533
230.019
235.733
241.209
247.858
193.29
-654321
180.985
176.023
169.03
163.029
157.268
151.396
146.168
140.028
133.557
194.138
199.299
206.099
212.104
217.275
224.058
229.96
235.116
241.879
187.064
-654321
176.896
169.544
164.236
158.271
193.496
146.701
140.101
133.149
127.688
187.893
193.761
199.447
205.254
210.99
218.025
225.214
230.713
235.888
181.708
-654321
169.804
164.042
157.694
151.712
145.489
140.079
134.555
127.505
120.88
180.814
187.419
192.949
200.367
204.166
211.786
217.905
223.018
229.696
175.472
-654321
164.623
157.13
151.477
145.657
139.467
133.988
128.458
121.389
115.418
175.722
181.28
187.727
193.553
199.148
206.155
211.001
217.234
223.532
169.363
-654321
157.636
151.589
144.527
140.093
133.609
164.368
122.142
115.291
109.879
169.84
176.532
182.467
186.897
194.752
199.505
205.793
212.171
217.598
163.226
-654321
151.102
145.144
140.025
133.33
128.159
121.885
116.609
109.924
103.674
164.249
170.26
175.89
181.51
187.374
193.924
199.782
204.754
211.937
157.764
-654321
175.954
140.184
133.852
126.571
120.759
115.925
109.219
103.266
97.5815
157.235
163.4
169.932
176.499
181.192
188.553
194.959
199.048
205.537
150.643
-654321
140.356
133.9
127.221
122.133
116.333
109.856
103.67
96.7333
90.9752
150.958
184.095
164.677
169.631
174.942
182.062
187.632
194.15
199.933
146.874
-654321
134.038
127.999
121.944
115.701
109.284
102.315
97.8308
93.3499
86.7713
146.86
179.587
158.274
163.688
190.666
175.217
182.037
188.315
193.833
139.192
-654321
163.988
120.921
116.435
109.433
104.4
98.1309
140.48
86.599
78.3174
139.197
176.923
152.419
158.835
164.79
170.847
174.832
181.118
187.387
132.306
-654321
121.197
115.89
109.697
102.761
143.766
151.935
85.5945
80.3362
74.2157
134.337
172.197
145.884
192.561
196.273
165.343
169.175
175.338
181.806
128.002
-654321
116.031
109.827
102.6
96.8011
91.6381
85.4778
79.4857
73.7379
68.3456
128.475
134.216
139.229
144.246
152.583
158.831
164.582
169.123
175.651
121.489
-654321
108.092
148.096
98.2213
140.772
135.447
79.2899
74.682
67.3371
61.2999
121.17
163.233
132.623
140.249
189.417
181.223
158.271
201.461
170.032
113.484
-654321
204.863
96.3634
92.3451
85.6505
79.7498
73.643
67.9905
120.99
55.8407
116.447
159.071
128.782
134.152
173.031
176.233
192.406
157.732
164.068
108.557
-654321
98.1502
91.1014
86.5712
78.6977
73.5949
68.4188
60.6664
56.2909
50.3787
108.229
115.238
159.909
126.5
133.186
140.348
145.31
152.067
157.466
103.569
-654321
92.5192
86.3824
132.077
72.3025
67.3054
119.674
56.9465
125.456
121.541
148.176
108.816
116.997
121.479
163.529
133.962
173.596
188.007
151.416
98.2535
-654321
200.233
79.4613
73.8593
66.5233
63.0204
127.95
50.0834
44.5035
36.8678
98.3368
103.886
153.665
116
161.003
127.414
132.948
172.938
145.546
137.773
-654321
79.9135
141.029
136.821
59.8507
55.7157
50.0888
108.47
39.5865
31.5086
91.281
156.527
147.448
109.295
115.677
159.921
126.544
134.462
139.307
147.679
-654321
73.8623
123.736
61.1553
128.96
49.6932
109.862
38.4068
111.797
86.6259
152.831
96.9129
103.641
163.666
153.647
160.054
127.598
134.536
81.0466
-654321
67.8994
120.765
56.479
49.3841
106.621
105.161
181.284
80.7153
84.8433
92.5665
143.339
160.579
152.133
156.828
159.686
128.023
128.024
-654321
63.156
116.209
112.161
110.006
36.1021
30.0585
73.3734
133.473
149.107
90.2417
97.66
148.223
163.846
116.149
122.165
67.996
-654321
57.5794
112.506
42.6906
37.0046
32.8651
123.72
139.572
133.042
84.1399
91.4343
97.6593
102.652
164.061
115.768
61.446
-654321
126.016
42.616
105.016
31.107
63.308
67.9274
127.847
79.5454
88.7725
202.729
157.332
104.526
109.651
115.797
-654321
122.684
104.229
100.52
115.614
62.7081
124.043
72.6486
79.7565
85.8004
91.369
97.715
147.726
110.156
-654321
38.6763
31.5504
111.65
54.605
61.7118
69.22
74.9333
79.5678
134.471
92.6469
97.7974
119.336
-654321
101.173
185.041
48.0078
189.646
119.647
124.242
139.457
133.301
86.6053
92.7418
37.2754
-654321
36.8405
122.678
125.356
55.072
120.296
193.855
193.958
80.6067
83.7774
33.0026
-654321
282.674
299.531
308.649
315.311
316.11
312.614
308.799
304.576
300.221
271.187
-654321
296.924
306.91
315.133
314.906
313.284
308.699
304.241
298.856
294.351
270.626
284.635
-654321
309.398
315.038
315.383
313.65
310.786
306.3
300.514
294.723
288.35
283.606
270.96
299.055
-654321
315.645
314.841
310.644
309.342
304.515
300.044
292.899
288.336
282.477
298.741
283.72
270.889
308.759
-654321
315.672
313.412
309.616
305.51
299.289
293.929
288.519
282.656
276.642
309.233
297.437
284.143
270.457
314.286
-654321
313.81
309.515
304.699
298.972
293.785
288.38
282.294
276.419
270.754
314.298
310.095
297.387
284.735
270.909
315.523
-654321
309.801
304.73
299.104
293.83
288.364
282.88
277.244
271.026
265.388
315.468
316.43
308.028
297.453
284.003
271.075
312.466
-654321
305.252
300.753
293.824
289.136
282.47
276.736
270.611
265.234
259.184
312.637
315.657
316.209
309.805
297.331
284.874
270.088
310.225
-654321
300.023
293.99
288.416
282.993
276.294
271.001
264.164
258.797
252.437
309.863
313.328
315.536
315.891
309.676
301.493
285.077
270.473
303.856
-654321
294.265
288.707
282.536
276.536
270.266
264.135
259.306
253.102
246.538
304.714
310.307
312.863
315.675
313.463
307.638
297.262
283.672
270.8
300.706
-654321
287.91
282.839
276.661
270.237
264.931
258.616
252.359
246.006
240.332
300.276
305.184
310.007
313.701
315.129
312.611
308.674
299.621
287.031
294.534
-654321
282.548
276.444
270.684
264.999
258.552
252.578
246.636
240.511
235.117
293.649
299.375
304.777
310.81
312.944
311.578
315.264
308.491
295.696
287.773
-654321
276
271.132
264.907
258.716
252.974
247.029
240.366
234.227
228.543
287.954
294.031
299.066
305.184
308.754
315.825
318.483
315.221
304.948
282.765
-654321
270.299
264.727
258.618
252.276
246.543
241.06
234.068
228.374
222.468
282.263
288.72
294.425
300.897
305.197
308.868
312.918
316.117
314.838
276.217
-654321
264.552
258.691
252.414
246.663
240.336
234.085
229.2
222.814
216.626
275.949
282.902
288.153
294.494
300.087
305.919
309.286
313.547
316.441
271.068
-654321
258.488
252.462
246.287
240.258
235.02
228.754
222.598
216.836
210.52
270.141
276.376
282.754
287.647
294.26
299.965
303.234
306.584
312.808
264.56
-654321
252.17
246.412
240.782
234.709
229.584
223.333
216.764
210.733
204.879
265.479
271.229
276.642
281.5
288.869
295.073
298.286
305.597
310.198
258.634
-654321
246.064
240.587
234.325
229.228
222.383
216.381
210.709
204.393
198.298
257.646
264.376
270.229
275.548
282.478
289.174
294.051
299.811
304.871
252.205
-654321
240.746
234.462
228.985
222.67
216.515
210.926
204.241
198.782
192.455
252.901
257.82
264.99
270.192
276.426
282.321
288.635
294.471
299.424
246.474
-654321
234.617
228.05
222.814
217.24
210.331
204.221
199.068
192.878
186.637
247.071
252
258.676
264.31
270.687
276.768
282.995
288.173
293.78
240.729
-654321
227.228
223.944
217.136
210.628
203.568
199.2
192.603
187.023
180.567
240.744
246.454
251.944
258.932
264.518
270.014
276.78
282.115
288.124
234.552
-654321
223.429
216.316
210.932
204.79
198.167
192.666
186.266
180.091
173.982
234.996
241.095
246.393
252.752
258.55
265.163
270.605
276.392
282.42
227.949
-654321
216.104
211.503
204.978
199.113
192.691
186.326
180.433
174.323
169.705
227.551
233.87
239.535
246.145
252.648
258.734
264.952
270.934
276.249
222.173
-654321
211.138
204.387
197.973
193.026
187.123
180.586
174.925
168.097
162.197
222.296
229.014
233.45
240.307
246.56
252.27
258.902
264.706
270.667
217.832
-654321
203.266
198.99
191.885
186.941
180.585
174.224
168.93
161.759
156.311
217.079
222.585
227.999
233.604
240.65
247.796
253.136
257.963
264.084
209.404
-654321
198.521
192.357
186.836
180.062
175.481
167.656
161.373
156.709
150.248
210.881
217.726
222.198
227.35
234.035
240.574
247.491
252.552
258.55
204.922
-654321
192.11
187.293
179.832
175.29
168.091
163.062
156.684
150.787
144.527
203.858
209.997
216.608
222.443
228.572
234.827
240.823
246.091
252.098
197.882
-654321
186.451
180.156
175.362
169.541
163.373
195.419
151.234
144.244
140.21
198.076
205.279
210.991
217.923
222.114
228.314
234.456
239.966
246.548
192.868
-654321
180.109
174.34
169.451
162.313
156.51
152.016
144.67
138.974
133.238
192.646
198.947
204.25
209.876
217.199
223.031
228.746
234.086
240.931
187.349
-654321
174.493
167.722
161.89
156.89
151.274
145.35
137.149
133.875
127.284
186.945
191.724
198.499
204.343
210.716
215.895
222.115
227.32
234.358
178.943
-654321
167.082
163.874
155.771
150.638
144.284
185.258
131.806
128.14
120.388
181.733
187.083
191.061
198.453
204.084
210.319
215.443
222.354
228.42
174.049
-654321
163.339
156.742
151.253
143.797
138.471
133.321
127.861
120.079
115.586
172.164
181.791
186.723
191.702
199.542
205.025
210.1
236.097
222.888
169.408
-654321
156.71
149.495
143.535
137.569
132.644
125.728
118.784
115.222
108.239
168.737
196.22
179.743
184.034
193.029
197.77
205.225
210.125
216.941
161.64
-654321
149.83
143.74
138.312
167.779
125.372
120.801
114.232
106.888
103.257
163.98
168.788
208.266
180.198
187.921
192.684
199.272
204.731
210.582
157.001
-654321
144.589
138.136
131.955
128.21
121.179
113.401
108.321
147.951
96.9125
156.56
188.511
168.573
173.7
180.869
186.686
192.387
198.569
204.022
149.966
-654321
138.805
133.531
125.83
120.034
115.469
106.072
102.335
143.152
89.6531
150.165
158.5
200.475
167.022
173.582
199.245
216.357
193.095
198.177
176.886
-654321
131.965
163.163
159.053
112.985
108.918
102.175
97.2537
152.23
83.8733
144.731
150.834
155.755
162.458
166.774
174.83
180.686
187.582
192.168
170.525
-654321
126.642
120.648
165.908
107.862
102.597
95.2082
89.5987
85.6153
77.592
139.313
144.657
179.964
158.191
164.573
170.474
195.868
179.742
186.626
130.719
-654321
120.814
113.482
106.628
102.023
97.8652
89.059
84.269
130.996
71.7692
181.304
140.663
143.458
150.307
156.894
164.035
203.728
176.243
180.808
124.99
-654321
115.114
108.154
103.102
97.9608
91.1556
149.615
146.677
72.4957
123.632
125.318
167.334
138.169
177.406
190.314
194.152
161.352
168.131
174.518
118.867
-654321
163.865
101.707
96.9398
151.406
147.295
78.151
72.8379
67.871
61.1934
119.693
126.461
131.497
138.843
176.135
179.917
195.437
162.151
168.767
155.999
-654321
103.029
154.515
87.7835
136.905
143.072
139.798
67.7011
60.8379
112.76
121.036
163.281
131.358
137.215
177.524
180.09
183.238
161.602
107.123
-654321
143.314
90.0256
148.69
78.9852
128.37
68.5989
61.3238
206.386
156.632
119.305
177.345
132.333
184.345
144.157
150.68
183.398
101.607
-654321
90.4355
134.763
76.8851
71.591
67.0717
120.827
204.859
150.87
154.787
121.482
127.222
130.589
137.708
144.696
180.246
154.676
-654321
84.2253
78.5622
139.496
135.474
119.986
142.811
148.056
107.215
115.584
172.396
124.175
215.434
137.207
175.097
140.216
-654321
78.9396
71.8371
66.2612
59.4987
137.703
97.5657
160.114
108.703
115.595
121.843
126.551
132.251
137.005
135.421
-654321
73.8657
136.131
132.203
135.789
91.2904
143.301
104.679
108.853
115.543
121.714
127.969
131.56
81.1031
-654321
192.372
118.749
131.85
145.687
89.6222
202.275
147.228
206.866
155.488
119.952
126.294
128.367
-654321
132.258
138.76
130.119
86.0271
90.7982
96.3398
161.888
107.618
115.626
121.328
125.403
-654321
63.9749
138.092
79.5435
136.598
152.768
144.976
103.163
151.228
113.847
59.095
-654321
283.495
296.367
315.154
323.989
333.474
336.44
334.429
332.237
329.734
271.156
-654321
298.017
312.255
331.716
328.763
333.321
332.083
332.487
327.832
323.734
270.444
287.293
-654321
314.473
321.21
332.327
334.408
334.369
333.118
324.857
324.988
318.475
284.247
271.065
297.66
-654321
319.894
332.069
332.944
332.982
329.12
327.325
325.231
318.411
313.039
299.743
285.333
270.808
309.934
-654321
332.347
331.067
332.734
332.547
329.908
323.785
316.93
313.403
307.42
313.994
301.462
282.217
269.841
323.746
-654321
334.078
334.424
331.834
326.486
324.419
319.182
313.431
307.064
301.599
326.454
310.762
296.793
283.198
271.39
327.984
-654321
332.928
332.535
329.422
323.525
319.211
313.885
307.589
301.924
296.722
331.439
325.358
311.361
298.196
284.005
270.344
334.513
-654321
332.658
329.468
323.744
319.774
314.114
308.539
302.249
296.758
290.89
334.474
329.374
322.268
311.265
299.233
284.756
270.013
334.353
-654321
327.349
324.652
320.289
312.742
308.224
302.629
296.29
290.803
285.135
331.685
334.633
330.955
325.668
317.03
296.968
284.631
270.021
325.191
-654321
322.908
317.561
312.857
308.3
302.318
297.314
291.092
284.201
279.253
331.694
332.545
336.084
331.017
322.425
316.583
299.367
285.766
270.817
329.023
-654321
317.689
313.027
308.752
301.913
296.394
291.297
285.049
278.857
272.786
330.49
331.801
333.976
332.666
330.908
324.718
308.46
295.887
285.409
322.346
-654321
313.602
307.214
302.727
296.631
291.152
285.171
278.876
272.819
266.862
323.789
331.009
331.954
333.911
330.67
332.358
322.329
312.02
299.327
318.867
-654321
307.851
302.122
296.011
290.726
285.105
278.159
272.927
266.379
260.468
319.622
323.959
327.745
332.174
335.191
335.389
335.903
320.224
312.652
313.512
-654321
301.24
296.443
290.205
284.469
278.831
272.252
267.077
261.022
254.558
314.448
317.796
325.147
329.088
331.041
332.836
331.846
331.217
321.637
308.519
-654321
296.684
291.521
284.274
278.842
273.044
266.76
260.703
254.775
249.242
308.333
313.481
320.013
324.991
329.916
332.53
335.318
330.692
326.34
302.723
-654321
290.841
284.003
278.962
272.33
267.027
260.214
255.147
249.183
242.685
302.347
307.045
314.281
319.648
321.389
325.232
332.841
334.366
334.539
296.265
-654321
284.921
278.681
273.445
267.159
260.348
254.77
248.792
242.453
236.902
295.956
302.417
308.12
311.255
317.62
323.306
326.242
327.596
335.657
290.705
-654321
279.224
272.998
267.446
260.517
254.974
248.232
243.278
236.944
231.065
290.935
296.751
302.249
308.923
312.359
317.948
322.016
325.243
330.874
283.659
-654321
272.207
267.139
260.481
255.038
249.157
242.562
236.963
230.629
225.38
285.248
290.779
296.41
301.404
307.201
314.029
318.095
324.73
329.944
279.335
-654321
267.037
260.543
254.911
247.976
241.758
236.205
230.347
224.817
218.495
278.651
285.089
290.847
296.49
303.062
309.632
311.36
318.394
324.222
273.038
-654321
260.554
254.221
249.106
241.802
236.559
230.077
224.938
218.592
212.821
271.885
279.049
284.892
290.452
295.861
303.457
305.744
314.09
319.944
267.844
-654321
254.259
247.889
242.219
235.986
230.407
224.409
218.408
211.827
206.659
266.915
272.416
278.253
284.467
290.639
296.511
302.187
308.287
314
260.847
-654321
248.509
242.559
236.994
230.052
224.249
218.161
212.394
206.987
199.475
261.653
266.827
272.901
278.932
285.259
290.144
295.117
302.623
307.064
254.768
-654321
243.127
237.823
231.182
224.547
219.089
212.808
207.299
201.19
193.54
254.466
261.554
265.38
273.471
278.82
285.203
291.385
296.513
301.956
248.579
-654321
236.249
230.732
223.581
218.685
211.437
207.161
200.029
194.823
187.601
248.558
255.018
260.414
266.22
272.726
279.328
284.135
290.524
296.408
241.828
-654321
230.412
224.551
218.392
212.899
206.508
200.076
194.078
189.249
182.525
242.83
249.347
254.671
260.787
266.262
271.731
279.463
284.764
290.224
235.315
-654321
224.543
219.291
212.37
207.299
199.819
194.314
188.679
182.835
175.264
235.961
241.984
248.412
254.727
262.099
266.355
272.726
277.149
284.569
231.659
-654321
218.188
211.881
206.862
200.089
195.166
188.302
182.057
176.746
170.378
229.935
236.117
241.69
245.699
254.398
260.493
266.512
272.635
278.968
224.969
-654321
212.409
207.489
201.018
194.637
187.448
183.941
175.565
169.828
163.704
223.76
231.683
237.134
242.984
249.045
254.677
260.202
265.827
272.723
219.416
-654321
208.195
200.905
195.227
188.152
181.911
176.435
170.028
163.436
158.217
217.843
224.893
230.367
236.012
242.412
249.927
254.365
261.323
266.142
212.385
-654321
200.849
196.129
189.323
183.684
177.326
170.895
165.925
159.29
153.083
212.374
218.898
224.555
230.326
237.571
242.582
249.131
248.146
260.372
206.887
-654321
208.672
187.777
183.497
176.579
169.894
165.575
158.434
152.77
147.173
206.815
211.9
219.354
224.884
229.597
234.978
243.37
248.757
254.403
199.21
-654321
187.197
182.076
175.516
170.602
165.089
157.257
151.992
175.062
138.334
200.867
208.128
212.259
217.602
224.349
230.709
237.689
241.281
249.034
194.277
-654321
182.87
176.084
170.231
164.355
159.765
193.092
146.634
139.907
135.913
193.716
202.428
205.938
211.794
219.09
224.957
229.924
235.975
242.396
186.316
-654321
177.331
170.251
163.142
156.424
194.035
145.372
140.913
134.541
129.1
188.676
195.428
201.27
217.12
212.132
217.559
222.556
228.83
235.795
182.704
-654321
168.313
164.555
158.821
154.502
147.772
141.307
132.486
129.804
122.92
181.211
187.857
194.91
201.4
217.984
234.398
219.011
223.425
229.908
175.312
-654321
165.526
157.85
151.501
146.534
171.73
134.517
128.549
160.23
157.297
178.752
183.292
187.582
208.22
199.188
207.489
212.836
218.5
228.123
169.253
-654321
157.094
152.801
145.269
140.391
136.059
126.231
122.303
116.13
110.775
172.826
178.62
181.947
205.966
196.142
199.267
205.929
211.706
218.774
164.351
-654321
180.472
177.09
185.183
134.1
127.82
160.055
116.415
110.016
103.268
164.312
171.573
176.669
183.556
187.749
194.415
201.551
206.935
211.936
185.411
-654321
147.305
216.649
169.853
162.86
124.268
115.027
207.557
104.148
203.176
160.47
165.673
170.376
176.177
200.63
189.163
207.77
198.928
206.67
153.643
-654321
141.31
135.374
165.369
123.356
119.995
110.494
104.693
99.514
93.2574
179.456
158.628
166.59
192.397
177.597
181.09
188.71
193.718
200.147
146.04
-654321
135.328
164.838
161.287
157.214
110.275
104.805
99.3056
92.054
145.46
192.107
160.179
165.917
171.807
195.208
201.243
204.289
193.912
138.036
-654321
177.693
174.433
116.427
153.404
148.448
99.518
92.3633
140.53
145.611
181.078
157.174
201.776
204.417
178.279
180.645
189.203
133.541
-654321
121.797
115.937
110.45
104.617
95.2552
202.383
167.483
139.468
146.563
191.186
159.104
161.838
171.855
176.986
182.096
165.612
-654321
157.446
110.413
160.84
99.2304
92.0287
129.691
168.1
185.184
146.761
193.982
158.501
164.645
193.277
176.451
173.559
-654321
110.541
162.338
96.9895
202.307
125.395
179.558
135.622
185.612
148.256
153.373
160.525
189.361
170.926
115.096
-654321
103.078
143.854
92.8195
171.175
162.603
128.839
131.5
171.768
146.753
152.005
156.923
164.3
165.474
-654321
95.9246
92.4271
165.078
167.268
158.462
126.542
135.306
171.005
191.176
179.928
158.998
160.867
-654321
90.7625
104.296
152.295
156.926
161.123
131.81
132.665
141.669
145.165
180
203.822
-654321
144.509
149.297
110.365
118.524
124.948
177.185
135.163
217.261
146.685
140.628
-654321
284.098
300.147
312.825
321.413
338.628
338.631
352.212
350.183
347.764
271.7
-654321
300.331
311.299
321.548
337.951
349.477
351.531
352.626
349.83
346.361
271.554
283.929
-654321
316.089
333.22
338.153
347.337
352.918
348.236
350.4
348.74
347.749
285.236
271.151
298.427
-654321
324.189
337.932
345.782
349.877
349.81
349.704
348.986
347.044
340.003
303.481
282.974
269.445
310.852
-654321
336.578
348.553
348.106
353.726
350.347
349.019
342.182
340.604
334.63
311.635
301.823
284.697
269.408
329.501
-654321
344.004
348.232
349.047
350.871
349.83
343.59
340.254
335.136
329.125
326.37
312.711
294.405
285.692
269.346
339.352
-654321
348.987
348.531
349.026
347.017
346.081
340.11
335.047
329.966
324.599
345.203
326.357
311.169
300.392
283.856
270.768
347.117
-654321
351.678
347.989
348.604
344.94
338.621
334.44
330.734
324.029
319.205
345.144
337.974
327.341
310.087
299.025
282.835
270.335
353.189
-654321
349.498
349.384
343.978
340.978
334.646
330.877
324.44
318.736
313.869
348.918
344.081
338.08
326.132
312.28
297.784
285.34
270.141
351.852
-654321
347.691
344.432
339.403
335.235
330.417
325.309
320.071
312.731
307.907
349.576
349.828
345.177
336.366
330.966
313.7
295.504
284.714
271.178
350.59
-654321
344.942
340.852
337.772
329.23
324.538
319.077
313.353
307.305
302.382
350.412
350.112
350.204
349.304
332.294
323.239
313.705
296.064
283.581
349.6
-654321
340.815
335.242
330.931
322.986
319.407
313.862
307.59
301.044
295.961
347.827
351.92
354.422
354.583
349.431
336.535
325.136
306.204
297.511
345.464
-654321
333.899
331
324.667
319.661
313.64
308.126
301.801
296.38
290.522
345.72
343.014
349.778
351.31
349.745
343.41
337.092
330.177
312.453
339.531
-654321
328.486
324.666
319.788
313.887
307.685
301.855
296.294
289.669
284.109
340.163
342.978
344.467
351.686
351.181
354.683
345.918
332.531
322.898
335.534
-654321
324.316
319.533
313.249
308.883
302.571
296.178
290.322
283.773
278.502
336.803
339.459
346.154
352.31
347.207
353.506
346.989
348.802
340.218
330.335
-654321
319.047
314.023
307.624
302.07
295.916
290.45
284.501
278.027
272.345
328.701
335.689
339.822
344.918
345.532
352.499
351.031
350.644
336.432
325.444
-654321
313.616
307.133
301.692
296.005
290.017
283.836
277.657
271.52
265.826
326.051
329.176
329.45
339.666
341.545
350.987
349.19
351.536
344.337
320.366
-654321
307.712
302.142
295.633
289.748
284.058
277.831
271.587
265.605
260.228
318.795
325.422
327.56
337.131
341.303
349.582
344.539
351.285
350.2
313.215
-654321
301.81
295.336
289.98
283.2
278.016
271.804
264.887
260.737
254.348
313.849
318.686
323.322
326.631
336.393
340.087
346.044
348.667
346.968
308.253
-654321
296.502
289.647
284.295
278.968
271.412
266.14
260.61
254.132
248.395
307.354
314.725
319.021
325.384
329.841
335.756
336.185
343.744
349.261
300.842
-654321
289.197
284.244
277.596
271.448
265.033
259.382
254.352
247.854
242.354
301.91
307.377
314.313
317.704
324.068
330.782
334.503
340.844
345.672
295.7
-654321
283.832
277.584
272.32
265.88
259.412
254.115
246.973
241.85
236.62
296.588
302.059
307.705
314.175
319.251
324.279
331.352
332.803
341.038
289.749
-654321
278.238
271.054
265.639
260.085
253.64
246.987
242.152
236.505
230.255
289.45
296.581
303.221
308.475
309.866
318.717
324.809
329.877
333.901
284.261
-654321
271.783
266.28
259.881
253.315
247.949
242.17
237.077
231.331
223.438
283.672
290.229
295.366
302.442
308.439
314.328
319.243
323.927
329.464
278.026
-654321
265.842
260.544
254.254
247.947
241.653
236.599
230.612
224.367
217.951
277.915
284.726
290.317
295.323
302.06
308.912
313.644
319.871
324.473
271.801
-654321
259.711
253.806
248.545
241.443
236.389
229.699
225.038
217.943
211.374
271.654
277.489
284.929
290.365
296.101
300.372
306.819
313.548
319.368
266.34
-654321
254.254
248.108
241.84
236.403
229.766
222.53
217.472
212.62
205.36
266.316
271.692
277.674
284.02
290.224
296.391
301.842
308.55
312.752
260.382
-654321
247.512
241.743
235.938
229.793
223.71
217.913
211.693
206.183
200.48
259.284
266.338
271.785
277.661
284.334
285.168
296.293
302.084
307.473
254.689
-654321
241.403
236.108
229.527
223.165
219.515
210.783
205.055
200.019
194.444
253.324
259.342
265.976
271.37
278.34
284.069
288.647
295.93
302.016
247.67
-654321
236.097
230.547
224.455
217.003
210.848
206.265
199.01
192.394
188.377
247.451
253.633
260.398
265.633
271.174
277.415
283.985
289.355
295.763
242.184
-654321
229.169
224.474
218.585
211.092
206.834
199.583
194.045
187.764
180.799
241.655
247.526
253.51
259.202
267.639
273.189
276.928
283.081
289.802
236.995
-654321
223.407
218.396
211.152
205.84
201.575
193.662
187.801
181.777
175.811
235.835
242.002
248.011
253.574
259.773
265.617
260.137
277.632
284.048
230.005
-654321
222.783
211.143
204.435
199.644
194.35
188.068
183.063
176.134
170.082
231.691
235.999
242.854
247.258
254.423
261.239
265.606
273.639
277.914
223.56
-654321
211.802
229.044
199.825
191.723
188.472
179.728
174.527
169.699
162.818
222.043
228.687
236.262
239.936
248.55
253.687
264.157
265.601
271.495
216.177
-654321
205.302
198.692
193.449
186.665
181.514
175.961
169.31
164.068
158.086
218.332
224.351
229.981
234.157
242.266
246.55
253.106
259.591
265.144
219.43
-654321
200.551
194.486
187.617
182.025
195.864
169.624
163.5
184.514
150.833
212.962
218.182
224.255
229.857
235.024
243.213
243.513
255.039
260.409
203.691
-654321
192.611
187.624
182.451
175.815
169.987
187.848
157.479
154.194
147.268
205.721
219.777
217.775
224.06
228.092
236.292
241.062
248.57
254.515
200.015
-654321
187.735
182.695
196.173
170.185
187.677
184.004
179.617
144.174
139.962
199.937
228.648
211.532
224.485
224.586
230.333
234.467
241.708
247.257
206.616
-654321
181.788
196.247
167.648
165.17
157.892
154.998
145.539
141.219
131.945
208.061
200.99
205.588
211.424
217.153
228.015
228.434
236.812
242.069
185.232
-654321
209.467
169.109
189.816
158.09
151.373
176.772
140.739
134.176
128.131
188.411
193.937
225.512
204.907
241.041
237.288
224.861
230.645
235.52
180.191
-654321
169.143
163.414
197.449
151.299
147.615
184.511
168.188
162.606
122.501
199.846
186.011
193.291
224.321
205.07
210.386
217.244
224.652
229.733
177.052
-654321
163.448
157.273
149.452
174.71
171.479
180.034
126.841
121.346
175.815
198.802
187.117
209.074
212.758
206.659
232.883
217.766
222.598
171.096
-654321
196.628
154.478
174.959
186.489
134.232
129.375
121.329
171.788
176.388
182.395
203.245
209.389
212.191
204.275
211.427
217.511
163.135
-654321
150.258
176.274
171.88
180.768
213.359
122.729
162.435
191.658
176.914
183.091
216.276
234.805
198.79
216.652
211.656
157.997
-654321
144.648
139.389
167.209
125.763
120.949
184.162
163.98
167.653
194.838
198.952
218.134
221.129
199.119
206.026
151.975
-654321
137.305
167.27
128.427
160.52
178.803
183.039
163.786
190.335
207.284
181.682
203.96
208.193
200.44
146.267
-654321
215.527
128.136
160.546
144.488
180.194
185.357
188.03
204.229
210.482
180.473
189.325
193.137
138.419
-654321
127.987
160.349
185.581
176.118
179.405
157.976
163.653
172.657
196.055
181.77
188.254
133.151
-654321
159.259
134.129
173.574
145.183
220.663
182.851
164.106
190.624
207.66
182.839
127.678
-654321
127.605
133.823
172.663
177.061
151.357
157.813
225.565
169.822
175.696
124.147
-654321
285.125
299.57
311.829
320.217
349.038
353.264
362.984
356.782
365.56
269.841
-654321
299.026
312.078
327.748
341.599
344.24
353.99
366.996
370.843
365.95
271.205
285.936
-654321
309.841
324.568
342.087
346.997
367.073
368.093
366.697
368.247
366.541
286.003
271.094
297.558
-654321
326.544
342.209
353.959
367.83
362.762
369.334
368.895
365.706
361.168
297.547
286.728
270.31
314.908
-654321
338.486
357.363
358.544
370.251
364.604
367.236
368.33
363.649
362.2
311.843
299.682
284.042
269.922
322.437
-654321
350.716
362.873
367.779
368.325
368.295
366.544
366.557
358.765
356.802
325.711
315.11
301.618
282.522
270.282
342.362
-654321
358.025
367.191
365.623
366.165
369.949
363.614
362.629
355.943
351.146
342.694
327.483
311.925
298.59
284.511
269.572
347.066
-654321
366.194
370.111
366.887
363.37
360.579
362.919
355.588
351.899
343.617
358.455
345.742
331.034
315.859
296.207
284.924
270.985
363.645
-654321
367.236
363.972
368.06
366.878
362.181
355.449
351.301
344.813
342.193
359.611
359.357
339.806
324.235
311.856
298.23
284.702
270.456
365.177
-654321
367.878
366.038
364.128
361.91
358.209
351.34
347.007
340.881
335.57
364.951
364.278
354.997
340.475
325.875
313.461
297.991
283.943
270.092
369.203
-654321
364.768
363.86
358.161
357.994
350.993
345.69
341.217
336.189
330.059
365.154
363.228
362.167
355.187
335.461
321.197
309.869
297.797
283.921
369.688
-654321
366.264
360.281
354.912
351.393
347.274
341.473
335.613
328.376
323.97
367.873
369.019
367.53
363.227
352.253
348.693
324.707
314.474
299.356
365.225
-654321
358.501
355.578
352.197
346.81
341.37
336.519
329.771
324.822
319.01
362.945
369.126
367.909
365.297
359.632
353.628
342.867
318.414
313.298
364.996
-654321
355.445
350.219
346.518
342.077
335.783
330.929
323.687
317.568
312.582
364.054
366.11
368.386
367.428
360.74
358.889
353.101
336.013
328.716
360.965
-654321
349.862
346.864
341.761
334.262
328.67
324.915
318.716
312.257
306.336
359.448
365.302
367.027
370.639
367.667
367.203
366.662
358.022
341.113
356.558
-654321
346.663
340.523
334.863
330.244
323.834
316.697
312.673
306.41
301.223
357.193
359.406
361.661
363.756
368.883
367.672
365.186
360.529
354.417
352.473
-654321
340.471
336.294
330.41
324.385
318.712
312.943
306.91
301.074
294.438
352.571
353.288
362.587
363.826
366.257
366.291
367.37
361.053
365.804
348.022
-654321
336.588
330.375
324.622
318.962
312.847
306.567
301.058
295.147
288.019
342.952
353.619
353.604
357.261
366.803
369.493
366.377
368.002
368.446
342.466
-654321
329.946
323.716
317.82
312.544
307.146
300.176
295.514
288.32
282.774
340.074
345.328
350.363
353.802
361.755
364.114
356.635
368.839
364.565
335.71
-654321
323.244
318.505
312.222
306.908
300.869
294.715
288.632
282.449
276.566
336.278
340.669
347.107
349.102
356.464
355.644
358.592
366.231
366.401
329.479
-654321
318.508
312.752
307.217
300.553
294.625
288.017
282.363
276.728
270.869
330.022
335.344
338.033
343.868
352.455
358.876
361.672
363.474
356.261
325.223
-654321
312.454
306.895
300.848
294.598
288.297
282.636
276.923
270.239
264.115
323.842
328.859
335.988
338.728
346.406
351.306
358.982
361.965
364.835
317.851
-654321
305.87
300.317
294.924
288.918
282.816
275.639
269.82
264.269
257.5
317.874
323.903
329.884
336.457
341.964
345.855
346.172
358.096
360.541
312.985
-654321
300.225
295.058
289.089
282.522
277.139
270.157
265.417
258.509
253.303
312.531
319.272
324.496
330.175
335.467
334.796
341.306
352.882
354.894
306.361
-654321
294.769
288.633
282.623
276.731
271.33
264.994
257.645
253.124
246.001
307.03
312.56
319.372
323.877
331.2
334.824
340.474
345.785
351.579
301.353
-654321
288.686
283.242
276.942
270.77
265.396
259.308
252.081
246.258
241.132
301.399
305.955
311.501
319.123
325.065
330.687
332.941
343.146
347.037
295.794
-654321
282.703
277.667
269.839
264.092
258.24
252.316
247.185
242.131
234.399
294.965
300.38
306.351
313.263
317.62
324.785
329.998
330.65
340.888
288.223
-654321
277.17
271.587
264.78
258.98
252.644
247.488
240.604
233.94
227.593
289.028
295.655
300.529
306.847
312.34
318.281
324.188
330.245
334.032
282.213
-654321
270.959
265.134
258.838
252.267
247.049
240.539
233.692
228.6
223.826
282.878
287.581
294.928
300.915
306.894
311.524
319.407
322.353
329.96
276.666
-654321
264.44
258.348
252.292
246.033
239.439
234.999
229.323
221.658
215.268
276.621
283.077
288.735
294.702
300.192
306.171
312.953
317.966
323.778
270.605
-654321
259.159
251.929
247.739
241.494
234.38
227.841
221.559
216.119
211.896
271.014
277.512
282.171
288.55
295.548
301.475
306.37
311.748
317.761
263.923
-654321
252.163
245.925
241.265
236.189
228.589
222.782
216.739
211.144
204.634
264.25
271.437
277.288
268.105
288.001
294.176
301.203
283.485
312.197
258.564
-654321
245.668
239.728
233.655
226.894
222.534
216.814
210.141
203.888
198.423
258.669
263.914
271.405
277.629
281.766
289.21
293.544
301.075
306.471
252.805
-654321
241.212
234.148
227.717
221.189
216.245
210.758
204.87
199.688
192.446
252.383
259.334
264.588
270.935
276.655
283.805
288.045
294.262
300.762
245.642
-654321
234.538
228.316
221.089
217.034
211.263
204.086
198.514
207.278
184.971
247.37
252.159
258.958
264.527
259.747
276.394
282.051
289.92
294.741
242.067
-654321
228.54
222.202
217.241
209.283
203.936
197.63
191.816
185.294
180.231
239.697
246.25
246.674
253.317
265.093
270.041
276.878
283.523
288.998
234.226
-654321
227.688
222.849
208.386
205.352
199.117
192.056
187.971
180.636
173.797
233.703
240.283
244.937
252.395
251.404
263.771
269.924
277.128
282.742
231.72
-654321
214.332
210.571
204.413
197.512
191.352
186.024
180.098
175.125
168.823
227.899
234.021
239.695
247.467
253.191
257.176
265.619
269.755
275.838
221.221
-654321
211.552
216.698
198.797
191.944
187.849
179.939
172.96
166.916
162.395
222.158
229.03
234.094
239.643
246.414
253.013
257.244
265.293
270.55
216.196
-654321
203.668
211.758
206.494
214.973
180.051
174.03
191.757
162.03
155.202
218.631
222.697
228.555
235.732
240.758
247.888
252.262
252.62
265.317
209.772
-654321
198.17
206.988
187.42
179.398
176.465
169.68
187.914
156.333
150.647
220.263
215.371
220.635
227.04
234.555
241.621
243.895
247.894
258.451
204.157
-654321
193.727
203.876
179.105
195.779
166.698
199.773
157.28
149.647
206.612
220.283
215.103
221.953
231.419
234.049
251.035
247.145
252.438
212.273
-654321
186.075
178.458
174.787
168.33
162.026
157.752
150.157
210.415
226.7
233.068
223.196
223.176
228.757
236.042
240.124
247.03
191.579
-654321
200.091
171.096
166.847
163.371
155.24
193.241
193.945
211.533
216.042
210.652
218.648
229.005
227.264
233.092
241.242
185.703
-654321
174.753
169.426
160.844
194.5
181.432
187.071
192.407
211.784
215.927
208.962
225.093
221.861
226.473
234.511
178.827
-654321
191.922
163.371
195.946
152.133
201.203
184.891
206.469
213.62
215.096
218.208
214.95
221.993
228.612
173.401
-654321
187.854
183.438
151.745
175.75
213.192
202.678
237.088
198.515
205.049
222.047
236.589
222.887
202.937
-654321
155.508
182.155
167.824
193.841
178.355
214.923
192.403
240.431
215.734
210.76
215.409
161.744
-654321
148.504
186.716
168.947
176.737
178.241
184.237
219.329
210.56
205.37
209.455
183.986
-654321
156.584
162.015
228.805
173.767
180.404
203.92
209.193
224.718
204.234
149.775
-654321
288.613
296.052
314.11
321.701
344.692
356.024
367.624
375.688
378.823
269.925
-654321
299.24
306.714
323.372
346.82
345.315
363.49
380.347
385.594
382.881
269.73
283.908
-654321
311.399
321.137
345.464
351.351
370.09
382.243
385.35
388.812
381.315
283.596
269.791
297.644
-654321
320.676
337.975
358.743
366.526
368.525
390.52
386.219
386.087
379.959
298.925
283.277
270.916
314.949
-654321
341.587
354.385
365.247
368.564
380.794
384.241
388.771
380.668
387.418
310.738
299.195
284.57
269.759
326.675
-654321
358.393
370.675
376.052
379.642
381.726
388.471
386.841
386.268
385.259
334.158
316.191
297.329
284.086
271.795
346.263
-654321
365.785
364.109
388.615
388.33
378.303
387.651
386.312
384.531
381.846
339.836
324.072
313.207
301.111
284.531
271.152
351.521
-654321
384.588
378.003
390.918
384.895
381.787
386.539
382.192
374.386
372.404
357.766
337.901
322.317
311.475
299.999
282.079
269.982
369.471
-654321
383.333
386.307
391.684
382.846
385.562
381.727
377.712
374.011
371.18
363.613
347.377
341.932
327.479
314.947
302.211
283.015
270.458
379.588
-654321
382.27
385.48
385.195
382.503
383.429
378.48
371.144
369.528
365.971
378.207
368.151
356.233
342.283
329.992
311.663
298.216
284.129
269.773
375.721
-654321
388.038
386.983
384.816
381.124
374.982
369.568
369.301
365.391
360.337
385.454
376.458
364.768
355.511
344.757
326.448
310.746
300.241
284.803
388.696
-654321
384.751
386.423
384.781
379.492
372.23
370.058
364.795
358.052
353.069
384.872
378.809
382.101
364.296
353.111
342.578
321.126
314.903
297.983
384.577
-654321
385.132
383.081
378.017
373.62
371.182
365.285
360.574
353.606
348.197
386.601
386.879
383.002
376.236
365.391
356.442
344.226
326.157
314.127
386.838
-654321
382.376
375.721
373.037
369.664
362.754
360.173
354.498
348.206
343.721
389.047
386.963
384.659
377.128
377.4
366.421
352.512
340.877
326.136
382.375
-654321
376.388
372.294
372.385
365.32
360.607
353.782
349.603
342.831
337.927
385.471
388.779
388.076
386.379
380.572
388.998
361.355
359.553
341.843
384.251
-654321
373.448
369.825
366.544
360.784
355.236
348.415
341.116
337.699
332.302
382.291
384.4
386.603
379.438
391.695
372.022
365.814
366.306
360.376
379.298
-654321
367.442
362.151
359.792
355.478
347.863
343.978
338.303
330.805
325.704
378.033
376.677
387.408
387.824
388.09
375.509
378.331
387.371
372.171
373.392
-654321
364.232
361.481
350.901
349.793
343.641
337.882
332.082
326.514
320.104
372.76
376.336
386.187
384.796
384.717
384.815
396.77
390.604
374.133
368.459
-654321
360.866
355.867
349.42
342.723
338.091
331.68
325.892
320.19
314.447
369.668
372.381
381.501
379.024
386.85
382.205
386.311
381.567
388.079
364.538
-654321
354.449
347.16
344.35
337.037
333.077
325.328
319.271
314.674
308.447
367.119
367.44
377.521
377.887
377.473
386.292
380.828
389.283
384.551
360.328
-654321
347.103
342.966
338.623
332.71
326.365
320.167
314.218
308.27
302.419
358.835
366.663
371.743
378.881
373.827
381.879
383.81
380.256
383.607
354.475
-654321
342.576
335.403
332.773
325.58
320.616
313.87
308.203
302.874
296.067
356.221
360.611
367.232
365.515
372.796
378.197
376.212
385.299
385.734
349.812
-654321
336.704
332.486
325.754
319.611
313.992
308.084
302.652
296.73
290.152
348.009
355.451
360.454
366.843
367.429
375.434
375.542
380.704
383.239
341.566
-654321
331.626
326.82
319.934
314.357
307.922
302.145
296.807
290.676
284.47
342.732
348.506
351.925
359.327
365.638
367.051
372.075
376.531
380.56
337.515
-654321
325.781
321.306
314.291
308.976
302.066
296.341
290.818
284.613
278.69
338.289
343.637
349.885
355.07
360.089
365.691
365.042
377.667
381.624
333.204
-654321
319.025
313.822
307.369
302.77
296.248
290.323
283.627
278.009
272.314
331.901
338.491
343.9
349.742
355.209
362.241
361.86
368.253
374.995
325.736
-654321
312.754
308.184
302.21
296.586
290.189
284.674
278.092
272.891
266.174
326.348
331.969
338.468
343.367
348.865
354.586
354.982
365.829
369.918
320.519
-654321
309.289
302.299
296.702
289.823
284.221
279.023
272.552
266.189
260.106
320.178
326.618
332.334
338.22
343.74
349.503
351.953
360.498
364.62
314.926
-654321
301.92
296.962
291.317
285.133
277.938
273.425
267.204
259.779
254.258
314.786
320.226
326.03
332.102
337.819
343.748
349.467
354.362
359.389
308.805
-654321
296.819
289.912
284.109
278.44
272.795
266.44
260.146
253.719
247.476
308.178
314.672
320.75
326.258
332.413
336.634
343.97
348.407
354.899
301.765
-654321
291.236
285.203
278.724
272.264
266.348
261.065
254.275
248.748
242.154
302.913
308.506
314.294
320.247
326.789
332.173
337.407
339.707
347.788
296.42
-654321
285.496
278.252
271.6
265.032
259.152
255.561
247.103
243.19
236.948
295.615
302.44
308.317
313.238
321.361
325.536
332.623
339.085
342.091
290.726
-654321
278.412
271.397
266.982
260.806
254.655
248.276
242.251
236.154
232.546
290.807
297.446
279.982
307.717
315.463
319.293
324.158
331.888
336.506
284.788
-654321
273.493
266.766
259.323
254.144
247.909
241.752
236.741
231.238
223.961
284.347
290.476
295.595
302.376
309.235
314.726
320.241
325.765
332.469
277.941
-654321
265.834
260.73
254.655
247.613
242.449
237.478
231.488
224.998
218.91
277.633
285.091
290.231
296.572
302.046
309.085
313.654
320.971
325.672
272.356
-654321
259.705
252.869
248.893
241.033
235.538
230.308
226.189
217.277
210.647
271.655
278.291
284.833
290.269
296.646
301.066
308.351
288.542
319.807
256.829
-654321
255.17
248.445
242.028
236.161
230.349
225.003
218.886
212.364
205.85
266.272
272.485
277.807
283.945
290.246
296.325
301.793
308.407
314.103
259.362
-654321
256.817
241.789
237.693
229.091
223.299
225.706
211.448
207.42
200.382
265.277
265.022
273.004
277.615
284.421
290.137
277.11
280.255
308.034
254.241
-654321
240.09
236.104
229.414
225.672
218.2
212.137
207.092
200.952
193.445
255.18
266.212
267.594
273.221
278.963
283.022
290.557
295.814
302.423
248.039
-654321
237.934
228.599
223.535
224.171
213.893
227.947
214.136
194.766
188.899
247.074
253.515
261.048
267.109
270.054
266.055
282.784
290.217
296.149
241.449
-654321
228.438
225.439
217.386
214.536
206.778
200.983
194.195
204.432
181.355
242.507
249.16
251.594
261.145
267.601
271.486
279.193
285.374
289.989
236.069
-654321
241.228
218.716
212.296
205.485
199.951
195.033
205.188
184.247
236.385
242.365
249.462
261.592
260.299
256.158
273.021
277.524
283.644
230.519
-654321
218.481
212.104
209.002
201.48
193.946
185.143
181.449
232.46
234.884
242.352
249.765
262.298
253.29
257.391
272.611
278.107
224.635
-654321
212.142
206.963
225.701
193.238
189.443
183.259
224.128
230.469
250.335
240.453
248.346
250.081
251.786
265.679
271.904
216.236
-654321
231.111
197.855
209.978
189.213
200.799
224.933
239.795
229.521
234.667
242.079
257.401
254.809
253.22
266.374
211.66
-654321
238.773
194.268
187.225
200.642
220.429
218.482
242.584
244.039
237.04
242.514
244.476
254.308
259.751
207.226
-654321
222.074
202.456
183.028
206.462
221.238
220.958
224.217
231.272
236.682
241.909
245.1
254.771
224.766
-654321
205.808
179.94
200.06
215.47
215.031
217.755
224.299
230.891
235.988
239.558
248.418
209.047
-654321
183.13
209.842
225.228
216.226
211.253
217.368
229.644
231.893
236.117
241.412
203.867
-654321
188.506
194.318
238.173
208.149
212.854
235.567
223.584
232.056
236.472
182.101
-654321
284.497
300.17
314.36
322.51
334.065
358.857
371.745
393.739
393.488
268.524
-654321
295.485
312.405
323.797
346.741
355.096
367.988
378.646
391.383
398.486
270.49
285.15
-654321
315.397
334.069
343.697
353.207
370.391
379.846
388.434
400.48
402.908
283.668
271.664
298.636
-654321
327.406
341.311
350.04
365.559
380.714
399.175
397.705
397.49
404.84
299.3
285.055
270.073
314.694
-654321
342.463
350.599
369.837
377.877
397.057
394.609
396.147
404.339
405.64
314.371
300.457
283.282
270.452
329.969
-654321
353.593
377.954
381.241
382.826
405.749
399.545
399.384
404.529
395.137
324.688
309.224
300.606
284.615
271.244
340.427
-654321
376.103
379.599
383.039
400.405
403.946
404.319
406.29
397.847
404.773
342.753
318.999
312.123
295.397
285.893
271.72
361.666
-654321
376.966
389.815
402.279
401.092
403.594
396.165
399.077
394.211
399.632
368.885
338.793
324.759
315.658
299.698
282.634
270.442
373.946
-654321
383.334
394.671
398.091
402.362
402.861
404.16
404.054
397.787
397.103
368.328
350.49
338.961
324.582
316.863
298.688
285.488
270.633
376.779
-654321
392.727
403.702
404.598
405.694
404.474
400.524
404.102
395.189
389.958
390.529
368.714
356.555
340.408
327.339
312.621
299.768
283.449
270.84
384.253
-654321
402.632
405.926
404.638
396.788
405.202
399.569
397.133
389.361
384.801
397.611
389.26
370.938
358.484
339.815
327.435
319.86
299.418
286.073
392.781
-654321
402.406
402.613
405.05
398.941
388.384
394.436
391.616
383.16
383.488
393.362
402.193
391.214
374.054
358.909
343.858
325.341
310.016
299.694
404.433
-654321
401.577
399.019
399.682
398.651
396.439
390.9
386.655
379.665
376.507
400.79
397.141
386.281
378.352
370.579
355.928
337.345
322.024
311.603
402.483
-654321
402.045
398.755
400.347
391.869
389.084
386.416
379.107
376.308
370.735
403.542
401.195
402.565
391.19
384.461
370.767
355.459
344.369
323.962
404.35
-654321
398.634
395.312
395.422
387.975
386.082
383.186
373.254
371.348
362.531
405.549
404.149
398.344
393.895
392.201
378.61
373.622
360.306
346.85
403.133
-654321
396.467
392.233
392.453
380.164
379.775
375.907
366.026
359.463
359.582
403.732
401.845
405.059
398.757
404.93
393.501
369.987
365.962
358.825
399.737
-654321
393.266
391.037
388.631
380.533
378.515
369.819
366.003
361.413
354.053
402.25
395.455
401.234
401.454
391.669
400.776
386.716
380.856
373.555
399.891
-654321
392.311
388.079
382.252
375.577
372.659
366.528
360.881
353.071
349.577
396.534
398.663
404.89
401.421
404.841
400.296
404.513
396.394
378.06
399.493
-654321
388.044
377.136
374.975
370.677
363.788
360.438
353.943
347.949
343.867
395.079
403.074
403.402
405.126
405.873
406.745
399.759
393.995
390.301
392.109
-654321
383.761
373.858
371.845
365.406
359.064
354.873
348.595
343.296
337.496
387.831
391.9
395.843
391.693
397.461
407.492
405.23
397.807
409.693
385.759
-654321
377.699
372.222
366.879
361.125
353.461
349.671
343.63
337.529
331.847
385.796
393.688
397.944
400.091
407.532
402.596
401.861
403.767
405.066
379.994
-654321
368.764
365.871
360.634
354.86
348.815
343.948
337.536
331.167
326.031
379.355
386.931
386.602
392.854
399.277
407.412
406.583
402.154
401.9
375.932
-654321
367.266
358.761
354.745
346.774
343.351
336.037
331.772
325.492
319.908
370.273
380.304
389.789
387.457
397.458
399.427
398.159
403.392
404.073
370.499
-654321
359.431
352.22
349.3
343.22
336.889
331.408
324.962
319.932
313.833
372.117
377.696
380.122
388.879
389.485
395.702
399.244
403.216
402.692
365.39
-654321
353.008
349.608
343.699
338.03
331.641
326.205
319.549
314.179
307.409
363.788
370.213
376.314
382.531
379.804
389.515
385.401
395.982
401.725
360.543
-654321
349.851
342.907
337.618
331.854
325.002
319.698
313.845
307.347
301.398
361.312
363.738
370.42
377.9
374.397
384.314
383.287
396.365
396.748
353.821
-654321
341.582
337.522
332.474
325.482
319.449
313.759
307.525
301.562
296.044
353.572
358.053
365.329
368.856
374.325
381.385
388.995
385.987
398.809
348.572
-654321
337.69
330.416
324.041
319.564
313.985
307.692
302.036
295.401
289.656
349.448
352.728
360.874
367.473
370.467
375.089
384.262
390.504
390.156
341.994
-654321
331.875
325.468
320.46
313.786
308.258
302.085
294.347
289.655
284.219
343.507
349.598
355.354
359.298
366.99
371.811
375.832
379.569
385.76
336.429
-654321
325.732
318.869
313.593
307.57
301.911
295.276
289.426
283.149
277.542
336.341
342.978
349.403
355.669
360.391
365.948
373.405
375.438
379.32
331.232
-654321
319.403
313.627
307.234
301.205
295.684
290.009
282.877
277.018
272.049
331.227
336.618
343.663
349.07
355.808
360.683
346.147
371.659
377.525
326.027
-654321
313.423
307.225
302.497
295.512
289.456
283.834
277.641
271.971
265.387
325.808
330.832
337.719
342.894
349.817
355.38
359.844
365.403
372.261
319.245
-654321
307.742
301.55
295.845
289.267
284.155
277.986
270.948
265.525
259.802
319.165
325.795
331.951
337.339
341.348
349.108
355.094
361.301
364.113
313.189
-654321
302.311
295.35
289.073
282.809
277.885
270.579
265.211
259.574
254.202
313.489
318.869
326.527
332.406
336.5
342.997
339.191
355.393
360.007
307.48
-654321
295.366
289.577
284.283
277.923
272.105
264.834
258.958
254.073
247.882
308.037
312.923
292.15
324.969
331.719
336.834
344.216
349.146
354.991
300.43
-654321
289.577
283.209
278.211
271.74
264.666
259.103
253.377
246.716
240.92
301.134
307.297
313.143
319.473
326.022
300.518
329.734
341.637
348.616
294.54
-654321
283.594
276.179
271.166
265.604
259.357
254.344
248.266
242.434
234.996
296.339
301.988
307.938
313.77
320.316
324.937
332.296
337.591
343.355
290.838
-654321
277.722
271.533
265.92
258.363
255.06
247.418
241.775
237.446
228.804
289.294
295.868
300.917
307.676
313.496
319.313
323.472
331.117
337.744
284.284
-654321
272.023
269.175
260.335
253.269
248.386
241.147
236.192
229.917
223.525
282.978
272.941
295.767
302.031
305.542
313.377
319.596
326.779
331.727
264.466
-654321
256.322
258.813
254.324
247.991
241.648
234.711
230.86
223.934
218.581
277.495
285.122
272.893
295.324
300.771
308.806
287.124
318.77
325.431
260.998
-654321
259.774
250.334
247.6
252.675
237.301
230.146
224.128
216.003
212.107
270.541
278.266
283.144
291.005
294.505
301.42
284.388
287.262
319.836
255.084
-654321
247.352
244.565
239.695
234.622
228.216
222.789
225.107
212.126
263.625
270.934
277.439
282.555
288.835
275.036
299.654
284.199
314.286
257.656
-654321
245.096
240.49
237.627
229.926
223.335
214.934
213.074
253.41
266.95
271.979
277.838
282.118
285.01
296.954
280.141
307.71
254.791
-654321
241.236
235.817
233.438
223.026
244.187
209.849
254.731
252.426
265.354
272.282
278.409
268.523
289.64
297.114
301.747
247.535
-654321
236.266
228.819
240.596
236.519
221.244
248.275
255.039
258.526
256.38
272.351
277.889
283.468
290.352
295.646
239.96
-654321
229.172
223.042
237.062
211.866
240.149
247.367
252.187
252.167
257.352
260.755
277.476
283.575
289.73
248.955
-654321
223.771
218.34
211.059
235.566
242.182
247.269
248.556
260.305
265.034
271.232
264.298
284.099
233.296
-654321
217.657
211.38
229.155
236.494
239.561
246.731
260.422
252.135
265.084
260.628
277.689
228.351
-654321
233.726
229.732
234.357
249.345
240.173
253.697
261.855
259.483
264.949
272.696
225.126
-654321
217.648
223.554
230.976
249.486
241.309
246.895
254.29
264.79
265.525
233.663
-654321
277.242
282.078
290.51
298.859
316.564
324.213
325.861
337.886
350.372
264.781
-654321
283.4
287.063
302.485
321.051
316.713
328.459
333.987
350.704
357.989
266.182
277.37
-654321
294.854
303.188
321.585
320.665
325.214
338.707
335.764
364.303
357.903
277.344
266.05
284.76
-654321
308.482
308.376
314.087
336.58
340.199
347.854
357.525
366.821
361.043
284.394
274.772
265.842
297.567
-654321
305.659
320.95
327.776
342.202
350.657
354.989
358.645
356.273
365.43
293.879
285.303
276.007
265.961
300.13
-654321
323.957
334.871
338.636
340.256
349.328
355.952
361.504
364.968
362.462
301.419
295.234
282.705
275.432
266.009
316.56
-654321
327.545
334.542
352.78
359.021
365.097
365.073
361.658
362.727
362.629
310.763
306.916
295.284
280.466
275.979
265.772
325.178
-654321
342.766
342.319
357.625
358.165
355.533
358.648
363.281
365.447
361.368
320.185
312.767
302.243
293.791
286.688
277.142
266.186
327.952
-654321
352.913
351.996
360.887
362.276
367.443
359.753
363.402
362.579
359.111
330.916
318.755
308.831
303.635
295.121
285.099
274.978
265.698
338.249
-654321
358.654
355.435
363.878
360.928
364.824
361.814
363.467
362.081
361.692
343.265
324.436
326.081
309.968
306.468
296.576
282.283
273.646
265.347
346.218
-654321
365.146
364.359
355.062
363.451
362.983
360.109
363.198
361.223
357.775
347.706
345.348
331.419
323.254
314.251
302.482
292.189
287.321
275.623
345.486
-654321
358.151
364.357
362.249
361.69
358.153
359.495
360.497
355.691
354.287
348.878
355.356
339.435
331.173
325.254
309.986
302.198
291.925
285.539
346.005
-654321
364.34
360.329
363.954
363.147
362.268
359.814
355.769
353.268
349.096
356.42
352.937
352.731
337.615
333.963
323.061
309.295
299.62
291.445
366.938
-654321
363.652
364.443
377.159
361.117
359.383
355.939
352.41
350.725
344.663
359.147
359.692
355.985
351.125
341.01
336.291
320.667
314.7
305.174
364.116
-654321
362.622
361.573
362.628
357.251
357.459
354.114
351.651
347.946
344.36
362.576
365.608
360.349
354.887
346.944
346.659
329.424
315.599
320.599
364.243
-654321
362.667
362.879
358.734
356.294
353.6
350.834
346.395
343.137
340.312
362.274
362.494
363.04
351.877
354.18
347.642
340.193
328.063
323.72
364.815
-654321
361.415
359.982
355.287
353.78
349.796
348.203
343.991
340.629
336.418
381.166
364.833
362.596
362.323
359.598
355.147
379.537
349.173
340.919
362.938
-654321
359.828
352.824
355.957
349.022
345.756
343.554
340.084
337.136
333.659
363.613
364.279
364.679
366.735
355.05
350.719
352.47
355.76
339.936
361.609
-654321
358.484
351.516
352.054
346.873
340.945
339.096
337.585
333.428
329.511
356.931
361.051
361.069
363.837
362.131
363.653
363.892
356.142
356.856
358.247
-654321
352.744
352.227
349.089
344.021
339.692
336.844
333.809
329.71
325.776
361.052
376.276
362.33
360.251
361.888
361.774
361.77
357.802
354.626
356.662
-654321
349.235
347.956
342.605
341.004
336.774
333.368
328.825
324.63
322.419
357.789
358.535
362.609
363.459
364.148
361.065
363.382
357.655
353.818
354.007
-654321
347.228
342.595
340.457
337.086
333.842
329.697
325.92
321.37
317.99
353.793
356.824
361.515
361.538
361.24
365.582
363.368
362.178
364.308
351.31
-654321
344.319
337.841
335.238
333.595
329.803
326.085
322.117
318.189
313.953
350.416
353.485
353.834
355.442
357.467
361.503
360.785
366.608
363.919
346.762
-654321
340.75
336.39
331.758
329.75
325.699
322.071
318.1
314.166
310.685
346.895
351.916
353.056
354.742
360.202
361.189
361.347
363.15
361.816
345.038
-654321
337.666
332.295
329.392
325.843
322.289
318.026
314.614
310.317
306.393
341.285
348.024
347.785
355.867
358.538
360.228
352.746
363.272
365.291
340.119
-654321
332.014
329.594
325.255
322.352
318.374
314.218
309.867
306.062
301.992
341.128
342.336
347.906
350.878
351.929
351.619
358.899
362.227
364.044
336.968
-654321
329.574
325.357
321.526
318.011
314.322
309.767
305.786
301.856
298.613
335.243
341.343
344.25
347.524
350.617
353.82
355.201
361.923
360.886
332.775
-654321
325.393
321.7
317.841
313.89
310.591
306.376
301.845
298.696
294.417
333.76
337.142
340.902
344.115
348.205
351.203
354.988
358.788
361.228
326.295
-654321
321.46
318.222
314.312
310.358
306.8
302.227
298.554
294.845
290.803
329.516
333.525
335.816
340.56
344.637
348.127
351.844
348.011
357.519
323.426
-654321
317.241
314.462
310.627
306.52
302.591
298.166
294.045
290.148
286.211
325.487
328.117
332.954
337.78
341.756
344.554
348.571
350.45
353.724
321.858
-654321
314.541
310.096
306.093
302.394
298.032
293.771
290.029
285.978
282.692
321.776
326.889
328.952
328.837
337.593
339.421
344.565
345.547
352.319
317.922
-654321
310.249
306.327
302.461
298.587
294.326
290.716
286.273
282.562
278.054
318.158
322.392
325.563
326.27
333.329
337.35
339.542
345.488
346.245
314.213
-654321
306.112
302.878
298.239
294.166
290.097
286.512
282.188
278.454
274.652
314.233
317.772
322.267
325.293
329.378
333.87
333.597
341.5
343.995
309.714
-654321
302.429
298.306
294.6
290.368
286.178
282.488
278.176
273.724
270.501
310.104
313.658
318.024
321.81
325.956
329.972
333.838
337.392
340.46
306.456
-654321
298.009
294.304
289.742
286.992
282.764
279.001
273.732
270.177
266.141
306.546
310.079
314.649
318.132
321.974
326.117
329.796
332.799
337.359
302.336
-654321
294.492
289.983
286.544
282.846
278.365
273.914
271.276
266.838
262.42
301.87
306.228
310.223
314.342
318.355
321.88
325.825
329.981
333.564
298.552
-654321
290.22
286.408
281.795
278.06
274.907
270.507
266.109
262.053
257.597
298.675
302.628
306.038
310.822
314.564
317.35
321.706
326.106
329.737
293.86
-654321
286.062
282.354
278.77
275.024
270.525
266.082
261.225
258.405
254.532
294.355
298.372
303.016
285.413
309.833
313.647
317.304
322.013
326.014
291.688
-654321
282.793
278.132
273.941
268.628
266.061
262.089
258.167
254.526
249.918
290.839
294.648
297.822
301.825
305.988
309.925
313.744
318.733
321.764
285.806
-654321
278.381
274.769
270.578
266.156
262.215
259.65
254.092
250.672
246.852
286.37
290.442
294.42
298.631
302.945
305.462
311.247
314.402
318.173
281.592
-654321
270.059
269.901
266.884
263.635
258.949
254.484
257.679
246.634
241.463
281.978
285.76
290.609
294.577
297.173
302.843
306.453
310.169
314.441
277.992
-654321
270.315
266.821
262.174
258.309
254.902
250.559
245.975
242.286
277.913
281.964
287.018
291.32
278.93
281.874
302.3
305.776
310.294
274.968
-654321
265.41
263.329
261.535
253.826
250.096
246.034
253.982
273.957
278.004
283.065
286.275
291.327
294.71
298.344
302.859
306.669
270.482
-654321
262.563
258.442
253.944
250.145
246.266
241.892
270.675
273.857
277.923
283.104
275.908
290.256
279.662
298.589
301.969
266.552
-654321
258.901
253.917
251.249
247.025
253.743
266.031
271.073
273.461
278.617
281.99
285.306
289.753
293.917
298.82
262.997
-654321
255.744
251.168
246.989
242.051
263.088
266.472
270.685
273.554
278.939
283.283
286.108
289.242
294.907
258.878
-654321
250.294
247.157
242.123
259.521
262.541
265.41
270.496
269.272
279.437
272.744
285.113
290.738
259.38
-654321
246.869
242.772
253.39
261.377
262.197
266.156
267.516
274.992
277.75
273.294
286.938
250.677
-654321
243.374
250.025
254.936
259.44
262.765
265.665
270.862
274.086
271.722
282.567
256.099
-654321
246.258
250.148
254.06
261.761
262.88
267.294
270.505
274.778
278.737
241.71
-654321
