141.042
148.229
146.104
129.795
125.697
121.672
117.808
113.767
109.682
141.353
-654321
137.902
134.108
130.194
125.956
146.836
143.546
114.115
110.152
106.006
143.602
140.906
-654321
134.286
129.957
126.097
122.214
118.148
114.3
110.062
106.309
128.096
141.134
141.941
138.183
-654321
129.995
125.732
121.804
118.024
114.052
109.878
106.054
102.11
98.0107
159.199
141.276
144.585
133.888
-654321
125.944
121.697
117.633
113.937
109.908
105.745
101.975
98.0624
93.614
133.773
137.627
141.56
141.615
129.666
-654321
121.937
117.804
114.165
109.981
105.974
101.761
97.6524
93.7688
90.0056
130.41
133.69
138.289
153.735
143.604
125.896
-654321
117.879
113.593
109.911
133.892
127.927
97.7731
93.6957
89.8401
85.8352
126.099
129.603
134.08
137.636
141.313
146.154
157.659
-654321
114.099
109.767
106.106
101.814
97.8125
93.8718
89.9878
85.8715
81.542
121.886
125.767
162.578
133.735
155.331
141.42
146.134
118.01
-654321
109.84
106.064
101.888
97.7994
94.0058
89.8837
85.7696
81.8092
77.6555
117.906
121.773
125.804
129.758
138.722
138.106
141.337
141.455
114.066
-654321
106.064
127.51
97.5717
93.887
90.1914
85.9914
81.6965
77.7084
85.8031
113.956
117.774
121.743
125.787
129.8
133.851
137.814
141.54
141.53
110.111
-654321
102.027
97.9024
94.0006
89.74
85.8429
82.0238
77.9204
74.0822
69.9106
109.987
113.951
117.973
122.101
125.894
129.756
134.269
137.467
140.929
106.515
-654321
98.0267
94.2426
109.938
85.6893
82.0571
78.0366
74.0247
69.7335
65.6781
105.766
110.263
113.337
117.599
121.91
125.77
129.867
134.158
153.05
101.66
-654321
93.8971
89.8532
85.7803
81.8734
77.9314
73.6453
69.77
65.8891
62.1739
101.778
105.738
109.853
114.315
117.75
121.922
126.221
130.079
133.914
97.475
-654321
90.3685
85.7979
97.6953
78.3961
73.9657
70.2199
65.761
61.658
58.1372
98.116
101.495
106.041
109.659
113.514
117.382
121.902
143.791
134.585
93.6192
-654321
85.9827
81.4939
77.9447
74.0222
69.7613
66.0645
62.1672
57.9304
53.9084
94.266
98.1928
102.154
106.144
110.073
114.477
118.338
122.091
125.939
89.243
-654321
82.0064
77.8698
74.0835
70.0362
65.7642
62.2112
57.5743
53.9327
49.7071
90.0165
93.9577
97.6663
101.454
105.725
109.691
113.363
117.686
121.828
85.8789
-654321
77.6034
73.6368
69.8154
66.2328
61.8331
57.6155
54.0921
50.1198
45.5991
86.4759
89.7564
93.7418
97.8919
101.686
106.316
110.303
114.008
117.843
81.5844
-654321
73.9327
69.4438
65.925
61.7963
58.29
54.2558
50.155
46.0465
41.9397
82.03
85.7554
89.9906
94.3887
97.7529
101.518
106.196
110.075
113.966
77.6487
-654321
69.7879
65.7778
61.9306
57.6821
53.6291
50.1149
45.8747
42.4568
38.2011
78.2718
82.1034
85.7274
89.9856
93.5162
97.8769
102.024
106.413
109.934
74.4517
-654321
97.4942
62.1013
57.6313
54.3353
49.3536
45.183
41.8043
37.9724
33.5997
73.7504
77.7282
82.1945
86.1796
90.3881
94.1906
97.8846
102.147
105.742
69.7645
-654321
62.2647
57.7012
54.1753
49.4938
46.3596
42.3268
37.2882
33.9815
29.4951
69.325
74.4076
77.6958
82.0272
85.4023
90.2848
94.1195
98.3995
102.119
65.9794
-654321
57.8278
54.4128
49.5622
45.4014
42.4634
37.9489
34.8706
30.0153
65.538
69.2123
74.3305
77.7041
82.5636
86.0408
89.9683
94.0417
97.9766
61.6678
-654321
53.666
49.8227
46.4905
41.6376
38.0315
34.3058
29.3909
62.3235
66.1592
69.627
73.8919
77.3989
81.6452
85.4983
90.1999
93.8345
58.0073
-654321
50.0503
46.144
42.6072
38.1012
34.2186
29.682
58.6196
61.7276
66.3281
69.6392
74.5297
78.0297
81.6098
86.3886
110.075
54.2762
-654321
46.2499
42.0377
37.572
33.962
30.2004
54.3329
58.1465
61.7341
65.5113
69.9798
74.1484
77.918
82.2888
85.8062
50.3218
-654321
41.6913
38.4653
34.3508
29.5409
49.7389
53.5614
57.6782
62.4591
66.1413
69.8232
74.0416
77.6305
82.0622
45.5733
-654321
38.0629
34.0143
29.5136
45.4254
49.6693
54.04
58.0128
61.7555
66.176
69.8301
74.3167
77.921
41.6302
-654321
33.7301
30.0885
41.7642
46.0395
50.4239
54.2942
58.0137
61.4187
65.3392
70.312
73.7415
38.2238
-654321
29.6598
37.9016
42.0642
46.1416
50.2179
53.2233
58.1096
63.1593
66.3239
69.601
33.4063
-654321
26.8283
83.2745
41.4948
45.0903
49.3368
53.7131
57.4751
61.3507
65.9628
29.293
-654321
158.293
158.854
152.951
149.759
144.013
138.163
132.077
126.098
119.682
150.866
-654321
159.055
155.187
150.154
144.624
138.353
132.642
126.736
120.68
114.62
149.879
158.567
-654321
156.212
150.071
144.682
138.862
132.673
126.621
120.895
114.529
108.625
158.789
150.334
159.81
-654321
150.469
145.046
139.533
133.408
127.462
121.023
115.516
109.289
103.134
159.169
157.952
150.29
156.088
-654321
144.919
138.733
133.501
127.118
120.965
114.627
109.32
102.845
96.723
155.99
159.236
157.975
151.428
150.528
-654321
138.748
132.547
126.539
120.883
114.785
108.816
102.86
96.7531
90.7573
150.596
155.995
158.901
158.636
150.07
144.574
-654321
133.047
126.421
120.957
114.449
108.558
102.673
96.6821
90.9511
84.5754
144.82
150.065
155.216
157.285
159.499
150.365
138.833
-654321
126.65
120.812
115.048
108.377
102.289
96.7594
91.0738
84.942
78.8286
138.768
144.707
150.685
155.275
159.853
157.852
150.741
132.545
-654321
120.373
114.655
108.464
102.793
96.9246
90.3195
84.8762
78.4912
72.1555
132.872
138.412
144.963
150.017
155.909
157.983
159.084
150.372
127.057
-654321
114.466
108.957
102.629
96.5189
91.0765
84.8996
78.6546
72.3574
66.7812
126.995
132.642
138.863
144.144
150.582
156.436
159.077
158.65
150.295
120.367
-654321
108.733
102.772
97.2064
91.6015
84.8865
78.3645
72.6731
66.4694
60.4881
120.912
126.708
132.999
139.018
144.341
151.068
154.88
159.291
156.978
114.391
-654321
102.433
96.654
90.9265
84.9089
79.4105
72.6554
67.2529
60.286
54.7063
115.037
120.472
126.925
132.818
138.832
145.089
150.626
156.021
159.645
108.737
-654321
96.839
91.1361
85.0387
78.2442
72.7096
66.185
60.7044
54.6933
49.1843
109.032
114.879
120.755
126.849
133.249
138.772
144.218
150.5
154.941
102.953
-654321
90.6583
84.493
78.515
72.9021
66.9725
61.0081
54.8427
48.4317
42.5095
102.687
108.978
114.599
120.27
126.589
132.402
139.361
144.436
150.471
96.3945
-654321
84.8612
79.7969
73.1587
66.6656
60.5502
54.6752
49.0227
42.6768
36.9001
96.8652
102.615
108.75
114.7
120.806
127.264
133.037
139.161
144.377
90.5674
-654321
79.0434
72.2899
67.4016
60.4919
54.4395
48.7672
42.5072
36.8082
30.7201
91.0972
96.7478
102.224
109.2
115.476
120.262
126.862
132.362
138.511
85.0133
-654321
72.7685
66.4913
60.2816
54.6529
48.9179
43.1905
36.9014
31.0982
25.085
84.1788
90.6153
96.1152
102.587
109.063
115.074
120.618
127.405
132.753
79.0647
-654321
66.4869
60.5825
54.2403
49.1753
42.998
36.8671
31.4671
24.4273
18.1694
79.13
84.5656
90.9638
96.6307
102.578
108.19
115.196
120.111
126.537
72.9052
-654321
61.0698
54.1477
48.1605
42.3168
37.2046
31.1714
25.4735
18.6095
13.5326
72.4132
79.1207
84.7503
91.3159
97.1962
102.665
109.7
115.203
120.328
66.0901
-654321
54.9982
48.7676
42.6107
36.2747
30.9833
24.4164
18.2247
13.4066
6.73719
66.7198
73.069
78.5127
84.8787
90.7107
97.2844
103.8
111.951
115.031
60.9344
-654321
49.2317
43.5016
36.3389
31.2365
24.5019
17.4704
13.4649
6.82599
0.614773
60.823
66.0446
73.1086
78.6956
84.4569
90.5227
97.1909
103.054
108.626
55.418
-654321
43.4444
36.7593
30.7411
24.6233
18.2845
13.5053
6.24389
0.289642
55.4083
79.8108
95.3183
73.043
79.2199
84.8668
90.5671
97.3753
102.668
48.1705
-654321
37.5626
30.6816
24.2806
18.9575
12.1083
7.08659
1.16513
48.8223
54.2437
60.9578
66.5725
73.3955
79.5373
84.6066
90.2965
96.6443
42.4958
-654321
30.7426
24.6862
18.7667
12.0645
6.37849
1.16592
42.5941
49.0093
54.8204
60.9373
66.4211
72.3995
117.352
84.8162
90.9978
36.3685
-654321
24.3628
19.3194
12.9922
7.70935
1.6852
36.804
42.368
49.2736
55.7306
61.3788
66.4351
72.569
79.0008
85.1988
30.6049
-654321
18.7124
12.8046
7.05628
0
31.0626
36.2488
41.7671
48.0895
76.519
60.8906
67.4057
73.3847
78.4879
24.8334
-654321
12.9192
7.69926
0.664932
24.4463
30.0061
36.5409
42.6204
48.2039
54.9183
60.3104
67.2822
72.7265
18.2611
-654321
6.38787
0.945637
19.0034
23.9929
30.2315
35.7703
43.4966
48.1176
54.7438
60.1758
66.8867
12.3139
-654321
0.244419
13.472
17.6882
24.697
32.308
37.15
42.8354
49.2358
55.3581
61.1024
6.49058
-654321
6.3248
13.2202
19.5955
25.1403
30.7082
36.4175
42.4104
48.3571
55.2054
0.533138
-654321
164.115
176.206
177.876
178.58
172.934
168.614
162.769
157.142
151.892
149.707
-654321
170.962
178.518
178.003
172.491
166.546
163.455
157.138
151.016
145.283
149.968
161.754
-654321
177.805
176.27
171.461
168.536
162.512
157.328
150.828
145.089
139.24
162.271
150.955
175.428
-654321
177.071
173.689
168.435
163.503
157.666
151.655
145.662
140.084
133.623
174.626
164.001
149.926
178.362
-654321
173.3
169.267
163.159
157.202
151.174
145.706
139.222
133.472
127.987
178.236
176.445
162.999
151.825
176.354
-654321
169.518
163.199
157.221
151.376
146.057
139.633
134.043
127.79
121.961
176.879
177.44
175.684
161.838
150.973
173.012
-654321
162.927
157.331
151.956
145.069
139.268
133.645
127.734
121.212
115.28
173.69
178.14
178.838
176.879
165.663
151.27
168.763
-654321
158.247
151.9
145.592
139.34
133.464
127.617
121.575
115.52
109.794
169.356
173.995
178.796
178.147
174.751
165.417
150.167
163.117
-654321
151.521
145.912
139.144
132.892
127.91
121.945
115.11
109.693
104.094
162.302
168.953
174.014
178.077
178.31
174.42
167.113
151.014
157.885
-654321
145.181
139.022
134.445
126.922
121.439
115.734
109.397
103.729
97.4289
157.172
162.561
169.047
174.69
174.512
177.137
173.262
160.796
150.442
151.694
-654321
139.66
133.383
127.158
121.901
115.019
109.225
103.24
97.6134
91.8688
152.29
157.32
161.873
168.124
174.058
178.149
177.563
172.765
168.484
145.5
-654321
133.622
127.427
121.728
115.271
109.47
103.833
97.6285
91.8654
86.0514
145.51
151.451
157.596
162.979
169.18
173.408
175.167
177.986
174.735
139.647
-654321
126.718
121.7
115.002
109.63
103.358
97.7447
91.5987
84.9008
79.8234
138.721
145.354
151.323
157.381
164.197
165.397
172.162
178.592
178.066
133.265
-654321
121.665
115.417
109.962
103.101
97.2817
91.8056
85.7695
80.1995
73.6519
133.932
139.031
146.159
150.482
156.987
163.26
167.904
171.784
176.499
127.589
-654321
116.813
109.684
103.39
97.1277
91.3548
86.2723
79.8281
73.9311
68.1462
128.097
133.106
139.175
146.157
150.966
157.713
163.26
168.867
173.466
121.825
-654321
109.744
103.738
97.4191
91.5859
85.7214
80.0745
73.3491
66.9795
61.7514
122.214
126.588
133.333
139.006
145.529
151.362
157.011
163.551
168.551
116.159
-654321
103.268
97.2606
92.1548
84.6182
79.2936
73.0839
67.7195
60.8635
54.9823
116.089
121.826
127.406
134.25
138.99
145.407
150.223
156.785
162.726
110.002
-654321
97.6191
91.3656
85.0828
79.711
73.8462
66.845
61.415
55.3511
48.3841
109.5
115.445
121.285
127.696
133.653
138.925
145.277
151.497
156.911
104.5
-654321
92.1197
84.9841
79.6733
73.8177
67.0459
61.4305
55.1073
49.7339
43.6416
103.648
108.69
115.613
121.92
127.791
133.438
138.878
145.452
151.246
96.9261
-654321
85.6593
80.4174
72.6919
67.6298
61.9885
55.9762
50.1017
43.9461
37.6244
98.039
103.221
109.184
116.51
121.753
127.687
134.072
139.964
145.469
91.7094
-654321
78.8602
73.1104
67.9466
61.6356
56.4631
49.5525
43.7521
37.6256
31.5642
91.2538
96.4297
103.304
108.703
115.163
121.445
126.903
133.98
139.395
85.3933
-654321
74.6013
67.0943
62.3974
54.7841
49.2259
44.8345
37.8831
31.4246
86.1815
91.2947
96.1905
103.335
110.137
115.677
121.719
127.494
134.037
78.8273
-654321
67.7466
61.7185
55.1095
51.2515
43.5891
37.048
31.5028
79.9022
85.6881
90.9937
98.3172
103.613
108.978
114.545
121.257
127.462
73.5579
-654321
61.8185
53.9654
50.1767
43.2042
37.5183
30.6967
73.3639
78.4779
86.261
91.3997
97.6185
108.067
110.421
115.895
122.016
66.7134
-654321
55.7961
49.3633
43.7966
37.0488
74.3062
67.7417
73.2733
79.5563
85.0231
92.3837
95.8683
104.88
110.262
115.82
80.5051
-654321
49.2545
43.6415
37.5963
32.1601
62.7597
66.9412
87.6348
78.8829
85.0818
91.7616
98.0248
103.204
108.989
54.9325
-654321
43.1161
36.3708
31.0184
55.3268
61.5575
84.9581
73.8474
80.9017
86.8208
91.7124
95.8242
103.15
47.8553
-654321
36.6383
31.2972
51.0757
55.0783
61.3236
68.1426
74.5123
79.5681
86.0438
92.767
97.6491
43.3297
-654321
31.4693
43.7412
51.1382
75.8698
61.7172
67.3588
73.8747
81.331
84.908
91.5747
38.0267
-654321
37.8318
42.9353
49.8872
54.5358
61.666
66.9907
88.0911
79.7297
85.2889
32.2411
-654321
162.461
180.189
186.367
195.802
195.817
191.008
188.417
185.298
179.565
150.49
-654321
175.234
187.58
196.227
193.405
192.724
188.97
183.311
179.075
174.274
150.846
164.703
-654321
188.13
194.997
194.028
192.753
190.84
185.152
180.256
174.401
167.427
162.637
151.829
175.828
-654321
194.008
195.664
189.902
188.296
184.509
180.095
173.396
168.089
161.562
180.937
163.166
150.966
187.673
-654321
195.574
193.479
188.602
185.424
177.724
173.761
168.245
162.175
156.361
185.214
177.2
163.592
150.333
195.155
-654321
193.697
189.038
185.445
178.906
173.79
167.935
162.207
156.322
150.264
193.963
190.078
177.694
164.591
150.655
195.461
-654321
189.757
184.323
179.244
173.866
168.55
162.44
156.939
151.207
145.264
196.387
194.308
187.759
176.289
164.095
150.591
192.202
-654321
185.031
180.508
173.198
168.951
162.504
156.049
150.178
145.013
139.218
192.364
196.916
195.672
190.306
176.146
165.163
149.296
190.09
-654321
179.876
174.097
167.552
163.245
156.042
150.776
143.984
137.845
132.146
191.165
192.305
195.136
191.45
186.539
178.586
164.702
150.759
184.817
-654321
174.637
168.627
162.386
156.191
150.616
144.193
138.561
132.066
126.291
183.198
188.568
191.847
195.363
190.255
185.197
179.162
161.585
151.082
179.66
-654321
167.488
162.443
156.563
150.08
144.849
138.399
132.212
126.436
120.566
179.415
185.66
189.222
193.95
194.668
192.868
185.398
177.315
164.516
174.261
-654321
162.507
155.997
150.268
145.242
138.072
132.14
125.855
120.233
114.276
173.101
179.252
184.148
188.989
193.474
195.105
193.545
190.143
173.893
167.95
-654321
155.583
150.74
144.612
138.901
132.765
127.122
120.036
114.312
108.629
167.07
172.485
179.232
184.177
188.83
194.632
196.462
193.939
188.388
162.612
-654321
150.384
144.659
138.757
132.213
126.555
120.616
114.501
108.017
102.382
161.713
168.353
174.724
179.911
184.698
188.907
192.956
196.268
196.791
157.155
-654321
144.474
138.634
132.346
126.377
120.132
113.633
108.908
103.093
96.4445
156.399
162.111
166.986
174.365
178.831
183.999
188.235
192.283
194.935
150.373
-654321
138.13
133.499
126.598
119.811
114.293
108.568
102.084
95.5773
90.6201
150.6
155.957
161.944
167.112
173.741
179.871
183.693
188.966
192.852
144.718
-654321
132.294
125.443
122.193
114.07
109.974
102.833
95.968
90.1856
85.7443
144.806
150.458
156.367
161.805
168.541
175.164
180.038
182.069
190.01
138.467
-654321
125.796
120.438
114.326
108.801
102.708
95.3426
90.1975
83.2823
78.9525
137.961
143.385
149.859
155.524
162.302
167.503
173.878
179.664
184.153
132.07
-654321
120.241
113.315
109.384
102.088
97.06
89.7711
84.2491
77.9108
71.9213
131.109
138.108
143.937
149.799
156.328
162.731
167.979
172.786
179.291
126.018
-654321
113.968
108.768
101.277
96.153
90.4049
84.2532
78.9156
72.4244
66.1008
127.128
131.798
138.371
144.561
150.262
157.716
162.058
169.107
173.365
120.426
-654321
108.06
102.803
96.6543
90.8778
85.3237
78.4817
72.9893
66.2787
60.207
119.108
126.563
131.696
137.768
144.384
150.943
156.368
162.397
168.183
113.362
-654321
102.204
103.575
89.9653
84.3254
78.0972
72.6681
66.4058
59.4701
115.082
120.583
127.341
132.268
138.904
143.735
150.231
155.668
161.973
108.144
-654321
96.3893
90.4593
84.3101
78.5812
73.5585
66.7841
60.1373
108.985
114.305
120.628
126.647
131.17
138.174
144.878
150.761
155.844
102.248
-654321
89.8709
83.2733
78.9738
73.2905
66.7364
60.5675
101.592
108.197
114.558
119.185
126.738
132.795
138.597
143.71
150.11
97.8437
-654321
84.2416
77.533
71.6107
65.2364
59.8566
94.7637
102.787
108.182
114.712
120.649
125.869
133.898
138.221
144.151
88.9204
-654321
78.5191
72.1594
66.8719
60.4053
89.8446
96.82
102.043
108.282
114.177
119.625
126.012
130.395
138.312
83.5776
-654321
71.8241
64.3052
60.604
84.7337
91.5143
97.9163
102.792
108.514
115.119
120.859
125.804
131.967
78.0424
-654321
66.6231
59.3622
78.5493
83.8216
90.8357
95.6677
103.22
108.521
113.509
121.273
126.536
72.2331
-654321
59.9469
71.9611
77.7595
84.0462
90.5697
95.8673
101.382
107.847
113.533
120.375
67.4034
-654321
67.0034
71.8118
77.8414
107.826
90.1662
95.6662
101.696
107.534
113.991
59.0694
-654321
163.933
177.177
193.47
203.25
212.1
214.536
215.027
212.431
208.35
151.707
-654321
178.96
190.356
208.428
212.048
211.099
206.768
209.5
209.892
202.03
149.32
164.948
-654321
193.038
197.382
212.345
213.957
212.03
214.395
206.488
204.344
198.541
164.299
150.309
179.771
-654321
203.397
214.004
214.446
216.005
208.738
207.461
203.439
197.305
193.132
176.919
166.616
150.234
194.378
-654321
213.951
214.004
210.419
210.151
208.823
205.154
197.142
194.263
187.098
191.084
178.256
162.766
150.298
208.331
-654321
213.596
209.49
212.322
207.675
204.658
198.808
192.538
186.901
181.976
199.625
192.043
181.067
164.888
149.327
213.592
-654321
212.519
210.604
209.612
203.956
198.727
193.635
187.591
181.848
176.975
207.524
204.328
191.933
177.48
165.315
150.145
214.444
-654321
211.777
209.151
203.63
199.163
193.117
187.802
181.788
176.189
170.059
215.02
208.448
200.497
192.099
178.546
164.984
149.934
213.679
-654321
206.688
205.825
197.582
193.18
187.843
182.552
176.118
170.26
164.43
212.02
212.151
209.881
204.24
195.334
174.119
163.929
150.537
205.586
-654321
202.303
198.63
194.254
187.715
182.672
176.307
171.221
163.567
158.621
209.626
210.785
212.973
214.137
203.333
195.115
175.536
163.439
149.413
209.288
-654321
195.274
192.469
187.676
182.341
175.693
170.399
163.777
158.129
152.245
209.147
213.157
214.996
213.288
204.169
205.069
191.379
176.34
162.257
203.63
-654321
193.886
187.849
181.138
176.89
170.725
164.222
158.096
151.956
146.304
203.485
209.285
213.599
216.864
215.288
207.872
202.251
185.999
180.188
199.519
-654321
186.353
181.426
176.771
169.905
164.243
158.332
152.847
146.517
140.321
199.34
204.535
208.296
209.499
216.213
213.352
215.396
205.915
194.163
192.563
-654321
181.267
175.122
170.172
164.064
158.417
152.629
146.304
140.188
134.442
194.185
198.803
204.574
206.295
213.586
212.335
215.512
210.774
205.153
188.035
-654321
176.672
170.753
164.368
158.798
152.261
146.048
139.941
134.631
128.653
186.427
191.144
200.303
204.69
207.549
216.223
215.301
213.974
200.006
182.919
-654321
170.323
164.482
158.481
152.55
146.725
139.941
134.613
128.544
123.849
182.543
189.146
194.227
198.524
205.375
209.236
211.422
211.107
213.038
176.798
-654321
164.634
159.601
153.315
146.466
140.788
133.616
128.671
122.367
116.972
175.046
181.942
187.845
192.123
196.198
201.31
209.497
210.191
213.658
170.388
-654321
158.254
153.855
146.378
140.267
133.471
128.521
122.938
116.097
110.777
169.827
177.03
182.491
188.453
193.093
198.833
200.669
207.942
213.688
164.107
-654321
151.532
145.865
141.724
133.968
128.425
122.435
116.023
110.801
104.785
164.666
169.989
175.64
182.145
188.083
193.4
194.188
206.153
208.753
158.194
-654321
146.579
139.886
134.936
128.219
122.877
116.116
110.747
104.013
97.8868
157.821
164.22
169.645
175.678
182.381
188.773
194.163
196.417
202.892
152.545
-654321
140.726
133.812
128.558
121.938
116.934
110.782
104.879
98.7772
91.5058
152.761
158.897
164.915
170.523
175.412
182.165
186.196
192.742
198.347
146.943
-654321
134.928
128.483
121.801
116.337
109.791
104.271
98.48
92.4229
146.591
151.336
159.276
165.049
169.982
176.281
182.384
187.973
193.667
140.212
-654321
128.527
121.799
115.903
110.678
103.947
97.8087
91.8882
139.802
145.709
152.715
158.126
165.518
170.832
176.473
182.862
187.826
134.04
-654321
122.009
117.339
109.429
103.243
98.7469
93.3234
133.812
139.44
145.58
152.959
158.165
164.224
170.555
176.513
181.146
129.194
-654321
116.492
110.166
104.179
98.7105
94.2256
126.957
134.352
140.372
146.424
151.566
158.076
164.402
170.106
176.122
122.092
-654321
110.507
103.359
98.5936
92.3204
121.203
129.979
135.441
140.841
146.728
152.126
158.402
164.375
170.055
117.232
-654321
104.816
99.1238
92.7633
116.072
123.279
128.084
134.455
141.169
147.215
152.879
158.543
164.587
111.05
-654321
98.9055
92.2664
110.666
116.406
122.379
127.505
132.69
140.619
146.569
152.807
157.897
105.188
-654321
92.3651
103.917
111.259
116.053
121.562
128.796
133.918
141.163
146.116
152.362
98.1166
-654321
96.7796
103.684
111.169
116.641
121.502
128.295
133.325
139.795
145.839
92.7235
-654321
163.594
180.726
190.632
199.786
207.654
221.411
233.076
230.134
225.028
150.602
-654321
179.223
188.528
202.748
219.068
231.61
232.149
223.667
231.608
226.144
150.016
164.287
-654321
191.962
212.918
217.941
232.664
235.681
230.095
227.993
227.748
228.297
164.624
150.722
177.242
-654321
202.504
215.732
228.498
226.518
230.82
230.46
228.216
227.143
220.015
181.036
163.182
149.737
186.978
-654321
209.536
227.859
227.107
232.803
221.321
226.09
224.169
218.191
214.041
190.584
177.532
165
150.321
208.904
-654321
229.372
229.236
225.509
235.189
230.228
224.639
220.838
214.206
208.727
206.137
189.802
170.859
161.811
148.642
221.36
-654321
230.504
229.87
233.027
229.205
226.098
219.222
212.315
211.283
204.628
215.584
208.382
186.214
177.475
165.006
149.434
224.434
-654321
231.373
229.431
226.24
224.583
219.56
214.667
209.342
203.74
199.199
223.374
221.752
212.765
189.997
178.168
164.328
150.814
228.939
-654321
227.925
229.394
223.558
220.017
214.342
209.941
204.071
199.103
193.222
228.38
223.201
219.82
206.877
191.807
177.364
164.245
149.661
231.796
-654321
225.844
225.655
220.375
213.817
210.035
203.807
199.042
192.092
186.423
230.399
230.025
225.183
216.088
209.619
194.143
176.236
164.621
149.877
230.448
-654321
225.035
219.998
217.414
208.706
204.824
199.078
194.272
187.294
181.472
230.796
230.294
230.32
229.142
214.366
207.771
193.959
175.653
163.417
231.604
-654321
220.652
215.698
210.996
203.79
198.58
193.533
185.468
180.372
175.241
231.548
231.184
230.359
232.472
226.405
217.709
206.74
186.378
174.646
226.685
-654321
212.611
211.451
203.569
199.697
193.806
187.423
181.697
175.529
169.237
223.016
230.408
228.475
232.952
231.382
222.823
223.161
198.035
196.067
218.034
-654321
210.428
203.519
199.147
194.239
187.189
180.706
176.341
170.277
163.155
220.842
224.093
229.772
226.677
230.693
235.563
221.309
218.858
204.036
217.049
-654321
202.783
198.869
192.923
187.805
182.193
175.153
170.06
164.055
158.497
212.433
216.212
222.525
229.222
225.477
232.513
228.278
224.266
216.105
209.776
-654321
198.223
192.741
187.239
181.332
175.376
170.013
163.484
158.093
152.015
209.453
215.923
218.659
223.496
223.364
229.017
228.566
233.582
218.158
203.758
-654321
194.382
186.439
181.406
175.69
169.343
164.117
157.16
151.667
145.708
202.63
210.529
211.238
222.749
228.219
228.324
228.681
229.326
227.318
198.367
-654321
187.32
181.665
175.612
170.473
163.962
157.477
150.96
145.857
140.077
197.376
204.627
210.284
215.201
219.819
229.111
231.61
226.069
231.658
193.117
-654321
181.758
174.936
169.171
164.248
157.428
151.705
146.306
140.039
133.711
193.724
199.159
205.293
209.476
215.48
218.633
220.879
229.753
227.654
187.004
-654321
174.839
169.881
164.814
157.78
151.219
145.686
138.874
133.708
128.265
187.56
193.217
196.253
205.66
207.303
215.207
221.225
224.615
226.019
180.886
-654321
169.795
163.895
157.182
151.469
145.5
139.542
133.622
128.91
121.964
180.234
188.245
193.765
199.874
204.532
210.858
211.864
219.277
223.374
176.163
-654321
164.448
157.858
151.363
135.575
138.602
133.888
128.478
122.872
175.235
181.043
187.269
192.407
200.19
204.861
209.979
215.662
219.162
169.832
-654321
157.935
151.936
145.375
140.958
132.926
128.365
123.142
169.119
175.617
181.578
188.074
193.398
199.152
204.768
210.479
212.897
163.451
-654321
151.231
146.305
138.674
133.421
127.267
123.011
163.754
169.677
175.752
181.385
187.459
193.581
199.565
204.518
210.149
156.893
-654321
144.435
139.886
133.49
128.478
121.87
157.795
164.366
168.963
176.566
182.06
187.702
194.141
199.644
205.549
152.912
-654321
139.103
132.626
123.163
121.363
152.691
157.545
164.51
169.175
176.091
181.117
186.138
193.073
198.959
145.517
-654321
133.109
127.987
121.029
145.306
152.271
158.047
162.817
171.194
176.158
180.666
186.944
193.749
139.711
-654321
129.484
121.072
139.413
144.507
151.686
158.142
164.501
169.886
174.283
181.822
187.514
133.314
-654321
119.69
133.956
139.827
144.792
151.615
158.212
163.065
170.213
176.312
181.974
128.155
-654321
127.833
132.168
140.393
144.855
152.241
157.828
163.074
168.606
175.468
122.729
-654321
167.717
181.821
189.137
200.492
223.073
231.28
238.988
241.111
244.389
149.438
-654321
179.373
190.864
209.237
214.235
236.851
234.104
249.131
248.404
247.78
149.85
165.661
-654321
192.82
208.239
223.391
228.735
242.537
239.958
249.12
248.269
250.168
165.629
150.2
178.143
-654321
211.431
225.927
238.947
236.843
249.178
248.854
241.103
241.38
248.218
179.303
166.724
150.011
192.303
-654321
222.086
239.265
234.463
244.045
250.136
246.436
246.581
240.099
242.781
191.783
178.999
164.874
148.976
206.203
-654321
227.918
244.7
248.316
244.23
245.094
247.792
245.09
239.469
239.104
206.841
190.506
180.534
162.052
151.51
208.888
-654321
239.991
246.408
247.675
249.592
250.003
245.698
242.854
235.487
233.699
218.287
208.366
190.786
179.071
164.402
149.955
236.87
-654321
247.555
246.335
246.491
243.66
243.933
242.882
230.519
233.441
223.613
235.851
214.536
203.404
195.04
178.632
166.742
149.085
236.24
-654321
249.971
248.978
247.33
244.238
241.595
235.14
230.433
226.827
219.487
239.829
232.98
221.784
205.506
189.698
177.73
165.577
150.33
242.776
-654321
246.059
245.487
242.295
242.927
236.419
230.136
226.547
219.583
214.067
247.201
240.948
232.014
218.491
205.151
193.85
172.876
161.174
149.781
251.424
-654321
245.312
244.418
238.835
236.44
232.861
225.561
220.666
214.039
210.41
246.117
247.134
246.39
227.314
216.561
201.086
194.06
177.349
163.702
249.322
-654321
243.829
241.981
235.976
233.517
225.605
217.537
214.886
209.471
204.653
245.308
249.71
247.139
239.349
229.979
217.714
211.491
191.59
178.465
247.433
-654321
239.293
231.773
231.039
226.006
219.635
216.349
209.665
203.68
198.578
244.203
247.034
248.338
247.668
243.114
247.901
214.316
195.595
196.304
241.041
-654321
234.894
226.95
226.414
221.592
213.585
209.527
203.156
197.617
191.729
241.334
248.717
242.385
245.555
252.239
238.449
243.113
215.876
203.384
240.993
-654321
228.614
226.639
218.812
215.51
209.231
204.803
198.409
192.387
187.098
239.386
239.664
247.869
248.946
248.359
250.686
252.099
230.885
228.659
236.77
-654321
225.931
221.147
215.319
209.128
202.658
198.262
191.933
186.993
180.687
237.165
238.234
243.77
238.404
246.447
239.276
244.877
244.89
241.629
231.603
-654321
220.313
214.137
209.323
203.092
198.936
192.168
186.832
180.361
174.46
232.037
238.985
237.584
239.219
245.052
248.009
247.858
241.327
234.098
223.13
-654321
215.738
209.956
202.905
197.445
193.433
186.399
180.686
174.434
168.245
225.726
232.29
232.914
235.245
241.118
239.759
248.361
248.55
245.126
221.387
-654321
209.987
203.948
197.41
192.354
187.03
180.119
174.83
167.937
161.958
220.699
226.037
226.53
233.988
244.154
243.998
242.684
241.951
245.408
215.786
-654321
204.021
197.557
193.828
186.197
180.778
174.169
168.695
161.65
157.172
214.856
222.448
224.692
233.371
234.478
239.687
238.191
248.972
241.445
210.344
-654321
198.316
192.817
186.273
179.584
173.792
168.08
161.852
156.89
150.058
208.087
213.497
215.995
224.196
228.166
238.879
239.679
245.924
247.313
204.753
-654321
191.172
186.026
180.101
173.07
169.276
162.111
156.309
149.889
201.764
210.669
213.217
223.209
226.943
232.095
237.367
241.019
247.702
198.908
-654321
184.938
180.218
174.917
166.99
162.861
156.801
150.724
198.264
204.791
208.052
215.368
221.781
222.198
223.72
238.314
239.545
192.555
-654321
181.5
173.974
167.976
162.449
156.064
150.376
191.802
198.957
204.591
210.155
216.126
222.088
225.99
232.438
232.824
186.793
-654321
174.977
168.64
162.256
157.74
149.765
185.21
192.882
197.857
202.618
204.407
209.441
218.809
226.437
230.48
180.24
-654321
168.272
161.669
156.785
150.516
181.126
186.034
189.396
198.727
204.343
211.314
217.044
220.584
223.433
174.157
-654321
162.49
155.4
149.363
175.109
180.435
186.21
192.291
198.532
204.362
209.62
214.806
219.826
168.743
-654321
155.841
150.552
167.259
174.593
180.354
185.834
191.68
198.838
204.13
209.904
215.708
161.157
-654321
150.037
162.497
168.722
173.858
179.922
185.96
192.975
196.726
203.941
209.537
156.717
-654321
156.701
162.028
167.465
174.623
180.816
186.014
192.429
198.326
204.03
150.107
-654321
168.058
174.204
194.503
200.297
231.953
228.844
247.654
249.065
260.046
151.285
-654321
175.781
191.28
206.081
226.972
217.835
242.151
261.392
264.643
258.476
148.467
165.163
-654321
194.878
199.713
218.74
226.72
238.131
250.65
264.907
260.654
262.548
159.263
149.01
180.418
-654321
200.721
217.402
235.993
247.934
248.75
269.102
267.459
261.404
267.963
178.956
163.958
151.229
191.508
-654321
217.702
229.173
246.711
258.73
261.898
262.783
264.489
269.008
260.604
195.806
182.173
165.241
150.057
205.595
-654321
233.878
252.893
258.8
263.178
254.713
262.474
262.3
264.633
259.652
210.601
193.113
177.352
167.049
151.207
222.052
-654321
246.482
251.267
266.426
263.789
252.104
266.5
265.598
263.809
257.921
225.499
201.97
192.06
178.664
163.544
150.852
232.809
-654321
256.609
272.574
265.976
265.25
268.603
266.51
260.783
257.554
256.662
241.472
215.513
209.01
197.647
177.27
163.92
150.274
243.057
-654321
262.445
272.693
264.973
265.404
263.863
260.068
255.97
257.02
246.409
247.669
233.92
221.755
206.076
193.563
182.356
162.979
150.852
252.58
-654321
266.048
265.782
265.666
265.135
261.792
252.737
250.634
248.592
245.235
266.745
243.55
242.236
227.289
208.819
192.139
175.778
163.163
150.804
263.991
-654321
263.432
265.19
264.314
262.133
259.257
255.985
252.296
244.428
238.899
259.519
255.839
258.092
243.937
214.174
208.274
191.883
179.478
165.055
265.53
-654321
267.399
265.137
262.869
258.635
251.302
250.447
243.847
238.443
233.589
264.07
262.046
258.183
244.291
238.208
222.185
204.392
189.162
179.289
267.561
-654321
261.754
263.387
257.873
250.058
250.292
246.443
240.899
234.181
227.589
267.328
267.589
262.937
258.478
247.133
224.393
215.945
206.948
191.662
266.893
-654321
256.111
259.643
255.31
251.819
243.95
241.508
234.795
229.962
224.422
269.767
266.969
264.896
256.987
254.277
248.092
236.399
218.359
208.281
265.329
-654321
254.623
252.06
251.087
245.868
238.133
234.54
228.401
223.6
217.882
262.38
264.95
263.101
265.35
263.914
262.324
243.307
239.192
216.986
262.719
-654321
250.801
247.872
240.722
237.621
234.419
225.953
220.579
217.963
212.321
260.157
267.244
267.442
263.043
265.471
255.804
265.486
253.224
229.226
259.909
-654321
246.756
246.865
238.311
235.266
228.187
222.288
217.983
210.338
206.025
255.203
268.087
268.691
265.529
267.983
259.847
259.632
267.46
247.77
256.306
-654321
245.067
239.62
232.11
229.484
222.914
217.516
211.878
206.427
199.375
254.892
261.639
259.469
271.562
261.501
263.748
271.032
257.535
256.32
249.408
-654321
238.1
231.772
229.656
224.096
215.125
210.121
205.446
200.61
193.969
253.086
257.356
261.983
267.995
260.829
266.667
268.386
268.522
264.276
244.885
-654321
234.618
230.035
224.18
217.029
211.864
205.57
199.346
194.186
187.55
245.867
242.497
258.125
254.513
264.945
263.76
267.497
268.021
256.315
237.872
-654321
228.984
223.73
216.176
208.67
206.153
200.002
194.317
188.003
182.026
238.45
244.694
246.735
251.231
254.204
262.326
259.94
259.803
267.97
231.85
-654321
222.231
218.068
212.071
206.573
200.021
194.679
188.253
181.967
234.268
238.785
246.733
240.968
256.933
258.651
256.677
261.926
269.473
229.534
-654321
217.309
212.189
206.471
200.392
193.71
188.342
182.524
230.928
234.779
240.943
244.538
251.783
258.074
253.168
259.485
263.721
222.96
-654321
211.795
206.744
200.323
194.672
187.959
182.83
223.704
226.609
233.683
235.192
246.798
252.754
256.835
257.611
263.052
217.503
-654321
205.208
200.206
194.966
187.685
182.753
217.671
222.89
229.148
233.139
239.153
246.789
245.831
255.632
257.928
211.237
-654321
200.14
193.753
187.73
182.437
212.226
215.528
223.862
229.86
234.953
240.27
248.247
246.237
256.1
205.966
-654321
193.565
188.267
182.073
207.192
211.599
216.727
224.386
229.733
235.564
240.931
244.254
248.783
201.055
-654321
188.945
182.732
199.546
205.885
211.23
219.343
223.729
229.908
229.306
240.269
243.437
195.193
-654321
181.971
194.861
200.505
206.311
211.574
215.928
223.547
229.089
232.467
237.304
187.792
-654321
187.963
194.492
197.879
206.169
211.945
217.241
223.174
229.105
235.495
182.06
-654321
164.111
176.381
199.78
200.555
213.877
227.647
246.714
261.188
267.534
148.662
-654321
173.574
193.824
198.674
230.839
240.934
237.412
262.173
267.087
284.782
151.14
160.906
-654321
193.028
208.845
225.668
229.831
252.576
268.998
270.279
278.82
282.393
163.458
150.497
179.721
-654321
203.147
229.149
224.469
248.242
256.372
269.371
271.914
274.611
289.139
179.755
163.264
150.672
195.464
-654321
220.55
236.36
245.669
263.038
272.224
274.747
290.958
283.602
280.476
194.103
175.09
164.603
150.287
207.318
-654321
231.02
249.863
256.218
274.911
282.767
279.063
286.2
285.019
280.675
205.99
193.116
176.098
163.876
151.145
232.126
-654321
248.042
257.145
269.237
276.529
281.642
290.485
287.11
280.12
280.672
235.054
211.087
189.649
175.697
162.69
150.931
229.746
-654321
245.919
261.962
286.348
275.577
274.769
281.792
284.804
279.637
273.994
233.15
219.512
202.428
196.138
181.928
165.376
150.424
252.674
-654321
253.382
278.476
282.709
283.19
285.868
287.346
284.984
278.247
281.12
256.228
228.77
217.419
204.206
196.341
179.771
165.658
150.688
240.364
-654321
279.1
278.401
286.761
282.929
287.299
282.545
278.932
278.749
268.572
265.874
245.41
230.855
219.286
208.578
192.095
175.799
164.584
149.473
251.46
-654321
290.527
277.49
283.305
282.613
286.503
284.526
273.858
271.455
263.802
275.115
263.805
250.795
236.766
218.399
201.196
188.466
173.987
161.674
275.53
-654321
288.577
284.704
283.059
283.016
277.863
276.651
269.454
265.204
264.234
273.387
276.584
258.867
245.817
232.18
221.527
200.778
190.187
181.276
282.819
-654321
276.442
280.174
278.955
277.979
268.825
271.716
262.077
256.717
253.823
284.924
281.308
271.112
263.813
253.908
227.782
224.836
208.936
197.673
282.531
-654321
282.778
276.373
280.122
271.275
269.466
265.672
261.449
253.607
250.595
282.934
279.353
267.699
270.718
262.575
253.76
231.709
222.351
208.508
284.238
-654321
279.753
275.642
273.819
271.585
268.597
261.58
254.805
250.798
244.651
283.39
282.614
282.657
280.696
270.616
266.71
247.359
230.624
223.176
280.547
-654321
276.061
278.246
271.698
264.679
258.423
257.321
245.498
245.613
237.869
284.299
281.733
283.154
275.744
280.557
269.723
260.84
255.449
233.702
281.659
-654321
271.893
275.456
266.443
259.311
253.702
250.917
242.53
240.943
234.508
280.576
282.617
283.971
282.293
283.004
270.243
273.571
258.496
242.842
276.223
-654321
270.864
262.307
258.18
255.714
252.876
243.823
240.885
234.04
228.447
273.257
278.908
286.514
287.972
282.602
284.951
277.83
267.465
267.439
277.397
-654321
268.175
260.243
254.705
251.452
244.82
238.538
235.058
228.935
223.079
269.165
273.352
279.578
281.049
285.312
283.611
280.805
275.265
276.518
272.392
-654321
260.23
257.705
252.154
246.181
238.196
233.906
228.883
223.072
217.079
272.35
273.954
278.262
280.856
282.98
286.147
276.083
278.504
277.896
266.958
-654321
256.724
250.03
247.261
239.378
233.888
229.587
223.058
216.605
211.231
260.347
264.492
275.069
280.411
281.043
280.681
283.656
284.442
282.389
259.74
-654321
247.609
244.942
241.072
232.832
227.983
223.421
216.7
211.779
258.648
266.949
271.27
267.851
275.186
282.486
284.661
284.531
279.653
255.095
-654321
244.287
240.241
235.572
229.299
222.762
217.88
211.596
255.034
259.053
268.405
274.07
266.772
282.427
290.22
285.748
289.991
249.306
-654321
237.706
232.447
228.608
220.46
217.795
211.435
253.012
255.76
262.515
267.369
263.31
277.137
279.72
271.394
284.65
243.758
-654321
234.736
229.229
223.787
217.448
210.793
244.037
251.975
249.967
255.151
264.592
265.549
277.929
265.94
284.564
239.303
-654321
229.325
222.548
216.892
210.373
237.467
246.722
249.938
247.23
264.175
263.354
271.876
272.321
281.322
234.617
-654321
223.037
217.505
211.801
234.946
238.269
245.838
252.898
255.798
264.445
258.868
259.923
278.535
229.311
-654321
217.118
210.389
227.355
233.113
240.538
241.745
250.731
257.697
257.12
269.368
270.99
222.341
-654321
210.995
222.367
228.496
235.099
239.195
242.971
250.278
257.841
258.392
268.021
217.21
-654321
217.461
223.545
229.406
196.241
239.028
246.438
252.046
255.987
260.847
210.501
-654321
156.715
163.205
173.427
173.699
193.458
206.027
205.413
208.842
230.119
145.254
-654321
163.937
170.272
182.571
197.279
188.399
209.488
225.305
230.931
238.333
146.424
158.328
-654321
176.748
176.333
202.762
206.807
202.877
215.509
238.453
233.451
239.798
156.662
144.546
168.136
-654321
184.702
192.962
192.06
213.126
215.685
219.285
238.391
244.78
243.58
165.195
155.544
145.219
175.683
-654321
188.342
199.795
211.761
213.22
226.654
234.222
234.33
238.527
241.535
175.765
163.382
154.485
145.15
176.19
-654321
207.481
201.024
221.686
226.814
243.717
239.714
240.137
233.649
247.858
174.659
174.98
165.345
155.392
146.038
206.11
-654321
219.267
204.539
228.177
238.751
236.819
241.309
247.671
242.681
246.008
190.392
186.221
173.479
165.456
154.092
145.815
202.977
-654321
215.864
223.785
244.073
238.934
239.85
244.284
238.44
242.07
238.936
196.106
194.997
178.967
172.628
167.475
154.869
146.011
211.211
-654321
232.506
237.236
240.588
238.232
242.141
241.067
242.058
238.09
238.571
209.226
200.734
193.502
182.305
173.549
161.84
154.208
145.66
215.46
-654321
234.677
233.984
238.7
238.394
243.833
233.432
246.021
240.522
238.874
220.591
217.276
204.728
192.804
181.625
172.805
162.846
153.899
144.878
216.218
-654321
239.113
239.858
242.518
246.69
245.18
240.131
243.717
241.146
238.237
213.164
223.887
218.693
201.174
193.697
181.021
168.441
166.277
155.577
227.571
-654321
239.84
242.883
248.3
242.649
242.93
239.642
238.231
237.995
231.054
232.909
223.467
220.275
220.82
196.385
188.042
178.489
172.923
165.865
239.46
-654321
245.25
246.42
243.53
242.705
241.256
234.595
234.324
232.718
230.735
236.851
235.611
232.508
214.875
223.072
202.341
191.194
180.917
176.204
245.132
-654321
241.795
243.899
236.529
241.409
232.899
236.986
230.885
230.751
225.977
239.504
237.872
241.973
255.231
217.463
218.996
204.947
187.986
183.165
242.331
-654321
243.756
240.906
243.426
240.205
238.41
233.356
230.677
227.006
223.27
243.044
241.398
241.557
237.079
223.135
220.691
209.581
200.92
197.275
246.627
-654321
241.446
238.357
239.699
236.219
231.13
227.983
227.677
223.433
220.018
243.987
244.597
239.381
233.01
235.244
228.869
220.614
211.53
203.887
241.695
-654321
240.765
237.917
238.153
232.957
230.123
227.599
222.901
219.878
216.515
241.933
242.723
243.429
237.174
241.237
232.809
230.163
224.059
210.688
240.38
-654321
241.378
238.426
234.714
230.798
225.772
223.411
220.691
216.491
212.746
257.087
245.527
239.368
242.93
233.983
240.163
233.626
231.009
225.011
243.313
-654321
236.457
229.354
236.175
226.561
223.789
220.325
216.52
213.272
209.119
242.885
243.199
244.531
244.215
245.21
241.435
240.812
236.651
229.91
239.911
-654321
233.057
231.124
227.278
223.209
219.098
216.489
213.198
209.252
205.691
240.966
244.132
239.858
240.436
241.813
242.163
238.657
243.572
240.054
231.914
-654321
231.144
225.289
223.893
220.849
217.064
213.721
209.063
205.471
201.471
238.743
237.464
242.332
244.557
239.116
237.533
233.174
243.053
244.287
235.58
-654321
228.362
223.955
221.431
216.971
213.446
209.752
205.491
201.096
235.015
238.511
237.865
241.464
242.246
244.167
243.377
244.791
240.651
228.11
-654321
223.153
219.081
216.249
213.252
209.95
205.049
201.501
228.952
230.574
233.832
237.711
234.619
243.397
244.277
244.238
240.031
225.372
-654321
219.418
215.869
212.824
209.683
205.327
201.299
226.426
229.657
235.285
234.498
241.032
242.161
239.844
242.769
241.758
223.774
-654321
216.064
212.767
209.153
205.432
202.335
222.494
227.974
230.285
236.066
238.471
239.326
240.468
244.819
242.811
220.654
-654321
211.767
207.586
205.673
202.189
220.27
223.721
226.748
231.52
235.202
233.775
238.818
241.147
244.102
216.749
-654321
208.766
204.472
201.721
216.532
220.975
224.441
226.122
227.54
235.657
233.931
237.355
243.976
213.536
-654321
205.635
201.785
211.135
216.72
220.643
222.418
226.669
223.259
234.723
237.852
239.169
208.202
-654321
200.954
209.213
213.659
216.519
220.566
224.318
227.926
230.9
235.281
235.198
205.071
-654321
203.757
209.691
213.36
216.053
221.033
224.409
227.355
231.12
235.764
201.518
-654321
