0.95997 1
0.0400297 11
-123456
0.96027 2
0.0397301 12
-123456
0.952164 3
0.047836 13
-123456
0.960125 4
0.0398749 14
-123456
0.965971 5
0.0324826 15
0.00154679 45
-123456
0.954345 6
0.0456554 16
-123456
0.953938 7
0.0453195 17
0.000742942 57
-123456
0.958047 8
0.0419527 18
-123456
0.960784 9
0.0384895 19
0.000726216 49
-123456
0.956522 0
0.0434783 10
-123456
-654321
0.954048 2
0.0459519 12
-123456
0.955607 3
0.0420561 13
0.00233645 53
-123456
0.971897 4
0.028103 14
-123456
0.958231 5
0.041769 15
-123456
0.962025 6
0.0379747 16
-123456
0.958333 7
0.0416667 17
-123456
0.959079 8
0.0409207 18
-123456
0.962779 9
0.0372208 19
-123456
0.965282 0
0.0347175 10
-123456
0.95641 1
0.0435897 11
-123456
-654321
0.959698 3
0.0403023 13
-123456
0.962389 4
0.0376106 14
-123456
0.941032 5
0.0589681 15
-123456
0.966368 6
0.0336323 16
-123456
0.961538 7
0.0384615 17
-123456
0.963387 8
0.0366133 18
-123456
0.95338 9
0.04662 19
-123456
0.966581 1
0.033419 11
-123456
0.9573 0
0.0426997 10
-123456
0.954869 2
0.0451306 12
-123456
-654321
0.947242 4
0.0527578 14
-123456
0.960938 5
0.0390625 15
-123456
0.966387 6
0.0336134 16
-123456
0.949367 7
0.0506329 17
-123456
0.958128 8
0.0418719 18
-123456
0.958435 9
0.0415648 19
-123456
0.957507 2
0.0424929 12
-123456
0.963061 1
0.0369393 11
-123456
0.956084 0
0.0431965 10
0.000719942 50
-123456
0.98005 3
0.0199501 13
-123456
-654321
0.952278 5
0.0477223 15
-123456
0.960298 6
0.0397022 16
-123456
0.965879 7
0.0341207 17
-123456
0.967089 8
0.0329114 18
-123456
0.976253 9
0.0237467 19
-123456
0.965699 3
0.0343008 13
-123456
0.957179 2
0.0428212 12
-123456
0.944882 1
0.0524934 11
0.00262467 41
-123456
0.966012 0
0.0339879 10
-123456
0.953368 4
0.0440415 14
0.00259067 44
-123456
-654321
0.928947 6
0.0710526 16
-123456
0.969152 7
0.0308483 17
-123456
0.959239 8
0.0407609 18
-123456
0.962963 9
0.037037 19
-123456
0.967089 4
0.0329114 14
-123456
0.949622 3
0.0503778 13
-123456
0.955112 2
0.0448878 12
-123456
0.965879 1
0.0341207 11
-123456
0.952727 0
0.0472727 10
-123456
0.962963 5
0.037037 15
-123456
-654321
0.947608 7
0.0523918 17
-123456
0.962085 8
0.0379147 18
-123456
0.965879 9
0.0341207 19
-123456
0.9599 5
0.0401003 15
-123456
0.942559 4
0.0574413 14
-123456
0.963824 3
0.0361757 13
-123456
0.9375 2
0.0625 12
-123456
0.969697 1
0.030303 11
-123456
0.965697 0
0.0343028 10
-123456
0.956743 6
0.043257 16
-123456
-654321
0.957711 8
0.0422886 18
-123456
0.966057 9
0.0313316 19
0.00261097 59
-123456
0.962162 6
0.0378378 16
-123456
0.947368 5
0.0526316 15
-123456
0.95664 4
0.0433604 14
-123456
0.966019 3
0.0339806 13
-123456
0.9511 2
0.0488998 12
-123456
0.974425 1
0.0255754 11
-123456
0.962719 0
0.0372807 10
-123456
0.955 7
0.045 17
-123456
-654321
0.956298 9
0.0437018 19
-123456
0.953247 7
0.0467532 17
-123456
0.956743 6
0.043257 16
-123456
0.978552 5
0.0214477 15
-123456
0.961039 4
0.038961 14
-123456
0.958115 3
0.0418848 13
-123456
0.958904 2
0.0410959 12
-123456
0.959184 1
0.0408163 11
-123456
0.956777 0
0.0432234 10
-123456
0.950904 8
0.0490956 18
-123456
-654321
0.961749 8
0.0382514 18
-123456
0.957672 7
0.042328 17
-123456
0.949782 6
0.0502183 16
-123456
0.947802 5
0.0521978 15
-123456
0.96124 4
0.0387597 14
-123456
0.959677 3
0.0403226 13
-123456
0.958128 2
0.0418719 12
-123456
0.958237 1
0.0417633 11
-123456
0.955572 0
0.0444283 10
-123456
0.935897 9
0.0641026 19
-123456
-654321
0.0787671 1
0.844178 11
0.0770548 21
-123456
0.0712401 2
0.854881 12
0.0738786 22
-123456
0.0954357 3
0.834025 13
0.0705394 23
-123456
0.0613208 4
0.84434 14
0.0943396 24
-123456
0.0509259 5
0.87963 15
0.0694444 25
-123456
0.0707547 6
0.811321 16
0.117925 26
-123456
0.0878049 7
0.829268 17
0.0829268 27
-123456
0.134328 8
0.741294 18
0.124378 28
-123456
0.0487805 9
0.882927 19
0.0682927 29
-123456
0.0875 0
0.845833 10
0.0666667 20
-123456
-654321
0.102041 2
0.809524 12
0.0884354 22
-123456
0.109091 3
0.772727 13
0.118182 23
-123456
0.12012 4
0.798799 14
0.0810811 24
-123456
0.0790274 5
0.787234 15
0.133739 25
-123456
0.0918367 6
0.79932 16
0.108844 26
-123456
0.11859 7
0.778846 17
0.102564 27
-123456
0.0921053 8
0.769737 18
0.138158 28
-123456
0.114458 9
0.746988 19
0.138554 29
-123456
0.130919 0
0.771588 10
0.097493 20
-123456
0.127469 1
0.777379 11
0.0951526 21
-123456
-654321
0.10951 3
0.757925 13
0.132565 23
-123456
0.106628 4
0.795389 14
0.0979827 24
-123456
0.100775 5
0.790698 15
0.108527 25
-123456
0.100271 6
0.807588 16
0.0921409 26
-123456
0.0852273 7
0.823864 17
0.0909091 27
-123456
0.0938338 8
0.820375 18
0.0857909 28
-123456
0.117143 9
0.771429 19
0.111429 29
-123456
0.105769 1
0.778846 11
0.115385 21
-123456
0.108033 0
0.786704 10
0.105263 20
-123456
0.0913793 2
0.824138 12
0.0844828 22
-123456
-654321
0.0653266 4
0.839196 14
0.0954774 24
-123456
0.0603015 5
0.869347 15
0.0703518 25
-123456
0.0829016 6
0.854922 16
0.0621762 26
-123456
0.0909091 7
0.850267 17
0.0588235 27
-123456
0.0769231 8
0.796703 18
0.126374 28
-123456
0.109453 9
0.79602 19
0.0945274 29
-123456
0.0868217 2
0.827907 12
0.0852713 22
-123456
0.106762 1
0.825623 11
0.0676157 21
-123456
0.0612245 0
0.831633 10
0.107143 20
-123456
0.08 3
0.828571 13
0.0914286 23
-123456
-654321
0.0869565 5
0.809783 15
0.103261 25
-123456
0.113514 6
0.762162 16
0.124324 26
-123456
0.0670391 7
0.854749 17
0.0782123 27
-123456
0.107843 8
0.833333 18
0.0588235 28
-123456
0.106061 9
0.863636 19
0.030303 29
-123456
0.078534 3
0.837696 13
0.0837696 23
-123456
0.0884808 2
0.831386 12
0.0801336 22
-123456
0.0995261 1
0.834123 11
0.0663507 21
-123456
0.0952381 0
0.78836 10
0.116402 20
-123456
0.0807453 4
0.776398 14
0.142857 24
-123456
-654321
0.0952381 6
0.833333 16
0.0714286 26
-123456
0.108108 7
0.794595 17
0.0972973 27
-123456
0.0872483 8
0.812081 18
0.100671 28
-123456
0.0714286 9
0.809524 19
0.119048 29
-123456
0.0883978 4
0.850829 14
0.0607735 24
-123456
0.0833333 3
0.827778 13
0.0888889 23
-123456
0.129944 2
0.774011 12
0.0960452 22
-123456
0.101836 1
0.776294 11
0.12187 21
-123456
0.0819672 0
0.825137 10
0.0928962 20
-123456
0.0698925 5
0.806452 15
0.123656 25
-123456
-654321
0.0921053 7
0.815789 17
0.0921053 27
-123456
0.10274 8
0.767123 18
0.130137 28
-123456
0.123596 9
0.792135 19
0.0842697 29
-123456
0.109756 5
0.768293 15
0.121951 25
-123456
0.118012 4
0.807453 14
0.0745342 24
-123456
0.0695187 3
0.850267 13
0.0802139 23
-123456
0.104723 2
0.809035 12
0.0862423 22
-123456
0.11985 1
0.794007 11
0.0861423 21
-123456
0.077381 0
0.827381 10
0.0952381 20
-123456
0.121387 6
0.791907 16
0.0867052 26
-123456
-654321
0.0947368 8
0.810526 18
0.0947368 28
-123456
0.0949367 9
0.797468 19
0.107595 29
-123456
0.0595238 6
0.875 16
0.0654762 26
-123456
0.0857143 5
0.871429 15
0.0428571 25
-123456
0.115854 4
0.804878 14
0.0792683 24
-123456
0.0809717 3
0.785425 13
0.133603 23
-123456
0.110526 2
0.821053 12
0.0684211 22
-123456
0.0953307 1
0.797665 11
0.107004 21
-123456
0.117284 0
0.808642 10
0.0740741 20
-123456
0.0653595 7
0.849673 17
0.0849673 27
-123456
-654321
0.0804598 9
0.816092 19
0.103448 29
-123456
0.131868 7
0.813187 17
0.0549451 27
-123456
0.106509 6
0.727811 16
0.16568 26
-123456
0.0957447 5
0.781915 15
0.12234 25
-123456
0.125786 4
0.779874 14
0.0943396 24
-123456
0.116883 3
0.805195 13
0.0779221 23
-123456
0.0873288 2
0.815068 12
0.0976027 22
-123456
0.0674847 1
0.877301 11
0.0552147 21
-123456
0.06875 0
0.8625 10
0.06875 20
-123456
0.0704225 8
0.852113 18
0.0774648 28
-123456
-654321
0.10582 8
0.814815 18
0.0793651 28
-123456
0.133333 7
0.787879 17
0.0787879 27
-123456
0.0596026 6
0.854305 16
0.0860927 26
-123456
0.0731707 5
0.829268 15
0.097561 25
-123456
0.0923913 4
0.815217 14
0.0923913 24
-123456
0.131868 3
0.769231 13
0.0989011 23
-123456
0.0793358 2
0.835793 12
0.0848708 22
-123456
0.0849057 1
0.816038 11
0.0990566 21
-123456
0.0747126 0
0.827586 10
0.0977011 20
-123456
0.0542169 9
0.831325 19
0.114458 29
-123456
-654321
0.126667 11
0.753333 21
0.12 31
-123456
0.101449 12
0.821256 22
0.0772947 32
-123456
0.157658 13
0.743243 23
0.0990991 33
-123456
0.117371 14
0.776995 24
0.105634 34
-123456
0.158273 15
0.784173 25
0.057554 35
-123456
0.109756 16
0.810976 26
0.0792683 36
-123456
0.0844156 17
0.785714 27
0.12987 37
-123456
0.106383 18
0.787234 28
0.106383 38
-123456
0.112782 19
0.714286 29
0.172932 39
-123456
0.0884354 10
0.782313 20
0.129252 30
-123456
-654321
0.0782313 12
0.79932 22
0.122449 32
-123456
0.1 13
0.786487 23
0.113514 33
-123456
0.125 14
0.788462 24
0.0865385 34
-123456
0.0568182 15
0.846591 25
0.0965909 35
-123456
0.0726257 16
0.77095 26
0.156425 36
-123456
0.0872483 17
0.798658 27
0.114094 37
-123456
0.0958084 18
0.802395 28
0.101796 38
-123456
0.109195 19
0.798851 29
0.091954 39
-123456
0.116883 10
0.785714 20
0.0974026 30
-123456
0.0769231 11
0.804734 21
0.118343 31
-123456
-654321
0.0774775 13
0.827027 23
0.0954955 33
-123456
0.108696 14
0.788043 24
0.103261 34
-123456
0.133721 15
0.767442 25
0.0988372 35
-123456
0.0939227 16
0.790055 26
0.116022 36
-123456
0.0677966 17
0.813559 27
0.118644 37
-123456
0.114754 18
0.770492 28
0.114754 38
-123456
0.113744 19
0.805687 29
0.0805687 39
-123456
0.0918919 11
0.821622 21
0.0864865 31
-123456
0.13615 10
0.755869 20
0.107981 30
-123456
0.0698529 12
0.819853 22
0.110294 32
-123456
-654321
0.124294 14
0.728814 24
0.146893 34
-123456
0.143911 15
0.719557 25
0.136531 35
-123456
0.147157 16
0.719064 26
0.133779 36
-123456
0.123239 17
0.760563 27
0.116197 37
-123456
0.121212 18
0.774411 28
0.104377 38
-123456
0.17608 19
0.704319 29
0.119601 39
-123456
0.136842 12
0.754386 22
0.108772 32
-123456
0.11465 11
0.729299 21
0.156051 31
-123456
0.132653 10
0.748299 20
0.119048 30
-123456
0.155556 13
0.719444 23
0.125 33
-123456
-654321
0.132841 15
0.752768 25
0.114391 35
-123456
0.0934959 16
0.788618 26
0.117886 36
-123456
0.0894942 17
0.754864 27
0.155642 37
-123456
0.158672 18
0.734317 28
0.107011 38
-123456
0.130268 19
0.773946 29
0.0957854 39
-123456
0.11544 13
0.760462 23
0.124098 33
-123456
0.105263 12
0.74386 22
0.150877 32
-123456
0.153257 11
0.758621 21
0.0881226 31
-123456
0.123239 10
0.764085 20
0.112676 30
-123456
0.106024 14
0.766265 24
0.127711 34
-123456
-654321
0.0532544 16
0.887574 26
0.0591716 36
-123456
0.0760234 17
0.824561 27
0.0994152 37
-123456
0.0787879 18
0.830303 28
0.0909091 38
-123456
0.0879121 19
0.818681 29
0.0934066 39
-123456
0.0795848 14
0.83045 24
0.0899654 34
-123456
0.0865385 13
0.831731 23
0.0817308 33
-123456
0.0867052 12
0.843931 22
0.0693642 32
-123456
0.135802 11
0.746914 21
0.117284 31
-123456
0.113208 10
0.805031 20
0.081761 30
-123456
0.114458 15
0.825301 25
0.060241 35
-123456
-654321
0.1 17
0.806667 27
0.0933333 37
-123456
0.110429 18
0.797546 28
0.0920245 38
-123456
0.089172 19
0.847134 29
0.0636943 39
-123456
0.133333 15
0.8 25
0.0666667 35
-123456
0.109718 14
0.76489 24
0.125392 34
-123456
0.115727 13
0.78635 23
0.0979228 33
-123456
0.105263 12
0.835526 22
0.0592105 32
-123456
0.167702 11
0.745342 21
0.0869565 31
-123456
0.0747126 10
0.804598 20
0.12069 30
-123456
0.0789474 16
0.842105 26
0.0789474 36
-123456
-654321
0.0643275 18
0.830409 28
0.105263 38
-123456
0.0958904 19
0.80137 29
0.10274 39
-123456
0.0762712 16
0.79661 26
0.127119 36
-123456
0.113333 15
0.733333 25
0.153333 35
-123456
0.129032 14
0.787097 24
0.083871 34
-123456
0.110599 13
0.762673 23
0.126728 33
-123456
0.108696 12
0.728261 22
0.163043 32
-123456
0.0909091 11
0.818182 21
0.0909091 31
-123456
0.119718 10
0.774648 20
0.105634 30
-123456
0.136364 17
0.75974 27
0.103896 37
-123456
-654321
0.0758621 19
0.786207 29
0.137931 39
-123456
0.134146 17
0.743902 27
0.121951 37
-123456
0.0974026 16
0.766234 26
0.136364 36
-123456
0.10989 15
0.741758 25
0.148352 35
-123456
0.130435 14
0.807453 24
0.0621118 34
-123456
0.130526 13
0.747368 23
0.122105 33
-123456
0.134503 12
0.748538 22
0.116959 32
-123456
0.109489 11
0.788321 21
0.10219 31
-123456
0.132075 10
0.748428 20
0.119497 30
-123456
0.119718 18
0.746479 28
0.133803 38
-123456
-654321
0.127273 18
0.763636 28
0.109091 38
-123456
0.0805369 17
0.798658 27
0.120805 37
-123456
0.116129 16
0.780645 26
0.103226 36
-123456
0.112676 15
0.795775 25
0.0915493 35
-123456
0.110169 14
0.745763 24
0.144068 34
-123456
0.128641 13
0.76699 23
0.104369 33
-123456
0.116129 12
0.741935 22
0.141935 32
-123456
0.115385 11
0.776923 21
0.107692 31
-123456
0.0927152 10
0.81457 20
0.0927152 30
-123456
0.148936 19
0.751773 29
0.0992908 39
-123456
-654321
0.0555556 21
0.785714 31
0.15873 41
-123456
0.112782 22
0.781955 32
0.105263 42
-123456
0.136364 23
0.75 33
0.113636 43
-123456
0.148014 24
0.718412 34
0.133574 44
-123456
0.131687 25
0.753086 35
0.115226 45
-123456
0.134228 26
0.718121 36
0.147651 46
-123456
0.12782 27
0.75188 37
0.120301 47
-123456
0.102041 28
0.761905 38
0.136054 48
-123456
0.075 29
0.808333 39
0.116667 49
-123456
0.125926 20
0.792593 30
0.0814815 40
-123456
-654321
0.0774648 22
0.788732 32
0.133803 42
-123456
0.143885 23
0.733813 33
0.122302 43
-123456
0.148515 24
0.722772 34
0.128713 44
-123456
0.138965 25
0.72752 35
0.133515 45
-123456
0.127119 26
0.70339 36
0.169492 46
-123456
0.0983607 27
0.745902 37
0.155738 47
-123456
0.149254 28
0.746269 38
0.104478 48
-123456
0.104 29
0.784 39
0.112 49
-123456
0.184397 20
0.64539 30
0.170213 40
-123456
0.0733333 21
0.826667 31
0.1 41
-123456
-654321
0.111111 23
0.807407 33
0.0814815 43
-123456
0.11039 24
0.785714 34
0.103896 44
-123456
0.15562 25
0.729107 35
0.115274 45
-123456
0.114286 26
0.805714 36
0.08 46
-123456
0.106383 27
0.70922 37
0.184397 47
-123456
0.104895 28
0.783217 38
0.111888 48
-123456
0.119497 29
0.779874 39
0.100629 49
-123456
0.157025 21
0.661157 31
0.181818 41
-123456
0.0909091 20
0.795455 30
0.113636 40
-123456
0.104478 22
0.761194 32
0.134328 42
-123456
-654321
0.12 24
0.775 34
0.105 44
-123456
0.0960452 25
0.793785 35
0.110169 45
-123456
0.108871 26
0.754032 36
0.137097 46
-123456
0.14094 27
0.771812 37
0.0872483 47
-123456
0.0909091 28
0.795455 38
0.113636 48
-123456
0.139241 29
0.803797 39
0.056962 49
-123456
0.0880503 22
0.779874 32
0.132075 42
-123456
0.132948 21
0.774566 31
0.0924855 41
-123456
0.118421 20
0.776316 30
0.105263 40
-123456
0.1 23
0.8 33
0.1 43
-123456
-654321
0.109929 25
0.739362 35
0.150709 45
-123456
0.0865385 26
0.759615 36
0.153846 46
-123456
0.100503 27
0.78392 37
0.115578 47
-123456
0.145631 28
0.723301 38
0.131068 48
-123456
0.114286 29
0.748571 39
0.137143 49
-123456
0.126263 23
0.777778 33
0.0959596 43
-123456
0.214286 22
0.67033 32
0.115385 42
-123456
0.125628 21
0.768844 31
0.105528 41
-123456
0.135417 20
0.734375 30
0.130208 40
-123456
0.0957447 24
0.819149 34
0.0851064 44
-123456
-654321
0.157233 26
0.688679 36
0.154088 46
-123456
0.183746 27
0.632509 37
0.183746 47
-123456
0.179739 28
0.712418 38
0.107843 48
-123456
0.139535 29
0.686047 39
0.174419 49
-123456
0.149206 24
0.749206 34
0.101587 44
-123456
0.144404 23
0.732852 33
0.122744 43
-123456
0.147766 22
0.649485 32
0.202749 42
-123456
0.121212 21
0.737374 31
0.141414 41
-123456
0.164 20
0.676 30
0.16 40
-123456
0.143195 25
0.695858 35
0.160947 45
-123456
-654321
0.111111 27
0.8 37
0.0888889 47
-123456
0.0923077 28
0.774359 38
0.133333 48
-123456
0.135802 29
0.728395 39
0.135802 49
-123456
0.128405 25
0.735409 35
0.136187 45
-123456
0.114155 24
0.776256 34
0.109589 44
-123456
0.148472 23
0.746725 33
0.104803 43
-123456
0.0983607 22
0.748634 32
0.153005 42
-123456
0.146497 21
0.757962 31
0.0955414 41
-123456
0.151832 20
0.727749 30
0.120419 40
-123456
0.130682 26
0.755682 36
0.113636 46
-123456
-654321
0.102564 28
0.74359 38
0.153846 48
-123456
0.0974026 29
0.779221 39
0.123377 49
-123456
0.108844 26
0.802721 36
0.0884354 46
-123456
0.13125 25
0.778125 35
0.090625 45
-123456
0.131034 24
0.768966 34
0.1 44
-123456
0.0872483 23
0.798658 33
0.114094 43
-123456
0.109589 22
0.753425 32
0.136986 42
-123456
0.133803 21
0.739437 31
0.126761 41
-123456
0.131944 20
0.729167 30
0.138889 40
-123456
0.113475 27
0.751773 37
0.134752 47
-123456
-654321
0.0902256 29
0.781955 39
0.12782 49
-123456
0.117647 27
0.784314 37
0.0980392 47
-123456
0.111429 26
0.742857 36
0.145714 46
-123456
0.120536 25
0.763393 35
0.116071 45
-123456
0.105556 24
0.738889 34
0.155556 44
-123456
0.143939 23
0.75 33
0.106061 43
-123456
0.0923077 22
0.8 32
0.107692 42
-123456
0.131387 21
0.744526 31
0.124088 41
-123456
0.125828 20
0.735099 30
0.139073 40
-123456
0.141732 28
0.76378 38
0.0944882 48
-123456
-654321
0.157025 28
0.710744 38
0.132231 48
-123456
0.123288 27
0.705479 37
0.171233 47
-123456
0.162162 26
0.756757 36
0.0810811 46
-123456
0.120482 25
0.783133 35
0.0963855 45
-123456
0.127451 24
0.745098 34
0.127451 44
-123456
0.17094 23
0.726496 33
0.102564 43
-123456
0.106557 22
0.770492 32
0.122951 42
-123456
0.140845 21
0.739437 31
0.119718 41
-123456
0.140496 20
0.727273 30
0.132231 40
-123456
0.136364 29
0.75 39
0.113636 49
-123456
-654321
0.145038 31
0.70229 41
0.152672 51
-123456
0.125 32
0.6875 42
0.1875 52
-123456
0.138211 33
0.772358 43
0.0894309 53
-123456
0.160305 34
0.770992 44
0.0687023 54
-123456
0.109489 35
0.759124 45
0.131387 55
-123456
0.0913242 36
0.785388 46
0.123288 56
-123456
0.0971429 37
0.754286 47
0.148571 57
-123456
0.147651 38
0.704698 48
0.147651 58
-123456
0.0884354 39
0.77551 49
0.136054 59
-123456
0.132743 30
0.752212 40
0.115044 50
-123456
-654321
0.106557 32
0.778689 42
0.114754 52
-123456
0.132353 33
0.720588 43
0.147059 53
-123456
0.116667 34
0.758333 44
0.125 54
-123456
0.118644 35
0.754237 45
0.127119 55
-123456
0.105747 36
0.767816 46
0.126437 56
-123456
0.0854701 37
0.794872 47
0.119658 57
-123456
0.139535 38
0.767442 48
0.0930233 58
-123456
0.140625 39
0.742188 49
0.117188 59
-123456
0.127517 30
0.724832 40
0.147651 50
-123456
0.138462 31
0.746154 41
0.115385 51
-123456
-654321
0.131387 33
0.722628 43
0.145985 53
-123456
0.0684932 34
0.773973 44
0.157534 54
-123456
0.138889 35
0.708333 45
0.152778 55
-123456
0.113924 36
0.756962 46
0.129114 56
-123456
0.134969 37
0.736196 47
0.128834 57
-123456
0.0923077 38
0.823077 48
0.0846154 58
-123456
0.166667 39
0.675 49
0.158333 59
-123456
0.0550459 31
0.816514 41
0.12844 51
-123456
0.183333 30
0.691667 40
0.125 50
-123456
0.130769 32
0.676923 42
0.192308 52
-123456
-654321
0.151786 34
0.741071 44
0.107143 54
-123456
0.184211 35
0.730263 45
0.0855263 55
-123456
0.109244 36
0.773109 46
0.117647 56
-123456
0.117949 37
0.766667 47
0.115385 57
-123456
0.118056 38
0.763889 48
0.118056 58
-123456
0.109489 39
0.722628 49
0.167883 59
-123456
0.0991736 32
0.768595 42
0.132231 52
-123456
0.114754 31
0.778689 41
0.106557 51
-123456
0.131148 30
0.754098 40
0.114754 50
-123456
0.158333 33
0.7 43
0.141667 53
-123456
-654321
0.119231 35
0.75 45
0.130769 55
-123456
0.113924 36
0.759494 46
0.126582 56
-123456
0.126623 37
0.75974 47
0.113636 57
-123456
0.125 38
0.796053 48
0.0789474 58
-123456
0.125874 39
0.734266 49
0.13986 59
-123456
0.15873 33
0.706349 43
0.134921 53
-123456
0.104478 32
0.783582 42
0.11194 52
-123456
0.150376 31
0.721804 41
0.12782 51
-123456
0.0851064 30
0.794326 40
0.120567 50
-123456
0.0961538 34
0.788462 44
0.115385 54
-123456
-654321
0.10223 36
0.776952 46
0.120818 56
-123456
0.116667 37
0.766667 47
0.116667 57
-123456
0.0971429 38
0.76 48
0.142857 58
-123456
0.153061 39
0.734694 49
0.112245 59
-123456
0.13369 34
0.780749 44
0.0855615 54
-123456
0.0744681 33
0.803191 43
0.12234 53
-123456
0.12963 32
0.734568 42
0.135802 52
-123456
0.12 31
0.755 41
0.125 51
-123456
0.0861244 30
0.808612 40
0.105263 50
-123456
0.0996785 35
0.794212 45
0.106109 55
-123456
-654321
0.137097 37
0.729839 47
0.133065 57
-123456
0.14527 38
0.712838 48
0.141892 58
-123456
0.144628 39
0.714876 49
0.140496 59
-123456
0.131034 35
0.731034 45
0.137931 55
-123456
0.173145 34
0.678445 44
0.14841 54
-123456
0.11157 33
0.714876 43
0.173554 53
-123456
0.129412 32
0.717647 42
0.152941 52
-123456
0.121739 31
0.730435 41
0.147826 51
-123456
0.155303 30
0.700758 40
0.143939 50
-123456
0.175676 36
0.702703 46
0.121622 56
-123456
-654321
0.131765 38
0.727059 48
0.141176 58
-123456
0.135135 39
0.743243 49
0.121622 59
-123456
0.181818 36
0.696104 46
0.122078 56
-123456
0.176166 35
0.740933 45
0.0829016 55
-123456
0.167488 34
0.73399 44
0.0985222 54
-123456
0.15873 33
0.708995 43
0.132275 53
-123456
0.123288 32
0.726027 42
0.150685 52
-123456
0.147783 31
0.694581 41
0.157635 51
-123456
0.175355 30
0.677725 40
0.146919 50
-123456
0.15285 37
0.720207 47
0.126943 57
-123456
-654321
0.1 39
0.753333 49
0.146667 59
-123456
0.141026 37
0.74359 47
0.115385 57
-123456
0.111801 36
0.759834 46
0.128364 56
-123456
0.097166 35
0.805668 45
0.097166 55
-123456
0.131868 34
0.71978 44
0.148352 54
-123456
0.140244 33
0.768293 43
0.0914634 53
-123456
0.144578 32
0.710843 42
0.144578 52
-123456
0.125749 31
0.772455 41
0.101796 51
-123456
0.117647 30
0.75817 40
0.124183 50
-123456
0.100962 38
0.788462 48
0.110577 58
-123456
-654321
0.0992366 38
0.755725 48
0.145038 58
-123456
0.109375 37
0.802083 47
0.0885417 57
-123456
0.098434 36
0.765101 46
0.136465 56
-123456
0.101266 35
0.78481 45
0.113924 55
-123456
0.173077 34
0.730769 44
0.0961538 54
-123456
0.165414 33
0.706767 43
0.12782 53
-123456
0.11039 32
0.772727 42
0.116883 52
-123456
0.126582 31
0.765823 41
0.107595 51
-123456
0.117241 30
0.8 40
0.0827586 50
-123456
0.134146 39
0.737805 49
0.128049 59
-123456
-654321
0.0991736 41
0.752066 51
0.14876 61
-123456
0.115789 42
0.810526 52
0.0736842 62
-123456
0.0824742 43
0.793814 53
0.123711 63
-123456
0.117647 44
0.742647 54
0.139706 64
-123456
0.115385 45
0.807692 55
0.0769231 65
-123456
0.117409 46
0.700405 56
0.182186 66
-123456
0.123529 47
0.770588 57
0.105882 67
-123456
0.141243 48
0.762712 58
0.0960452 68
-123456
0.130682 49
0.732955 59
0.136364 69
-123456
0.130435 40
0.782609 50
0.0869565 60
-123456
-654321
0.0984849 42
0.734848 52
0.166667 62
-123456
0.0970149 43
0.791045 53
0.11194 63
-123456
0.0977444 44
0.744361 54
0.157895 64
-123456
0.0862069 45
0.810345 55
0.103448 65
-123456
0.165049 46
0.728155 56
0.106796 66
-123456
0.0769231 47
0.811966 57
0.111111 67
-123456
0.133891 48
0.707113 58
0.158996 68
-123456
0.147335 49
0.708464 59
0.144201 69
-123456
0.130841 40
0.747664 50
0.121495 60
-123456
0.130841 41
0.738318 51
0.130841 61
-123456
-654321
0.116788 43
0.751825 53
0.131387 63
-123456
0.12931 44
0.767241 54
0.103448 64
-123456
0.177966 45
0.711864 55
0.110169 65
-123456
0.101449 46
0.746377 56
0.152174 66
-123456
0.0901639 47
0.827869 57
0.0819672 67
-123456
0.131455 48
0.746479 58
0.122066 68
-123456
0.128415 49
0.710383 59
0.161202 69
-123456
0.0846154 41
0.753846 51
0.161538 61
-123456
0.117647 40
0.705882 50
0.176471 60
-123456
0.175 42
0.7 52
0.125 62
-123456
-654321
0.153846 44
0.675214 54
0.17094 64
-123456
0.136 45
0.728 55
0.136 65
-123456
0.162791 46
0.705426 56
0.131783 66
-123456
0.151786 47
0.660714 57
0.1875 67
-123456
0.155556 48
0.7 58
0.144444 68
-123456
0.151365 49
0.722084 59
0.126551 69
-123456
0.111111 42
0.794872 52
0.0940171 62
-123456
0.176 41
0.72 51
0.104 61
-123456
0.140845 40
0.697183 50
0.161972 60
-123456
0.213592 43
0.640777 53
0.145631 63
-123456
-654321
0.132231 45
0.735537 55
0.132231 65
-123456
0.131148 46
0.729508 56
0.139344 66
-123456
0.178082 47
0.678082 57
0.143836 67
-123456
0.129944 48
0.70339 58
0.166667 68
-123456
0.169355 49
0.75 59
0.0806452 69
-123456
0.137097 43
0.758065 53
0.104839 63
-123456
0.138211 42
0.715447 52
0.146341 62
-123456
0.121429 41
0.728571 51
0.15 61
-123456
0.0948276 40
0.775862 50
0.12931 60
-123456
0.131579 44
0.701754 54
0.166667 64
-123456
-654321
0.146154 46
0.653846 56
0.2 66
-123456
0.13 47
0.733333 57
0.136667 67
-123456
0.12069 48
0.775862 58
0.103448 68
-123456
0.135802 49
0.759259 59
0.104938 69
-123456
0.135338 44
0.699248 54
0.165414 64
-123456
0.129496 43
0.733813 53
0.136691 63
-123456
0.088 42
0.776 52
0.136 62
-123456
0.0813008 41
0.764228 51
0.154472 61
-123456
0.105263 40
0.754386 50
0.140351 60
-123456
0.125 45
0.798077 55
0.0769231 65
-123456
-654321
0.124088 47
0.715328 57
0.160584 67
-123456
0.122137 48
0.765267 58
0.112595 68
-123456
0.176829 49
0.701219 59
0.121951 69
-123456
0.117188 45
0.742188 55
0.140625 65
-123456
0.148148 44
0.711111 54
0.140741 64
-123456
0.1875 43
0.701389 53
0.111111 63
-123456
0.116564 42
0.730061 52
0.153374 62
-123456
0.128378 41
0.75 51
0.121622 61
-123456
0.117241 40
0.77931 50
0.103448 60
-123456
0.138462 46
0.723077 56
0.138462 66
-123456
-654321
0.170543 48
0.674419 58
0.155039 68
-123456
0.119675 49
0.720081 59
0.160243 69
-123456
0.0848485 46
0.848485 56
0.0666667 66
-123456
0.0925926 45
0.777778 55
0.12963 65
-123456
0.173077 44
0.673077 54
0.153846 64
-123456
0.128342 43
0.721925 53
0.149733 63
-123456
0.107345 42
0.757062 52
0.135593 62
-123456
0.145349 41
0.738372 51
0.116279 61
-123456
0.0974026 40
0.714286 50
0.188312 60
-123456
0.170455 47
0.698864 57
0.130682 67
-123456
-654321
0.144628 49
0.72314 59
0.132231 69
-123456
0.151376 47
0.743119 57
0.105505 67
-123456
0.155251 46
0.6621 56
0.182648 66
-123456
0.140909 45
0.740909 55
0.118182 65
-123456
0.15534 44
0.723301 54
0.121359 64
-123456
0.136187 43
0.692607 53
0.171206 63
-123456
0.142857 42
0.689655 52
0.167488 62
-123456
0.128079 41
0.748768 51
0.123153 61
-123456
0.127193 40
0.732456 50
0.140351 60
-123456
0.15311 48
0.708134 58
0.138756 68
-123456
-654321
0.161392 48
0.677215 58
0.161392 68
-123456
0.155251 47
0.704718 57
0.14003 67
-123456
0.152174 46
0.76087 56
0.0869565 66
-123456
0.131579 45
0.721804 55
0.146617 65
-123456
0.118721 44
0.762557 54
0.118721 64
-123456
0.146341 43
0.731707 53
0.121951 63
-123456
0.175097 42
0.712062 52
0.11284 62
-123456
0.190678 41
0.669492 51
0.139831 61
-123456
0.110599 40
0.723502 50
0.165899 60
-123456
0.153623 49
0.698551 59
0.147826 69
-123456
-654321
0.15625 51
0.671875 61
0.171875 71
-123456
0.155039 52
0.728682 62
0.116279 72
-123456
0.153846 53
0.726496 63
0.119658 73
-123456
0.172932 54
0.706767 64
0.120301 74
-123456
0.11194 55
0.768657 65
0.119403 75
-123456
0.108527 56
0.767442 66
0.124031 76
-123456
0.118519 57
0.718518 67
0.162963 77
-123456
0.119565 58
0.766304 68
0.11413 78
-123456
0.122302 59
0.741007 69
0.136691 79
-123456
0.144 50
0.688 60
0.168 70
-123456
-654321
0.123377 52
0.785714 62
0.0909091 72
-123456
0.171875 53
0.75 63
0.078125 73
-123456
0.141593 54
0.761062 64
0.0973451 74
-123456
0.088 55
0.776 65
0.136 75
-123456
0.131579 56
0.701754 66
0.166667 76
-123456
0.101562 57
0.773438 67
0.125 77
-123456
0.153846 58
0.72028 68
0.125874 78
-123456
0.121718 59
0.739857 69
0.138425 79
-123456
0.0810811 50
0.792793 60
0.126126 70
-123456
0.104895 51
0.776224 61
0.118881 71
-123456
-654321
0.110236 53
0.748031 63
0.141732 73
-123456
0.166667 54
0.69697 64
0.136364 74
-123456
0.0909091 55
0.75 65
0.159091 75
-123456
0.153333 56
0.773333 66
0.0733333 76
-123456
0.161538 57
0.692308 67
0.146154 77
-123456
0.128205 58
0.730769 68
0.141026 78
-123456
0.161905 59
0.697619 69
0.140476 79
-123456
0.0608696 51
0.773913 61
0.165217 71
-123456
0.0980392 50
0.745098 60
0.156863 70
-123456
0.118519 52
0.748148 62
0.133333 72
-123456
-654321
0.189655 54
0.706897 64
0.103448 74
-123456
0.0909091 55
0.755245 65
0.153846 75
-123456
0.132231 56
0.752066 66
0.115702 76
-123456
0.150376 57
0.744361 67
0.105263 77
-123456
0.0935252 58
0.76259 68
0.143885 78
-123456
0.117914 59
0.77551 69
0.106576 79
-123456
0.15 52
0.725 62
0.125 72
-123456
0.158333 51
0.708333 61
0.133333 71
-123456
0.125874 50
0.748252 60
0.125874 70
-123456
0.106667 53
0.74 63
0.153333 73
-123456
-654321
0.124088 55
0.708029 65
0.167883 75
-123456
0.107692 56
0.776923 66
0.115385 76
-123456
0.142857 57
0.744361 67
0.112782 77
-123456
0.0994152 58
0.807018 68
0.0935673 78
-123456
0.148718 59
0.74359 69
0.107692 79
-123456
0.154472 53
0.715447 63
0.130081 73
-123456
0.12782 52
0.736842 62
0.135338 72
-123456
0.0827068 51
0.781955 61
0.135338 71
-123456
0.103175 50
0.769841 60
0.126984 70
-123456
0.153846 54
0.735043 64
0.111111 74
-123456
-654321
0.170732 56
0.699187 66
0.130081 76
-123456
0.0814815 57
0.762963 67
0.155556 77
-123456
0.123457 58
0.738272 68
0.138272 78
-123456
0.131579 59
0.763158 69
0.105263 79
-123456
0.170732 54
0.674797 64
0.154472 74
-123456
0.0775194 53
0.813953 63
0.108527 73
-123456
0.167785 52
0.724832 62
0.107383 72
-123456
0.172414 51
0.675862 61
0.151724 71
-123456
0.109375 50
0.789062 60
0.101562 70
-123456
0.125 55
0.779412 65
0.0955882 75
-123456
-654321
0.0984849 57
0.742424 67
0.159091 77
-123456
0.108173 58
0.778846 68
0.112981 78
-123456
0.151724 59
0.765517 69
0.0827586 79
-123456
0.117188 55
0.773438 65
0.109375 75
-123456
0.100719 54
0.791367 64
0.107914 74
-123456
0.146341 53
0.772358 63
0.0813008 73
-123456
0.104895 52
0.748252 62
0.146853 72
-123456
0.128571 51
0.764286 61
0.107143 71
-123456
0.100775 50
0.75969 60
0.139535 70
-123456
0.153846 56
0.684615 66
0.161538 76
-123456
-654321
0.119363 58
0.734748 68
0.145889 78
-123456
0.0989011 59
0.761905 69
0.139194 79
-123456
0.116883 56
0.772727 66
0.11039 76
-123456
0.116279 55
0.821705 65
0.0620155 75
-123456
0.113772 54
0.724551 64
0.161677 74
-123456
0.115942 53
0.76087 63
0.123188 73
-123456
0.164062 52
0.757812 62
0.078125 72
-123456
0.140625 51
0.726562 61
0.132812 71
-123456
0.141935 50
0.76129 60
0.0967742 70
-123456
0.0972222 57
0.791667 67
0.111111 77
-123456
-654321
0.129771 59
0.732824 69
0.137405 79
-123456
0.094697 57
0.787879 67
0.117424 77
-123456
0.183962 56
0.721698 66
0.0943396 76
-123456
0.12605 55
0.760504 65
0.113445 75
-123456
0.122549 54
0.769608 64
0.107843 74
-123456
0.117647 53
0.740196 63
0.142157 73
-123456
0.130435 52
0.768116 62
0.101449 72
-123456
0.146597 51
0.73822 61
0.115183 71
-123456
0.124481 50
0.742739 60
0.13278 70
-123456
0.108597 58
0.723982 68
0.167421 78
-123456
-654321
0.150725 58
0.765217 68
0.084058 78
-123456
0.105572 57
0.771261 67
0.123167 77
-123456
0.106557 56
0.73224 66
0.161202 76
-123456
0.132931 55
0.725076 65
0.141994 75
-123456
0.135359 54
0.751381 64
0.11326 74
-123456
0.131195 53
0.760933 63
0.107872 73
-123456
0.117318 52
0.773743 62
0.108939 72
-123456
0.125392 51
0.768025 61
0.106583 71
-123456
0.123249 50
0.711485 60
0.165266 70
-123456
0.128808 59
0.72933 69
0.141862 79
-123456
-654321
0.136986 61
0.760274 71
0.10274 81
-123456
0.127273 62
0.757576 72
0.115152 82
-123456
0.121019 63
0.770701 73
0.10828 83
-123456
0.0859375 64
0.8125 74
0.101562 84
-123456
0.141844 65
0.751773 75
0.106383 85
-123456
0.0797101 66
0.811594 76
0.108696 86
-123456
0.149701 67
0.754491 77
0.0958084 87
-123456
0.108333 68
0.795833 78
0.0958333 88
-123456
0.104987 69
0.800525 79
0.0944882 89
-123456
0.151079 60
0.726619 70
0.122302 80
-123456
-654321
0.0915033 62
0.816993 72
0.0915033 82
-123456
0.158228 63
0.721519 73
0.120253 83
-123456
0.12 64
0.76 74
0.12 84
-123456
0.171429 65
0.721429 75
0.107143 85
-123456
0.117647 66
0.784314 76
0.0980392 86
-123456
0.103604 67
0.788288 77
0.108108 87
-123456
0.112994 68
0.79096 78
0.0960452 88
-123456
0.112532 69
0.785166 79
0.102302 89
-123456
0.0958904 60
0.794521 70
0.109589 80
-123456
0.143713 61
0.772455 71
0.0838323 81
-123456
-654321
0.0921053 63
0.815789 73
0.0921053 83
-123456
0.111842 64
0.802632 74
0.0855263 84
-123456
0.116564 65
0.785276 75
0.0981595 85
-123456
0.115646 66
0.761905 76
0.122449 86
-123456
0.109091 67
0.781818 77
0.109091 87
-123456
0.136905 68
0.75 78
0.113095 88
-123456
0.110132 69
0.779736 79
0.110132 89
-123456
0.158273 61
0.647482 71
0.194245 81
-123456
0.0794702 60
0.801324 70
0.119205 80
-123456
0.122137 62
0.801527 72
0.0763359 82
-123456
-654321
0.0839695 64
0.763359 74
0.152672 84
-123456
0.101266 65
0.803797 75
0.0949367 85
-123456
0.142857 66
0.741497 76
0.115646 86
-123456
0.155689 67
0.754491 77
0.0898204 87
-123456
0.119048 68
0.751082 78
0.12987 88
-123456
0.125 69
0.771739 79
0.103261 89
-123456
0.171233 62
0.739726 72
0.0890411 82
-123456
0.164062 61
0.75 71
0.0859375 81
-123456
0.158273 60
0.755396 70
0.0863309 80
-123456
0.131944 63
0.756944 73
0.111111 83
-123456
-654321
0.117284 65
0.765432 75
0.117284 85
-123456
0.0753425 66
0.780822 76
0.143836 86
-123456
0.118343 67
0.804734 77
0.0769231 87
-123456
0.0875421 68
0.791246 78
0.121212 88
-123456
0.125 69
0.75 79
0.125 89
-123456
0.0880503 63
0.805031 73
0.106918 83
-123456
0.104167 62
0.819444 72
0.0763889 82
-123456
0.0933333 61
0.833333 71
0.0733333 81
-123456
0.0888889 60
0.748148 70
0.162963 80
-123456
0.122302 64
0.755396 74
0.122302 84
-123456
-654321
0.108527 66
0.79845 76
0.0930233 86
-123456
0.101449 67
0.826087 77
0.0724638 87
-123456
0.119318 68
0.772727 78
0.107955 88
-123456
0.101449 69
0.807453 79
0.0910973 89
-123456
0.134228 64
0.778524 74
0.0872483 84
-123456
0.14966 63
0.795918 73
0.0544218 83
-123456
0.0763359 62
0.778626 72
0.145038 82
-123456
0.0980392 61
0.784314 71
0.117647 81
-123456
0.103704 60
0.733333 70
0.162963 80
-123456
0.103448 65
0.731034 75
0.165517 85
-123456
-654321
0.113122 67
0.782805 77
0.104072 87
-123456
0.134969 68
0.760736 78
0.104294 88
-123456
0.11271 69
0.76259 79
0.1247 89
-123456
0.103226 65
0.774194 75
0.122581 85
-123456
0.10596 64
0.81457 74
0.0794702 84
-123456
0.0691824 63
0.811321 73
0.119497 83
-123456
0.0544218 62
0.789116 72
0.156463 82
-123456
0.127517 61
0.812081 71
0.0604027 81
-123456
0.0808824 60
0.852941 70
0.0661765 80
-123456
0.147059 66
0.735294 76
0.117647 86
-123456
-654321
0.12766 68
0.728723 78
0.143617 88
-123456
0.0855615 69
0.791444 79
0.122995 89
-123456
0.0662651 66
0.789157 76
0.144578 86
-123456
0.0869565 65
0.746377 75
0.166667 85
-123456
0.0897436 64
0.801282 74
0.108974 84
-123456
0.115854 63
0.75 73
0.134146 83
-123456
0.137363 62
0.741758 72
0.120879 82
-123456
0.0920245 61
0.791411 71
0.116564 81
-123456
0.0961538 60
0.769231 70
0.134615 80
-123456
0.0898204 67
0.820359 77
0.0898204 87
-123456
-654321
0.110949 69
0.770803 79
0.118248 89
-123456
0.113043 67
0.769565 77
0.117391 87
-123456
0.100478 66
0.827751 76
0.0717703 86
-123456
0.101942 65
0.752427 75
0.145631 85
-123456
0.123457 64
0.728395 74
0.148148 84
-123456
0.137441 63
0.725118 73
0.137441 83
-123456
0.119048 62
0.747619 72
0.133333 82
-123456
0.128631 61
0.751037 71
0.120332 81
-123456
0.088785 60
0.82243 70
0.088785 80
-123456
0.122951 68
0.745902 78
0.131148 88
-123456
-654321
0.104762 68
0.784127 78
0.111111 88
-123456
0.112172 67
0.770883 77
0.116945 87
-123456
0.117257 66
0.800885 76
0.0818584 86
-123456
0.119289 65
0.748731 75
0.13198 85
-123456
0.111111 64
0.773243 74
0.115646 84
-123456
0.133676 63
0.77892 73
0.0874036 83
-123456
0.0961538 62
0.783654 72
0.120192 82
-123456
0.0825688 61
0.78211 71
0.135321 81
-123456
0.104218 60
0.801489 70
0.0942928 80
-123456
0.108783 69
0.780822 79
0.110395 89
-123456
-654321
0.0591716 71
0.83432 81
0.106509 91
-123456
0.121053 72
0.763158 82
0.115789 92
-123456
0.112583 73
0.847682 83
0.0397351 93
-123456
0.0939227 74
0.80663 84
0.0994475 94
-123456
0.134503 75
0.766082 85
0.0994152 95
-123456
0.0701754 76
0.783626 86
0.146199 96
-123456
0.114428 77
0.830846 87
0.0547264 97
-123456
0.134078 78
0.748603 88
0.117318 98
-123456
0.0765125 79
0.825623 89
0.0978648 99
-123456
0.0639535 70
0.866279 80
0.0697674 90
-123456
-654321
0.135135 72
0.772973 82
0.0918919 92
-123456
0.0949721 73
0.810056 83
0.0949721 93
-123456
0.0696203 74
0.810127 84
0.120253 94
-123456
0.0842697 75
0.820225 85
0.0955056 95
-123456
0.0760234 76
0.80117 86
0.122807 96
-123456
0.097561 77
0.804878 87
0.097561 97
-123456
0.0829493 78
0.83871 88
0.078341 98
-123456
0.102151 79
0.810036 89
0.0878136 99
-123456
0.102041 70
0.843537 80
0.0544218 90
-123456
0.11236 71
0.814607 81
0.0730337 91
-123456
-654321
0.0607735 73
0.828729 83
0.110497 93
-123456
0.06875 74
0.83125 84
0.1 94
-123456
0.0952381 75
0.827381 85
0.077381 95
-123456
0.107383 76
0.798658 86
0.0939597 96
-123456
0.0754717 77
0.830189 87
0.0943396 97
-123456
0.0914286 78
0.817143 88
0.0914286 98
-123456
0.0960549 79
0.825043 89
0.0789022 99
-123456
0.0971429 71
0.834286 81
0.0685714 91
-123456
0.0909091 70
0.796791 80
0.112299 90
-123456
0.104046 72
0.797688 82
0.0982659 92
-123456
-654321
0.120253 74
0.797468 84
0.0822785 94
-123456
0.056701 75
0.835052 85
0.108247 95
-123456
0.0700637 76
0.808917 86
0.121019 96
-123456
0.0733333 77
0.82 87
0.106667 97
-123456
0.0770578 78
0.821366 88
0.101576 98
-123456
0.0829268 79
0.819512 89
0.097561 99
-123456
0.0866667 72
0.786667 82
0.126667 92
-123456
0.103261 71
0.809783 81
0.0869565 91
-123456
0.0828729 70
0.80663 80
0.110497 90
-123456
0.0935673 73
0.748538 83
0.157895 93
-123456
-654321
0.0862069 75
0.798851 85
0.114943 95
-123456
0.0862069 76
0.821839 86
0.091954 96
-123456
0.110526 77
0.778947 87
0.110526 97
-123456
0.1 78
0.821053 88
0.0789474 98
-123456
0.10118 79
0.812816 89
0.0860034 99
-123456
0.141104 73
0.730061 83
0.128834 93
-123456
0.0928962 72
0.825137 82
0.0819672 92
-123456
0.131148 71
0.770492 81
0.0983607 91
-123456
0.0610687 70
0.862595 80
0.0763359 90
-123456
0.124224 74
0.763975 84
0.111801 94
-123456
-654321
0.0939227 76
0.81768 86
0.0883978 96
-123456
0.0518135 77
0.860104 87
0.0880829 97
-123456
0.0815217 78
0.820652 88
0.0978261 98
-123456
0.103226 79
0.806452 89
0.0903226 99
-123456
0.107143 74
0.821429 84
0.0714286 94
-123456
0.0730337 73
0.825843 83
0.101124 93
-123456
0.113208 72
0.773585 82
0.113208 92
-123456
0.144654 71
0.786164 81
0.0691824 91
-123456
0.08125 70
0.8125 80
0.10625 90
-123456
0.0710383 75
0.846995 85
0.0819672 95
-123456
-654321
0.112994 77
0.813559 87
0.0734463 97
-123456
0.0805085 78
0.826271 88
0.0932203 98
-123456
0.0863158 79
0.804211 89
0.109474 99
-123456
0.0621118 75
0.826087 85
0.111801 95
-123456
0.097561 74
0.819512 84
0.0829268 94
-123456
0.149068 73
0.751553 83
0.0993789 93
-123456
0.0573248 72
0.834395 82
0.10828 92
-123456
0.10303 71
0.824242 81
0.0727273 91
-123456
0.12426 70
0.798817 80
0.0769231 90
-123456
0.0701754 76
0.824561 86
0.105263 96
-123456
-654321
0.113636 78
0.821429 88
0.0649351 98
-123456
0.106557 79
0.793033 89
0.10041 99
-123456
0.1 76
0.8 86
0.1 96
-123456
0.111111 75
0.78836 85
0.100529 95
-123456
0.111111 74
0.816667 84
0.0722222 94
-123456
0.0980392 73
0.830065 83
0.0718954 93
-123456
0.100529 72
0.78836 82
0.111111 92
-123456
0.108571 71
0.771429 81
0.12 91
-123456
0.0851064 70
0.797872 80
0.117021 90
-123456
0.048913 77
0.858696 87
0.0923913 97
-123456
-654321
0.091352 79
0.809988 89
0.0986602 99
-123456
0.112033 77
0.763485 87
0.124481 97
-123456
0.0932203 76
0.800847 86
0.105932 96
-123456
0.103306 75
0.809917 85
0.0867769 95
-123456
0.10917 74
0.790393 84
0.100437 94
-123456
0.0743802 73
0.838843 83
0.0867769 93
-123456
0.0789474 72
0.837719 82
0.0833333 92
-123456
0.0691057 71
0.817073 81
0.113821 91
-123456
0.122047 70
0.807087 80
0.0708661 90
-123456
0.0909091 78
0.859091 88
0.05 98
-123456
-654321
0.0764526 78
0.824159 88
0.0993884 98
-123456
0.0978441 77
0.809287 87
0.092869 97
-123456
0.110647 76
0.810021 86
0.0793319 96
-123456
0.11985 75
0.769663 85
0.110487 95
-123456
0.0895238 74
0.820952 84
0.0895238 94
-123456
0.0771993 73
0.831239 83
0.0915619 93
-123456
0.112621 72
0.780583 82
0.106796 92
-123456
0.0929293 71
0.818182 81
0.0888889 91
-123456
0.0856102 70
0.810565 80
0.103825 90
-123456
0.102457 79
0.803475 89
0.0940683 99
-123456
-654321
0.0236842 81
0.976316 91
-123456
0.0482955 82
0.951705 92
-123456
0.0286458 83
0.971354 93
-123456
0.0574413 84
0.942559 94
-123456
0.04914 85
0.95086 95
-123456
0.037234 86
0.962766 96
-123456
0.0488432 87
0.951157 97
-123456
0.0299786 88
0.970021 98
-123456
0.0373016 89
0.962698 99
-123456
0.0519481 80
0.948052 90
-123456
-654321
0.0481283 82
0.951872 92
-123456
0.0342105 83
0.965789 93
-123456
0.0525 84
0.9475 94
-123456
0.0418719 85
0.958128 95
-123456
0.0368421 86
0.963158 96
-123456
0.0291971 87
0.970803 97
-123456
0.0368764 88
0.963124 98
-123456
0.0430023 89
0.956998 99
-123456
0.043956 80
0.956044 90
-123456
0.0183246 81
0.981675 91
-123456
-654321
0.0384615 83
0.961538 93
-123456
0.038961 84
0.961039 94
-123456
0.0567568 85
0.943243 95
-123456
0.0542636 86
0.945736 96
-123456
0.0472637 87
0.952736 97
-123456
0.0293501 88
0.97065 98
-123456
0.0420712 89
0.957929 99
-123456
0.0395778 81
0.960422 91
-123456
0.0389972 80
0.961003 90
-123456
0.0382775 82
0.961722 92
-123456
-654321
0.0465686 84
0.953431 94
-123456
0.0334928 85
0.966507 95
-123456
0.0451128 86
0.954887 96
-123456
0.0416667 87
0.958333 97
-123456
0.0430622 88
0.956938 98
-123456
0.0381569 89
0.961843 99
-123456
0.040201 82
0.959799 92
-123456
0.0358974 81
0.964103 91
-123456
0.0366748 80
0.963325 90
-123456
0.0396825 83
0.960317 93
-123456
-654321
0.0442708 85
0.955729 95
-123456
0.0541872 86
0.945813 96
-123456
0.0358974 87
0.964103 97
-123456
0.0465116 88
0.953488 98
-123456
0.0425532 89
0.957447 99
-123456
0.0429293 83
0.957071 93
-123456
0.0250696 82
0.97493 92
-123456
0.0469613 81
0.953039 91
-123456
0.0364963 80
0.963504 90
-123456
0.0376471 84
0.962353 94
-123456
-654321
0.0501193 86
0.949881 96
-123456
0.0301508 87
0.969849 97
-123456
0.041958 88
0.958042 98
-123456
0.0459588 89
0.954041 99
-123456
0.0488998 84
0.9511 94
-123456
0.0478589 83
0.952141 93
-123456
0.0626566 82
0.937343 92
-123456
0.0382653 81
0.961735 91
-123456
0.0551181 80
0.944882 90
-123456
0.0198511 85
0.980149 95
-123456
-654321
0.0501253 87
0.949875 97
-123456
0.0309051 88
0.969095 98
-123456
0.045858 89
0.954142 99
-123456
0.0247525 85
0.975248 95
-123456
0.0486486 84
0.951351 94
-123456
0.030445 83
0.969555 93
-123456
0.0379404 82
0.96206 92
-123456
0.0518519 81
0.948148 91
-123456
0.0539216 80
0.946078 90
-123456
0.0389294 86
0.961071 96
-123456
-654321
0.0445434 88
0.955457 98
-123456
0.0440495 89
0.955951 99
-123456
0.0434783 86
0.956522 96
-123456
0.03386 85
0.96614 95
-123456
0.0316302 84
0.96837 94
-123456
0.0406699 83
0.95933 93
-123456
0.0583554 82
0.941645 92
-123456
0.0322581 81
0.967742 91
-123456
0.0542636 80
0.945736 90
-123456
0.026764 87
0.973236 97
-123456
-654321
0.0417738 89
0.958226 99
-123456
0.0285088 87
0.971491 97
-123456
0.0383795 86
0.96162 96
-123456
0.0456621 85
0.954338 95
-123456
0.0575221 84
0.942478 94
-123456
0.0298507 83
0.970149 93
-123456
0.0348584 82
0.965142 92
-123456
0.0405983 81
0.959402 91
-123456
0.0205479 80
0.979452 90
-123456
0.0470348 88
0.952965 98
-123456
-654321
0.044352 88
0.955648 98
-123456
0.0415755 87
0.958425 97
-123456
0.035206 86
0.964794 96
-123456
0.0404494 85
0.959551 95
-123456
0.0327738 84
0.967226 94
-123456
0.000759878 53
0.0463526 83
0.952888 93
-123456
0.0442547 82
0.955745 92
-123456
0.0538222 81
0.946178 91
-123456
0.0432 80
0.9568 90
-123456
0.0403774 89
0.959623 99
-123456
-654321
