Exp_ID: 3 States: 500 Actions: 100 S_states: 50 Start_P: 100 endP: 500 IncP: 100
VI UVI VIP UVIP VIH VIHP 277 284 1948 2028 81 134
549 584 7730 7397 173 404
857 929 18504 17764 286 836
1393 1493 38414 38647 517 1508
1907 2019 66537 65298 668 2238
271 293 2104 2142 109 161
534 571 7651 7844 181 414
862 911 18086 17538 262 817
1379 1434 37951 37396 438 1451
1890 2057 66203 65261 711 2274
275 280 2113 2146 79 132
504 553 7712 7922 154 392
855 932 18413 18268 278 813
1347 1489 38811 37717 530 1525
1900 2065 66616 65470 710 2277
260 273 2080 2081 67 120
556 590 7688 7785 206 444
821 905 18143 17560 266 793
1350 1412 38228 37866 412 1407
1923 2061 66873 65237 648 2216
265 279 2076 1991 75 130
540 563 7661 7907 162 400
831 929 18334 17694 285 817
1344 1454 38174 37689 490 1475
1917 2100 66806 65699 768 2345
259 275 2099 2066 70 125
544 579 7695 7777 198 433
822 909 17874 17979 294 827
1327 1436 38628 37498 399 1399
1918 2033 66988 65282 608 2172
267 277 2080 2148 76 129
531 547 7670 7426 143 379
846 898 18277 17970 278 812
1344 1494 38173 37570 499 1505
1918 2018 66998 65903 675 2244
269 277 2076 2133 75 130
515 571 7728 7439 183 414
867 944 18200 17568 339 880
1347 1458 38601 37747 408 1402
1926 2064 66612 65607 702 2275
274 274 2088 2062 69 124
511 559 7707 7902 165 403
825 928 18789 18012 277 811
1352 1481 38358 37393 543 1538
1908 2021 66768 65400 664 2238
287 281 2065 2063 76 132
552 574 7753 7484 176 417
842 914 18426 18714 263 809
1326 1480 38013 37329 485 1483
1943 2041 66878 65482 673 2249
