500 639
500 1161
500 1219
500 1611
500 1552
500 636
500 1001
500 1256
500 1424
500 1755
500 530
500 1068
500 1434
500 1534
500 1667
500 573
500 934
500 1388
500 1664
500 1648
500 559
500 1002
500 1320
500 1508
500 1509
500 630
500 1162
500 1220
500 1611
500 1551
500 635
500 1001
500 1256
500 1423
500 1755
500 530
500 1068
500 1432
500 1534
500 1666
500 573
500 934
500 1387
500 1664
500 1648
500 559
500 934
500 1320
500 1507
500 1509
500 630
500 1162
500 1220
500 1611
500 1552
500 636
500 1001
500 1256
500 1424
500 1756
500 530
500 1068
500 1433
500 1535
500 1667
500 573
500 934
500 1388
500 1664
500 1649
500 559
500 934
500 1321
500 1508
500 1510
500 630
500 1163
500 1220
500 1611
500 1551
500 635
500 1001
500 1255
500 1423
500 1754
500 529
500 1068
500 1433
500 1533
500 1667
500 573
500 934
500 1387
500 1664
500 1648
500 559
500 934
500 1321
500 1507
500 1509
500 630
500 1163
500 1219
500 1611
500 1551
500 635
500 1001
500 1255
500 1423
500 1754
500 530
500 1067
500 1433
500 1534
500 1666
500 573
500 934
500 1387
500 1663
500 1648
500 559
500 934
500 1319
500 1508
500 1508
500 630
500 1162
500 1219
500 1610
500 1551
500 635
500 1001
500 1256
500 1423
500 1754
500 529
500 1068
500 1432
500 1533
500 1667
500 573
500 934
500 1387
500 1663
500 1648
500 560
500 934
500 1319
500 1507
500 1508
500 630
500 1161
500 1219
500 1611
500 1550
500 636
500 1000
500 1255
500 1423
500 1755
500 530
500 1068
500 1433
500 1534
500 1667
500 573
500 933
500 1388
500 1663
500 1648
500 559
500 934
500 1319
500 1508
500 1508
500 630
500 1162
500 1219
500 1611
500 1550
500 635
500 1000
500 1255
500 1423
500 1755
500 529
500 1067
500 1433
500 1534
500 1667
500 573
500 934
500 1387
500 1662
500 1648
500 560
500 935
500 1319
500 1508
500 1509
500 630
500 1162
500 1219
500 1611
500 1551
500 636
500 1001
500 1256
500 1423
500 1754
500 529
500 1067
500 1432
500 1534
500 1666
500 573
500 934
500 1387
500 1664
500 1648
500 559
500 934
500 1319
500 1507
500 1508
500 630
500 1162
500 1219
500 1610
500 1551
500 635
500 1001
500 1256
500 1424
500 1754
500 530
500 1067
500 1433
500 1534
500 1667
500 573
500 934
500 1387
500 1664
500 1648
500 559
500 934
500 1319
500 1507
500 1509
585.62
1021.04
1322.92
1547.8
1625.82
