500 752
500 1079
500 1370
500 1491
500 1493
500 753
500 1076
500 1370
500 1492
500 1493
500 753
500 1077
500 1368
500 1491
500 1494
500 753
500 1077
500 1369
500 1491
500 1495
500 752
500 1077
500 1370
500 1491
500 1493
500 750
500 1076
500 1369
500 1491
500 1493
500 753
500 1076
500 1369
500 1491
500 1494
500 753
500 1076
500 1369
500 1492
500 1493
500 753
500 1077
500 1369
500 1491
500 1493
500 755
500 1077
500 1369
500 1491
500 1493
752.7
1076.8
1369.2
1491.2
1493.4
479.5
797
1050.1
1183.2
1218
