500 310
500 512
500 575
500 685
500 659
500 314
500 469
500 611
500 626
500 700
500 306
500 519
500 583
500 682
500 661
500 301
500 461
500 602
500 680
500 710
500 300
500 464
500 574
500 638
500 662
500 311
500 511
500 575
500 685
500 658
500 314
500 468
500 611
500 625
500 700
500 306
500 518
500 582
500 680
500 660
500 300
500 461
500 602
500 679
500 709
500 299
500 463
500 574
500 636
500 662
500 310
500 511
500 574
500 685
500 658
500 314
500 468
500 611
500 626
500 699
500 306
500 518
500 582
500 682
500 661
500 300
500 461
500 602
500 679
500 710
500 300
500 464
500 575
500 635
500 663
500 310
500 512
500 574
500 684
500 658
500 314
500 468
500 611
500 626
500 700
500 306
500 518
500 582
500 680
500 660
500 300
500 461
500 602
500 679
500 709
500 299
500 463
500 574
500 635
500 662
500 310
500 512
500 575
500 685
500 658
500 313
500 469
500 611
500 626
500 699
500 306
500 518
500 582
500 681
500 660
500 300
500 461
500 602
500 678
500 709
500 299
500 463
500 573
500 635
500 662
500 310
500 511
500 574
500 685
500 658
500 314
500 468
500 610
500 626
500 700
500 306
500 518
500 582
500 681
500 660
500 300
500 460
500 601
500 679
500 710
500 299
500 463
500 574
500 635
500 662
500 310
500 511
500 575
500 685
500 658
500 313
500 468
500 611
500 626
500 700
500 306
500 518
500 582
500 681
500 660
500 300
500 461
500 602
500 679
500 709
500 299
500 464
500 574
500 636
500 662
500 310
500 511
500 575
500 685
500 658
500 314
500 468
500 611
500 625
500 700
500 306
500 518
500 582
500 681
500 660
500 300
500 461
500 602
500 679
500 709
500 299
500 463
500 574
500 636
500 662
500 310
500 512
500 575
500 685
500 658
500 314
500 469
500 611
500 625
500 700
500 306
500 518
500 582
500 681
500 660
500 299
500 461
500 602
500 679
500 709
500 299
500 463
500 574
500 635
500 662
500 309
500 511
500 575
500 685
500 659
500 314
500 469
500 611
500 625
500 699
500 306
500 519
500 582
500 681
500 660
500 300
500 461
500 601
500 679
500 709
500 299
500 463
500 574
500 636
500 662
305.8
484.44
588.7
661.24
677.9
