500 952
500 1767
500 1922
500 2374
500 2472
500 999
500 1581
500 1976
500 2212
500 2724
500 771
500 1591
500 2285
500 2172
500 2611
500 907
500 1472
500 1971
500 2500
500 2281
500 892
500 1400
500 2080
500 2381
500 2296
500 953
500 1765
500 1922
500 2373
500 2470
500 999
500 1581
500 1976
500 2211
500 2723
500 771
500 1591
500 2284
500 2171
500 2610
500 907
500 1472
500 1971
500 2500
500 2282
500 892
500 1400
500 2080
500 2382
500 2297
500 952
500 1766
500 1922
500 2374
500 2472
500 999
500 1581
500 1976
500 2213
500 2724
500 771
500 1591
500 2284
500 2172
500 2613
500 907
500 1472
500 1972
500 2501
500 2282
500 892
500 1401
500 2082
500 2384
500 2299
500 953
500 1766
500 1923
500 2373
500 2471
500 999
500 1581
500 1976
500 2210
500 2724
500 771
500 1590
500 2283
500 2170
500 2611
500 907
500 1471
500 1970
500 2499
500 2281
500 892
500 1400
500 2081
500 2381
500 2296
500 952
500 1766
500 1922
500 2373
500 2470
500 999
500 1580
500 1976
500 2211
500 2724
500 771
500 1591
500 2284
500 2170
500 2610
500 907
500 1472
500 1970
500 2499
500 2281
500 892
500 1400
500 2080
500 2381
500 2296
500 952
500 1765
500 1922
500 2373
500 2470
500 999
500 1581
500 1976
500 2211
500 2723
500 771
500 1590
500 2284
500 2170
500 2610
500 907
500 1471
500 1971
500 2501
500 2282
500 892
500 1400
500 2080
500 2382
500 2296
500 952
500 1765
500 1923
500 2373
500 2470
500 999
500 1580
500 1975
500 2212
500 2723
500 771
500 1590
500 2284
500 2170
500 2610
500 907
500 1471
500 1971
500 2499
500 2281
500 891
500 1400
500 2080
500 2381
500 2296
500 952
500 1764
500 1922
500 2372
500 2470
500 999
500 1580
500 1975
500 2212
500 2723
500 771
500 1590
500 2285
500 2172
500 2610
500 906
500 1472
500 1970
500 2499
500 2281
500 892
500 1400
500 2080
500 2380
500 2297
500 952
500 1765
500 1922
500 2374
500 2470
500 998
500 1580
500 1975
500 2211
500 2723
500 771
500 1591
500 2283
500 2171
500 2611
500 907
500 1471
500 1970
500 2500
500 2281
500 892
500 1400
500 2079
500 2381
500 2296
500 952
500 1765
500 1922
500 2373
500 2470
500 999
500 1581
500 1976
500 2210
500 2723
500 771
500 1590
500 2284
500 2170
500 2610
500 906
500 1471
500 1970
500 2499
500 2281
500 891
500 1400
500 2080
500 2382
500 2297
904.14
1561.62
2046.54
2327.3
2476.48
