500 559
500 1010
500 1111
500 1360
500 1433
500 577
500 906
500 1132
500 1268
500 1558
500 446
500 912
500 1308
500 1244
500 1494
500 533
500 857
500 1129
500 1432
500 1306
500 531
500 802
500 1191
500 1364
500 1316
500 550
500 1011
500 1110
500 1360
500 1432
500 576
500 906
500 1132
500 1266
500 1559
500 445
500 911
500 1307
500 1244
500 1494
500 534
500 856
500 1128
500 1432
500 1306
500 531
500 802
500 1191
500 1364
500 1315
500 551
500 1011
500 1110
500 1359
500 1433
500 577
500 906
500 1133
500 1267
500 1560
500 446
500 911
500 1308
500 1244
500 1495
500 534
500 857
500 1129
500 1432
500 1307
500 532
500 803
500 1192
500 1364
500 1316
500 550
500 1011
500 1111
500 1359
500 1432
500 577
500 906
500 1132
500 1267
500 1558
500 446
500 911
500 1307
500 1243
500 1494
500 533
500 857
500 1129
500 1431
500 1307
500 532
500 802
500 1191
500 1364
500 1315
500 550
500 1011
500 1111
500 1359
500 1432
500 577
500 905
500 1132
500 1266
500 1557
500 445
500 911
500 1307
500 1243
500 1494
500 533
500 857
500 1128
500 1431
500 1306
500 532
500 802
500 1191
500 1364
500 1315
500 550
500 1010
500 1110
500 1359
500 1432
500 577
500 905
500 1132
500 1266
500 1558
500 446
500 911
500 1307
500 1243
500 1494
500 533
500 857
500 1128
500 1432
500 1306
500 532
500 802
500 1191
500 1363
500 1315
500 550
500 1010
500 1110
500 1360
500 1432
500 577
500 905
500 1132
500 1266
500 1558
500 446
500 911
500 1308
500 1243
500 1495
500 533
500 856
500 1128
500 1431
500 1306
500 531
500 802
500 1191
500 1364
500 1315
500 551
500 1011
500 1110
500 1359
500 1432
500 576
500 905
500 1132
500 1266
500 1558
500 446
500 911
500 1307
500 1243
500 1493
500 533
500 857
500 1128
500 1431
500 1307
500 532
500 802
500 1191
500 1364
500 1314
500 550
500 1011
500 1110
500 1360
500 1432
500 576
500 906
500 1132
500 1266
500 1558
500 445
500 911
500 1307
500 1244
500 1494
500 534
500 857
500 1129
500 1431
500 1306
500 532
500 802
500 1191
500 1363
500 1315
500 551
500 1010
500 1110
500 1360
500 1432
500 577
500 906
500 1133
500 1266
500 1557
500 446
500 911
500 1307
500 1244
500 1495
500 533
500 857
500 1128
500 1432
500 1306
500 532
500 802
500 1191
500 1363
500 1315
527.72
897.24
1173.86
1332.92
1421.18
