500 331
500 538
500 581
500 680
500 630
500 336
500 488
500 612
500 615
500 677
500 322
500 540
500 597
500 678
500 638
500 317
500 476
500 616
500 677
500 687
500 315
500 482
500 586
500 628
500 636
500 332
500 538
500 580
500 680
500 629
500 336
500 487
500 612
500 615
500 677
500 322
500 539
500 596
500 676
500 638
500 316
500 476
500 615
500 676
500 687
500 315
500 482
500 587
500 627
500 637
500 331
500 538
500 580
500 680
500 630
500 336
500 487
500 613
500 614
500 678
500 322
500 539
500 597
500 677
500 638
500 316
500 476
500 615
500 675
500 688
500 315
500 482
500 586
500 627
500 638
500 332
500 538
500 581
500 680
500 629
500 335
500 487
500 611
500 614
500 677
500 322
500 539
500 596
500 677
500 637
500 315
500 476
500 615
500 676
500 687
500 314
500 481
500 586
500 627
500 637
500 332
500 539
500 581
500 679
500 628
500 335
500 487
500 612
500 614
500 677
500 322
500 538
500 597
500 677
500 637
500 316
500 476
500 615
500 676
500 686
500 315
500 481
500 586
500 627
500 637
500 332
500 538
500 580
500 680
500 629
500 335
500 488
500 612
500 615
500 677
500 322
500 539
500 597
500 676
500 637
500 316
500 476
500 614
500 675
500 687
500 315
500 481
500 586
500 627
500 637
500 331
500 538
500 580
500 680
500 629
500 335
500 487
500 612
500 614
500 677
500 322
500 540
500 596
500 676
500 638
500 316
500 476
500 615
500 675
500 687
500 315
500 481
500 585
500 628
500 637
500 331
500 539
500 580
500 680
500 629
500 335
500 487
500 612
500 614
500 677
500 322
500 539
500 596
500 676
500 638
500 316
500 476
500 615
500 676
500 687
500 315
500 481
500 586
500 627
500 637
500 332
500 538
500 580
500 681
500 630
500 335
500 487
500 613
500 614
500 676
500 322
500 539
500 597
500 677
500 637
500 315
500 476
500 616
500 676
500 687
500 315
500 481
500 585
500 627
500 637
500 331
500 538
500 581
500 679
500 630
500 336
500 488
500 613
500 615
500 676
500 322
500 539
500 597
500 677
500 637
500 316
500 476
500 615
500 676
500 686
500 314
500 481
500 586
500 627
500 637
323.92
504.38
598.04
654.8
653.52
