500 643
500 1158
500 1215
500 1605
500 1545
500 630
500 1159
500 1216
500 1605
500 1546
500 631
500 1159
500 1216
500 1606
500 1545
500 630
500 1159
500 1216
500 1605
500 1545
500 630
500 1159
500 1215
500 1605
500 1546
500 630
500 1159
500 1215
500 1605
500 1545
500 630
500 1158
500 1215
500 1605
500 1546
500 630
500 1159
500 1216
500 1606
500 1545
500 630
500 1159
500 1215
500 1606
500 1546
500 630
500 1159
500 1216
500 1605
500 1545
631.4
1158.8
1215.5
1605.3
1545.4
333.1
540.9
582.8
682.7
631.4
