500 842
500 1128
500 1334
500 1499
500 1710
500 843
500 1129
500 1334
500 1431
500 1712
500 842
500 1129
500 1334
500 1430
500 1716
500 841
500 1129
500 1334
500 1431
500 1711
500 842
500 1128
500 1335
500 1433
500 1710
500 842
500 1128
500 1334
500 1431
500 1723
500 842
500 1129
500 1335
500 1432
500 1711
500 843
500 1129
500 1334
500 1431
500 1713
500 840
500 1128
500 1335
500 1430
500 1711
500 841
500 1129
500 1334
500 1431
500 1711
841.8
1128.6
1334.3
1437.9
1712.8
520.4
825.2
1082.4
1159.8
1352.8
