500 716
500 1198
500 1441
500 1572
500 1590
500 716
500 1200
500 1440
500 1573
500 1593
500 716
500 1201
500 1440
500 1573
500 1591
500 716
500 1201
500 1443
500 1573
500 1628
500 717
500 1199
500 1441
500 1583
500 1594
500 717
500 1201
500 1441
500 1574
500 1593
500 716
500 1202
500 1442
500 1573
500 1594
500 715
500 1201
500 1442
500 1615
500 1623
500 717
500 1201
500 1452
500 1574
500 1593
500 717
500 1199
500 1441
500 1573
500 1591
716.3
1200.3
1442.3
1578.3
1599
473
888.4
1089.4
1247.1
1267.3
