500 538
500 1064
500 1427
500 1528
500 1660
500 529
500 1064
500 1427
500 1528
500 1660
500 529
500 1064
500 1427
500 1527
500 1660
500 529
500 1064
500 1429
500 1529
500 1661
500 529
500 1067
500 1427
500 1528
500 1661
500 529
500 1065
500 1428
500 1529
500 1661
500 529
500 1065
500 1428
500 1528
500 1661
500 530
500 1065
500 1429
500 1529
500 1661
500 529
500 1064
500 1428
500 1528
500 1661
500 529
500 1065
500 1429
500 1529
500 1662
530
1064.7
1427.9
1528.3
1660.8
322.3
539.7
597.6
676.6
637.1
