500 831
500 1272
500 1277
500 1636
500 1512
500 829
500 1270
500 1278
500 1636
500 1517
500 829
500 1269
500 1279
500 1637
500 1514
500 829
500 1267
500 1280
500 1654
500 1518
500 827
500 1269
500 1277
500 1637
500 1516
500 828
500 1269
500 1280
500 1638
500 1519
500 829
500 1269
500 1280
500 1665
500 1516
500 828
500 1270
500 1291
500 1637
500 1516
500 827
500 1272
500 1279
500 1638
500 1515
500 827
500 1269
500 1279
500 1638
500 1516
828.4
1269.6
1280
1641.6
1515.9
507.9
909.9
1022.9
1280.8
1234.3
