500 893
500 1406
500 2086
500 2389
500 632
500 892
500 1406
500 2086
500 1280
500 2347
500 892
500 1405
500 2086
500 2388
500 2347
500 892
500 1405
500 2087
500 1538
500 2348
500 892
500 1406
500 1358
500 2388
500 2345
500 893
500 480
500 849
500 2387
500 2346
500 893
500 1405
500 2087
500 2389
500 2348
500 892
500 1405
500 2086
500 2389
500 2348
500 892
500 1406
500 2086
500 2389
500 2348
500 892
500 1406
500 2086
500 1099
500 2347
892.3
1313
1889.7
2063.6
2175.6
752.7
1076.8
1369.2
1491.2
1493.4
