141.387
137.77
133.877
129.748
125.74
121.768
117.694
113.802
109.774
149.035
-654321
138.194
134.193
130.33
125.974
122.197
118.184
114.303
110.141
106.469
146.633
141.856
-654321
134.394
130.222
126.118
122.177
152.228
114.194
110.149
106.245
102.334
141.447
141.932
137.911
-654321
130.104
125.967
121.878
117.901
114.209
109.804
105.959
101.867
97.988
137.777
141.103
141.872
165.466
-654321
126.045
121.848
117.854
113.912
109.92
134.006
101.933
97.6413
93.9772
134.116
137.593
141.168
141.745
129.911
-654321
122.228
117.959
113.994
109.737
105.756
101.961
98.0102
93.8658
89.9245
130.268
133.886
137.643
141.555
141.783
125.793
-654321
118.23
114.147
110.066
106.088
102.113
97.8407
93.6651
90.173
86.1202
126.007
158.572
133.788
138.211
141.604
147.752
121.894
-654321
113.715
109.906
105.888
101.951
113.765
93.7459
89.5979
86.0745
81.8209
121.835
126.057
130.104
134.106
138.011
141.597
141.546
117.776
-654321
109.708
105.955
102.103
98.1117
94.2702
90.0801
86.1481
82.1591
77.9111
118.164
121.89
125.694
129.818
146.116
137.851
140.665
141.568
113.684
-654321
106.307
101.87
98.1573
93.7547
89.8371
85.7717
81.7744
77.8666
73.9206
114.075
117.766
122.008
125.875
130.21
133.744
137.724
141.022
141.772
109.648
-654321
102.201
98.2505
94.1751
90.1633
86.0171
82.0823
77.9148
74.0716
70.0136
110.06
146.012
117.898
122.141
126.347
129.796
133.938
138.36
153.6
105.928
-654321
97.9552
94.2185
89.9744
86.0263
81.9977
77.9895
74.1451
69.9838
66.0259
105.919
109.716
145.726
118.181
122.1
126.177
129.942
134.101
146.779
102.101
-654321
93.9943
89.6532
85.4499
81.8406
77.8919
73.9573
70.0008
66.0662
62.0131
102.117
106.118
109.806
113.587
118.052
121.959
125.97
130.073
156.614
97.8802
-654321
109.939
103.919
82.2325
77.9978
73.8237
69.6523
65.9643
61.8232
58.4203
97.6587
101.765
105.596
109.971
113.926
117.99
122.025
125.74
130.015
93.4869
-654321
85.7014
82.1258
78.4491
73.6154
70.0947
65.9114
61.7109
58.0351
54.063
94.4281
97.6242
102.158
105.972
109.662
145.761
117.614
122.414
125.981
89.6166
-654321
82.0874
77.9659
74.0563
69.7372
66.0302
61.4573
57.9857
53.864
49.8529
90.3464
93.9919
98.2141
101.781
106.089
110.086
113.861
150.655
121.98
86.0749
-654321
78.0293
73.9204
70.1527
65.6962
61.9799
58.1943
54.2763
49.9602
46.3014
86.028
90.1926
94.0585
97.8268
101.751
106.055
110.121
114.261
118.025
82.0805
-654321
74.1403
69.9517
65.4865
61.7292
58.1419
54.2841
50.0788
46.1435
42.1487
81.5919
86.1288
90.2627
93.7913
98.0518
102.61
106.093
109.694
113.815
78.0705
-654321
70.198
65.4839
68.0284
58.0976
53.9894
50.196
45.8093
42.1916
37.8878
78.0249
82.288
85.5982
90.3697
93.9982
98.098
101.564
106.052
110.136
73.9811
-654321
66.2053
62.0163
57.4044
53.9364
50.2544
45.9198
42.8882
38.1005
34.1504
73.6193
78.293
81.9564
85.4576
90.1124
93.877
98.5443
102.504
161.973
69.5796
-654321
61.8618
58.6512
54.0666
49.9819
43.9917
41.7988
38.1666
34.0935
30.4766
80.0208
73.8081
78.344
81.8257
85.8726
90.1549
94.859
97.3903
101.937
66.2207
-654321
57.971
53.356
49.9844
45.7298
41.7741
37.928
34.2504
29.2137
66.4925
69.7282
74.1487
78.1938
81.8935
86.1906
89.9317
93.5989
98.0995
61.8451
-654321
53.9621
50.2075
45.9324
42.0491
37.7153
34.217
30.1896
62.0726
65.9478
99.3992
73.7707
78.2796
82.1074
86.4486
90.0158
93.8459
57.6563
-654321
49.9193
45.9099
41.5999
38.2605
34.1734
29.8035
97.3038
62.3279
66.3525
70.1854
73.6143
77.8349
81.8547
85.6109
89.8678
53.7804
-654321
46.2366
41.8548
38.0656
34.1285
30.139
54.1652
58.3795
61.3308
66.0429
70.1015
73.848
77.7693
82.273
86.0953
50.2361
-654321
41.7899
37.4561
33.7615
29.9325
49.6141
53.7713
58.7621
62.0017
65.9074
70.3612
73.7599
78.2667
82.172
46.7626
-654321
38.3622
33.8319
29.7984
87.419
49.1476
53.429
57.4773
61.5365
65.7832
69.8351
74.5484
77.9851
42.565
-654321
33.795
29.8502
41.5575
45.7155
49.7955
53.6593
61.5525
62.0512
66.3121
70.0473
73.9917
38.3792
-654321
29.5041
37.6229
41.6063
46.212
50.2209
53.626
57.3173
61.9629
66.2408
69.7373
33.1623
-654321
32.9085
37.935
41.1628
45.4977
49.6809
53.7015
57.6141
61.193
65.7733
79.1643
-654321
157.368
158.863
155.129
150.074
143.719
137.958
132.02
126.13
120.447
149.769
-654321
160.336
155.779
150.195
145.151
138.796
132.79
127.045
120.647
115.03
150.423
158.564
-654321
156.057
150.348
144.745
138.6
132.764
126.916
120.833
114.905
108.49
158.596
149.722
159.137
-654321
151.189
144.955
138.921
133.287
127.278
121.45
114.934
109.239
103.16
159.412
160.264
149.714
154.883
-654321
145.29
139.12
133.259
126.955
120.459
115.406
108.981
102.716
97.0704
155.836
159.529
160.5
150.086
150.299
-654321
138.918
132.77
126.626
121
114.731
108.75
103.199
96.5063
90.8589
150.769
154.694
159.222
158.713
150.985
144.691
-654321
132.917
126.708
120.733
114.638
108.877
103.051
96.9601
90.8347
85.1281
144.695
151.191
155.269
159.16
159.029
149.493
139.053
-654321
126.652
121.213
114.711
109.364
102.662
96.9372
90.3813
84.9065
78.8243
138.497
144.573
150.448
155.592
159.034
159.118
150.375
132.704
-654321
120.454
114.605
108.606
102.688
96.5593
91.112
84.8025
78.8031
73.1342
132.995
138.585
145.033
150.126
156.422
160.672
158.718
151.421
126.725
-654321
114.855
108.862
103.203
96.4967
90.9805
84.6027
78.8266
72.3824
67.2074
126.418
132.572
138.893
144.626
150.426
155.379
158.758
158.261
149.206
121.011
-654321
108.781
102.975
96.696
91.0097
85.1274
78.8545
72.8812
66.5932
60.5898
121.146
126.98
133.202
138.937
144.279
150.952
155.533
159.143
156.902
114.617
-654321
102.51
96.7035
90.5463
84.9278
79.1742
72.563
66.8694
61.0348
55.1514
114.527
120.233
126.917
133.622
138.73
145.102
150.819
155.258
159.352
108.534
-654321
97.6382
90.8792
85.2177
79.144
72.8428
66.9276
60.783
55.1131
48.8283
108.407
114.456
121.365
126.981
132.311
138.812
144.776
150.512
155.799
102.862
-654321
90.6884
85.2019
78.4973
72.6938
66.9175
61.6834
55.4356
49.1543
42.8653
102.787
109.159
114.792
121.013
126.771
132.913
138.217
145.135
150.228
96.7656
-654321
85.286
79.0254
72.881
66.7865
60.6165
55.1821
48.5701
42.2153
36.2561
96.1629
102.413
108.822
114.515
120.701
126.983
133.287
138.448
144.625
90.8179
-654321
79.0445
72.512
67.5771
61.2084
55.4803
48.9858
43.2374
36.4585
30.9098
90.6999
96.5434
103.645
108.679
115.151
120.655
126.333
132.805
138.845
84.947
-654321
72.9753
67.3054
60.5404
55.0526
48.4836
43.5174
37.1726
30.2419
25.136
84.8491
91.3464
97.209
103.155
108.952
114.447
119.894
126.751
133.295
78.9464
-654321
66.2428
59.662
55.0721
48.1892
43.2691
36.9402
30.3287
25.0842
18.5767
78.084
84.3068
90.5982
97.2702
103.717
108.162
114.518
120.186
126.9
72.8199
-654321
61.3334
55.3043
48.5034
42.8748
36.5292
31.5031
25.1974
18.919
12.0716
72.8711
78.9794
84.7048
91.1895
96.4348
103.179
108.47
115.208
120.818
67.2184
-654321
55.0768
48.0152
42.9468
35.7458
30.6689
24.6077
17.9685
12.8589
7.53547
66.7343
72.1573
78.2486
84.3349
90.7816
97.3942
103.214
109.596
114.975
60.0651
-654321
49.194
42.6771
37.2345
30.8482
24.4383
19.0696
12.4202
6.97213
0.873463
60.3298
67.5179
73.4683
79.0173
85.2081
89.9938
96.4154
102.734
108.787
54.4222
-654321
42.6512
38.0348
31.0911
24.2885
19.6762
12.328
6.19614
0.60667
55.4221
60.9014
66.4999
73.0146
79.0872
84.8442
89.8867
96.6681
102.656
48.5317
-654321
36.0563
30.6193
24.5368
19.7954
12.7201
7.6525
0
49.5225
54.4538
61.542
66.2643
72.4435
79.42
85.1294
90.0911
96.8076
43.2022
-654321
30.3816
24.9391
18.0134
13.163
7.16546
1.48819
42.623
47.9421
53.8798
61.4156
67.0777
73.6367
78.5438
85.369
90.9215
36.9193
-654321
24.5032
18.1771
13.0209
6.7557
0.518932
36.7411
43.2209
49.0165
54.0522
60.2335
66.8232
72.4534
79.9983
84.9732
30.7157
-654321
18.9875
12.1005
6.82719
0.952702
31.2813
36.9729
42.7406
48.8117
54.818
61.3939
67.0557
72.1885
78.6068
23.8625
-654321
12.9778
6.42463
0.714176
25.7566
30.2529
37.7236
42.9971
48.9277
54.476
60.7545
66.5288
72.6364
63.7548
-654321
6.37061
0.325726
18.2877
24.0225
30.9452
37.0861
42.9784
49.999
55.1491
60.7537
66.8719
12.7346
-654321
0.835934
13.1774
52.0548
55.9233
30.3592
36.7328
42.7808
48.4004
54.921
60.9646
7.80144
-654321
5.68661
12.8272
20.0549
24.3384
32.1384
36.3779
42.8732
48.7845
54.5875
51.5819
-654321
162.673
176.232
178.181
176.888
174.83
168.35
163.086
157.1
152.062
150.133
-654321
174.041
177.652
175.558
173.051
168.66
161.609
156.994
151.255
144.994
149.641
165.467
-654321
178.225
175.428
170.936
167.784
162.638
157.253
150.907
145.295
139.759
163.715
151.058
176.096
-654321
176.158
173.636
168.572
163.323
157.409
151.499
145.588
139.78
133.809
175.384
164.727
150.231
178.724
-654321
173.973
168.319
163.773
157.719
151.992
145.942
139.775
133.717
127.756
177.628
175.492
163.869
150.856
177.426
-654321
169.553
163.982
158.071
152.224
145.854
139.585
133.691
128.16
121.882
178.599
177.989
174.215
162.616
150.884
174.379
-654321
162.702
157.36
152.072
144.898
140.194
133.702
128.057
121.466
115.86
174.49
176.152
178.745
176.844
163.594
149.975
168.963
-654321
157.673
151.796
145.438
140.079
132.849
128.139
121.73
115.233
109.946
166.921
173.718
176.308
177.88
175.33
165.59
151.053
162.893
-654321
151.833
144.994
139.523
134.262
128.022
122.083
115.857
109.964
104.049
163.458
168.816
173.171
176.885
177.859
172.351
163.923
149.696
157.836
-654321
146.075
140.223
134.295
128.282
121.499
115.596
110.396
103.805
98.0554
157.053
163.71
167.869
173.594
177.863
178.868
173.497
166.69
149.332
151.508
-654321
139.756
133.978
127.333
121.836
115.664
109.59
103.927
97.263
91.5748
150.981
157.412
163.67
167.631
173.582
176.526
176.881
175.928
166.945
145.43
-654321
133.794
127.802
121.312
115.67
109.861
103.25
97.8875
90.7625
85.9326
146.207
151.709
157.276
163.322
169.652
174.076
177.119
177.611
177.732
140.155
-654321
127.159
121.907
115.391
109.81
103.908
98.4103
91.9107
85.2633
79.8591
140.019
146.487
150.881
156.755
162.914
169.587
170.756
176.798
177.71
133.629
-654321
121.881
115.306
109.326
104.146
97.7603
91.1191
85.2456
79.5126
73.9785
133.713
139.565
145.467
151.385
157.794
162.708
169.007
173.356
177.034
127.816
-654321
115.292
109.694
103.812
97.1227
91.6299
85.5662
79.341
74.0762
67.6708
127.39
134.35
139.56
145.939
151.815
157.458
162.653
169.563
172.515
121.838
-654321
110.378
104.016
98.0831
90.978
86.6428
79.6233
72.5162
67.4395
61.506
122.161
126.915
133.91
138.809
145.382
151.38
156.889
163.03
168.581
115.271
-654321
103.493
97.7387
91.4984
85.9439
79.8502
73.7778
67.3969
61.8001
54.8954
115.93
120.78
128.186
133.534
139.556
145.899
151.13
157.252
162.486
108.811
-654321
98.0687
91.0954
86.0351
79.7098
73.3785
68.2067
61.268
54.8443
49.3085
109.944
115.586
121.211
127.106
133.507
139.805
145.661
151.497
157.507
103.702
-654321
91.9851
85.5912
79.3707
73.8289
67.8231
60.8488
56.1223
50.1482
43.8734
103.457
108.798
115.211
121.82
127.94
133.604
138.98
144.781
151.505
97.8828
-654321
85.5607
78.8804
73.682
67.6386
61.569
55.2622
50.142
43.7619
38.4039
96.5793
103.785
109.504
115.042
120.958
127.323
133.404
138.957
145.688
91.9221
-654321
80.1858
73.4041
68.0803
61.6916
54.9879
49.6292
43.0462
37.1432
30.5391
91.9809
97.1184
103.908
109.367
115.376
120.888
127.152
133.793
139.837
85.4036
-654321
73.981
68.7782
61.5981
54.726
50.5028
42.8172
38.226
32.0805
86.1569
92.1509
98.0716
103.82
109.223
116.127
121.972
127.318
134.054
80.5733
-654321
67.3271
61.5641
55.1135
49.1699
44.3607
37.8275
31.5857
79.2184
85.7416
91.3791
104.495
103.163
110.107
116.025
132.865
127.217
72.796
-654321
62.8849
76.8145
49.6249
43.6989
38.1402
31.6766
73.9619
80.2849
86.0911
92.8687
97.4345
102.958
108.368
115.654
121.37
67.8083
-654321
56.3394
49.6959
44.2782
37.9993
30.7981
67.719
73.1021
79.3985
85.3542
92.2517
98.5223
103.735
109.225
115.688
61.8687
-654321
49.9733
43.9072
37.6727
31.0569
61.5609
68.0655
73.6756
92.3624
84.91
91.7886
96.9986
104.216
109.083
55.6408
-654321
43.681
37.493
32.4008
55.2417
61.161
68.0422
74.7625
80.2298
84.5861
91.2437
97.9231
103.577
49.5779
-654321
38.289
31.0979
49.3001
76.9616
60.5307
66.9674
73.3132
79.6267
85.8737
91.6566
97.5277
42.3214
-654321
31.6953
44.5465
49.4078
55.3785
60.9354
67.2412
73.787
78.9648
86.2587
91.5997
38.28
-654321
37.2232
67.6761
49.2879
55.2966
61.5255
68.4575
72.5454
77.9141
85.2002
32.4688
-654321
165.088
178.36
189.706
195.222
195.118
191.235
190.535
183.609
179.586
149.74
-654321
178.424
188.932
192.3
196.26
191.774
187.2
185.242
179.276
173.863
149.543
164.209
-654321
191.307
194.665
194.109
193.591
190.182
183.261
179.943
174.062
168.273
166.184
150.462
177.518
-654321
191.949
195.159
194.162
189.042
185.137
179.345
173.683
167.983
161.807
181.897
166.676
150.123
184.994
-654321
195.517
188.535
189.81
184.234
176.799
174.208
168.078
162.053
155.398
191.307
175.38
164.186
150.188
195.357
-654321
192.033
189.755
184.954
178.69
173.595
168.021
162.634
156.357
150.491
194.447
188.093
177.072
164.912
150.38
195.401
-654321
188.125
185.309
179.955
173.563
169.081
162.363
156.624
150.59
145.132
195.753
194.894
189.765
177.061
166.892
149.3
192.394
-654321
185.825
179.936
174.526
168.516
162.728
156.826
150.539
144.367
139.014
195.969
194.269
194.001
185.382
179.652
165.565
149.499
189.55
-654321
179.574
173.981
167.932
161.756
156.415
150.42
144.458
138.873
132.493
188.774
192.074
194.94
195.718
192.889
178.281
164.925
151.83
185.019
-654321
173.064
168.061
162.413
156.637
150.81
144.295
138.786
132.326
125.832
183.098
190.506
192.323
194.372
196.261
188.005
174.103
164.803
150.263
180.13
-654321
168.78
162.341
156.664
150.354
143.848
138.286
132.715
126.712
120.194
180.401
185.291
187.196
195.108
197.158
192.104
184.053
179.882
167.54
174.838
-654321
162.415
156.061
150.748
144.833
138.327
132.035
127.151
120.26
114.372
174.087
180.72
185.86
189.951
192.905
192.89
196.882
192.452
183.401
168.611
-654321
156.433
149.993
144.437
137.967
132.395
125.864
120.064
115.017
107.803
168.513
173.949
178.841
184.397
190.504
193.618
197.16
195.167
193.764
162.049
-654321
150.148
144.736
138.464
131.806
126.42
120.662
114.083
108.425
101.038
161.803
168.161
174.21
178.853
185.893
188.992
192.595
194.358
195
156.559
-654321
144.868
138.904
132.496
125.985
119.828
114.546
108.532
103.452
96.048
155.64
162.327
168.924
173.888
179.576
181.617
191.139
193.795
186.263
149.851
-654321
138.864
132.54
127.071
120.687
115.375
108.855
102.59
95.822
89.7425
150.19
155.853
162.651
168.467
173.003
178.634
184.491
188.042
193.561
143.979
-654321
132.726
125.742
120.269
113.932
109.429
102.297
96.4684
90.6061
84.8821
144.6
151.175
156.328
161.934
168.937
172.066
178.27
183.801
188.011
139.338
-654321
126.054
120.557
114.129
107.443
102.81
96.1899
90.2882
83.8783
78.3066
137.544
144.707
150.551
156.074
161.928
167.092
171.948
177.766
184.307
133.082
-654321
120.025
114.69
108.772
102.306
96.9778
90.8037
84.8779
78.06
72.7031
131.74
143.455
144.252
149.957
156.27
161.578
167.653
173.722
179.402
126.526
-654321
115.162
109.586
101.887
96.7364
90.8205
84.8016
79.0634
72.5374
66.6233
126.265
132.945
137.462
144.715
150.506
156.322
161.707
168.756
173.675
120.772
-654321
108.064
102.246
96.8251
90.9592
84.9284
79.2262
71.6552
66.7611
60.4788
121.116
126.258
132.301
138.111
145.66
151.147
155.771
162.566
168.547
114.511
-654321
102.285
96.436
89.8066
84.5244
78.3213
72.1347
66.0002
60.8363
113.97
121.118
126.427
132.165
138.179
143.847
150.372
155.599
162.153
108.784
-654321
97.591
90.6848
84.2438
77.3384
73.4507
66.1251
79.4036
109.74
114.146
119.204
126.817
132.31
138.609
145.214
151.262
155.896
120.393
-654321
92.0945
84.5214
78.1897
72.0237
66.912
60.5368
101.593
108.493
114.44
120.218
127.078
133.208
138.466
144.5
150.857
96.8502
-654321
85.0638
77.5296
72.4417
67.2337
58.7073
95.8423
102.433
109.723
114.781
121.31
126.873
131.162
138.271
144.3
90.5225
-654321
79.2928
71.7228
65.4949
60.7143
91.3347
96.5843
102.305
108.795
114.113
119.772
126.073
133.083
138.21
85.3031
-654321
72.1502
66.496
60.5597
83.8443
88.8569
97.5223
102.369
108.342
114.977
120.012
126.581
132.136
78.1308
-654321
67.7219
59.684
79.2714
84.0547
90.5753
97.5557
101.773
108.488
113.992
120.72
126.475
71.9495
-654321
59.826
72.5931
78.8286
83.9134
90.8341
97.7195
102.944
108.08
115.364
120.163
65.9458
-654321
65.793
72.1623
79.0113
83.8691
91.6994
95.8992
102.574
108.913
114.293
61.3078
-654321
164.432
178.071
192.825
203.065
210.728
217.159
211.037
213.261
204.909
151.694
-654321
177.075
191.314
200.754
214.77
212.966
212.335
210.351
207.754
205.789
150.068
163.56
-654321
192.688
205.618
212.282
214.329
211.979
210.162
205.877
200.511
198.836
161.392
150.477
179.082
-654321
202.394
213.214
215.876
214.509
211.277
208.153
204.527
198.245
193.135
180.99
161.451
151.023
194.888
-654321
208.004
212.559
212.788
211.34
210.075
205.311
199.247
192.892
187.816
189.224
178.301
162.978
150.185
203.697
-654321
214.991
215.675
210.185
207.511
203.573
199.423
194.157
187.077
182.354
207.654
189.671
177.413
163.182
151.142
214.129
-654321
215.172
209.968
206.736
204.282
198.505
193.55
188.076
181.374
176.203
209.616
203.039
191.951
177.642
164.856
150.086
214.043
-654321
211.118
208.884
203.442
197.812
193.797
186.359
180.919
175.947
170.066
211.181
204.245
206.105
191.049
177.12
166.395
150.151
213.445
-654321
208.714
203.418
199.244
193.169
188.915
182.721
176.722
170.504
165.324
213.093
211.561
211.785
208.505
193.275
177.933
165.928
150.106
209.605
-654321
204.406
199.899
193.992
187.325
183.005
176.77
170.546
165.423
158.704
209.001
215.775
212.83
208.64
202.714
194.834
177.829
166.327
150.419
209.859
-654321
198.822
192.654
187.141
181.949
176.39
170.762
164.473
158.894
152.879
208.853
211.854
208.172
211.345
214.769
208.593
195.233
175.301
163.828
202.242
-654321
194.25
186.749
181.395
176.358
169.641
163.947
159.354
152.715
146.47
204.95
204.539
212.216
213.597
213.672
212.945
207.45
198.866
182.694
199.63
-654321
188.169
182.154
176.374
169.934
164.445
159.657
152.407
146.348
141.051
198.563
202.274
206.889
214.062
212.151
214.161
216.357
204.917
196.436
193.614
-654321
182.006
176.617
170.463
164.521
158.741
152.388
146.898
140.861
133.849
191.896
199.54
203.234
208.059
211.18
205.755
211.284
211.962
204.411
186.646
-654321
176.286
170.482
164.805
158.09
152.517
147.223
139.963
134.784
129.438
188.441
193.063
199.411
202.792
206.429
213.928
213.324
215.333
210.274
181.54
-654321
171.019
165.297
157.848
152.057
146.185
139.993
135.477
128.802
121.966
181.777
188.049
193.072
198.277
203.963
206.81
211.647
215.156
215.626
175.618
-654321
164.28
158.386
152.457
146.095
140.903
133.984
128.629
121.765
116.177
176.96
181.581
187.819
193.694
196.085
202.239
210.078
213.594
212.497
170.416
-654321
158.66
152.494
146.178
139.999
134.373
128.676
122.701
116.547
111.131
170.499
176.21
180.243
187.391
194.811
198.638
205.963
208.826
209.932
165.392
-654321
152.957
146.705
139.665
133.713
128.188
122.016
116.129
110.301
104.856
163.984
170.374
175.77
181.376
186.985
194.477
199.924
203.112
208.917
158.728
-654321
146.345
140.532
134.673
128.58
121.795
117.053
110.268
104.706
99.8068
158.599
163.568
170.009
174.915
181.77
188.805
194.833
199.734
203.344
152.52
-654321
140.051
134.187
127.617
122.697
117.435
111.023
104.024
99.2259
93.523
152.219
158.012
164.447
170.52
176.083
181.395
188.111
192.279
197.492
147.35
-654321
135.487
129.122
123.567
117.255
109.566
104.406
98.8293
93.7622
145.441
152.71
158.154
164.527
171.484
176.512
183.859
188.093
192.895
141.352
-654321
127.934
123.693
115.85
110.692
104.036
97.7449
93.1944
140.378
146.893
152.793
157.471
164.594
170.328
176.777
181.86
187.193
134.613
-654321
121.944
117.183
111.74
104.082
98.5697
92.4272
134.524
140.599
146.962
151.761
158.682
164.129
170.134
175.214
182.416
127.711
-654321
115.902
108.883
103.446
99.071
92.9224
129.22
134.175
140.956
145.333
152.957
158.596
165.088
168.632
175.971
122.131
-654321
110.689
103.534
97.8067
92.927
122.873
129.198
134.617
141.294
146.225
154.354
157.796
164.659
169.987
117.487
-654321
105.367
99.9357
100.453
116.629
122.184
129.93
133.643
140.427
146.487
151.858
158.296
164.502
111.638
-654321
99.2943
91.9758
110.463
116.472
122.949
128.479
134.729
140.119
146.396
152.865
159.093
105.363
-654321
93.1883
103.735
109.673
116.825
123.673
128.26
134.54
140.467
146.825
152.381
98.526
-654321
98.6087
104.233
110.04
116.756
123.343
126.31
135.794
139.435
146.994
92.3205
-654321
163.371
178.42
189.986
201.34
219.506
225.129
228.432
232.75
228.423
150.446
-654321
180.451
189.963
201.078
220.84
225.619
227.023
229.813
226.425
228.281
150.255
164.823
-654321
191.87
205.025
216.801
224.6
224.866
230.247
228.863
226.838
224.89
162.965
150.302
179.121
-654321
204.929
218.89
227.103
229.966
229.919
232.276
231.614
227.051
222.592
182.09
165.262
150.387
196.883
-654321
214.573
222.356
222.784
232.186
230.439
223.144
220.792
220.948
213.368
191.49
177.299
161.62
150.19
209.849
-654321
227.146
230.439
235.007
231.873
226.011
226.13
220.422
215.513
209.364
201.469
187.921
178.214
163.016
149.961
215.531
-654321
229.144
233.382
231.973
228.485
221.023
219.068
217.319
209.44
204.928
220.504
203.321
194.954
175.074
162.012
148.802
223.097
-654321
229.972
231.108
230.271
222.386
220.673
215.331
210.582
203.849
199.706
227.367
222.212
205.512
189.191
177.24
163.539
150.367
231.286
-654321
230.67
228.599
224.098
220.747
216.301
210.703
204.694
199.231
193.527
231.163
226.101
221.649
205.829
193.449
177.091
164.645
150.24
231.798
-654321
229.086
224.494
220.836
216.139
210.542
205.26
199.814
193.774
187.484
231.874
230.196
221.853
218.915
202.042
192.124
181.119
164.074
150.206
227.865
-654321
221.256
220.771
216.459
210.357
205.439
199.05
192.679
187.658
180.874
229.731
231.915
225.342
226.871
220.369
209.244
189.615
178.616
165.016
227.372
-654321
219.934
215.633
210.118
203.058
198.749
193.994
188.183
181.128
175.995
225.969
221.989
231.382
230.66
224.284
220.258
213.532
191.981
178.394
227.333
-654321
217.171
208.886
204.057
197.839
193.514
187.993
181.626
176.117
169.75
224.924
229.444
231.475
225.862
229.3
227.229
216.209
203.28
197.091
215.874
-654321
211.77
203.116
198.459
193.316
188.081
181.408
175.525
169.858
164.019
220.326
222.521
223.45
230.225
229.638
226.855
228.153
214.807
208.024
217.061
-654321
202.06
200.912
193.829
187.599
181.73
176.59
169.857
164.433
157.379
214.002
220.932
221.546
230.978
234.301
230.137
229.27
228.464
217.35
210.425
-654321
199.577
193.909
187.37
181.773
175.586
169.868
163.759
158.278
151.654
205.311
214.608
220.579
227.155
221.739
229.432
229.343
231.993
223.281
204.894
-654321
193.893
187.269
181.957
175.591
169.202
163.893
157.025
151.708
144.929
203.579
209.618
212.53
214.982
223.405
226.866
224.849
230.473
228.646
199.459
-654321
188.35
182.075
175.218
169.574
163.932
157.036
151.214
146.144
140.156
198.488
205.801
211.193
207.589
220.76
226.583
230.871
230.879
229.552
192.158
-654321
181.983
176.225
169.811
163.85
157.148
152.022
145.944
139.622
133.569
193.351
199.152
204.692
210.317
212.095
220.245
224.192
226.853
230.651
186.439
-654321
175.883
169.446
164.144
157.918
152.163
146.815
139.812
133.461
127.962
187.256
193.566
198.826
204.246
209.738
216.709
221.744
216.701
229.744
181.468
-654321
169.819
163.494
157.493
151.062
145.669
140.217
133.67
127.291
120.94
180.839
187.716
193.585
199.249
202.577
209.118
213.342
222.324
224.39
175.14
-654321
164.121
158.686
151.639
146.478
138.854
134.52
127.702
122.345
175.632
180.472
187.419
194.003
198.23
202.859
208.149
212.228
219.397
168.353
-654321
157.114
151.687
145.724
139.287
134.127
127.153
119.875
169.486
175.45
181.956
185.952
193.049
199.503
203.678
210.036
215.987
164.892
-654321
151.234
144.828
139.348
134.055
126.371
122.723
164.346
167.873
175.615
182.011
187.436
192.746
198.477
205.169
210.827
157.455
-654321
145.003
140.839
134.596
128.903
121.599
158.157
164.033
169.413
175.37
181.124
187.931
192.825
197.094
206.148
152.267
-654321
140.514
135.226
125.892
122.171
152.403
157.908
164.055
171.752
177.005
181.081
186.784
193.064
198.499
144.874
-654321
134.047
127.198
122.057
146.859
152.808
157.22
164.17
169.273
175.193
180.226
187.817
193.021
139.778
-654321
127.095
122.342
138.811
144.424
151.748
157.725
163.118
170.255
175.744
181.282
187.379
132.983
-654321
122.106
133.617
139.195
146.276
152.793
156.472
162.714
168.711
176.687
181.437
128.04
-654321
128.61
133.445
138.083
145.583
151.156
158.226
161.991
170.767
174.856
122.989
-654321
162.601
175.798
192.191
205.707
222.331
225.672
244.083
245.073
248.478
149.352
-654321
182.082
194.662
204.053
220.917
227.48
250.096
236.257
246.14
250.972
152.119
162.695
-654321
196.659
205.964
213.352
224.71
242.788
241.89
246.714
248.54
246.503
165.382
149.759
177.81
-654321
210.441
220.191
240.781
239.48
245.37
249.101
250.051
249.562
242.625
175.297
165.176
150.748
194.456
-654321
226.774
238.288
239.029
241.053
244.523
248.012
244.947
233.712
243.584
196.488
178.443
164.648
149.774
206.502
-654321
228.615
246.374
244.606
248.97
247.85
249.076
239.682
237.531
234.299
208.726
198.905
174.272
163.35
152.364
219.07
-654321
242.048
235.972
231.81
242.22
246.169
244.709
241.999
236.446
229.951
221.569
207.474
193.514
177.194
160.182
150.791
231.658
-654321
247.033
236.464
248.848
244.731
239.827
238.944
236.371
231.614
223.72
223.394
223.781
204.342
193.365
182.657
165.983
152.027
237.718
-654321
247.473
246.052
243.948
247.905
237.568
235.152
230.749
227.698
220.201
238.414
234.676
223.16
206.682
194.259
173.833
164.833
150.657
246.483
-654321
245.069
246.62
242.134
240.221
234.023
232.677
224.739
221.575
215.561
242.238
236.033
236.34
211.768
205.924
188.412
179.977
163.979
150.031
245.692
-654321
245.984
242.375
243.161
236.367
231.312
226.493
218.663
214.976
209.084
248.223
245.972
242.213
231.518
225.652
205.029
192.417
176.08
165.737
249.545
-654321
241.47
238.164
234.414
230.487
227.236
220.81
215.688
210.25
204.731
246.836
247.34
250.671
238.551
226.324
219.489
200.864
194.06
179.22
244.845
-654321
240.404
232.04
233.394
228.099
220.943
216.498
209.314
204.574
198.121
245.722
240.967
247.765
247.88
235.716
235.202
221.483
205.019
190.844
245.007
-654321
239.754
230.116
225.179
221.893
215.491
210.105
204.867
198.093
192.567
244.643
250.023
250.542
253.407
250.753
241.619
237.314
224.261
207.246
240.737
-654321
231.435
218.298
220.524
216.309
208.708
202.595
198.479
191.902
187.424
241.062
240.548
244.434
239.589
246.685
256.141
241.533
220.89
226.759
236.084
-654321
226.767
221.569
216.649
210.268
204.498
199.119
192.54
185.887
180.591
232.391
238.759
243.117
246.527
240.481
233.266
248.418
241.559
229.65
232.908
-654321
217.747
216.032
208.632
204.48
198.757
192.858
186.293
180.444
175.368
233.135
239.221
243.015
242.91
234.636
251.857
249.995
249.001
238.363
225.566
-654321
213.565
209.391
204.352
198.498
192.946
186.912
180.455
174.436
169.156
226.608
226.01
239.277
244.083
244.564
247.578
243.358
250.964
251.9
220.483
-654321
210.133
203.315
198.323
193.467
186.742
181.19
175.173
169.121
162.098
220.052
223.191
231.827
238.795
239.388
248.262
245.214
247.69
246.228
216.678
-654321
204.388
198.368
192.509
186.214
180.666
174.715
168.132
162.717
156.025
215.737
222.117
226.42
230.78
234.697
239.45
230.159
248.178
250.959
210.291
-654321
198.613
192.747
186.396
180.398
174.307
168.388
162.48
156.39
150.588
209.248
215.761
219.726
227.829
231.523
234.594
242.831
242.78
248.346
204.172
-654321
192.348
185.477
181.17
174.564
168.313
161.318
156.138
150.659
203.995
210.454
216.049
222.513
226.245
227.415
236.949
239.852
245.182
198.432
-654321
186.392
180.093
175.99
168.609
161.608
157.072
151.086
198.466
204.806
210.823
213.683
220.099
226.985
229.831
229.568
238.857
192.533
-654321
181.037
173.884
168.626
163.61
155.796
151.119
193.185
198.25
205.246
210.462
215.065
220.332
227.967
230.782
236.871
187.202
-654321
174.693
166.998
161.968
156.011
150.702
186.714
190.971
197.852
202.67
209.77
213.318
218.563
227.061
231.339
180.234
-654321
168.615
162.113
156.903
150.525
179.583
187.178
192.493
171.503
203.718
210.087
215.874
221.481
226.953
175.353
-654321
163.591
155.771
151.115
173.996
179.788
186.207
192.159
199.442
204.816
208.807
216.396
220.22
168.999
-654321
155.994
150.288
169.285
174.377
180.684
185.552
192.153
197.896
203.001
210.111
214.431
162.64
-654321
151.165
160.597
169.045
174.59
180.76
186.992
192.693
198.519
203.743
208.196
156.048
-654321
157.65
163.883
168.206
174.692
179.84
186.789
192.683
198.478
204.077
150.21
-654321
165.859
176.329
195.16
208.727
215.183
247.668
241.407
251.271
268.251
151.38
-654321
184.356
187.781
208.528
231.795
236.971
251.232
253.706
259.208
269.229
149.949
162.544
-654321
192.302
197.832
218.853
226.077
249.024
257.188
263.144
255.348
261.231
168.723
149.78
174.414
-654321
210.553
215.48
227.58
245.071
257.649
265.635
264.496
265.177
267.781
177.232
162.103
151.194
197.574
-654321
222.313
231.983
253.981
256.802
265.217
261.633
265.892
268.967
264.823
191.641
179.721
164.306
151.157
211.515
-654321
236.302
253.754
258.935
262.046
267.149
267.646
264.149
264.438
256.637
205.962
196.09
176.561
164.482
150.355
230.506
-654321
257.42
249.885
272.293
263.09
261.149
265.924
267.091
262.082
252.643
225.292
213.448
190.95
178.842
161.211
150.121
232.898
-654321
250.564
264.474
256.551
262.896
267.627
262.978
260.411
256.332
254.081
240.032
224.817
210.829
196.258
174.736
164.786
151.092
246.427
-654321
258.269
264.673
264.291
268.856
263.718
261.489
258.19
254.943
249.191
246.015
233.859
219.192
205.329
190.494
181.088
165.953
150.69
250.429
-654321
266.963
266.138
259.31
264.842
255.152
260.988
254.167
248.638
245.505
251.928
233.564
232.06
216.241
202.323
189.827
180.249
164.478
151.189
256.24
-654321
266.246
267.432
262.611
259.837
258.068
252.935
250.651
245.423
238.183
263.467
256.425
248.219
234.883
218.645
208.376
190.219
175.884
163.609
266.039
-654321
268.306
262.962
259.227
261.443
253.68
250.424
245.281
238.421
234.591
263.3
259.421
257.492
244.206
235.625
224.606
205.762
189.711
177.265
265.355
-654321
264.575
260.868
260.401
254.565
249.163
244.968
239.254
234.563
229.893
264.468
262.052
263.631
262.434
244.308
235.005
219.055
201.472
196.963
264.457
-654321
259.624
259.719
254.919
245.257
245.011
239.363
235.479
228.332
223.252
266.412
264.628
266.779
264.629
258.955
243.674
243.823
223.017
208.903
265.046
-654321
253.078
255.746
251.403
243.447
240.025
233.371
229.592
224.281
217.442
262.976
265.157
268.011
256.721
258.401
253.314
256.666
239.378
218.302
265.352
-654321
252.409
245.963
244.728
240.794
235.111
226.757
222.38
217.669
212.747
263.538
261.662
260.295
259.873
265.99
257.866
241.987
245.606
242.353
257.961
-654321
246.491
241.564
240.829
230.109
229.299
222.603
217.689
211.973
205.803
261.034
259.923
265.917
270.569
267.811
264.51
262.819
251.622
256.593
254.602
-654321
244.168
240.635
234.906
227.876
224.205
218.358
211.722
206.889
199.275
251.838
255.224
266.176
265.122
269.817
267.998
262.999
262.835
255.765
249.983
-654321
239.277
235.076
229.869
224.358
218.337
212.064
206.142
199.288
194.09
246.484
250.609
260.315
262.753
265.762
261.952
265.574
275.588
266.429
243.765
-654321
233.034
229.762
222.203
218.318
210.846
205.716
200.673
193.616
188.142
243.697
251.816
251.73
260.936
263.059
260.567
262.12
265.141
261.992
241.565
-654321
229.809
224.399
218.034
213.753
206.358
200.058
194.326
187.397
181.788
240.857
243.423
252.117
253.363
258.006
269.506
266.073
266.886
263.309
234.302
-654321
224.093
217.241
212.065
206.544
200.286
194.21
188.099
182.149
228.022
240.372
241.244
253.222
251.193
257.053
264.356
265.107
265.872
229.293
-654321
217.984
212.595
206.105
200.596
194.44
188.284
181.682
230.391
235.981
237.672
244.399
252.446
251.503
262.201
262.336
268.2
224.416
-654321
212.101
205.026
199.374
193.896
186.976
181.595
223.615
229.03
232.659
241.019
246.736
250.052
252.146
247.895
261.673
218.159
-654321
206.768
200.322
194.178
189.071
182.054
218.332
220.801
229.294
234.484
240.386
246.434
249.611
250.779
257.04
212.75
-654321
199.501
193.443
188.094
182.141
211.714
217.945
223.741
229.407
234.281
241.272
247.23
252.666
252.525
206.218
-654321
192.987
186.831
182.586
206.205
212.598
217.978
224.203
229.438
234.602
239.235
247.66
249.056
199.907
-654321
187.657
182.022
199.52
205.782
212.613
216.824
224.51
226.257
227.71
237.916
245.125
167.244
-654321
182.061
194.097
199.902
204.585
211.916
216.27
223.695
229.467
234.534
240.657
187.683
-654321
187.697
193.664
199.852
205.514
212.632
218.017
222.835
229.408
235.113
181.91
-654321
164.203
186.925
190.926
210.096
220.899
229.192
241.021
271.41
263.1
148.562
-654321
180.939
183.851
205.615
223.8
223.934
241.227
250.909
270.504
285.449
151.117
167.636
-654321
189.943
209.302
219.027
231.433
246.965
254.88
268.459
282.674
282.696
167.095
150.594
179.796
-654321
203.212
219.293
243.939
238.168
260.529
275.023
280.592
281.675
283.603
179.126
164.909
151.056
192.552
-654321
213.193
227.159
260.777
266.256
260.3
277.351
281.955
281.454
281.507
198.138
176.106
163.082
149.99
204.589
-654321
231.582
244.814
265.336
274.495
275.623
285.048
279.88
281.059
285.411
209.01
195.102
179.881
166.878
148.523
221.127
-654321
261.268
253.035
275.79
275.541
283.773
285.106
282.005
278.577
279.179
218.751
215.06
189.551
177.719
164.278
151.316
246.058
-654321
263.677
277.906
281.766
280.639
278.037
287.188
284.162
273.662
272.814
241.8
225.614
204.674
196.143
179.286
168.132
151.792
246.784
-654321
270.403
283.55
283.133
277.099
276.315
279.927
279.98
271.859
274.455
251.214
238.877
214.561
212.559
187.226
177.909
164.574
149.241
264.574
-654321
270.817
279.179
277.25
287.693
282.07
280.97
276.568
274.437
273.806
262.289
248.145
225.51
214.227
200.144
191.769
179.459
166.832
150.476
277.312
-654321
284.079
284.219
286.923
280.145
277.129
283.897
276.272
270.047
267.445
270.678
271.305
254.639
242.917
220.746
202.425
189.018
177.968
161.493
277.673
-654321
278.233
283.351
286.191
278.501
279.732
273.295
267.95
263.877
259.84
285.767
274.753
272.808
248.936
230.161
223.81
208.032
195.236
179.433
281.025
-654321
282.426
278.209
283.743
276.357
277.177
271.332
267.533
260.199
254.368
282.292
278.901
277.459
252.578
244.55
241.697
223.687
209.707
191.667
284.504
-654321
280.996
278.941
281.821
277.727
271.925
266.353
261.424
255.063
250.172
285.009
284.102
281.209
273.002
263.938
246.83
234.821
220.798
203.709
280.095
-654321
283.835
281.511
271.708
270.236
265.062
263.951
254.626
251.435
244.06
278.924
279.183
279.789
274.788
264.329
271.177
250.548
229.029
214.721
281.967
-654321
274.463
274.634
274.503
265.849
255.962
255.922
248.61
245.382
237.603
282.385
281.639
280.931
277.793
281.632
258.03
255.882
250.78
229.143
283.032
-654321
273.147
270.051
269.048
260.692
256.42
253.109
247.245
239.462
235.422
279.826
285.821
284.449
285.739
280.871
268.914
272.75
254.223
244.884
279.059
-654321
269.554
263.997
261.026
257.731
251.238
244.328
238.934
233.602
229.203
280.269
277.535
279.56
282.547
282.714
286.979
267.994
267.426
267.913
277.024
-654321
269.814
261.845
257.949
248.637
245.429
240.764
232.692
228.321
222.633
278.251
280.121
276.989
282.562
282.657
286.107
276.794
274.647
266.774
274.869
-654321
260.569
256.646
247.79
246.205
238.479
233.225
229.41
223.487
217.954
275.963
278.451
283.053
280.726
280.859
280.331
282.09
274.327
288.826
270.307
-654321
256.948
248.484
246.806
240.522
234.604
229.327
223.897
217.205
211.405
266.168
272.648
273.93
271.301
280.949
272.627
277.91
281.075
267.812
262.621
-654321
250.813
245.933
241.231
234.827
229.345
222.904
217.993
211.108
261.732
263.193
272.833
268.372
279.291
283.391
281.855
284.341
276.389
256.334
-654321
247.105
240.932
234.182
229.6
223.127
216.937
211.445
258.042
258.139
257.412
275.408
277.177
281.513
269.916
282.504
290.117
252.839
-654321
240.534
234.766
226.258
223.834
217.531
211.818
253.227
256.266
258.276
268.172
266.167
274.761
276.154
272.303
287.425
246.926
-654321
231.618
228.553
222.385
218.324
211.262
244.339
252.951
255.83
258.824
270.912
270.963
280.098
279.813
276.167
239.501
-654321
229.938
223.624
217.951
211.512
239.799
241.2
252.529
258.72
258.466
270.155
273.871
274.338
279.52
234.951
-654321
224.349
217.445
211.282
234.851
241.107
246.241
247.587
238.976
261.475
262.42
269.407
272.399
228.762
-654321
217.552
211.281
228.688
235.055
239.398
244.956
252.445
256.167
258.24
270.12
270.581
222.935
-654321
211.224
223.036
228.666
233.298
240.319
245.924
253.835
258.08
253.185
266.418
217.181
-654321
217.75
222.975
227.301
235.768
241.338
246.425
252.742
258.506
262.747
209.057
-654321
155.157
161.205
171.824
185.38
193.503
206.102
202.898
178.354
223.548
144.333
-654321
164.553
172.345
183.664
194.319
205.49
198.486
218.225
226.081
237.96
151.303
155.841
-654321
173.242
185.38
195.12
213.847
202.394
215.904
227.728
231.676
240.596
158.168
144.809
164.951
-654321
183.314
191.375
203.676
210.883
203.121
234.546
233.456
241.035
244.06
165.547
153.222
145.939
172.885
-654321
191.262
201.167
223.725
214.952
236.088
232
234.796
243.608
241.222
175.275
164.014
153.161
145.374
185.355
-654321
199.23
214.074
231.344
236.099
237.505
230.427
240.754
243.308
245.146
182.979
176.02
162.932
154.831
147.216
198.78
-654321
212.285
223.315
229.308
223.924
246.726
240.632
239.142
244.479
245.885
186.471
179.243
171.978
167.816
154.883
145.938
198.787
-654321
222.573
223.897
224.958
234.067
243.735
239.164
247.375
242.972
243.013
207.501
192.364
181.453
170.942
162.89
156.928
146.327
220.935
-654321
227.774
225.934
242.693
239.165
243.849
244.171
242.812
244.047
239.555
211.064
202.894
195.417
184.253
177.952
164.866
150.249
145.874
223.523
-654321
228.04
231.884
238.306
231.256
243.643
236.446
241.547
242.67
241.154
221.988
210.972
216.015
194.979
182.032
175.083
164.163
154.106
146.353
229.309
-654321
241.064
247.354
240.086
241.648
241.174
241.175
241.88
240.073
238.609
228.248
216.598
208.187
192.652
190.565
186.783
175.754
164.579
155.502
241.891
-654321
245.39
243.565
238.803
238.607
254.838
241.28
239.462
236.612
234.633
231.831
224.958
224.144
214.142
197.894
190.133
184.175
174.128
162.976
235.083
-654321
245.547
243.273
244.311
243.403
240.302
241.426
235.833
234.457
226.479
240.337
235.792
231.01
224.193
214.379
200.026
187.127
180.466
174.856
241.398
-654321
243.132
245.28
241.065
241.857
236.317
235.137
231.421
231.365
224.359
242.578
226.584
241.727
227.605
224.285
208.663
195.996
193.385
185.189
238.721
-654321
243.025
243.257
241.161
236.485
235.912
233.616
229.856
227.21
223.234
242.685
240.447
246.986
229.711
227.289
221.213
212.541
197.688
190.256
241.713
-654321
242.734
239.824
239.437
237.343
231.987
228.178
227.152
224.37
220.315
242.185
240.907
245.365
238.634
231.285
229.287
220.84
211.684
205.927
241.419
-654321
240.56
239.908
237.401
232.798
230.541
225.221
223.24
220.217
216.609
242.28
240.56
240.33
265.228
235.889
235.046
222.255
219.882
210.8
242.061
-654321
239.112
237.522
235.434
231.754
227.242
224.755
220.796
216.856
212.489
244.194
246.276
243.815
246.282
243.903
237.002
236.912
232.104
217.772
236.856
-654321
238.127
235.113
228.299
226.981
225.044
218.005
217.122
213.348
209.47
234.225
242.96
242.275
244.222
242.538
232.468
234.669
236.885
230.038
235.281
-654321
233.648
229.645
227.809
223.226
220.39
217.228
213.71
208.99
205.58
238.384
244.258
235.825
240.854
234.707
239.711
241.421
233.889
234.602
236.834
-654321
231.778
226.931
223.226
220.919
216.647
213.237
209.727
205.766
201.506
237.214
237.501
231.172
242.173
229.134
247.006
243.987
247.097
243.649
229.144
-654321
227.126
224.849
220.962
217.204
213.293
209.388
205.114
201.886
233.184
236.482
238.75
241.27
241.727
245.014
247.148
239.351
244.347
231.1
-654321
222.044
219.672
216.207
211.792
209.351
205.892
201.958
230.699
233.85
239.345
236.533
240.429
241.36
245.392
240.412
239.289
227.344
-654321
220.895
215.501
213.22
208.468
206.134
201.66
228.258
227.48
229.462
236.306
242.813
242.379
245.017
239.366
244.293
221.202
-654321
217.449
211.682
209.665
204.91
202.08
223.068
228.122
229.976
234.747
236.622
238.845
242.552
243.172
246.693
218.933
-654321
213.199
209.154
205.717
202.357
220.654
220.894
224.51
232.07
235.563
234.479
236.934
243.519
241.416
217.489
-654321
209.294
205.797
201.429
217.771
221.137
223.58
228.233
231.688
231.123
237.425
242.26
238.232
213.143
-654321
205.951
201.454
212.823
216.958
220.851
220.233
227.333
230.351
235.162
236.391
239.969
210.097
-654321
202.088
209.486
213.534
212.352
221.533
224.587
228.165
231.428
235.716
237.476
206.493
-654321
205.756
209.339
213.172
214.978
221.15
224.084
225.8
231.774
232.205
201.916
-654321
