217.396
198.462
194.626
190.48
186.536
182.468
178.518
174.492
170.474
209.836
-654321
198.77
194.982
190.94
186.653
182.752
199.466
174.872
170.886
166.997
207.52
202.416
-654321
194.957
191.233
187.002
183.028
179.313
174.975
170.969
167.216
163.032
202.084
202.548
198.762
-654321
190.793
186.742
182.642
178.701
206.683
170.469
166.619
162.636
158.668
198.543
202.174
202.342
194.682
-654321
186.641
182.729
178.619
174.467
170.712
194.596
162.884
158.62
154.747
194.733
198.711
201.717
202.782
190.761
-654321
182.968
178.62
174.605
170.472
166.711
162.655
158.602
154.747
150.474
190.769
194.547
198.323
202.148
206.407
186.579
-654321
178.833
174.86
170.993
166.854
162.65
158.712
154.613
150.708
146.881
186.794
219.409
194.327
198.879
202.15
202.227
218.719
-654321
174.56
170.634
166.484
162.744
174.49
154.573
150.447
146.84
142.52
182.598
186.761
190.765
194.89
198.736
202.018
202.168
178.469
-654321
170.591
166.757
162.795
158.976
154.871
150.619
146.793
142.751
138.762
178.775
182.648
186.544
190.62
206.809
198.606
201.881
202.508
174.599
-654321
166.785
162.671
158.844
154.56
150.523
146.714
142.837
138.605
134.75
174.892
178.507
182.533
186.468
190.737
194.59
198.269
201.801
202.547
170.485
-654321
162.787
159.046
154.818
150.875
147.03
142.378
138.588
147.044
130.617
170.899
174.695
178.797
182.702
186.786
190.711
194.814
198.989
201.858
166.517
-654321
158.62
154.837
150.733
146.718
142.724
138.517
134.593
130.834
126.855
166.699
197.716
174.936
178.797
182.736
186.975
220.397
194.439
207.733
162.647
-654321
154.862
150.871
146.52
142.513
138.497
134.684
130.993
126.707
122.813
162.759
194.806
170.638
174.532
178.926
182.545
186.395
190.646
219.088
158.921
-654321
150.788
164.716
142.608
138.835
134.378
130.653
126.917
122.352
119.195
158.658
162.63
166.735
170.646
174.716
178.576
182.782
186.553
190.687
154.515
-654321
146.866
143.336
139.389
134.514
130.677
126.735
122.556
118.689
114.658
154.825
158.324
162.865
166.874
170.71
174.369
178.428
219.102
186.602
150.762
-654321
158.978
138.82
134.84
130.717
127.021
128.331
118.755
114.885
110.764
150.806
155.178
158.99
162.588
166.903
170.746
174.736
209.692
182.856
146.631
-654321
138.756
134.69
131.353
126.48
122.761
118.564
115.008
110.428
106.916
146.922
150.577
155.132
158.811
162.511
166.49
170.789
175.245
212.653
142.782
-654321
134.604
130.781
126.58
122.829
118.973
114.962
110.996
104.867
102.851
142.842
147.109
170.979
154.708
158.879
162.625
166.524
200.453
174.877
138.775
-654321
130.552
126.957
122.949
118.487
114.172
111.043
106.719
102.704
98.3824
138.554
142.733
146.869
150.538
154.592
159.125
162.307
166.522
170.6
134.765
-654321
126.645
122.919
118.409
114.536
111.253
106.89
103.059
98.8836
95.0955
134.955
139.047
142.753
146.47
151.451
154.865
158.985
162.505
194.666
130.434
-654321
122.662
119.005
114.733
110.974
106.162
103.134
98.8347
94.7892
91.1438
131.047
134.796
139.184
142.738
146.87
150.836
154.819
158.311
162.841
126.403
-654321
119.407
114.703
110.542
106.188
103.229
98.528
94.2015
90.9973
87.1563
126.546
130.676
134.706
138.348
143.235
146.838
150.609
154.965
158.787
123.08
-654321
114.315
110.99
107.032
102.75
99.0672
94.0869
90.796
86.7169
82.7877
122.471
127.029
130.703
134.734
138.502
142.62
146.836
150.259
154.864
118.551
-654321
110.379
106.117
102.786
98.0394
94.4876
90.9102
86.9865
83.0632
79.0489
119.141
122.669
126.514
130.462
134.527
138.943
142.921
146.172
150.944
114.239
-654321
107.489
102.954
98.9797
94.9154
90.4061
86.9256
82.7031
78.791
74.5888
114.826
119.67
122.797
126.722
130.488
147.337
138.72
143.274
146.828
111.009
-654321
102.23
98.606
86.415
90.4146
86.6183
82.719
78.64
74.5057
70.0243
111.017
114.708
118.047
123.207
126.214
130.51
135.333
139.262
142.734
106.471
-654321
99.407
94.3787
90.5791
86.6749
82.6363
78.4697
74.5514
70.0906
66.6062
106.225
110.432
114.892
118.265
123.146
126.297
131.135
134.744
138.625
103.388
-654321
94.4829
90.7623
86.2827
68.7356
78.7892
74.5012
70.5539
66.46
62.1986
102.796
106.309
110.976
114.274
118.785
123.365
126.66
130.827
134.303
143.587
-654321
91.038
86.6151
69.2271
78.3494
74.9126
70.4158
66.1225
37.9257
59.0326
92.7854
102.532
106.852
110.73
114.7
118.058
123.138
127.333
130.726
94.569
-654321
87.129
82.838
78.7339
74.3008
70.8334
66.4942
63.0026
58.4778
55.1699
94.0249
98.8343
102.433
107.303
110.4
115.731
118.597
122.431
126.902
90.4374
-654321
82.9607
78.1104
74.4793
130.502
44.7329
63.1249
124.912
54.6557
51.2093
80.6262
94.4946
98.6857
102.911
107.081
111.119
115.239
153.977
122.754
86.9578
-654321
134.154
75.6954
71.2683
128.072
61.9482
59.0577
122.106
50.0098
138.078
140.692
95.7689
98.8405
102.107
107.146
110.405
115.128
118.809
82.2469
-654321
74.275
70.2862
65.8821
62.8362
58.5196
55.0527
50.8143
82.1718
86.6713
91.178
93.8954
98.7922
101.672
106.838
150.126
114.621
78.6555
-654321
129.774
67.1409
61.8813
58.9356
54.2763
50.862
78.6486
82.6559
87.1299
91.2558
94.2469
98.7825
102.993
107.596
110.57
74.1917
-654321
66.6223
61.7395
58.1835
55.9501
50.3682
74.3627
78.187
136.313
86.3179
139.519
94.8938
98.7583
103.422
106.509
71.3857
-654321
63.3362
123.876
54.6907
51.3284
71.21
57.0755
79.1557
135.802
86.5308
90.3292
94.5214
143.776
102.314
66.7697
-654321
58.5186
54.5835
49.7719
66.5345
71.5956
75.1821
133.791
82.4706
87.4983
139.152
94.5826
98.2615
62.5833
-654321
54.2117
120.091
125.991
66.9859
70.6957
74.1095
133.814
82.6673
87.1368
140.413
95.1226
58.5984
-654321
50.4973
57.8476
62.3362
67.0689
70.2054
74.3198
133.646
82.5734
137.694
90.871
55.0755
-654321
53.4532
58.2636
62.1686
66.952
130.424
74.3344
77.9367
81.9108
86.3128
119.794
-654321
218.273
219.692
215.83
210.948
204.805
199.024
192.808
186.673
181.108
211.359
-654321
220.022
215.873
210.806
205.468
199.372
193.458
187.522
181.531
175.694
210.762
219.334
-654321
216.598
211.444
205.32
199.627
193.557
187.572
181.751
175.646
169.335
219.545
210.823
219.879
-654321
212.231
206.024
200.12
194.135
187.765
182.026
175.676
169.878
164.146
220.959
220.433
210.025
216.179
-654321
205.684
199.918
193.769
187.965
181.27
175.842
169.641
163.671
157.477
216.121
220.457
221.839
211.169
211.408
-654321
199.848
193.478
187.417
181.827
175.539
169.399
163.892
157.412
151.397
210.865
215.797
219.835
220.097
211.623
205.466
-654321
193.596
187.35
181.761
175.618
169.32
163.595
157.596
151.671
145.732
205.385
211.469
216.375
219.669
218.751
211.723
199.391
-654321
187.603
181.406
175.298
169.291
163.208
157.73
151.615
145.559
139.34
199.214
205.215
211.328
216.247
219.408
219.735
211.155
193.523
-654321
181.638
175.284
169.453
163.407
157.602
151.943
145.697
139.738
133.487
193.564
199.493
205.836
210.92
215.732
220.27
219.898
210.61
187.536
-654321
175.277
169.446
163.847
157.532
151.634
145.704
139.641
132.999
127.456
187.235
193.428
199.663
205.904
211.336
216.211
219.856
218.337
210.264
181.509
-654321
169.285
163.919
157.792
152.139
145.751
139.971
133.786
127.423
121.725
181.737
187.51
193.814
199.509
205.25
210.887
217.011
220.452
219.368
175.564
-654321
163.332
157.593
151.285
145.33
139.881
133.267
127.629
122.123
115.78
175.628
181.289
187.871
193.268
199.709
205.635
211.062
215.597
219.348
169.438
-654321
157.914
152.079
146.442
139.777
133.47
127.572
121.73
115.506
109.301
169.863
175.481
182.444
187.367
193.511
199.594
205.023
212.055
216.236
163.896
-654321
151.741
145.754
139.415
133.443
127.699
122.182
116.193
109.807
103.592
163.607
169.852
175.443
181.951
187.531
194.182
199.283
205.937
211.229
157.073
-654321
145.825
138.959
133.638
128.068
121.578
115.006
110.036
103.751
97.0053
157.026
163.263
169.51
175.425
180.906
187.62
194.019
198.935
205.474
151.597
-654321
139.201
133.247
127.592
121.364
115.988
109.665
103.888
97.414
91.604
151.033
157.744
163.76
169.965
175.38
181.259
187.566
194.007
199.585
145.664
-654321
133.359
127.86
121.315
115.054
109.46
103.26
97.4937
91.3941
85.059
145.107
151.564
157.371
163.475
169.564
175.489
180.961
187.538
193.901
140.117
-654321
127.383
121.295
115.893
109.077
103.931
97.485
91.2751
85.3382
79.8504
139.168
145.071
151.44
158.322
163.593
168.619
175.405
181.631
187.571
133.695
-654321
122.279
114.95
109.137
103.946
97.5382
91.6543
86.2139
79.7717
73.3376
132.999
139.347
145.622
151.728
157.937
163.268
169.225
175.274
181.58
127.516
-654321
115.686
109.456
104.333
97.1639
91.2888
85.5331
78.4338
73.2402
67.2126
127.294
132.985
139.302
145.578
152.11
157.623
163.881
170.142
175.598
121.246
-654321
108.984
103.143
98.2929
90.7796
85.4618
79.701
73.2699
67.2483
61.998
121.383
127.854
133.534
139.176
145.819
151.503
157.516
162.968
169.38
115.507
-654321
104.136
97.8701
91.3431
85.7692
79.7107
73.1803
67.482
61.143
55.7321
115.938
121.454
128.01
133.971
138.878
145.187
150.964
157.953
163.824
109.485
-654321
97.1503
91.5945
85.6515
79.1773
73.2767
67.6499
61.7992
55.966
50.315
109.061
116.718
121.167
127.807
133.307
139.648
145.419
151.211
157.687
103.961
-654321
90.8034
85.9253
79.0498
73.5898
66.4716
62.0607
55.1455
49.9663
43.0646
103.462
109.52
115.403
121.808
128.098
133.606
140.045
145.919
151.787
97.245
-654321
85.5866
79.485
73.0117
66.7925
61.4504
56.0931
49.9146
43.4422
37.5467
97.575
103.277
108.884
115.579
140.732
128.037
133.31
140.42
145.35
91.4927
-654321
79.8607
72.5543
66.3773
61.356
54.8803
49.6358
43.6666
37.5116
81.5315
91.6561
97.9534
104.518
109.258
115.159
121.845
126.843
133.668
139.546
85.0532
-654321
73.2332
66.5465
61.256
55.9828
49.5477
43.3323
37.8323
30.9831
26.1959
86.0587
90.9234
97.6228
104.797
108.524
116.175
121.702
128.096
133.455
79.7368
-654321
67.4626
60.2897
55.7492
49.1521
42.8228
36.6552
30.5318
25.6639
19.341
79.8043
86.0077
92.2529
125.286
103.973
109.784
115.25
120.198
127.355
74.4453
-654321
61.6635
55.9757
49.2877
43.6555
37.5618
32.1067
25.0323
19.5487
13.0953
73.3413
79.9109
86.171
92.7998
97.5759
104.13
109.458
115.784
121.385
67.1575
-654321
56.777
92.8824
43.153
38.0421
32.2928
26.9395
19.5334
13.077
7.17564
68.305
73.4564
79.1574
84.6693
93.0466
97.3185
128.779
109.373
116.361
62.606
-654321
49.7362
100.29
37.1494
93.2158
25.1826
20.0692
13.1765
7.72842
0.752888
60.7355
67.1954
73.9217
79.1147
116.749
90.1743
96.7835
103.584
109.458
54.878
-654321
43.4977
37.9023
31.1873
25.2776
20.104
13.2469
77.2726
1.87819
56.3232
62.0821
67.7502
74.1901
112.514
85.9651
120.712
97.8393
103.628
50.652
-654321
37.3017
32.5366
26.4079
20.4509
13.2888
6.7977
0
51.4084
55.5197
63.3007
115.958
74.2248
79.9658
85.7368
92.2756
97.6223
43.0937
-654321
32.6403
87.9026
19.7656
13.3948
8.62633
2.41233
42.9045
49.9861
54.6481
61.9773
66.686
74.3974
79.0955
85.2259
91.5681
96.4649
-654321
24.8466
19.8713
79.8427
7.4908
61.7476
38.196
44.5307
49.5325
55.5187
61.2841
68.0818
73.4485
78.282
85.3204
80.319
-654321
84.5632
12.7698
7.53275
1.1257
31.2474
38.6725
42.1107
50.0709
54.6581
112.521
67.2075
109.697
79.2842
88.1953
-654321
80.495
7.66019
0.675133
26.3051
31.458
38.3608
44.3499
50.1001
55.96
100.969
106.496
73.6627
137.794
-654321
76.8469
70.7628
18.5935
25.5456
81.7691
36.391
43.01
50.4463
55.9552
62.2063
68.3211
12.1517
-654321
71.8533
15.0993
20.0582
25.7101
31.206
85.7475
101.692
48.8583
54.6792
61.9598
76.985
-654321
63.3765
13.4421
73.4531
25.9837
92.3435
38.5217
88.8756
50.0894
55.5839
0.433727
-654321
223.588
235.918
238.092
236.392
234.913
228.45
224.185
218.324
212.726
210.761
-654321
236.136
236.607
234.961
234.674
229.699
222.619
217.776
211.93
205.611
209.96
226.514
-654321
238.494
237.904
233.32
228.615
222.353
217.853
211.761
205.745
200.135
225.119
210.181
235.124
-654321
237.35
234.611
229.113
224.144
218.426
212.498
206.462
200.496
194.709
235.995
225.817
211.327
239.79
-654321
234.054
228.773
224.239
218.253
212.442
206.77
200.155
194.503
188.141
238.529
234.611
226.735
211.572
238.914
-654321
229.802
224.766
218.701
212.594
206.221
200.501
194.326
188.802
182.61
238.246
240.799
236.045
224.178
211.546
234.939
-654321
223.975
218.04
212.554
206.692
200.798
194.393
188.361
182.064
176.652
234.788
237.828
239.462
237.354
225.862
212.509
228.901
-654321
218.852
212.35
206.282
200.256
194.421
188.882
182.594
176.165
170.42
229.844
233.892
239.524
238.8
237.946
224.474
211.16
223.362
-654321
212.169
206.252
200.06
194.987
188.274
182.533
176.394
170.198
164.555
224.092
228.896
233.984
236.461
238.94
233.263
224.764
209.994
218.362
-654321
206.78
201.049
194.272
188.668
182.203
176.779
171.2
164.504
159.126
218.322
224.74
229.362
235.076
236.751
239.319
232.735
225.573
211.426
212.196
-654321
201.142
194.454
188.125
183
176.081
170.816
164.622
158.425
152.173
212.066
218.302
224.395
229.323
234.401
235.457
238.251
236.61
226.953
206.684
-654321
194.095
187.977
182.21
176.018
170.307
164.156
158.306
151.351
146.777
206.631
211.65
218.317
223.799
229.329
234.769
235.455
237.988
237.109
201.133
-654321
188.274
182.717
176.711
170.661
164.724
158.566
152.297
146.833
141.181
200.68
206.656
211.459
217.645
224.192
230.217
233.325
237.409
237.918
194.557
-654321
182.569
176.243
170.218
164.917
158.218
152.256
146.426
140.156
134.153
194.591
200.815
206.057
212.235
218.407
223.524
229.003
232.979
237.36
188.421
-654321
176.509
170.301
164.879
157.818
152.645
146.518
140.022
134.163
128.459
188.25
194.896
200.115
206.451
212.574
217.814
223.978
229.135
234.8
182.698
-654321
170.535
164.307
158.674
151.698
146.629
140.045
134.062
128.535
122.664
182.539
188.106
194.509
200.126
206.144
212.727
217.362
223.276
229.571
176.651
-654321
164.315
159.02
152.56
146.662
140.512
134.097
128.711
122.145
116.496
176.114
181.893
187.991
194.347
200.907
206.535
211.648
217.946
223.716
170.409
-654321
158.845
152.063
146.724
140.264
134.329
128.395
122.1
115.882
110.467
170.586
175.886
182.404
187.508
195.036
200.381
206.293
211.479
218.135
163.941
-654321
152.418
146.657
140.102
134.17
128.495
122.014
116.929
110.294
103.876
164.136
170.278
176.613
182.2
188.261
193.716
199.59
205.925
212.216
158.452
-654321
146.233
139.974
134.011
127.652
121.858
116.112
110.767
104.713
98.6348
157.771
164.019
171.306
176.366
181.854
187.72
194.367
199.801
206.261
152.571
-654321
140.636
134.626
128.977
122.843
116.066
109.713
104.852
98.7743
92.7524
153.033
157.263
163.822
170.621
175.962
182.456
188.268
194.715
200.618
146.734
-654321
134.663
127.708
122.68
116.195
111.018
104.087
98.7292
91.9291
85.6516
146.612
151.649
158.42
164.409
170.983
176.216
182.388
187.342
194.554
140.237
-654321
128.004
121.286
116.756
110.547
104.299
97.982
92.4889
86.0587
79.3409
140.299
147.313
151.624
158.776
164.001
169.941
176.399
182.138
188.117
135.026
-654321
123.023
116.816
110.241
105.115
98.0511
92.6738
87.2039
79.2834
73.7653
134.268
139.781
146.188
151.136
157.934
164.013
170.61
177.038
182.281
128.2
-654321
115.94
111.46
104.049
97.9668
92.3932
86.1688
80.531
74.5504
68.1486
127.826
134.709
140.239
147.341
152.513
157.611
164.906
170.007
176.141
122.213
-654321
109.439
106.285
97.4839
91.8998
86.092
81.1605
73.6072
69.0179
61.8198
122.344
129.125
134.983
140.523
146.177
151.874
159.352
163.599
170.33
115.368
-654321
104.998
97.9526
92.1286
85.5935
80.4959
72.9797
68.0643
62.7848
56.0612
116.824
121.688
128.837
133.727
140.146
147.183
152.659
158.834
164.091
110.408
-654321
97.8344
91.5172
85.7042
79.8272
74.8399
68.1169
61.8757
56.6111
49.0419
110.496
116.319
121.619
145.477
134.735
165.004
146.274
152.184
158.571
104.988
-654321
92.6773
85.9426
80.5808
73.8266
69.5074
61.3517
57.1888
49.8138
43.7477
104.505
110.443
116.699
121.867
144.731
148.812
140.694
145.884
152.563
99.2247
-654321
87.0375
80.0362
73.7048
67.1814
62.1956
55.4473
49.6998
44.3729
38.8737
125.113
105.222
110.728
117.05
121.008
127.796
133.724
152.595
146.802
91.8801
-654321
80.2026
74.3583
67.9801
101.127
96.6332
51.5828
43.0394
38.2056
33.6666
91.7632
99.167
104.005
132.587
115.897
121.147
128.172
133.985
139.963
86.1672
-654321
73.8961
104.026
62.8732
55.9638
51.2261
42.6531
37.8684
32.0776
86.5953
92.6789
124.756
103.345
109.066
117.034
122.007
129.006
134.935
81.3026
-654321
69.1921
61.8744
55.3534
50.9658
43.3191
40.2327
31.0284
78.9544
86.6616
132.241
98.1106
140.227
133.16
117.175
121.506
128.055
121.397
-654321
62.9832
55.7322
50.3889
44.9115
40.3854
31.7742
73.7499
112.979
86.2045
91.3121
96.8907
104.58
145.082
116.414
122.066
104.619
-654321
55.4795
105.189
44.4296
39.64
82.1081
68.6935
74.6546
81.5081
88.0303
92.5956
97.5062
103.548
109.163
116.436
61.258
-654321
50.8064
88.5122
38.0962
31.4533
61.6596
67.9785
74.5708
79.8698
86.2551
92.65
99.5249
140.814
110.943
57.1393
-654321
45.87
97.0572
32.1123
55.1127
64.6067
104.118
74.5925
80.5641
87.1487
91.9868
98.3529
104.874
49.4736
-654321
38.2133
32.8667
49.858
57.6157
61.6415
66.8174
73.53
80.3692
85.8443
89.8514
97.7652
44.2504
-654321
33.7178
43.8561
48.4743
57.0574
63.1245
68.8512
75.1298
111.877
85.5994
92.8985
37.3541
-654321
38.8187
43.8463
49.5733
56.6207
62.8355
69.5082
75.1053
80.7275
85.3055
32.3542
-654321
225.718
238.928
250.173
254.774
258.674
252.133
251.693
245.026
240.033
210.081
-654321
240.095
249.785
254.308
257.592
253.801
249.877
246.353
240.358
234.718
211.391
226.256
-654321
251.506
257.732
256.577
254.253
250.273
245.256
240.132
234.942
228.551
226.279
210.99
240.931
-654321
255.157
255.499
253.984
249.599
244.955
240.468
235.095
228.888
222.84
241.7
226.107
211.009
247.913
-654321
255.769
252.358
249.907
244.827
239.441
234.601
228.803
223.011
216.972
251.756
237.907
225.15
210.527
255.361
-654321
251.397
251.061
244.454
240.018
234.433
229.257
223.057
217.383
211.144
255.639
248.407
238.269
226.351
211.514
256.902
-654321
250.435
246.042
240.353
234.18
228.803
222.906
216.999
211.179
205.269
256.223
255.121
249.943
235.192
226.238
210.599
252.385
-654321
246.457
240.619
235.162
229.129
223.919
217.637
211.093
205.281
199.689
256.668
255.423
255.923
249.729
239.287
226.224
210.793
250.501
-654321
239.951
234.934
228.854
222.183
217.773
211.361
205.598
199.628
193.162
249.305
254.709
251.403
256.487
253.174
237.483
224.814
211.876
245.924
-654321
234.8
228.852
223.371
217.774
211.214
205.501
199.259
193.162
187.047
244.695
250.464
254.731
253.421
255.152
247.209
237.192
226.585
212.269
241.033
-654321
228.743
223.701
217.124
211.041
205.37
198.605
193.418
187.351
180.978
240.733
246.433
248.614
254.658
257.176
256.901
245.214
241.023
230.545
234.665
-654321
222.883
217.164
211.805
205.176
198.889
193.282
187.57
181.366
175.207
234.237
240.596
244.834
249.095
250.994
254.244
254.132
251.463
238.768
229.377
-654321
216.742
211.36
205.05
199.182
192.854
187.328
180.763
175.176
168.767
228.739
235.069
239.444
244.744
250.275
254.479
256.449
255.191
252.246
222.972
-654321
211.185
205.435
199.184
192.456
186.815
181.022
174.933
169.059
162.235
222.788
228.3
233.993
240.263
245.82
246.772
253.463
258.221
253.202
217.42
-654321
205.339
199.271
193.345
186.835
181.595
174.924
168.863
164.134
156.989
217.182
222.44
228.933
235.152
240.275
243.762
250.613
256.782
255.928
211.539
-654321
199.022
193.517
187.146
181.247
175.612
169.218
163.613
156.949
151.203
211.281
216.88
223.293
228.419
234.203
239.719
244.493
249.948
254.379
204.61
-654321
193.11
186.45
181.867
176
169.446
163.431
157.324
151.266
145.79
205.318
211.532
216.451
222.856
229.774
234.909
239.541
246.158
250.335
199.189
-654321
186.691
181.18
175.186
168.607
163.39
156.878
151.186
144.81
138.73
198.621
205.035
211.395
217.401
223.05
228.057
234.146
239.251
245.224
193.348
-654321
181.427
174.943
169.134
163.427
156.683
151.751
145.216
138.71
133.018
192.849
198.65
205.339
210.628
216.283
222.121
228.944
233.937
239.85
186.627
-654321
175.353
169.139
163.276
157.07
151.514
145.619
138.278
133.428
127.697
187.235
192.897
198.6
204.562
210.64
217.231
221.8
229.253
234.266
180.882
-654321
168.701
163.424
157.144
149.99
144.919
140.113
133.494
127.464
122.087
181.419
187.032
192.857
199.319
205.033
210.982
216.864
222.021
228.937
175.7
-654321
163.923
157.546
151.91
144.897
139.939
133.988
127.295
121.57
114.908
174.929
182.176
187.843
193.896
198.899
205.438
210.618
216.315
222.875
169.629
-654321
158.161
151.32
144.721
138.818
132.822
127.508
120.752
114.752
108.941
169.415
175.858
180.901
187.887
193.904
199.269
205.758
211.472
216.733
163.366
-654321
150.773
145.461
139.972
132.966
126.331
120.035
114.638
110.113
103.44
162.774
169.24
174.508
180.734
187.096
193.135
198.009
206.184
211.039
157.463
-654321
145.315
139.414
132.202
128.403
121.043
115.122
108.626
102.8
96.4296
157.262
162.993
170.814
175.357
180.733
187.262
193.25
199.214
205.236
150.815
-654321
139.054
132.866
125.597
122.051
114.878
109.103
103.667
96.4325
90.2207
152.048
156.024
162.501
169.841
175.166
180.386
187.371
193.184
198.918
144.133
-654321
132.928
126.475
120.513
114.92
109.243
102.861
97.5556
90.7801
115.258
144.226
150.209
156.409
162.374
169.082
174.843
179.929
187.311
193.044
137.725
-654321
127.402
121.431
114.71
110.305
104.386
97.4462
119.8
85.2592
78.304
139.176
145.282
171.997
157.275
164.238
167.991
175.058
181.156
186.735
132.372
-654321
120.918
115.949
108.876
103.548
97.0157
92.3755
84.8594
78.866
72.6676
134.4
139.66
145.831
150.051
157.511
163.532
169.372
175.192
181.25
127.353
-654321
115.296
110.291
102.686
97.1156
92.2504
85.6195
78.6258
74.1065
67.252
128.548
133.888
139.003
144.587
151.807
157.515
164
170.054
175.029
122.598
-654321
108.86
103.591
97.385
91.7328
85.156
79.4151
71.9801
104.991
60.1268
120.624
126.349
131.797
139.005
146.282
150.652
157.164
162.982
171.462
114.218
-654321
102.814
97.3896
91.1343
85.9999
79.4301
71.8911
66.9322
61.7809
115.215
122.287
125.625
132.452
138.373
146.5
152.317
157.838
163.408
108.776
-654321
123.838
132.407
84.8494
80.1649
72.5742
66.4367
60.6118
132.728
116.643
120.334
128.322
134.303
138.642
144.888
150.298
156.75
104.255
-654321
90.5135
84.1595
113.122
73.8142
66.8067
60.6983
102.511
109.502
113.992
122.974
127.075
132.774
163.863
144.991
151.262
97.3563
-654321
85.8805
124.035
72.4474
67.4756
99.1415
97.0225
128.642
108.179
115.308
119.087
126.92
132.514
140.017
144.687
119.904
-654321
78.4721
72.5771
65.7181
59.8631
90.7004
96.8193
129.439
111.55
114.187
121.603
127.363
147.78
139.359
84.228
-654321
71.7498
68.3543
61.9444
85.1217
119.277
96.8958
101.567
132.111
114.827
123.097
127.04
132.71
80.812
-654321
65.4729
99.7603
80.2924
117.513
119.314
97.0531
103.458
109.917
113.721
119.771
125.959
72.1384
-654321
61.1971
72.9359
78.1211
84.3255
92.5275
97.8478
103.297
107.058
114.365
121.316
68.1118
-654321
65.9804
72.8036
79.3504
83.9727
92.0843
97.7181
103.285
108.747
114.595
61.4807
-654321
225.636
238.455
253.001
264.434
271.088
277.287
269.234
273.331
267.659
211.64
-654321
240.026
252.268
260.428
271.007
273.198
275.116
271.991
268.249
264.667
210.351
225.57
-654321
251.741
263.325
272.412
275.328
275.747
270.323
267.108
263.24
260.211
224.327
211.33
237.025
-654321
265.16
268.988
274.459
275.141
272.397
269.494
264.51
258.191
253.281
240.254
224.172
212.068
249.296
-654321
266.613
274.379
273.809
271.547
269.724
264.97
259.39
254.432
247.583
253.97
237.995
223.276
211.478
260.598
-654321
275.002
275.68
269.859
269.973
264.149
259.165
254.013
248.507
243.11
265.609
250.938
239.988
223.698
210.861
274.069
-654321
275.619
271.056
268.29
263.506
258.879
254.706
248.843
242.727
236.697
270.274
263.594
250.521
236.775
224.871
210.617
272.369
-654321
272.953
268.69
265.361
258.858
254.725
248.488
242.761
237.111
231.27
274.878
267.831
267.006
253.596
238.035
226.531
210.818
274.852
-654321
269.422
263.401
259.599
253.391
249.436
243.259
237.577
231.285
225.443
275.227
269.255
272.549
268.391
251.416
237.953
225.75
210.812
272.377
-654321
264.173
261.289
254.244
247.684
242.638
237.183
231.617
225.776
219.028
271.748
273.769
265.315
273.174
263.304
255.837
239.341
225.658
211.401
270.442
-654321
258.866
254.852
248.09
242.594
237.709
231.136
225.237
219.796
213.299
270.666
272.95
271.26
277.065
275.332
267.503
253.217
241.821
224.833
262.97
-654321
254.126
248.136
241.664
236.588
230.82
225.475
219.292
213.253
207.569
264.838
269.283
266.774
276.435
273.333
272.475
264.881
259.501
240.447
259.73
-654321
247.938
242.854
237.281
230.776
225.017
219.271
213.732
207.431
201.136
260.654
262.078
268.953
273.448
273.418
270.276
270.845
265.491
260.237
255.156
-654321
242.971
237.94
231.121
225.661
219.602
213.267
207.671
201.244
194.808
252.832
258.24
265.915
263.822
274.281
273.699
272.092
270.805
258.903
247.752
-654321
237.439
231.547
225.641
218.693
213.806
208.036
201.511
195.359
189.393
249.12
254.492
259.461
264.827
263.07
272.732
274.736
272.523
273.712
242.93
-654321
231.965
224.739
219.544
213.611
206.793
201.658
195.306
189.235
182.783
242.255
249.646
254.123
258.919
266.247
268.159
272.961
276.257
275.909
236.906
-654321
225.461
219.649
212.794
206.817
201.104
194.855
189.714
183.198
177.423
237.046
242.756
248.781
251.279
257.952
264.669
271.255
272.965
276.861
231.866
-654321
218.996
212.907
206.716
201.051
195.178
188.673
183.66
176.94
171.469
231.708
236.722
242.466
247.922
254.425
259.874
264.956
269.533
272.604
225.205
-654321
214.639
207.23
200.467
194.829
189.68
182.01
176.972
170.98
165.601
225.433
231.439
237.248
243.161
247.373
254.894
260.6
264.146
269.735
219.345
-654321
207.057
200.689
194.646
189.013
182.879
177.185
171.271
164.519
159.47
219.501
224.97
230.978
237.096
242.69
249.119
252.685
260.407
265.568
212.853
-654321
201.245
194.786
188.844
183.202
177.265
171.67
165.004
159.347
153.812
212.557
218.819
223.869
231.856
236.889
242.702
249.536
252.709
258.677
207.779
-654321
194.843
189.561
183.351
177.115
169.805
165.338
159.465
152.636
147.796
206.596
213.137
218.438
224.812
230.75
237.18
243.376
248.129
254.066
201.422
-654321
188.471
183.286
178.052
171.924
164.876
158.429
153.308
147.264
140.544
200.379
207.229
213.199
219.187
225.395
231.522
237.794
243.091
248.628
195.367
-654321
183.433
177.828
170.713
164.201
159.113
152.95
147.949
141.454
135.911
194.248
200.422
207.087
212.771
219.503
225.103
231.013
236.85
242.662
188.794
-654321
178.137
171.336
164.41
158.676
152.338
147.139
141.69
134.884
130.128
189.294
195.646
200.886
207.149
213.238
219.915
224.58
231.164
237.045
184.064
-654321
170.684
164.484
159.322
153.09
148.777
142.05
135.077
130.428
124.876
183.23
188.746
195.846
201.325
206.647
212.837
217.987
224.976
230.874
177.801
-654321
164.525
158.09
152.238
146.674
141.842
135.038
129.851
122.658
116.71
177.236
182.521
189.42
194.579
201.276
207.02
212.106
218.257
225.52
172.011
-654321
159.659
152.12
146.837
140.162
135.66
129.678
124.662
137.597
111.026
171.452
177.225
182.563
188.449
195.321
201.605
208.13
213.354
218.902
165.573
-654321
153.864
146.252
141.427
134.23
129.451
122.752
118.296
111.33
128.781
164.505
172.481
176.196
183.471
189.752
195.77
200.145
207.858
213.399
159.441
-654321
148.205
151.825
134.83
128.839
122.516
116.859
110.948
105.272
99.8936
158.627
164.015
171.388
177.05
182.156
188.762
193.167
200.686
207.692
150.982
-654321
139.816
135.811
144.624
123.428
118.111
111.831
106.134
99.1142
94.0373
153.663
160.201
164.113
172.709
178.64
182.904
188.734
195.23
201.317
146.628
-654321
135.895
128.203
123.897
115.774
109.951
106.002
100.047
94.8525
148.092
153.987
159.213
166.202
171.659
178.284
185.74
185.535
194.841
142.231
-654321
130.453
141.341
116.586
110.97
106.955
99.9328
92.7657
139.628
147.646
152.033
165.305
165.844
170.233
176.392
185.315
188.711
135.707
-654321
142.384
116.592
111.813
104.093
97.5963
93.8962
150.094
140.074
146.277
153.341
158.417
163.09
171.469
177.395
183.32
129.562
-654321
151.455
110.248
103.213
100.603
119.731
129.688
134.943
167.177
147.348
154.399
158.078
169.883
170.093
176.922
122.544
-654321
132.876
105.77
98.2122
92.3409
122.617
145.515
133.622
166.857
148.96
154.517
158.987
168.485
171.378
118.282
-654321
103.958
100.288
92.2302
118.181
124.39
144.974
149.055
140.341
146.79
152.521
158.924
166.327
111.648
-654321
97.6118
91.8192
111.11
116.038
123.213
127.949
148.222
138.915
168.698
154.378
159.701
128.555
-654321
133.411
140.803
133.334
116.297
124.888
127.794
135.095
142.052
146.278
153.296
123.531
-654321
98.7552
105.594
110.146
138.316
140.226
129.575
162.523
141.309
146.584
135.856
-654321
225.263
238.944
253.763
264.287
279.018
287.456
289.176
290.58
292.026
211.548
-654321
241.741
252.046
261.024
281.282
286.9
287.85
289.152
287.769
289.33
210.815
225.19
-654321
257.46
265.343
282.328
286.825
290.435
290.274
288.997
286.903
284.36
223.161
211.271
240.395
-654321
266.327
278.542
290.564
292.987
294.666
290.335
289.361
286.389
278.381
240.4
225.784
210.141
258.747
-654321
275.335
278.293
289.831
293.311
289.449
288.255
284.607
281.536
274.808
257.363
237.013
224.95
209.926
269.821
-654321
292.996
289.903
291.012
291.404
289.082
287.802
281.789
276.299
270.846
262.894
251.962
241.804
222.75
210.885
278.816
-654321
285.721
294.648
292.905
287.581
283.283
279.449
277.719
270.746
265.618
279.299
262.654
250.892
238.723
224.297
210.265
289.143
-654321
290.1
293.868
290.086
285.552
282.411
275.78
271.294
265.887
260.654
284.411
284.863
270.968
251.084
237.648
223.181
211.14
289.924
-654321
289.605
291.281
285.594
281.992
276.469
270.335
265.934
259.564
254.7
287.768
283.268
277.112
267.682
253.99
235.291
225.199
211.16
291.189
-654321
288.087
284.234
281.725
277.149
270.447
265.932
260.887
254.415
248.705
292.378
290.844
284.146
276.707
266.078
251.625
241.319
225.406
210.723
292.386
-654321
285.95
281.729
275.821
269.524
266.4
260.822
254.24
248.556
242.512
292.062
291.943
285.064
287.154
281.125
263.313
256.942
237.472
225.284
281.871
-654321
279.467
274.5
268.748
264.976
259.593
254.561
248.542
242.672
236.787
288.64
291.423
287.684
290.6
281.729
281.08
274.005
253.908
237.02
285.734
-654321
275.951
270.158
266.055
259.449
253.535
248.116
242.924
236.662
230.464
284.545
289.348
293.379
288.07
291.126
281.584
272.6
261.404
255.947
281.916
-654321
271.908
263.749
260.049
254.433
248.635
242.001
237.071
231.14
224.613
280.004
283.184
287.632
291.338
289.876
290.411
287.125
281.483
271.92
275.292
-654321
264.482
260.873
253.591
248.69
242.401
237.241
230.62
224.628
218.127
275.916
282.418
286.562
289.676
292.299
287.689
284.886
280.972
281.723
271.655
-654321
260.142
254.627
247.811
243.351
236.43
230.633
224.734
219.101
212.755
270.164
276.579
281.655
287.433
288.081
291.523
293.261
292.349
277.766
266.619
-654321
254.184
248.926
242.815
235.539
230.369
225.577
218.225
212.992
206.545
265.808
270.471
273.145
280.911
283.624
286.959
290.548
293.525
292.785
260.106
-654321
248.949
242.006
236.488
230.861
223.549
217.405
213.451
206.141
199.849
257.991
264.389
268.03
276.379
279.63
287.262
289.433
291.391
294.825
254.322
-654321
241.725
235.948
229.52
224.008
218.349
212.291
206.579
201.079
193.858
254.187
260.03
266.517
270.359
271.297
283.034
284.388
288.657
288.426
247.662
-654321
236.774
230.376
224.657
218.377
213.084
205.671
200.556
195.08
188.253
246.92
253.365
260.431
265.82
269.538
276.988
280.051
284.214
287.967
242.643
-654321
230.059
223.452
218.291
212.347
205.879
201.113
194.202
187.801
182.232
242.195
247.795
253.649
260.125
264.255
271.671
274.92
278.733
284.676
236.188
-654321
224.069
218.43
213.217
206.447
200.941
195.434
188.108
182.192
178.016
236.791
242.996
245.486
254.076
256.995
265.621
269.354
273.006
281.282
230.406
-654321
218.427
213.2
205.487
199.084
195.138
188.659
181.642
176.71
169.449
229.619
236.642
241.908
248.31
253.247
256.903
264.591
271.931
276.818
224.271
-654321
212.987
206.119
200.38
195.062
187.861
181.201
176.71
168.485
164.687
224.254
230.925
236.535
243.23
248.481
254.273
231.833
263.557
271.637
217.661
-654321
206.498
200.352
194.381
188.559
183.069
177.294
170.864
163.364
158.477
218.405
224.081
230.257
236.402
241.087
248.49
253.78
260.221
266.159
212.306
-654321
200.385
193.516
189.25
182.626
177.416
170.828
164.506
158.619
152.085
212.412
217.901
224.907
231.639
236.719
242.14
247.69
253.994
259.228
206.504
-654321
194.799
188.762
182.321
175.893
170.91
165.405
157.742
152.011
145.044
206.212
213.086
217.395
224.237
230.446
235.564
242.913
246.929
254.121
199.918
-654321
189.409
183.466
176.874
169.014
165.027
158.569
151.843
147.11
153.239
199.388
206.75
212.347
217.949
223.868
229.655
235.857
243.894
248.019
193.498
-654321
181.057
177.672
171.321
163.161
157.704
159.975
146.266
139.927
134.42
194.112
200.171
205.473
212.675
204.68
224.698
230.681
235.006
242.498
187.396
-654321
177.025
171.124
165.587
159.491
151.888
147.259
140.878
133.325
127.635
188.995
192.967
199.186
207.384
213.118
217.277
224.56
229.902
235.927
181.994
-654321
169.784
165.859
158.131
152.365
169.562
140.874
133.89
128.586
122.377
181.657
187.795
193.411
199.609
208.174
212.82
219.149
225.23
230.487
177.049
-654321
164.709
158.137
151.265
145.692
138.724
133.37
128.711
122.871
175.293
184.01
187.832
194.625
200.555
205.745
212.088
218.528
223.941
170.689
-654321
156.99
152.075
145.076
140.247
134.047
145.031
121.177
169.336
175.618
181.823
187.551
194.338
201.905
206.228
212.352
218.026
162.812
-654321
153.457
157.373
141.065
136.756
127.404
123.634
166.628
170.158
177.253
192.098
187.634
187.057
200.476
206.06
211.837
158.521
-654321
146.026
140.514
160.827
127.517
121.694
159.279
164.335
170.223
177.567
182.128
188.945
192.908
199.639
206.69
152.33
-654321
140.676
134.623
126.27
122.17
152.896
159.244
163.682
170.537
176.935
180.257
187.788
193.933
199.665
147.751
-654321
148.583
143.917
122.962
157.091
153.22
158.452
168.496
168.901
176.245
181.321
187.892
194.651
139.914
-654321
127.762
121.846
139.33
156.047
149.761
164.241
164.64
171.163
176.17
181.66
188.341
133.095
-654321
122.477
147.518
141.243
147.03
182.063
176.366
164.516
169.622
175.918
182.135
145.239
-654321
156.98
132.849
140.324
146.651
152.715
179.387
164.077
169.686
176.742
124.872
-654321
223.892
237.662
254.159
266.213
284.237
290.452
307.316
307.352
306.195
210.148
-654321
240.637
255.085
264.409
275.469
297.443
309.095
300.833
311.528
307.742
211.592
225.135
-654321
251.669
274.055
277.602
289.754
296.256
307.788
307.519
309.545
307.498
227.62
211.239
238.508
-654321
272.259
277.611
294.471
303.762
302.777
310.663
298.902
308.468
308.753
239.565
225.123
210.768
254.687
-654321
280.578
288.58
305.533
303.733
309.803
306.486
300.952
304.817
305.433
252.034
234.794
226.244
210.456
265.69
-654321
291.038
296.769
305.344
307.05
307.557
305.729
306.338
300.491
293.884
271.928
258.753
236.849
222.362
212.071
280.066
-654321
305.357
301.164
301.274
300.687
306.754
300.575
301.03
298.414
289.523
284.51
262.797
247.227
240.845
221.665
212.289
294.492
-654321
307.927
306.627
310.246
307.941
301.549
297.448
296.515
292.309
288.428
291.459
281.388
269.843
249.866
236.954
223.248
211.683
295.493
-654321
308.009
306.512
305.81
303.075
298.039
297.981
290.912
287.311
280.338
307.759
292.046
282.953
266.704
253.041
241.257
223.982
211.149
310.946
-654321
307.344
304.717
303.747
300.491
296.14
291.92
286.609
282.299
275.452
299.513
299.762
297.2
278.043
269.28
255.158
238.185
223.327
211.957
308.785
-654321
305.499
305.581
301.235
298.248
292.081
289.066
281.119
276.181
270.62
310.761
309.721
302.517
289.402
281.848
262.611
253.835
241.751
224.61
308.314
-654321
302.74
300.227
295.968
291.269
287.602
281.592
274.892
270.874
265.411
308.901
306.559
310.677
306.452
291.527
281.245
268.095
251.541
240.614
308.392
-654321
299.251
298.025
290.872
288.364
282.614
276.848
270.542
265.223
259.307
304.715
307.404
307.215
302.085
300.686
285.801
284.279
267.771
254.491
305.776
-654321
298.877
290.476
288.592
283.224
276.663
271.375
264.542
258.96
253.478
302.54
309.544
309.322
312.668
304.655
302.22
300.056
284.613
264.026
302.839
-654321
291.877
288.482
281.442
275.772
269.777
263.956
258.879
252.45
247.085
302.368
302.274
304.813
306.816
307.956
306.964
303.62
285.336
281.807
296.774
-654321
288.244
278.025
276.514
271.548
264.64
259.803
252.944
247.351
242.083
295.338
301.191
303.534
305.25
309.684
299.739
297.796
290.601
292.543
292.469
-654321
281.864
276.589
271.094
264.927
259.274
253.031
247.1
241.053
235.404
290.893
295.02
300.559
305.767
305.329
312.089
311.696
307.329
301.483
288.368
-654321
275.476
269.609
264.7
258.98
253.55
247.96
241.218
234.986
229.044
286.503
290.011
297.617
298.379
303.018
304.624
311.097
311.156
311.209
282.127
-654321
270.901
264.116
259.007
252.378
247.174
241.295
235.676
228.971
223.022
278.111
286.874
292.824
297.713
300.817
306.619
297.665
308.913
309.423
274.833
-654321
264.449
259.566
253.602
247.265
242.398
235.066
228.845
222.778
218.094
276.341
283.308
287.817
292.783
296.54
301.429
307.507
305.392
309.538
269.742
-654321
259.612
252.875
247.083
241.567
235.026
229.155
222.764
217.277
210.801
270.895
276.702
280.172
285.671
292.175
292.691
299.048
300.213
306.554
264.926
-654321
253.558
246.66
241.77
235.22
229.365
222.755
217.403
212.638
205.466
264.668
271.442
277.962
283.04
287.134
295.019
295.398
297.642
300.632
259.691
-654321
247.281
240.94
235.216
229.858
222.572
217.104
211.658
205.308
198.741
259.074
266.057
269.655
276.145
279.404
287.673
292.685
297.522
299.171
253.029
-654321
240.547
234.244
229.372
223.847
218.256
210.86
204.723
199.393
193.584
252.97
259.598
264.736
270.649
276.89
280.34
285.846
291.512
296.229
247.357
-654321
236.34
229.435
223.012
216.868
209.716
205.668
199.041
193.024
187.316
248.08
253.12
258.088
265.728
270.679
275.883
283.942
288.15
291.655
241.164
-654321
229.054
222.621
216.727
211.394
204.722
198.78
193.131
187.032
181.118
240.936
247.385
252.917
259.136
264.34
271.28
276.959
280.765
287.353
235.587
-654321
222.648
217.314
211.327
204.921
198.028
193.022
186.607
180.923
175.362
235.522
241.277
247.202
251.383
260.034
265.036
270.843
273.773
281.139
229.238
-654321
216.831
209.761
205.171
198.744
194.224
187.224
180.99
174.669
168.683
229.433
235.092
240.087
246.915
252.983
260.019
265.731
266.73
276.542
223.451
-654321
211.398
205.136
199.758
192.775
187.117
182.401
176.002
170.405
161.843
222.914
229.148
235.412
241.097
246.659
252.091
258.585
264.765
269.965
216.374
-654321
204.519
193.432
193.744
187.087
181.373
174.073
169.239
163.874
157.99
217.54
223.481
228.528
234.595
240.921
247.266
253.743
259.304
263.627
212.053
-654321
199.06
192.919
186.174
181.546
174.173
169.579
163.27
157.566
151.863
211.575
218.204
223.776
228.848
235.106
240.981
247.561
254.073
259.457
205.41
-654321
191.683
186.803
182.75
175.064
170.622
163.991
157.409
151.485
204.301
211.729
218.212
223.067
229.814
233.992
239.693
223.929
253.147
199.967
-654321
186.294
181.175
175.078
171.723
168.004
157.367
151.331
205.263
205.128
210.271
215.393
224.628
229.097
235.413
241.125
246.348
187.687
-654321
181.464
175.956
170.04
162.32
156.801
149.951
193.006
197.26
205.567
209.927
217.744
207.479
229.361
236.12
241.348
187.805
-654321
174.996
168.836
161.712
156.498
150.583
185.754
192.553
199.56
206.167
210.554
217.027
222.543
228.773
235.139
181.836
-654321
169.546
162.988
156.89
151.597
181.233
187.99
193.638
198.543
205.46
199.728
218.304
222.802
229.281
175.053
-654321
162.926
156.177
152.014
175.919
182.08
184.766
192.311
199.031
207.018
212.087
218.096
222.865
170.172
-654321
156.701
151.037
169.179
174.983
180.527
182.672
193.474
192.833
203.216
211.732
216.359
163.302
-654321
150.953
167.861
169.364
174.417
179.415
188.158
192.867
198.713
204.631
211.446
156.558
-654321
157.646
167.896
170.901
174.482
180.462
186.874
193.132
199.955
205.703
150.288
-654321
226.288
235.565
256.025
269.004
278.189
310.896
307.014
324.557
324.469
211.025
-654321
244.452
248.615
264.838
280.424
293.109
303.812
305.191
319.691
329.757
211.031
228.292
-654321
248.95
264.235
275.518
289.276
320.643
312.97
318.836
323.873
325.536
228.257
210.218
237.247
-654321
270.166
277.212
303.411
302.94
319.385
322.921
330.438
326.461
329.783
243.017
221.115
211.741
253.876
-654321
284.63
292.113
311.502
327.091
327.312
316.759
328.329
329.845
322.887
253.411
240.558
227.646
211.007
273.324
-654321
293.926
317.297
321.42
314.272
324.365
326.665
321.847
327.445
322.193
271.874
250.84
238.092
223.319
210.006
276.52
-654321
309.145
318.418
315.497
325.783
325.418
325.509
327.686
322.459
319.277
280.509
271.403
259.014
237.75
221.677
210.659
301.215
-654321
304.288
322.281
326.134
322.64
325.19
327.216
320.121
319.991
310.757
301.433
285.444
264.944
253.844
240.219
224.388
210.678
296.733
-654321
318.81
324.199
326.493
326.564
326.167
319.246
317.775
310.509
308.21
317.55
297.6
285.393
264.186
250.384
240.275
222.526
211.334
311.114
-654321
331.611
329.014
326.504
325.46
317.381
315.385
314.395
309.125
307.105
317.589
306.195
283.542
278.873
269.364
254.069
238.001
225.262
210.754
320.773
-654321
322.788
328.475
326.115
324.952
316.117
315.409
310.604
305.772
300.599
320.487
310.349
304.706
295.737
282.875
269.673
253.035
238.414
225.492
324.272
-654321
326.475
324.481
320.071
319.1
314.593
309.571
306.757
299.814
294.895
324.897
320.689
320.302
301.885
291.069
281.175
269.371
250.961
240.937
329.028
-654321
324.255
324.232
320.635
313.207
309.229
304.231
301.439
294.979
289.97
326.538
326.886
321.425
319.232
302.267
294.437
278.542
261.802
256.035
326.918
-654321
320.117
318.14
313.39
311.065
307.365
300.635
295.325
290.677
284.591
327.608
326.077
327.799
325.437
323.339
308.488
297.378
282.685
268.232
325.646
-654321
317.618
314.154
309.507
303.977
299.115
292.941
287.828
282.48
278.716
322.338
325.563
330.802
323.856
308.734
310.306
304.7
298.005
286.084
325.391
-654321
316.569
313.076
306.464
300.839
296.176
290.515
284.824
278.829
272.783
325.834
321.084
328.358
326.255
323.746
323.661
309.337
305.902
285.444
322.278
-654321
313.013
308.797
300.49
292.344
290.419
283.377
276.917
273.729
265.874
316.72
317.771
328.1
328.716
327.933
329.529
327.099
326.798
313.388
316.66
-654321
302.851
294.14
294.118
290.351
284.853
278.738
272.395
267.46
260.613
314.251
320.881
318.061
327.128
324.81
324.196
326.465
326.024
317.71
310.909
-654321
301.161
295.396
290.767
285.136
278.36
272.355
266.09
261.147
254.237
313.647
313.071
316.876
324.984
327.613
329.455
322.525
328.189
323.629
303.967
-654321
292.549
289.731
285.004
276.176
272.968
267.737
260.399
254.594
249.335
305.486
308.453
311.104
322.307
324.56
316.445
328.936
324.307
316.746
301.441
-654321
290.673
282.551
278.488
273.321
266.649
260.66
254.486
249.139
242.848
298.828
306.285
313.222
316.619
315.272
325.079
322.983
326.904
328.281
295.441
-654321
284.411
276.753
273.349
268.263
261.941
255.085
249.129
242.066
237.466
296.085
301.817
306.244
310.8
313.113
323.692
319.209
329.47
327.803
289.624
-654321
278.451
273.132
267.452
260.555
255.045
248.793
242.277
237.286
230.88
291.079
293.56
301.912
307.815
310.631
315.178
324.73
324.74
327.177
283.737
-654321
273.073
267.149
260.574
254.809
248.948
243.057
237.211
230.884
224.955
282.949
288.962
289.072
300.924
308.089
313.225
315.974
321.773
324.56
279.103
-654321
266.871
261.255
255.927
248.948
243.064
236.241
230.872
224.995
218.603
278.585
284.493
289.782
296.566
300.11
306.952
311.687
312.54
319.016
272.996
-654321
261.386
255.017
249.082
243.994
238.057
231.049
224.49
218.394
212.357
270.081
274.847
285.083
289.479
293.628
301.024
308.22
308.352
314.826
265.547
-654321
254.202
248.662
241.991
236.837
230.217
225.066
218.572
213.203
207.34
266.942
272.761
278.531
285.138
289.891
291.397
300.773
304.554
310.061
261.149
-654321
248.996
242.56
237.026
231.02
225.504
218.199
213.228
207.813
200.675
261.047
267.534
273.153
277.022
284.333
290.352
294.242
301.477
305.535
254.872
-654321
242.6
236.714
230.769
225.024
219.587
212.998
206.724
199.88
195.855
255.349
261.67
266.55
272.632
275.694
284.787
288.744
294.906
299.253
247.299
-654321
235.931
231.472
224.741
205.098
212.325
206.257
200.696
194.963
187.776
248.453
254.24
260.651
265.902
271.788
275.167
276.41
289.758
296.001
243.283
-654321
230.669
226.344
217.713
213.148
206.884
192.599
195.602
189.331
183.206
243.571
248.867
255.999
260.627
266.842
273.485
278.115
283.164
290.099
235.566
-654321
224.78
218.981
213.715
207.532
200.189
193.069
188.316
181.717
236.623
243.522
249.556
255.442
259.844
266.061
272.09
278.557
284.401
231.838
-654321
217.681
213.672
207.534
200.564
194.642
188.89
183.01
231.639
236.844
243.289
248.524
255.348
260.319
265.714
272.245
278.785
224.302
-654321
213.087
205.967
199.115
195.114
189.656
182.14
223.643
230.064
238.059
243.571
249.409
254.863
260.818
266.881
272.64
219.78
-654321
206.356
200.832
195.284
189.297
194.954
218.525
224.89
231.308
236.711
242.598
250.239
255.1
261.434
267.019
213.061
-654321
199.637
192.615
189.076
183.243
212.64
219.878
224.546
230.746
236.334
242.206
248.405
242.096
260.926
207.18
-654321
194.259
188.199
182.038
206.632
211.437
204.855
225.744
230.018
235.335
244.031
247.381
254.652
200.717
-654321
187.958
182.679
200.408
205.265
212.224
218.419
225.008
230.9
236.882
242.116
248.586
193.338
-654321
183.039
195.118
200.83
207.021
211.543
218.16
225.894
231.528
235.005
243.13
189.7
-654321
188.045
193.999
205.591
206.317
213.24
218.129
225.064
232.43
236.309
182.447
-654321
227.63
242.419
250.229
268.806
285.786
280.02
300.212
327.051
327.559
209.659
-654321
233.433
256.176
266.777
279.353
290.49
308.725
319.288
330.594
341.676
212.132
226.889
-654321
244.345
270.506
284.043
294.422
307.998
310.049
324.946
340.188
341.776
231.099
212.78
240.826
-654321
268.446
278.447
291.809
312.443
322.326
342.274
341.571
335.519
342.721
239.758
224.328
211.084
254.07
-654321
275.496
295.506
309.689
325.605
326.462
340.172
323.509
349.289
344.747
254.656
239.116
223.596
211.258
263.588
-654321
298.49
309.434
321.312
326.549
328.451
346.956
348.226
345.63
340.666
272.178
253.81
236.314
226.21
210.386
277.429
-654321
307.971
305.582
330.493
348.262
338.146
346.49
347.039
340.569
343.745
280.942
266.567
253.597
242.646
224.516
210.469
291.496
-654321
313.538
329.342
337.477
344.835
337.759
345.613
341.724
335.159
333.604
305.839
286.268
270.725
252.363
241.277
226.63
210.816
321.808
-654321
337.728
346.343
337.622
341.814
336.638
340.919
336.733
334.666
337.043
306.849
299.19
278.96
273.77
249.591
238.945
226.33
210.351
316.264
-654321
336.346
343.662
344.157
343.298
346.099
343.742
341.434
333.636
334.115
311.735
303.125
290.274
283.984
261.875
253.866
238.221
226.271
211.458
340.767
-654321
340.952
341.839
341.544
342.768
343.456
337.06
335.811
333.719
321.487
330.483
323.603
306.378
307.83
277.115
270.43
252.306
239.009
225.365
335.414
-654321
344.725
340.612
343.001
340.795
340.184
335.703
333.553
327.478
320.438
338.677
333.68
333.485
307.952
292.511
283.978
272.696
250.288
236.222
347.758
-654321
346.268
344.502
340.71
337.216
335.124
330.757
327.564
318.093
317.935
338.073
343.186
340.238
314.083
304.618
299.044
282.369
267.432
255.05
343.518
-654321
341.547
341.56
341.211
334.95
333.118
328.153
323.913
316.492
311.788
344.903
339.699
340.254
328.272
321.442
308.768
295.668
278.853
262.537
343.133
-654321
340.041
340.873
333.327
329.554
325.88
324.665
314.956
311.964
304.848
344.587
342.726
347.456
337.08
322.944
324.016
305.691
295.564
280.991
340.041
-654321
335.407
331.323
333.12
327.941
320.229
318.519
312.313
304.461
298.933
337.342
346.324
348.472
338.333
334.134
324.261
314.634
302.905
290.351
341.551
-654321
336.563
333.911
328.518
321.68
317.836
311.196
305.055
301.833
296.064
341.613
345.767
338.102
351.685
349.426
326.276
332.104
326.672
310.255
341.741
-654321
331.214
324.815
320.295
316.299
311.054
306.067
300.416
294.779
289.834
342.219
338.294
340.995
350.743
346.505
340.674
327.52
326.411
305.597
338.841
-654321
321.364
322.451
318.981
313
306.912
301.506
294.921
289.959
284.483
337.849
343.053
344.611
344.263
344.799
334.146
346.104
338.459
343.329
331.623
-654321
323.825
316.035
312.095
307.696
299.865
296.394
288.844
283.1
277.067
334.053
337.979
338.049
341.392
343.805
341.444
334.742
343.047
338.218
328.505
-654321
317.891
311.778
305.764
301.604
295.517
289.913
284.754
278.278
272.159
322.619
332.706
337.899
339.945
338.253
340.854
339.721
330.021
333.287
322.872
-654321
311.035
306.323
301.427
295.803
290.491
283.966
277.167
271.923
266.258
322.606
327.603
334.244
333.749
337.372
340.96
338.493
343.264
341.471
315.955
-654321
308.004
300.899
296.366
289.235
283.326
277.631
272.108
266.452
259.953
315.486
321.295
329.488
329.745
334.98
340.853
341.821
344.941
345.9
313.097
-654321
301.232
296.103
288.923
284.813
278.54
272.154
266.189
259.763
254.626
309.656
318.939
319.538
325.969
327.776
328.921
342.114
350.677
346.411
306.512
-654321
295.776
290.276
284.379
277.94
272.354
265.632
260.113
254.439
248.028
307.106
312.178
310.385
324.878
316.543
330.316
322.199
339.999
344.382
301.9
-654321
290.095
280.507
278.128
271.759
265.499
260.773
254.066
248.736
242.566
301.74
304.098
306.523
318.083
324.628
330.52
335.916
334.214
338.196
295.347
-654321
282.66
278.173
271.5
266.823
260.033
254.422
248.172
242.631
236.541
292.717
297.171
307.9
306.846
319.302
322.264
324.879
333.988
330.556
289.862
-654321
277.622
272.047
266.881
259.557
254.805
248.639
241.923
235.439
230.302
286.306
294.099
298.922
307.035
298.785
316.437
325.508
329.393
335.051
284.08
-654321
272.119
266.563
260.296
253.484
248.208
242.915
236.302
230.054
224.015
284.291
289.74
293.535
300.367
305.079
312.504
310.973
319.892
323.393
278.127
-654321
266.547
260.82
253.491
248.255
242.053
236.794
230.732
224.546
217.936
277.769
282.283
290.253
295.457
301.626
308.209
311.199
316.715
321.562
271.41
-654321
260.242
253.115
248.027
241.93
235.316
230.327
224.332
218.921
210.798
272.524
277.197
283.572
289.729
293.702
302.316
306.923
312.259
316.197
265.955
-654321
254.534
247.992
241.925
235.677
230.374
224.054
218.635
212.162
265.32
271.507
278.154
283.182
290.827
295.372
282.011
304.593
307.811
260.393
-654321
249.009
220.519
235.401
230.593
224.619
218.17
211.957
259.789
265.082
272.647
278.33
283.217
290.963
295.167
301.57
307.04
254.489
-654321
242.948
236.346
230.167
224.164
218.859
212.022
241.145
260.473
266.854
272.765
277.683
284.108
289.754
256.777
299.808
247.834
-654321
234.326
229.525
223.563
217.917
213.547
248.652
252.752
260.284
265.585
273.467
277.966
282.764
288.154
296.302
242.554
-654321
229.981
224.074
218.82
211.117
242.291
248.271
254.189
259.77
266.233
271.564
277.06
283.628
289.832
235.417
-654321
225.364
217.432
211.959
236.351
242.565
247.514
254.695
259.688
265.992
271.516
277.8
282.536
229.135
-654321
217.962
211.863
231.021
236.786
241.492
248.41
253.426
260.209
266.99
272.228
277.609
223.835
-654321
212.213
225.596
229.837
235.61
220.858
248.004
253.751
260.064
266.495
271.722
218.569
-654321
218.42
224.488
230.036
237.092
241.739
247.824
253.902
260.802
265.685
200.669
-654321
215.509
220.641
233.966
240.484
247.846
266.185
269.959
286.454
287.123
205.183
-654321
225.837
234.341
241.964
259.488
259.464
270.644
273.098
288.818
296.417
212.653
217.716
-654321
235.997
248.049
262.153
267.397
276.811
282.39
295.432
291.521
302.958
216.888
205.213
223.788
-654321
240.506
252.609
261.967
268.24
276.918
281.918
297.522
299.704
299.441
225.796
215.959
205.755
230.531
-654321
258.158
265.712
269.466
291.023
297
293.554
308.889
302.541
304.247
235.203
221.505
214.5
207.103
247.028
-654321
258.418
276.197
284.106
292.046
294.092
298.485
302.965
299.364
303.111
243.454
238.245
225.968
215.322
207.218
262.39
-654321
264.059
268.837
284.818
289.648
302.289
298.779
306.603
309.88
304.724
250.881
243.69
232.95
227.072
214.53
206.992
253.614
-654321
284.095
296.922
287.929
300.038
305.394
306.469
306.989
306.954
303.704
263.879
258.166
249.848
235.071
224.066
216.472
206.128
281.326
-654321
280.372
300.06
296.477
301.034
307.373
304.404
300.147
304.311
296.632
271.115
264.049
245.162
241.854
231.13
227.885
215.264
207.17
276.061
-654321
286.595
326.046
299.655
293.844
306.018
302.038
303.628
301.642
298.93
279.246
277.715
259.056
252.74
246.56
237.819
224.41
217.404
205.866
288.576
-654321
305.69
304.288
303.233
304.636
303.704
299.228
304.804
299.945
299.957
286.143
277.467
267.833
258.55
247.595
243.413
238.253
224.02
218.357
296.866
-654321
302.455
301.209
302.205
298.346
302.652
301.59
298.732
296.519
293.055
302.275
285.562
283.749
275.305
251.888
246.562
245.111
232.729
225.397
294.763
-654321
303.851
305.156
302.909
303.257
301.587
299.121
293.098
295.748
286.133
297.992
295.806
293.639
281.67
274.221
264.664
251.062
241.902
231.721
299.811
-654321
303.92
305.604
302.665
302.516
300.58
295.508
291.47
290.969
287.502
304.369
297.045
288.022
286.509
282.725
279.68
261.61
253.632
238.679
303.511
-654321
302.377
302.786
304.511
299.187
298.608
295.903
290.329
289.04
284.012
304.436
302.635
304.684
290.057
291.655
280.933
270.136
261.739
252.999
302.562
-654321
303.112
299.608
297.934
297.016
292.954
290.215
288.13
284.298
280.499
305.347
299.902
302.234
296.818
299.548
287.852
279.425
274.886
265.105
300.567
-654321
300.712
300.418
297.745
293.027
292.066
286.506
285.034
279.726
277.397
301.742
305.388
305.581
303.829
299.554
297.711
288.086
281.685
273.373
301.662
-654321
300.109
297.755
295.123
291.36
286.593
283.29
281.8
276.825
273.97
302.363
304.546
304.496
328.255
301.497
298.759
299.966
289.697
282.779
301.597
-654321
299.731
293.341
290.446
288.224
284.415
281.42
276.035
274.049
269.612
297.273
304.904
307.982
300.894
297.295
291.966
300.333
299.609
288.637
297.703
-654321
292.782
292.954
287.231
284.563
279.001
276.333
273.772
269.99
266.486
298.746
302.739
301.102
304.456
301.226
304.521
300.647
293.827
306.92
298.924
-654321
289.966
289.197
284.607
281.951
277.483
273.147
270.297
266.987
262.673
298.409
292.003
299.114
300.963
299.119
301.31
306.411
301.303
296.664
293.878
-654321
289.048
284.246
282.234
277.351
273.931
270.43
266.546
262.466
258.509
290.804
296.261
301.796
301.425
304.89
304.387
305.122
304.602
304.206
290.023
-654321
285.741
279.714
278.445
273.649
270.176
265.996
262.097
258.733
254.179
289.744
296.241
291.878
301.43
303.096
296.928
305.624
300.974
302.127
288.061
-654321
281.392
277.197
273.229
269.753
266.003
263.162
259.271
254.645
250.751
286.376
292.534
290.351
297.743
297.469
304.419
303.017
306.423
304.424
284.299
-654321
277.521
271.579
270.118
266.38
262.385
259.263
255.447
251.183
246.825
283.323
288.346
292.826
296.302
298.578
301.846
301.99
305.006
304.875
280.938
-654321
274.548
270.124
266.455
262.515
258.802
254.857
251.029
246.901
242.895
281.973
284.066
288.386
290.806
293.766
290.207
300.962
298.952
303.853
276.002
-654321
268.929
266.824
262.288
258.383
254.473
251.09
246.809
243.048
238.836
273.578
281.22
284.72
288.487
290.29
296.023
298.983
292.765
304.88
273.632
-654321
266.51
263.04
258.806
254.645
250.636
247.437
242.157
239.2
235.055
273.269
275.953
281.388
285.037
288.25
293.03
295.047
294.011
300.382
270.134
-654321
262.241
258.882
254.866
250.875
247.071
242.858
238.588
234.788
230.763
269.212
274.13
276.896
279.017
285.192
289.263
291.715
295.06
298.615
266.707
-654321
258.796
254.705
250.818
247.265
243.086
239.119
234.98
230.527
226.764
266.447
270.532
272.952
277.201
281.367
285.163
289.144
290.862
293.649
262.523
-654321
254.858
251.116
246.888
242.448
239.106
234.63
230.996
226.965
222.948
262.562
266.87
269.538
274.401
278.005
281.777
285.565
283.395
290.851
258.2
-654321
250.622
246.914
243.182
239.217
234.817
230.841
227.11
223.687
258.668
262.649
266.357
270.533
273.936
278.117
281.704
285.249
288.111
254.571
-654321
246.711
243.137
238.894
234.284
230.802
226.812
223.262
254.944
257.421
262.87
266.773
270.877
274.254
278.727
280.651
283.524
250.517
-654321
243.336
239.592
234.437
230.561
227.063
222.866
251.386
254.462
258.022
262.777
266.383
269.849
275.032
277.809
280.574
247.274
-654321
239.05
234.357
231.452
227.155
222.669
246.91
250.12
254.543
258.408
262.357
266.385
270.603
269.7
276.637
243.021
-654321
234.853
231.633
226.793
222.762
242.687
246.545
250.453
255.282
258.687
263.373
266.067
237.047
273.164
239.279
-654321
231.083
226.428
222.727
238.746
242.789
246.681
249.894
255.12
259.326
262.539
266.401
269.829
235.071
-654321
225.773
223.797
235.903
238.608
242.796
246.941
250.906
254.726
259.168
262.013
266.508
231.141
-654321
223.113
230.654
235.151
239.356
242.49
246.815
251.801
253.787
258.728
262.673
227.264
-654321
226.971
231.092
234.882
238.708
242.558
247.223
250.669
255.539
258.58
222.424
-654321
