276.435
257.478
253.655
264.285
245.565
241.523
237.529
265.54
229.52
268.882
-654321
257.854
253.928
250.054
245.624
241.812
258.686
233.968
229.949
225.997
266.599
261.355
-654321
254
250.18
245.921
241.978
238.189
233.961
229.78
226.205
221.959
261.362
261.652
257.806
-654321
249.894
245.705
241.715
237.598
265.866
229.61
225.713
221.831
217.729
257.398
261.135
261.482
253.732
-654321
245.688
241.688
237.486
233.562
229.853
253.603
221.88
217.601
213.695
253.767
257.644
260.705
261.515
249.655
-654321
241.889
237.651
233.702
229.556
225.712
221.678
217.636
235.661
229.543
249.66
253.787
257.534
261.207
261.382
245.534
-654321
237.684
233.886
230.096
225.805
221.73
217.706
213.677
209.747
205.91
245.755
249.742
253.413
257.889
261.216
261.37
277.474
-654321
233.557
229.553
225.617
221.716
233.462
213.755
209.272
205.766
201.701
241.597
245.749
249.667
253.927
257.643
261.374
265.423
237.468
-654321
259.714
225.781
221.779
217.954
213.732
209.797
205.709
201.7
197.663
237.738
241.538
245.584
249.825
253.502
257.724
260.541
261.442
233.631
-654321
225.806
221.7
217.789
213.634
209.738
205.715
201.796
197.616
193.851
233.73
237.512
241.747
245.443
249.875
253.484
266.492
261.021
261.639
229.652
-654321
221.814
218.055
213.67
209.614
205.907
201.67
197.7
205.763
189.741
229.857
233.741
237.705
241.746
245.975
265.223
253.915
258.008
262.375
225.584
-654321
217.987
213.929
209.833
205.887
201.649
197.434
193.789
189.942
185.993
225.668
256.912
233.898
238.105
241.909
245.666
279.27
253.547
266.746
222.052
-654321
213.887
209.824
205.747
201.723
197.55
193.612
189.878
185.781
181.728
221.808
225.931
229.639
233.605
238.064
241.898
245.598
249.586
278.116
217.617
-654321
209.804
223.83
201.669
197.707
193.494
189.715
185.617
181.514
178.277
217.617
221.73
225.772
229.928
233.701
237.571
241.529
245.727
249.682
213.708
-654321
205.863
202.04
198.163
193.418
189.662
193.767
181.742
177.551
173.675
213.807
241.529
221.909
225.632
229.682
233.442
237.66
241.932
279.692
209.859
-654321
217.771
197.734
193.733
189.634
186.012
187.404
177.725
173.932
169.53
209.753
213.938
218.166
221.439
225.891
229.638
233.772
268.772
241.876
205.592
-654321
197.712
193.707
190.213
185.593
181.798
177.909
174.023
169.715
165.969
205.683
209.804
213.874
217.858
221.472
225.629
229.689
234.006
237.737
201.838
-654321
205.739
189.833
185.645
181.633
177.919
174.097
170.061
163.902
161.951
202.151
205.924
209.806
213.659
218
221.635
225.472
259.75
233.927
197.823
-654321
189.818
185.701
181.845
177.82
173.089
170.145
165.606
161.777
157.219
197.814
201.875
205.761
209.695
213.712
218.035
221.4
225.363
229.608
193.689
-654321
185.813
181.637
177.414
173.591
169.956
165.903
162.246
157.842
153.8
193.907
198.172
202.196
205.864
210.007
213.798
217.951
221.466
253.815
189.758
-654321
181.354
178.154
173.915
169.909
165.374
161.485
158.008
153.95
149.837
190.061
193.905
197.913
201.537
206.097
209.897
213.804
217.656
221.799
185.472
-654321
177.778
173.49
169.598
165.608
162.341
157.468
154.27
150.012
146.006
185.724
189.876
193.756
197.446
201.949
205.534
210.056
235.985
217.78
182.083
-654321
173.487
169.877
165.972
161.571
157.759
153.34
149.551
145.808
141.82
181.921
185.693
189.517
194.072
198.028
201.785
206.089
209.543
213.847
177.938
-654321
169.913
165.447
162.033
157.627
153.747
150.246
145.846
141.946
138.009
177.879
181.922
185.896
189.353
193.973
197.626
201.912
205.192
209.935
173.56
-654321
165.167
162.495
157.52
153.768
149.522
145.906
141.739
137.809
133.912
173.64
178.249
187.899
186.516
189.45
194.31
197.845
202.051
205.752
169.8
-654321
161.428
157.991
146.076
149.342
145.647
142.021
138.366
133.413
129.197
169.905
173.804
177.687
181.592
216.761
189.899
193.327
197.94
201.862
165.6
-654321
158.796
153.8
149.803
146.185
141.399
137.694
133.744
129.137
125.858
166.087
169.494
174.005
177.438
181.856
185.719
190.048
193.795
197.846
161.352
-654321
153.424
149.738
145.752
141.183
137.62
134.486
129.529
125.201
121.351
161.684
165.644
169.796
173.012
178.158
181.707
185.686
189.791
193.549
157.186
-654321
150.082
145.506
142.038
137.533
134.22
129.373
125.372
98.4491
117.788
151.36
161.954
165.5
169.568
174.074
178.277
181.961
186.815
189.757
153.902
-654321
146.482
142.053
137.415
133.316
129.437
125.537
121.295
117.646
113.811
153.524
157.481
161.701
166.813
169.929
175.569
178.128
181.748
185.651
149.766
-654321
142.623
137.925
133.64
189.288
125.283
121.52
118.394
113.97
109.731
150.532
153.436
157.499
161.35
165.429
169.939
173.88
178.336
181.768
145.719
-654321
138.036
134.121
130.021
103.489
121.267
117.448
114.094
109.197
105.835
146.303
149.502
154.693
157.223
161.161
165.708
169.319
173.952
178.085
141.555
-654321
134.39
129.199
125.239
122.117
183.16
113.809
110.34
106.072
101.205
141.697
145.639
149.29
154.333
157.396
162.237
165.593
208.675
173.659
137.688
-654321
128.794
187.412
121.847
116.77
113.558
108.835
105.73
101.219
97.5743
137.513
141.739
144.333
150.04
200.874
157.8
161.506
166.197
170.035
133.291
-654321
126.049
121.573
91.0861
113.405
108.791
105.759
101.281
98.3351
93.7424
134.303
192.475
141.936
145.514
149.665
200.488
157.565
162.393
165.572
129.028
-654321
121.874
117.915
112.913
110.227
177.787
101.331
96.9142
55.2483
89.0651
130.285
133.214
137.493
141.653
146.336
149.394
153.497
203.007
161.75
125.334
-654321
183.265
180.717
109.096
105.321
101.931
97.8578
94.0296
169.364
86.3672
125.304
129.696
133.186
137.883
141.25
145.147
150.086
153.772
157.419
122.335
-654321
114.38
109.322
105.125
174.377
96.9953
94.1123
90.4212
86.0904
165.327
120.702
126.213
129.901
134.196
137.799
142.575
145.528
150.238
153.75
183.627
-654321
110.931
105.132
175.21
97.2617
93.2392
89.8979
87.0985
80.6312
77.9416
182.831
185.799
126.466
130.225
190.329
138.526
141.414
146.472
149.837
181.645
-654321
104.913
101.35
97.4179
94.2052
88.9003
85.4514
82.163
163.498
161.973
87.085
117.251
123.049
125.078
130.601
191.006
193.007
142.745
146.169
110.231
-654321
101.237
98.4751
170.928
168.988
44.7733
81.1206
78.2727
73.5697
69.8703
110.256
114.814
118.179
121.422
126.29
189.18
134.346
137.286
141.642
104.464
-654321
98.1484
93.8549
89.4412
85.5682
164.468
163.474
161.25
70.506
105.801
109.461
113.584
117.967
121.231
126.138
129.083
191.644
137.603
175.02
-654321
94.1071
90.0716
85.3613
80.917
79.0841
74.0689
158.914
101.275
176.825
110.236
113.142
117.925
122.216
125.557
129.817
115.786
98.4728
-654321
169.064
86.3595
81.4295
77.5712
161.146
69.6542
98.1284
101.558
106.778
109.621
181.666
118.307
185.726
125.724
129.331
170.785
-654321
167.613
165.069
162.84
73.3787
69.7291
94.3217
172.723
102.543
177.795
179.69
114.59
182.525
121.794
125.44
90.4589
-654321
81.9324
78.2491
72.9419
159.612
89.7332
93.3142
98.4101
102.437
177.465
110.188
113.963
117.503
121.536
86.2284
-654321
77.7073
74.5249
159.874
84.5434
169.376
93.7467
172.868
174.757
177.488
178.49
113.405
116.699
81.1993
-654321
73.2241
69.7308
82.3207
166.6
90.1749
170.962
173.303
175.235
106.002
180.454
114.151
78.1484
-654321
68.6667
76.866
163.962
85.4696
169.345
92.8585
97.5408
101.315
106.755
109.798
161.409
-654321
160.764
163.126
165.689
85.8735
89.1732
94.4534
98.2221
101.409
105.664
159.687
-654321
277.227
278.442
274.963
269.847
263.822
257.904
251.835
245.807
239.891
269.618
-654321
279.558
275.917
270.065
264.533
258.579
252.393
246.7
240.469
234.562
269.656
279.012
-654321
275.497
270.311
264.449
258.42
252.589
246.713
240.739
234.762
228.446
278.319
269.736
278.954
-654321
270.955
265.01
259.069
253.251
246.949
241.145
234.917
229.183
223.154
280.008
279.701
269.769
275.184
-654321
264.808
258.806
252.745
246.746
240.267
234.924
228.633
222.679
216.572
275.5
279.512
280.283
270.414
270.539
-654321
258.792
252.508
246.508
240.929
234.603
228.233
222.783
216.355
210.592
270.015
275.057
278.875
277.968
270.747
264.384
-654321
252.584
246.283
240.793
234.946
228.661
222.877
216.512
210.658
204.682
264.284
270.687
274.778
279.09
278.852
270.008
258.633
-654321
246.621
240.746
234.363
228.462
222.303
216.529
210.72
204.832
198.237
258.243
264.309
269.877
275.276
278.568
278.325
269.526
252.557
-654321
240.744
234.502
228.545
222.374
216.655
210.838
204.587
198.545
192.599
252.62
258.718
264.434
269.757
275.352
278.779
279.908
270.502
246.451
-654321
234.654
228.586
222.872
216.679
210.726
204.417
198.857
192.255
186.649
246.114
252.561
258.821
264.63
269.987
275.085
279.479
278.313
269.92
240.513
-654321
228.72
222.437
216.747
210.964
204.481
198.631
192.717
186.567
180.7
240.593
246.599
252.762
258.473
264.644
270.579
274.855
278.776
277.344
234.629
-654321
222.704
216.519
210.618
204.705
198.9
192.351
186.995
181.081
174.873
234.472
240.294
246.591
252.245
258.718
264.961
270.056
274.893
278.951
228.549
-654321
216.663
210.976
204.941
199.047
192.536
186.81
181.024
174.701
168.477
228.863
234.587
241.16
246.443
253.098
258.968
264.45
270.483
275.749
222.683
-654321
210.287
204.753
198.736
192.341
186.755
181.006
174.765
168.448
162.491
222.535
228.691
234.598
241.034
246.383
252.674
258.255
264.785
270.129
216.255
-654321
205.027
198.13
192.676
186.55
180.559
174.091
168.727
162.706
156.615
216.333
222.26
228.62
234.672
240.127
246.672
252.806
259.03
264.441
210.505
-654321
198.362
192.739
186.827
180.384
175.257
168.749
162.762
156.635
150.97
210.182
216.813
222.895
228.944
234.076
240.633
246.396
253.04
258.442
204.62
-654321
192.528
186.516
180.171
174.232
168.792
162.882
156.357
150.441
144.164
204.401
210.558
216.962
222.681
228.352
234.769
239.713
246.674
252.986
198.901
-654321
186.229
179.942
175.045
167.627
162.745
156.662
150.233
144.57
138.486
198.587
204.503
210.402
217.036
222.986
227.321
234.372
240.626
246.714
193.191
-654321
180.554
174.372
168.286
163.202
156.488
150.555
144.603
138.63
131.941
192.353
198.937
205.16
210.333
216.793
222.216
228.298
234.578
240.787
186.659
-654321
174.74
168.379
162.88
155.366
150.427
144.599
138.056
132.634
127.002
186.323
192.141
198.112
204.531
210.823
216.622
223.139
228.938
234.672
180.567
-654321
168.525
162.654
156.605
150.051
144.412
138.972
132.251
126.577
120.702
180.276
186.279
193.055
198.532
204.982
210.411
216.576
222.259
228.598
174.253
-654321
163.063
157.348
150.621
144.807
139.007
132.002
126.718
120.166
114.44
174.816
180.676
186.541
192.654
198.305
203.74
210.232
216.744
222.652
168.634
-654321
155.988
150.757
144.087
138.947
132.995
126.248
120.571
114.833
108.909
168.062
174.521
180.266
187.642
192.842
198.415
204.913
210.724
216.627
162.78
-654321
149.364
144.951
138.963
132.58
126.687
120.892
114.508
108.772
102.363
162.496
168.599
174.142
180.391
186.588
192.906
198.429
204.776
210.435
155.99
-654321
144.765
138.69
132.709
126.429
120.263
114.892
108.054
103.103
96.7016
156.11
161.677
167.761
174.581
180.798
187.063
192.845
199.098
204.334
150.346
-654321
138.595
133.033
126.196
120.894
114.782
108.554
102.654
96.0626
90.9024
150.236
156.84
163.563
168.253
174.468
180.606
186.291
192.135
198.587
143.993
-654321
133.209
126.646
120.732
114.951
108.549
102.189
96.7672
89.7446
85.5352
145.258
150.793
156.512
163.724
168.404
174.595
180.341
186.471
192.607
138.912
-654321
127.15
119.981
113.72
108.44
102.223
95.9005
90.6332
84.9759
78.8835
138.369
145.221
150.879
156.555
161.976
168.77
174.71
199.807
186.148
132.262
-654321
120.93
114.624
107.724
103.081
96.1351
90.7408
84.5091
132.364
72.6793
132.269
138.053
144.769
151.949
156.649
163.545
168.418
175.365
180.324
126.596
-654321
114.576
108.228
103.895
97.7566
90.3786
83.7631
78.7323
72.1746
66.4747
127.965
132.536
171.773
144.596
151.037
156.767
163.232
168.23
175.17
121.319
-654321
108.347
102.523
96.6301
140.058
147.475
77.4986
72.0935
66.2777
60.645
120.788
126.537
132.735
138.396
144.787
149.556
155.987
162.881
168.613
114.217
-654321
103.684
96.0311
89.9237
85.4782
77.9019
73.0331
65.6543
60.3421
55.0338
113.528
120.721
127.035
132.311
140.134
144.879
151.294
157.26
162.296
108.74
-654321
96.5231
91.1058
135.829
78.2382
72.9129
67.7562
59.8076
54.3904
49.3453
108.36
115.195
120.851
127.286
131.819
138.598
144.688
149.684
156.932
103.348
-654321
91.6529
85.7933
77.8582
72.6678
66.9438
61.9169
54.9901
47.8633
42.6919
101.843
107.22
114.327
120.528
127.769
133.262
138.076
175.293
150.62
96.4237
-654321
84.6848
143.979
72.0313
66.1519
59.8455
54.5237
47.4899
42.7808
104.814
96.0771
205.016
109.216
156.119
160.434
127.525
132.732
172.397
144.616
90.9429
-654321
79.8051
71.5747
66.0016
130.533
55.8862
49.1562
44.2497
37.9019
30.8946
90.9803
96.9509
102.35
108.584
114.126
119.541
174.983
131.121
138.744
84.2703
-654321
71.416
67.2134
61.0359
55.1145
49.5761
42.8648
37.2735
99.8293
108.117
84.9541
140.256
143.512
103.355
107.294
114.254
120.403
126.632
133.123
77.5427
-654321
66.6628
62.1127
53.6952
122.031
42.6618
37.3601
30.6339
96.9378
17.7644
78.0515
84.8439
91.0244
96.7365
103.524
163.854
113.749
119.697
126.75
139.165
-654321
128.598
55.5413
111.984
42.2099
35.6263
30.4515
97.5746
18.1595
12.117
73.5182
79.0849
147.043
90.3227
95.8408
101.308
107.792
115.626
120.28
123.886
-654321
116.619
48.1117
118.306
37.3406
30.944
96.2272
103.15
14.0726
96.2567
122.808
74.1984
79.8901
134.929
92.0668
97.0444
103.038
109.522
114.89
61.917
-654321
111.656
120.575
36.5827
30.8574
23.7113
18.5095
12.4383
4.98827
0
119.884
123.907
72.687
78.7051
147.535
152.523
96.2254
102.909
109.149
114.189
-654321
43.1988
36.8332
100.37
23.0686
16.6187
87.0978
5.44727
1.68954
54.2051
60.7324
135.473
73.4422
79.6792
198.321
140.425
97.3837
102.615
111.147
-654321
35.7633
99.1761
23.4913
103.604
88.7502
6.66399
80.2553
50.1988
55.8881
60.8412
135.775
73.2161
78.0186
83.4441
139.66
96.1606
184.216
-654321
31.9391
23.877
104.611
11.6505
94.7346
0.815628
42.8645
49.5032
116.278
61.4606
134.717
74.0006
78.9297
84.3858
90.5552
114.652
-654321
94.687
20.1004
87.8181
8.22727
0.110886
103.571
43.77
110.925
126.389
61.4798
67.7512
71.5527
143.745
85.3154
99.1981
-654321
176.535
89.163
4.86577
0.642494
30.4424
36.2567
118.619
47.8893
55.2231
61.3479
124.334
128.166
78.0267
106.718
-654321
87.6193
95.9656
0.777901
25.4661
100.329
36.8306
117.78
48.2519
54.5922
190.321
124.814
72.8972
92.8363
-654321
172.971
79.695
18.2493
96.3833
181.792
37.6762
108.815
111.021
53.5133
132.521
65.5195
12.649
-654321
90.4815
99.3701
103.528
96.1469
110.47
36.322
43.2788
113.588
53.9734
60.7176
6.43417
-654321
172.462
12.5905
91.7199
25.1287
180.886
37.1421
106.73
112.5
54.717
0.330421
-654321
283.594
294.091
297.557
295.504
293.97
287.508
282.884
277.102
271.798
270.301
-654321
292.988
296.631
295.686
293.006
288.359
282.265
277.179
270.849
264.782
269.309
285.662
-654321
297.006
296.849
292.73
286.963
281.663
277.097
270.998
264.674
259.406
285.287
270.242
294.309
-654321
296.54
293.284
288.311
283.148
277.682
271.442
265.4
259.485
253.557
295.607
284.258
270.256
298.599
-654321
293.457
287.242
283.26
277.469
271.666
265.489
259.497
253.545
247.462
297.656
294.259
283.869
270.797
297.379
-654321
289.209
283.736
277.488
271.796
265.265
259.716
253.553
247.76
241.434
297.806
298.557
293.464
284.013
270.051
293.679
-654321
283.328
277.087
271.609
265.477
259.915
253.801
247.321
241.019
235.363
293.927
297.542
298.275
295.785
284.234
270.595
288.44
-654321
276.993
271.054
265.27
259.609
253.252
247.642
241.579
235.114
229.171
288.725
293.612
297.552
297.92
294.401
283.113
270.915
282.079
-654321
271.35
265.246
259.326
253.851
247.054
241.704
235.61
229.467
223.306
283.589
288.142
292.34
295.064
298.485
295.233
284.09
269.444
277.443
-654321
265.738
260.092
253.544
247.605
241.343
235.508
230.047
223.449
218.035
277.338
283.463
287.735
294.663
296.207
297.981
290.887
284.482
270.318
271.182
-654321
260.026
253.465
247.319
241.864
235.1
229.397
223.477
217.343
211.612
271.17
277.526
283.482
287.513
293.496
294.295
297.124
294.534
285.055
265.286
-654321
253.509
247.466
241.393
235.239
229.46
223.43
217.548
210.352
205.517
265.602
271.457
276.722
282.766
289.43
293.592
296.484
297.216
296.268
259.828
-654321
247.405
241.356
235.236
229.895
223.375
217.771
211.8
205.473
200.035
259.886
266.099
271.565
276.767
282.758
289.615
292.602
295.67
297.342
253.783
-654321
241.604
235.177
229.188
223.7
217.043
211.455
205.334
199.398
193.022
253.061
259.506
265.342
271.314
277.696
282.378
288.698
292.104
296.582
247.203
-654321
235.336
229.611
224.422
216.864
211.822
205.374
199.594
193.082
187.419
247.612
253.972
259.197
265.098
271.439
276.746
282.293
288.148
292.907
241.493
-654321
229.814
223.291
217.488
210.998
205.501
198.883
193.083
187.522
181.829
241.611
247.092
252.965
258.709
265.111
271.337
276.956
282.239
288.764
235.471
-654321
223.452
217.747
211.48
205.321
199.02
193.597
187.463
181.238
175.46
235.298
240.803
247.475
253.667
259.471
265.459
270.832
276.478
282.491
228.994
-654321
217
211.39
205.717
199.975
193.087
187.064
181.103
175.354
169.403
228.696
235.018
241.378
247.934
253.188
259.727
265.528
271.201
277.347
223.589
-654321
211.43
206.217
199.552
193.978
187.397
181.143
175.608
169.636
163.209
223.829
229.28
235.581
241.619
247.716
252.186
258.501
264.761
271.373
217.612
-654321
205.822
199.054
193.644
187.192
181.599
174.905
169.665
162.68
157.346
217.208
223.612
228.725
235.485
241.267
247.338
253.288
259.344
265.415
211.578
-654321
199.921
193.355
187.196
180.897
175.647
168.358
163.171
157.588
151.182
211.76
216.775
223.917
229.611
234.916
240.825
246.816
253.282
259.324
205.012
-654321
193.837
187.17
181.804
175.408
169.919
163.62
157.638
151.131
144.932
205.509
210.552
217.019
223.279
229.057
235.477
241.331
246.187
253.522
199.318
-654321
186.806
180.627
175.34
169.746
163.162
157.053
152.165
145.578
138.513
198.792
205.619
211.424
217.941
224.017
228.956
234.852
241.86
247.196
193.494
-654321
181.826
175.703
169.076
163.299
157.632
151.041
145.063
138.448
133.197
193.341
199.977
205.187
211.475
216.237
223.233
229.614
235.49
241.365
187.145
-654321
175.833
170.38
163.544
157.851
151.338
145.174
139.715
133.733
127.546
187.454
193.248
198.581
205.844
212.061
216.328
223.139
229.459
235.235
181.201
-654321
168.977
162.888
156.698
152.075
145.482
140.313
133.708
128.129
120.779
181.667
187.282
193.997
199.31
206.008
211.348
219.01
224.403
229.401
174.722
-654321
164.083
157.1
151.285
144.651
139.08
132.931
127.672
120.393
116.03
175.381
182.281
187.432
192.986
199.101
206.169
211.892
216.886
223.525
169.539
-654321
156.907
151.227
145.088
138.335
133.694
127.314
121.095
114.992
108.355
169.697
175.845
181.34
188.242
193.674
199.44
205.206
211.44
217.533
163.644
-654321
151.855
145.062
140.066
167.391
127.85
120.897
115.295
108.427
103.238
163.383
168.792
175.225
182.592
187.004
193.209
199.783
205.742
211.142
156.718
-654321
145.231
138.981
134.358
126.508
120.57
116.32
108.879
103.286
97.1583
156.495
164.166
169.575
176.225
180.942
187.797
193.316
198.205
205.509
151.534
-654321
138.365
134.209
126.455
158.96
115.058
109.232
103.145
142.634
91.4235
151.361
157.975
162.378
191.973
174.116
180.597
187.308
193.022
199.301
145.39
-654321
133.53
126.62
121.045
116.382
108.81
103.536
96.5922
91.0011
85.1315
188.22
152.889
157.505
187.076
167.614
176.398
181.381
188.825
193.649
139.504
-654321
127.989
120.599
115.535
109.685
102.489
97.0486
91.7595
85.2219
79.6921
139.62
144.698
152.165
158.893
162.661
168.548
207.786
181.502
187.235
133.373
-654321
122.778
115.347
109.833
104.981
98.1869
91.9442
84.2936
79.2492
126.791
133.718
138.085
144.929
150.765
157.418
164.181
191.606
195.244
181.49
126.337
-654321
113.792
108.512
103.398
97.7642
90.3999
85.5581
79.4421
127.457
67.4096
128.646
132.932
139.89
144.316
151.09
157.426
163.428
169.536
174.595
122.491
-654321
109.881
101.587
156.236
90.7229
85.1531
79.6367
74.2842
123.83
60.0922
158.461
163.258
133.895
137.494
144.652
180.664
157.053
162.6
169.543
115.161
-654321
102.801
98.2576
92.3314
83.0182
79.8942
73.517
67.09
119.631
117.526
114.421
120.183
126.35
133.59
171.338
145.392
150.135
157.209
163.475
109.073
-654321
97.4896
91.1498
86.3594
77.7006
73.78
67.7697
59.0405
56.1202
49.8498
109.449
115.479
120.555
125.794
133.929
138.02
144.252
179.758
157.707
161.58
-654321
92.2995
85.0714
77.7555
139.591
191.759
119.753
117.504
112.581
42.3671
103.046
163.139
116.321
121.171
128.586
133.22
139.236
143.909
151.75
97.94
-654321
136.437
78.6227
73.4206
64.9741
60.7935
116.055
113.032
43.0097
35.1291
202.398
105.425
109.622
114.155
121.036
126.453
132.418
139.231
146.261
91.4791
-654321
78.8364
75.0756
67.4574
119.191
127.11
111.055
44.0355
37.0036
31.927
91.5344
144.942
104.001
151.201
115.318
121.76
176.106
169.303
139.361
84.3596
-654321
140.603
67.664
61.807
54.4612
49.6358
42.1314
38.9872
31.399
85.9219
90.519
144.487
158.293
109.722
114.347
121.67
163.515
132.898
77.9429
-654321
67.7173
61.0108
54.6066
112.236
42.5937
37.2932
180.273
80.1883
86.7207
153.323
202.512
102.265
108.038
115.559
122.242
127.484
74.5237
-654321
62.6343
54.114
47.8937
41.8142
38.1382
112.433
73.7216
80.2615
136.37
90.7307
140.058
147.722
109.298
115.013
121.171
139.068
-654321
129.659
51.0495
43.3591
103.415
32.4927
123.213
71.7858
77.844
135.994
138.855
97.1122
102.274
152.587
116.171
119.305
-654321
49.1323
43.0748
38.012
178.976
130.702
123.979
72.0591
145.859
148.1
138.927
97.9934
161.358
109.056
128.242
-654321
184.465
36.5375
31.256
54.2565
61.0324
136.179
74.6243
80.2004
135.035
91.3357
155.72
102.579
186.317
-654321
36.8772
99.4116
47.6678
117.44
191.044
66.9154
72.5726
79.7612
85.5898
200.859
96.3579
42.4537
-654321
34.0557
106.559
50.6107
117.849
118.535
67.8095
138.944
80.7384
148.225
90.9293
35.3552
-654321
105.043
107.68
112.108
55.1152
61.7092
123.056
141.52
77.4114
134.4
30.4032
-654321
284.031
298.596
309.482
315.455
316.297
312.892
310.978
304.046
299.418
269.385
-654321
296.434
309.607
312.24
316.89
312.387
308.949
303.917
299.075
293.772
270.463
283.495
-654321
310.141
314.493
314.185
313.195
308.898
304.693
298.933
293.94
287.872
285.217
270.212
299.996
-654321
314.126
315.106
313.281
308.205
304.37
299.24
293.919
287.485
281.82
300.283
284.574
269.481
307.287
-654321
314.635
312.121
309.902
304.854
299.066
293.455
288.142
282.205
276.119
308.345
299.118
285.285
269.097
314.051
-654321
312.194
309.343
303.162
299.264
293.548
287.637
282.296
276.054
270.233
313.388
308.907
297.819
284.734
270.668
315.093
-654321
309.794
304.744
299.284
293.651
288.135
281.956
276.461
270.207
264.337
315.245
314.627
307.941
295.493
284.44
269.337
312.062
-654321
305.286
299.866
294.129
287.405
282.79
276.654
270.301
264.288
258.961
315.283
315.146
314.03
308.556
299.454
284.531
269.424
310.432
-654321
299.408
294.117
287.473
281.675
276.02
270.349
264.149
258.652
251.943
309.78
313.975
314.68
316.097
312.27
298.416
284.257
270.535
305.418
-654321
293.864
288.102
282.436
276.662
270.374
264.176
258.434
252.056
246.098
304.106
310.029
313.509
310.908
314.279
310.493
295.374
284.51
271.771
299.909
-654321
288.131
282.74
276.191
270.416
264.274
258.414
252.124
246.342
239.973
299.334
304.982
309.763
312.197
316.042
313.312
304.077
297.269
287.913
293.825
-654321
281.952
275.776
270.273
264.417
258.852
252.424
246.265
239.989
234.265
293.854
300.468
305.343
310.383
311.667
314.784
315.021
309.075
299.885
288.551
-654321
275.607
270.155
264.799
257.824
251.917
246.404
240.028
234.789
228.001
287.703
294.303
298.645
303.603
308.628
313.132
316.969
315.494
313.756
282.523
-654321
269.596
264.577
258.503
251.576
245.743
239.693
233.742
228.077
221.73
282.074
287.719
293.514
298.278
305.183
307.06
312.854
312.796
313.027
276.408
-654321
264.69
258.111
252.668
246.23
240.079
234.403
228.162
222.476
216.308
275.945
281.495
288.057
293.832
299.295
302.905
310.754
312.534
314.254
269.972
-654321
257.996
252.33
246.248
240.499
234.438
228.251
222.427
216.293
209.6
270.253
275.587
282.53
287.744
293.163
297.927
301.72
309.347
313.929
264.278
-654321
252.386
246.277
239.846
234.4
228.402
222.638
216.198
210.265
204.437
264.333
270.594
275.974
282.311
288.262
292.522
298.858
305.583
310.024
258.587
-654321
246.237
240.418
233.991
228.411
222.771
215.748
210.833
203.731
198.241
258.047
263.787
270.709
276.02
281.849
286.321
294.194
298.742
304.674
252.535
-654321
240.231
233.84
228.123
221.916
215.797
210.737
204.329
198.563
191.801
252.12
257.776
264.795
269.862
275.663
282.019
288.183
292.614
299.256
245.92
-654321
234.463
228.029
222.191
216.012
211.237
204.168
197.609
191.887
186.907
246.637
252.055
257.762
263.776
269.962
276.318
281.89
288.702
293.01
239.991
-654321
227.848
222.239
216.413
209.419
204.641
198.994
191.992
186.902
180.459
239.097
246.262
251.837
257.991
264.408
269.127
275.908
282.102
287.765
234.187
-654321
222.502
216.763
210.289
203.92
199.544
191.774
185.499
180.366
172.997
234.307
240.564
245.656
252.853
258.065
264.68
269.507
275.528
281.744
227.806
-654321
216.572
210.225
203.663
197.777
191.263
186.927
179.97
173.267
168.386
228.224
233.93
240.142
246.644
252.707
257.749
264.519
270.469
275.743
222.17
-654321
209.449
204.823
198.619
191.602
186.198
179.439
173.672
168.604
162.428
222.458
227.785
233.701
239.484
246.125
252.691
258.245
264.45
270.225
216.699
-654321
204.12
198.251
192.128
186.101
179.534
174.261
167.129
162.441
156.394
216.214
222.919
228.427
234.734
240.096
246.525
251.496
258.977
264.487
209.777
-654321
198.377
192.612
185.121
180.532
173.041
167.822
162.193
155.534
149.754
209.575
215.522
221.37
228.568
233.625
240.155
246.133
251.884
257.792
204.487
-654321
192.956
185.605
179.548
173.737
167.836
161.308
155.796
149.983
143.774
204.312
209.718
215.505
221.765
228.725
233.27
239.858
246.047
252.464
198.412
-654321
185.564
181.057
173.076
168.751
199.438
155.938
150.841
142.705
138.371
198.711
204.414
210.865
215.183
222.957
227.472
234.226
239.994
245.89
191.653
-654321
179.098
174.258
167.683
162.134
156.958
150.973
144.118
138.704
131.984
192.675
198.573
204.006
209.952
216.56
222.584
229.425
234.76
240.368
185.813
-654321
174.186
169.076
162.388
155.947
150.705
143.668
137.588
132.805
126.742
187.695
191.417
198.526
204.161
209.293
217.029
221.663
228.6
234.227
181.21
-654321
168.719
163.727
155.805
150.041
144.077
136.598
132.176
126.281
121.046
179.136
186.605
192.038
199.273
205.312
210.483
217.107
222.197
227.667
174.179
-654321
161.748
183.379
149.654
145.471
137.718
132.5
124.705
119.749
115.133
175.522
180.277
184.755
193.161
198.139
203.476
210.189
216.717
221.621
168.8
-654321
156.567
149.499
143.841
138.759
132.223
126.415
120.603
115.23
151.163
167.63
174.252
182.07
184.77
192.721
198.254
204.281
209.9
216.732
162.814
-654321
149.188
143.202
138.338
132.331
125.93
120.053
112.294
106.279
103.098
162.199
167.906
174.381
180.05
186.181
191.227
196.519
204.147
210.291
153.941
-654321
143.439
138.512
131.38
175.848
120.676
114.153
107.636
101.804
96.4285
154.985
199.232
167.494
174.245
179.195
187.054
207.426
198.302
203.952
152.099
-654321
137.174
131.093
162.987
119.768
114.446
149.694
102.032
95.8427
89.2417
150.262
156.07
162.063
168.038
174.07
179.625
202.213
192.394
197.536
144.035
-654321
133.608
124.35
210.397
113.58
108.021
147.306
202.146
89.733
134.431
143.732
149.163
155.731
161.194
167.31
173.842
210.637
185.4
191.073
140.224
-654321
126.606
118.939
155.234
109.142
102.976
96.784
89.4332
83.1888
196.892
136.82
145.039
150.806
156.646
161.88
167.127
173.828
179.414
186.312
179.734
-654321
120.658
115.481
204.874
103.03
143.974
90.4508
135.043
78.7234
70.81
132.653
170.096
143.726
150.481
155.075
161.719
167.763
195.723
180.465
126.019
-654321
167.178
108.871
101.77
155.72
88.6428
83.2703
78.1699
72.0174
67.0622
127.944
181.148
139.487
175.878
179.024
183.976
186.7
166.685
174.926
120.094
-654321
108.781
101.377
94.2366
91.6797
84.3443
79.7753
70.945
134.982
61.1995
210.732
126.917
167.146
136.318
144.238
191.526
158.032
161.513
168.159
112.527
-654321
103.364
143.518
90.7167
84.3807
76.821
138.245
65.342
59.465
154.895
119.44
162.577
178.456
137.167
174.768
149.555
183.143
162.271
108.049
-654321
96.6992
90.2922
148.28
78.2594
193.954
134.764
59.8968
152.221
165.082
171.298
176
133.131
138.706
142.841
178.066
156.102
161.377
-654321
89.1007
134.224
132.968
73.0624
66.3176
118.428
205.416
108.358
154.307
159.19
175.817
133.003
182.482
145.248
150.982
97.1177
-654321
135.204
142.111
194.036
66.1865
130.88
142.295
146.811
108.84
115.742
122.316
175.893
130.447
170.392
143.674
91.5268
-654321
76.6627
138.25
135.591
119.892
140.137
143.483
105.54
109.529
114.602
157.242
175.902
165.173
137.808
86.741
-654321
70.2054
64.6019
58.0021
83.9088
140.378
94.0491
158.842
151.029
114.746
159.258
127.342
131.768
79.9977
-654321
123.852
60.1403
131.316
134.569
89.7599
95.7401
103.171
151.313
154.547
119.574
122.994
138.151
-654321
57.7606
70.934
142.374
147.775
200.085
203.512
101.503
107.209
114.963
119.187
193.624
-654321
191.454
72.3185
130.792
197.343
151.858
96.3852
148.86
205.621
115.292
117.55
-654321
284.229
297.075
312.217
323.379
330.937
335.045
330.313
332.672
327.125
270.413
-654321
298.188
312.274
320.667
328.086
331.823
333.551
330.067
329.306
323.951
268.627
284.755
-654321
310.81
323.837
331.921
332.72
332.666
330.664
326.35
322.401
319.37
283.827
270.462
294.137
-654321
327.025
326.79
333.341
333.221
333.478
327.815
322.569
317.949
312.544
300.026
282.847
270.709
310.459
-654321
330.923
335.638
333.956
330.512
329.013
324.796
318.823
313.094
307.282
311.685
296.764
283.786
269.904
325.216
-654321
334.153
333.07
330.724
328.587
323.02
318.413
312.689
307.608
301.922
322.068
309.307
299.092
283.272
270.27
332.445
-654321
334.121
331.562
327.681
323.603
318.819
313.288
307.906
302.15
295.785
331.52
324.998
311.427
297.331
284.148
269.854
333.636
-654321
332.211
326.813
324.081
318.395
314.103
306.961
302.073
295.782
290.036
334.379
329.578
326.556
312.788
297.349
284.775
270.465
333.63
-654321
328.596
323.926
319.19
312.382
308.561
302.059
295.891
290.499
284.531
335.315
328.486
331.411
321.571
313.028
297.714
284.24
269.137
332.663
-654321
324.265
320.258
313.744
306.532
302.009
296.551
290.317
284.778
278.366
331.221
331.729
325.021
328.019
324.709
313.353
299.972
283.692
269.72
328.063
-654321
317.73
312.482
307.62
302.07
295.979
290.566
284.611
278.418
271.946
328.145
332.028
333.86
336.087
331.287
323.873
312.652
297.504
283.105
322.352
-654321
313.841
307.641
301.407
296.3
289.18
284.315
278.653
272.83
266.69
325.304
327.357
328.223
333.921
334.366
331.329
322.751
314.298
297.623
318.001
-654321
307.585
302.258
296.466
289.616
284.976
278.08
272.422
266.261
260.817
318.342
321.584
325.918
330.513
334.51
333.761
329.589
329.955
317.148
313.742
-654321
302.105
297.093
290.139
284.325
278.488
272.493
266.384
260.552
253.564
313.499
318.303
324.449
327.711
331.281
334.34
329.094
331.672
322.421
307.43
-654321
296.653
290.652
284.623
278.061
272.506
266.606
260.216
255.042
248.686
307.947
313.626
318.372
321.891
327.737
327.249
332.709
334.051
331.109
302.141
-654321
289.97
284.315
278.213
272.383
266.308
260.407
254.074
248.122
242.17
302.178
308.866
313.753
317.46
323.425
328.088
333.241
331.89
335.293
296.2
-654321
284.355
278.447
272.87
266.77
260.18
254.611
248.489
242.136
236.263
295.633
301.744
308.234
311.24
313.574
322.642
327.825
332.76
334.056
290.48
-654321
278.333
272.456
265.549
260.597
254.292
247.418
241.854
236.148
229.89
290.54
295.835
302.378
306.832
313.217
319.451
323.973
328.617
332.076
284.753
-654321
274.079
266.449
259.999
253.374
248.972
242.12
236.893
230.494
224.482
284.465
290.168
296.205
300.984
306.675
314.529
318.764
324.518
326.955
277.902
-654321
266.001
260.256
253.589
249.13
242.277
236.096
230.296
224.289
218.663
278.886
284.018
289.509
295.774
302.16
307.344
313.128
319.821
323.297
271.749
-654321
260.271
253.864
248.067
242.439
236.725
230.018
223.947
218.507
212.161
271.947
277.792
283.782
290.211
296.043
301.495
308.511
310.592
318.814
266.168
-654321
253.008
248.957
242.457
236.02
229.901
224.365
218.704
212.301
206.173
265.929
271.514
278.332
283.845
289.774
296.568
303.114
307.236
313.9
259.758
-654321
248.185
242.265
235.654
230.242
224.693
218.345
211.82
206.334
200.171
259.2
267.072
271.212
278.478
284.646
290.625
295.319
302.233
308.134
254.164
-654321
242.246
237.002
229.386
225.033
217.66
210.676
207.161
200.345
194.425
253.704
259.686
265.682
271.894
278.509
284.035
290.873
295.893
301.883
247.994
-654321
236.887
230.037
223.007
218.054
211.323
205.94
200.806
193.913
188.567
248.022
254.143
259.911
266.125
272.211
278.886
284.196
289.969
296.109
242.695
-654321
229.873
223.364
218.748
211.574
206.28
199.709
194.665
189.389
181.492
242.691
248.405
254.07
259
266.385
272.151
277.741
283.67
289.624
235.895
-654321
224.985
217.87
210.694
205.744
200.797
194.331
188.489
182.31
175.942
236.354
241.194
246.919
254.717
259.901
265.428
272.096
278.448
284.36
231.728
-654321
218.693
210.512
207.15
199.469
193.494
188.947
183.525
177.547
169.638
229.509
234.801
242.306
249.149
255.002
261.19
265.961
272.443
277.819
224.674
-654321
212.325
206.205
200.317
192.628
189.393
181.609
177.537
169.498
189.203
224.642
230.785
235.798
242.142
248.121
255.736
259.839
266.463
271.755
218.867
-654321
207.376
200.145
193.954
188.064
181.516
175.252
169.936
164.571
158.787
217.701
223.785
230.713
235.415
241.851
246.315
253.817
260.471
266.621
211.535
-654321
199.693
193.74
186.797
181.456
176.749
170.51
164.849
157.555
152.569
211.442
218.42
224.406
230.184
236.403
241.597
248.031
254.095
260.107
205.543
-654321
194.773
187.144
181.971
175.56
169.842
165.429
158.986
153.925
146.186
205.574
214.332
218.044
224.075
229.541
235.202
242.695
244.749
254.541
200.119
-654321
187.638
182.987
175.763
169.479
163.06
157.044
150.985
146.583
139.746
198.931
206.142
212.461
217.592
225.533
229.241
235.338
242.854
248.24
194.605
-654321
181.684
175.46
170.617
164.305
157.976
151.991
146.82
140.951
135.689
221.899
200.041
206.876
212.498
217.34
225.763
229.735
236.176
242.002
187.769
-654321
178.915
169.818
187.615
156.69
153.236
145.901
140.297
135.483
129.238
188.075
194.424
199.733
205.805
212.969
219.042
228.74
230.84
235.573
183.235
-654321
170.89
162.995
182.774
151.571
145.249
140.774
134.721
126.986
120.902
183.67
189.145
195.269
199.091
205.41
211.972
219.035
224.595
229.85
176.209
-654321
162.534
158.078
152.099
145.492
142.36
134.405
128.658
121.305
117.305
177.993
185.036
189.237
194.453
200.534
230.411
212.191
216.693
223.963
168.694
-654321
158.963
151.096
175.601
139.648
133.549
129.471
174.712
156.964
110.655
170.285
196.374
181.51
188.23
193.613
200.504
206.722
213.119
219.24
162.515
-654321
153.721
142.656
139.566
168.142
163.944
121.956
116.313
109.374
106.198
164.276
169.758
176.543
199.241
188.948
194.699
199.783
205.482
211.734
222.306
-654321
187.694
139.448
134.446
125.761
123.514
115.934
111.763
102.339
98.0598
158.313
188.96
169.694
176.43
182.153
187.716
207.068
200.079
205.678
152.363
-654321
187.087
132.204
128.583
123.03
155.458
165.395
103.116
202.694
201
151.683
158.871
163.43
168.502
176.555
180.963
188.603
193.347
200.7
144.106
-654321
167.331
129.915
163.42
115.597
110.374
102.793
202.714
153.357
174.564
150.758
184.209
202.4
170.173
173.703
181.296
188.824
194.441
139.744
-654321
164.636
213.57
117.742
164.963
149.547
98.3178
91.4208
142.766
176.042
152.026
158.594
164.151
169.863
197.047
182.028
188.744
134.734
-654321
159.391
115.478
152.619
102.638
143.812
91.0673
167.388
144.118
145.083
178.832
183.574
162.487
204.197
228.364
182.387
130.268
-654321
156.118
165.114
161.865
156.521
139.003
163.157
133.96
186.174
144.353
152.33
158.332
164.904
169.456
174.893
122.906
-654321
165.369
104.47
157.036
94.1919
172.965
164.4
179.477
171.654
219.088
177.906
158.714
164.01
170.496
114.799
-654321
103.999
203.52
141.336
113.653
121.939
127.556
168.109
172.473
146.064
178.821
157.093
163.491
166.226
-654321
96.7985
139.09
163.878
115.993
122.502
125.829
167.806
216.021
190.52
149.062
158.459
105.099
-654321
200.629
101.772
111.79
115.308
212.736
127.722
167.853
139.724
174.793
151.651
142.899
-654321
156.57
102.635
164.109
158.02
159.756
128.038
133.586
140.351
144.615
201.171
-654321
283.992
299.089
313.378
322.814
343.523
348.982
346.967
350.709
350.749
270.774
-654321
301.976
308.498
320.743
342.058
348.456
354.246
347.95
346.649
348.963
270.201
284.272
-654321
315.719
325.31
340.621
347.7
350.74
346.472
348.459
346.876
342.225
282.415
270.257
297.665
-654321
327.517
333.564
348.764
352.597
353.091
350.243
350.572
345.794
338.339
300.101
283.381
269.394
312.42
-654321
334.3
345.417
350.802
349.773
351.809
344.297
344.493
338.444
334.649
315.01
296.338
282.302
269.779
325.36
-654321
347.607
353.567
353.333
350.794
346.539
346.032
340.31
335.69
330.166
323.758
309.268
299.407
282.57
269.914
336.509
-654321
344.834
351.571
353.014
346.744
342.497
339.375
335.17
329.238
323.635
332.906
323.87
313.094
297.851
282.694
269.747
351.729
-654321
350.552
350.867
348.442
343.402
340.839
335.301
330.817
324.948
318.864
345.7
334.568
324.758
312.024
298.791
283.442
269.988
349.067
-654321
349.743
348.858
344.5
341.152
335.629
329.846
323.863
318.996
313.645
350.485
341.778
336.451
326.819
311.589
297.472
284.174
269.644
349.436
-654321
347.954
343.998
341.456
335.451
330.091
325.187
319.836
313.09
307.185
350.416
348.948
347.316
342.753
324.8
312.257
297.455
282.777
270.097
349.938
-654321
344.843
339.712
336.085
328.125
324.864
319.299
313.219
308.249
301.535
350.447
350.525
346.049
344.659
340.529
320.94
314.014
296.483
283.979
347.573
-654321
342.315
333.632
330.443
324.254
318.877
313.537
307.955
301.313
295.797
345.526
350.34
352.386
351.544
345.375
340.497
331.017
312.957
298.04
345.545
-654321
335.131
330.049
325.549
319.161
313.049
307.498
301.782
295.928
289.63
345.748
346.44
346.901
346.652
350.745
338.11
330.942
324.857
313.507
336.771
-654321
329.754
323.473
318.394
312.501
307.662
301.566
295.568
290.253
283.413
338.53
344.366
344.239
350.342
348.911
349.079
343.583
337.077
330.094
335.646
-654321
324.14
319.752
312.719
308.437
301.545
295.425
289.691
283.828
277.563
333.837
340.984
342.227
349.765
351.717
351.757
350.965
344.249
334.336
330.297
-654321
318.5
313.443
307.59
301.655
295.467
289.282
283.887
277.97
271.488
329.092
334.803
340.272
344.167
348.243
346.414
347.152
351.747
348.458
324.775
-654321
313.674
307.655
301.076
295.634
289.499
283.762
277.375
271.98
266.004
324.025
329.13
332.804
340.457
344.785
345.839
347.714
351.645
353.386
319.246
-654321
307.564
301.138
295.437
289.007
282.554
277.427
271.684
265.375
259.136
318.118
324.75
331.031
336.732
339.574
344.34
346.904
346.328
347.319
313.066
-654321
301.079
295.387
288.58
283.445
277.159
271.727
266.273
260.443
252.803
312.175
319.154
325.361
329.131
333.533
340.837
346.265
346.957
348.969
307.213
-654321
295.298
289.421
283.198
277.464
271.733
265.365
259.545
253.108
247.637
306
312.949
318.847
324.206
326.359
336.21
338.763
343.222
348.347
301.637
-654321
288.827
283.416
278.237
271.491
264.681
260.112
253.364
247.208
241.446
301.578
307.065
313.878
318.949
320.967
330.175
333.105
340.928
342.526
295.187
-654321
283.148
277.385
272.036
265.398
259.755
253.667
247.087
241.658
235.327
295.442
300.971
305.809
312.791
318.557
322.799
329.32
332.537
338.684
288.908
-654321
277.186
270.802
264.616
258.641
253.791
247.852
240.835
234.953
230.35
288.836
294.619
301.388
308.27
312.555
319.277
322.661
329.606
335.555
283.247
-654321
271.689
265.289
259.166
253.347
248.069
241.987
235.878
228.987
222.407
283.5
289.557
295.453
301.125
307.744
313.034
318.919
324.396
330.065
277.554
-654321
264.949
259.096
253.756
247.31
241.679
235.281
229.835
223.541
216.836
276.995
283.04
288.972
295.657
300.815
307.173
313.276
317.939
324.79
272.312
-654321
260.132
247.503
247.398
241.882
235.535
229.372
224.228
217.973
210.971
271.04
277.07
284.161
289.527
295.409
300.844
307.866
313.441
318.863
265.392
-654321
252.774
247.615
241.531
234.426
230.065
224.581
216.933
211.412
205.383
265.397
272.229
276.37
284.536
289.351
295.612
301.025
307.036
312.356
258.356
-654321
248.766
241.725
236.396
228.936
223.5
217.507
210.66
204.881
198.659
258.684
265.463
270.669
277.128
282.288
289.729
295.15
301.012
307.012
252.721
-654321
241.453
236.914
229.113
223.349
218.588
210.236
205.579
199.75
192.949
252.23
260.001
265.612
270.738
277.052
283.655
290.875
295.841
300.937
247.028
-654321
235.754
230.297
223.67
217.432
211.964
204.891
200.645
192.968
187.753
245.783
252.688
258.401
265.172
272.289
277.102
283.129
288.561
295.086
242.8
-654321
228.587
222.453
216.456
211.315
205.339
198.436
193.404
186.435
181.518
241.298
247.013
253.739
258.713
265.968
271.435
276.554
284.512
289.268
235.929
-654321
224.198
218.512
211.291
205.781
199.345
193.5
188.787
181.091
176.342
235.195
241.548
247.096
253.421
259.337
266.11
271.171
277.873
283.1
229.127
-654321
218.165
209.829
206.688
199.819
193.782
186.68
181.441
175.331
170.332
229.038
234.571
240.998
248.451
255.245
260.723
265.662
271.226
277.201
221.488
-654321
210.943
205.989
199.142
193.412
186.136
181.351
175.644
191.479
163.886
222.532
228.271
235.8
241.465
248.262
252.922
250.863
264.415
271.405
217.813
-654321
206.4
199.683
194.465
186.588
180.189
174.193
169.364
164.842
158.565
216.439
228.774
228.578
235.272
241.705
247.391
254.394
251.725
264.082
213.292
-654321
199.008
192.878
187.744
182.071
175.926
169.765
164.071
158.265
150.272
211.216
217.364
222.343
229.192
235.634
241.732
246.288
253.496
258.539
227.235
-654321
194.267
186.229
181.283
174.058
190.715
166.177
157.381
180.05
143.558
214.566
211.309
217.819
223.957
228.951
235.873
240.261
246.788
253.104
199.586
-654321
186.805
179.855
174.274
204.974
186.134
196.139
150.647
146.572
139.8
200.164
204.333
212.285
218.485
228.889
228.257
234.605
240.951
247.85
207.66
-654321
179.84
175.407
191.389
161.207
156.336
151.61
144.896
140.269
133.71
208.573
225.782
205.186
218.478
222.83
222.25
227.541
236.503
241.352
203.107
-654321
195.16
169.92
164.44
156.836
150.847
175.906
172.272
131.478
126.141
187.559
193.61
199.528
217.017
211.961
223.373
223.135
229.838
235.439
199.899
-654321
190.954
188.705
182.948
152.271
188.367
139.666
132.72
126.202
120.914
212.113
233.224
194.206
224.277
239.534
233.288
215.211
224.725
230.071
176.254
-654321
166.102
183.547
151.669
146.089
138.754
132.28
125.913
120.304
197.012
181.048
204.686
190.541
226.437
204.814
210.068
223.004
223.174
170.776
-654321
158.307
152.684
145.671
138.627
132.883
177.698
158.706
168.35
176.499
183.418
202.833
193.04
226.133
217.214
211.471
217.754
162.547
-654321
150.764
144.729
140.342
133.595
129.782
120.713
224.384
168.953
208.694
211.149
204.713
192.491
197.125
205.819
211.089
158.227
-654321
175.666
140.479
178.413
164.684
159.52
156.398
163.676
192.022
173.138
180.819
215.009
190.357
236.505
205.738
149.675
-654321
171.816
132.701
162.131
121.68
150.375
158.945
163.094
191.253
173.622
180.085
184.307
193.988
198.679
147.519
-654321
168.57
129.961
172.226
187.633
152.632
157.841
224.919
169.122
195.307
179.125
186.252
192.478
186.658
-654321
176.892
173.025
172.31
174.078
150.805
182.403
187.956
192.748
194.392
212.209
187.146
167.93
-654321
119.584
131.315
217.967
146.772
151.18
195.585
198.613
167.382
175.003
181.152
213.81
-654321
130.036
180.246
138.573
147.575
151.419
183.531
187.757
168.308
175.05
161.513
-654321
283.899
296.144
314.713
325.856
343.028
345.826
363.857
365.834
365.579
269.923
-654321
297.836
312.565
322.024
333.389
352.289
358.102
361.441
367.817
369.057
270.936
284.345
-654321
312.124
324.661
339.22
356.613
367.358
364.948
366.412
369.038
366.086
286.677
270.427
297.83
-654321
330.259
340.31
349.07
356.28
353.379
363.175
370.108
365.215
365.451
294.931
285.35
269.477
313.976
-654321
338.171
346.078
360.51
363.538
365.035
366.159
364.674
362.554
363.509
314.602
297.535
283.743
269.792
328.615
-654321
355.956
353.056
364.411
368.613
369.114
364.855
364.401
359.16
353.093
327.597
316.253
296.689
282.432
270.156
336.569
-654321
364.568
360.235
367.596
363.073
367.185
365.947
360.885
356.947
350.202
342.126
320.758
308.878
298.229
284.002
270.254
354.878
-654321
358.492
359.427
367.677
364.024
363.101
353.766
358.143
351.163
343.3
353.263
342.583
327.643
313.681
302.09
281.552
271.155
360.478
-654321
368.344
366.81
365.653
364.157
356.439
354.541
349.848
345.466
341.234
361.23
354.253
343.163
324.83
314.268
294.043
283.288
270.1
368.974
-654321
367.661
363.914
363.271
361.062
355.132
352.404
346.408
340.788
335.507
368.073
358.542
352.893
336.754
326.496
310.104
295.24
283.367
271.013
365.454
-654321
364.798
363.022
360.341
355.207
350.591
345.243
339.259
335.485
329.9
367.221
364.586
363.703
351.057
341.985
325.527
314.72
297.974
284.183
367.393
-654321
360.911
361.476
354.339
350.386
346.603
341.937
334.271
329.555
323.574
366.977
369.303
368.584
363.939
355.149
342.311
325.588
314.331
297.359
368.396
-654321
356.094
354.757
351.728
346.925
339.571
335.922
330.407
324.209
318.708
363.242
367.843
366.893
367.557
359.038
352.185
347.52
320.724
312.679
365.444
-654321
358.632
351.33
346.505
341.269
335.814
330.409
323.411
318.253
312.336
365.658
368.753
370.692
364.794
363.062
358.872
352.554
338.871
321.941
361.469
-654321
352.661
342.086
340.099
334.165
329.659
323.759
318.19
312.104
306.259
359.261
364.351
366.397
367.684
368.776
367.079
356.412
347.871
343.058
354.785
-654321
345.982
339.999
334.748
329.132
323.224
318.135
312.244
306.038
301.008
355.335
360.151
361.395
365.991
368.576
368.924
363.184
357.196
352.23
351.474
-654321
341.843
334.29
329.688
323.765
318.163
311.537
306.75
300.463
293.859
352.5
354.323
360.967
363.742
363.639
367.367
369.644
360.375
361.461
346.494
-654321
334.821
329.07
323.262
318.158
311.701
305.955
300.77
294.49
288.537
346.753
350.352
356.889
358.347
357.671
365.271
368.616
370.195
372.777
340.272
-654321
330.191
323.317
318.779
312.472
306.567
300.557
294.114
287.927
281.985
341.925
345.162
352.201
355.709
357.925
364.447
361.729
371.815
368.939
335.12
-654321
323.538
318.091
312.396
305.945
300.542
293.782
287.874
282.083
276.24
332.591
339.535
346.253
348.948
355.967
358.559
365.227
365.512
368.338
329.631
-654321
317.977
311.865
305.957
300.608
295.173
287.953
282.305
276.325
270.188
327.78
333.969
341.934
346.918
349.724
354.525
363.11
364.172
365.359
323.815
-654321
312.455
306.019
299.676
294.639
287.91
282.505
276.715
271.132
263.851
323.694
330.631
335.506
342.125
344.92
347.002
352.233
360.63
364.117
318.588
-654321
305.74
299.387
295.119
288.817
282.606
275.939
270.203
264.509
258.272
318.134
325.131
328.33
334.358
338.793
344.477
351.706
358.252
359.642
312.569
-654321
299.81
294.933
288.309
282.734
276.182
270.17
264.936
259.179
252.513
313.031
318.364
323.273
329.249
332.489
340.585
344.972
350.454
354.979
306.424
-654321
293.954
287.738
281.664
275.987
269.934
264.073
258.201
251.748
246.22
306.304
311.115
317.419
323.323
329.797
336.118
341.7
345.631
350.069
299.648
-654321
287.845
282.879
276.23
270.705
264.025
259.19
252.158
245.399
240.435
299.738
305.655
312.167
317.422
323.653
328.403
334.553
339.177
345.758
294.976
-654321
282.247
276.599
269.429
264.293
257.059
251.91
245.851
240.297
233.977
294.687
300.191
306.045
312.253
318.61
324.379
331.127
331.447
340.425
287.72
-654321
275.965
269.735
264.665
258.263
253.484
245.551
239.816
233.804
229.648
288.196
294.345
300.308
306.283
312.322
318.291
324.703
325.139
335.365
282.152
-654321
270.698
263.102
258.084
251.948
246.206
240.755
234.044
228.57
222.61
282.067
288.671
294.487
300.528
306.453
312.449
318.048
323.972
329.1
275.951
-654321
263.21
259.204
251.559
246.554
239.829
233.891
228.976
221.728
216.011
275.964
283.007
287.705
293.107
299.63
305.901
287.505
317.981
323.044
269.113
-654321
257.765
252.908
242.973
240.75
233.869
228.7
222.254
215.961
210.5
259.338
276.229
281.669
287.213
295.084
300.117
305.718
312.34
317.882
264.043
-654321
252.43
246.127
241.65
234.045
227.41
223.376
216.459
211.136
202.981
264.367
270.249
276.859
281.787
288.014
294.013
300.379
306.81
312.397
258.087
-654321
244.658
239.147
234.723
228.044
222.462
215.308
210.887
203.287
199.722
258.395
264.545
269.381
276.917
281.867
270.868
294.232
300.583
306.1
253.145
-654321
239.268
235.277
230.607
222.85
215.395
219.253
203.332
198.859
192.225
253.228
257.752
263.6
269.153
276.436
282.756
287.664
294.756
299.624
247.379
-654321
232.686
226.953
222.341
215.574
210.89
202.875
196.506
191.449
184.395
245.078
252.767
258.536
263.28
269.43
276.561
281.154
270.215
294.236
239.248
-654321
227.283
222.534
215.309
210.358
204.092
198.473
192.239
203.18
179.017
239.872
246.976
252.144
259.215
263.83
269.816
274.809
266.739
287.825
235.147
-654321
221.711
214.659
210.718
204.103
196.745
192.499
186.575
182.283
194.959
234.114
241.765
246.319
251.553
258.366
263.207
269.97
276.085
282.577
226.806
-654321
216.103
210.683
204.001
199.052
191.412
185.736
178.694
172.847
191.426
227.675
234.984
238.196
242.672
254.144
253.113
262.988
268.871
275.79
221.891
-654321
209.902
215.739
196.79
189.329
185.365
180.947
196.137
169.704
161.003
226.227
231.527
235.404
240.562
245.815
251.082
251.062
263.846
269.539
217.257
-654321
204.853
225.544
191.713
187.839
201.036
174.351
165.795
162.871
157.893
235.739
227.035
228.305
233.751
239.286
245.48
247.455
257.182
263.813
211.314
-654321
196.538
206.939
185.284
200.597
173.899
168.724
162.315
155.441
150.669
211.815
216.125
226.627
244.213
233.901
251.868
246.353
248.064
257.878
228.494
-654321
191.128
186.327
178.923
173.038
167.971
187.917
156.218
150.844
202.696
210.85
216.771
240.678
228.311
233.941
239.928
253.212
252.152
237.313
-654321
188.288
198.804
195.556
226.91
187.798
182.845
151.31
197.327
239.019
208.892
222.798
226.729
229.265
235.589
239.198
245.317
190.391
-654321
178.778
195.321
190.225
162.914
186.565
190.216
192.773
197.63
204.229
211.452
217.666
227.199
228.66
234.032
239.374
188.352
-654321
174.218
168.789
162.902
184.232
149.931
204.537
191.76
197.266
214.472
210.031
215.367
221.637
227.313
233.645
199.286
-654321
227.702
187.221
156.11
149.309
180.535
202.678
206.024
197.292
213.876
208.47
223.168
222.301
229.325
174.928
-654321
201.212
155.455
151.87
207.542
179.74
201.384
191.246
199.5
228.936
218.658
214.816
222.409
168.585
-654321
223.687
221.027
167.04
173.374
182.254
186.623
192.238
197.016
203.66
218.823
216.562
162.496
-654321
151.405
188.446
203.34
173.24
231.947
184.771
217.77
210.145
216.997
210.141
154.945
-654321
221.633
163.314
193.746
172.89
198.275
187.146
208.266
211.992
203.128
150.154
-654321
285.515
296.581
312.626
330.806
334.897
363.569
362.022
380.73
385.096
270.03
-654321
301.064
312.162
327.138
340.766
352.215
367.417
378.525
380.208
387.892
269.591
283.496
-654321
309.54
322.77
342.108
349.117
362.232
373.7
374.788
383.222
384.893
286.635
270.206
294.624
-654321
329.894
341.833
356.288
366.491
372.973
386.275
388.083
384.879
388.844
301.96
283.659
270.056
317.819
-654321
341.072
356.242
365.234
379.529
381.001
383.173
385.592
386.313
381.663
311.388
302.981
286.118
269.983
324.446
-654321
365.38
363.792
377.763
374.803
385.821
384.662
384.093
386.215
378.854
326.649
312.766
302.419
284.277
269.383
342.653
-654321
368.591
370.925
380.98
388.716
388.474
383.361
385.197
379.917
382.046
345.748
327.494
311.578
296.055
282.325
269.229
352.29
-654321
373.804
387.425
383.071
377.615
383.48
381.641
379.939
377.556
374.155
352.4
345.363
326.299
315.025
300.028
285.854
270.178
363.252
-654321
381.303
384.162
383.763
387.532
382.273
379.936
377.227
370.348
368.111
358.515
348.794
348.075
320.756
311.724
297.375
280.273
271.164
372.195
-654321
386.628
388.184
384.964
384.896
380.234
375.329
375.438
369.522
366.056
373.464
361.865
352.404
337.632
331.02
313.063
296.895
286.124
270.506
375.581
-654321
385.229
386.865
382.616
379.495
374.757
375.662
369.248
364.051
358.086
383.473
376.036
366.26
354.429
343.21
325.316
311.61
295.656
282.922
383.365
-654321
382.135
385.608
383.159
378.54
374.244
368.4
363.668
360.104
353.896
381.748
378.897
370.044
358.488
354.594
344.344
322.776
307.766
301.43
384.962
-654321
383.766
382.771
374.817
374.095
369.386
365.934
360.643
352.405
349.579
386.134
385.872
379.931
379.713
357.822
353.155
341.079
326.176
312.418
383.572
-654321
380.792
378.3
372.7
369.558
363.828
358.259
353.363
349.201
343.666
386.77
386.978
387.439
378.878
379.569
371.905
359.079
338.303
324.103
386.486
-654321
377.085
374.69
370.709
363.205
358.901
355.235
349.355
342.284
337.323
384.905
382.975
391.975
378.524
376.543
365.526
367.159
354.957
343.523
380.979
-654321
374.231
371.426
366.297
360.778
355.02
348.017
342.652
337.543
329.803
387.425
381.772
386.214
380.947
384.969
382.583
386.058
365.199
356.299
382.696
-654321
372.328
362.523
359.276
351.898
349.143
340.327
337.307
331.02
326.084
377.11
373.552
385.292
388.028
384.701
387.241
379.831
374.208
367.691
372.572
-654321
363.518
358.121
355.111
349.288
343.115
337.849
331.269
326.26
319.823
374.98
376.019
382.965
383.988
384.944
389.518
385.251
381.72
376.056
370.498
-654321
359.035
353.29
349.155
343.516
338.202
331.688
325.713
320.297
313.946
369.419
373.144
376.01
385.23
381.234
388.243
373.845
385.558
382.043
364.199
-654321
352.685
349.709
341.478
335.742
331.121
326.307
318.914
313.924
308.513
366.33
369.283
373.618
381.672
384.748
383.161
386.414
387.31
382.891
359.111
-654321
349.853
341.357
338.294
332.632
326.226
320.212
313.901
308.279
301.905
359.641
364.022
371.257
376.072
382.521
383.513
385.03
382.937
384.801
355.519
-654321
343.544
336.876
331.978
325.704
320.655
313.436
307.779
302.207
295.633
354.201
361.563
366.564
370.556
369.124
381.142
382.023
386.718
383.111
349.106
-654321
337.487
331.565
326.106
320.665
314.028
307.768
301.738
295.873
290.386
349.147
354.462
355.997
364.486
368.464
371.867
379.734
387.352
384.925
342.164
-654321
332.036
326.446
320.197
313.574
307.18
301.716
296.426
290.248
283.335
342.567
349.635
352.587
361.662
360.7
371.513
375.388
380.599
384.628
337.786
-654321
324.782
320.303
314.471
308.73
301.604
296.61
289.304
284.244
278.583
338.381
343.473
349.318
354.887
358.511
366.538
365.583
370.265
378.579
331.798
-654321
320.768
313.748
308.206
302.118
295.969
289.757
283.703
277.213
271.807
331.815
336.593
339.763
349.697
353.634
355.58
366.537
369.722
373.476
323.556
-654321
314.198
308.074
301.946
295.813
290.622
283.693
277.569
272.136
266.484
325.867
331.687
337.481
344.508
349.653
351.084
360.424
365.502
370.627
320.058
-654321
307.595
302.113
295.032
290.345
283.125
277.783
271.564
265.818
259.621
320.107
324.49
330.699
337.851
342.289
348.674
354.225
359.179
363.151
313.81
-654321
300.571
295.578
289.345
283.169
277.654
271.987
265.291
259.82
254.249
314.333
319.974
325.397
331.01
337.462
340.861
349.634
353.958
359.877
307.581
-654321
295.766
290.206
283.495
277.969
271.944
265.929
260.225
253.723
249.023
307.623
314.359
320.333
325.354
331.798
336.792
341.98
350.33
352.422
301.455
-654321
290.177
283.212
278.486
271.956
265.212
260.263
253.304
247.627
241.511
303.049
307.997
314.326
319.465
325.158
331.898
336.378
344.104
349.02
295.65
-654321
284.239
277.487
273.33
266.328
260.861
253.318
247.631
240.334
235.336
296.659
303.491
307.765
313.188
319.732
325.214
330.392
336.525
344.046
289.954
-654321
276.765
271.926
265.932
260.334
253.212
247.429
241.886
235.524
230.624
272.11
294.922
302.526
308.24
312.32
319.265
325.776
330.997
337.615
284.869
-654321
272.801
266.011
258.269
253.746
248.314
241.774
236.747
230.1
224.476
285.21
289.513
295.905
300.96
307.892
313.969
320.558
325.894
331.538
277.835
-654321
265.984
259.185
253.47
247.617
241.824
236.1
229.824
224.546
217.042
278.235
284.675
290.317
295.775
301.874
308.027
313.498
319.221
326.124
271.268
-654321
261.075
252.807
248.188
241.747
234.567
231.808
223.841
219.232
211.451
272.205
264.609
284.221
289.745
295.898
301.995
307.578
314.661
319.702
266.429
-654321
253.545
247.555
240.131
234.635
232.198
223.071
217.692
211.343
205.179
266.643
271.648
276.287
282.725
290.2
296.661
302.313
308.69
315.073
260.644
-654321
248.167
241.341
236.36
229.591
224.791
217.413
213.143
205.009
211.557
259.457
266.561
272.857
277.897
283.899
289.341
295.836
302.183
307.523
253.856
-654321
242.024
234.944
245.022
225.43
217.96
211.948
206.007
197.77
193.549
252.95
259.667
256.512
270.891
277.423
284.69
289.118
296.309
301.535
248.271
-654321
235.632
229.979
223.874
217.882
211.487
204.423
199.421
192.948
187.057
249.377
249.259
252.119
266.26
271.81
263.738
285.628
289.86
295.289
241.618
-654321
228.155
225.103
236.3
219.427
204.517
198.619
207.652
188.72
181.07
241.103
246.077
249.336
260.743
263.784
270.263
276.98
285.846
289.76
235.785
-654321
228.101
218.726
214.592
205.634
198.393
193.43
187.902
212.753
236.341
239.408
243.673
254.242
253.767
264.007
272.285
278.645
283.663
233.625
-654321
236.358
211.587
206.353
200.67
194.175
186.684
200.357
231.254
247.655
242.4
248.276
254.291
258.772
255.264
273.006
278.146
224.99
-654321
219.288
205.251
199.393
207.337
190.156
198.332
222.983
232.151
235.264
241.491
248.534
253.294
259.361
255.74
271.616
217.195
-654321
206.067
210.951
209.172
187.107
200.463
218.424
227.606
228.765
236.243
244.04
244.942
252.927
251.276
265.318
211.614
-654321
197.991
192.317
204.016
182.298
219.91
224.085
223.919
246.324
236.351
239.648
244.607
248.326
260.027
216.137
-654321
235.152
186.724
199.533
205.343
210.494
223.099
228.482
228.916
237.879
239.905
247.895
254.736
198.316
-654321
204.502
199.347
200.331
205.457
241.204
236.45
227.983
245.586
236.463
242.419
247.963
208.181
-654321
180.367
206.72
198.654
206.876
211.136
224.571
223.597
230.935
247.389
241.476
188.01
-654321
186.507
195.269
212.135
206.447
220.814
218.568
223.881
231.729
234.55
201.397
-654321
284.712
303.207
309.572
327.812
337.19
348.095
370.959
386.712
392.555
269.298
-654321
295.451
314.862
327.567
344.021
346.448
369.702
369.872
384.684
400.117
270.618
283.995
-654321
307.053
322.992
341.59
351.817
371.25
376.474
393.772
395.61
398.072
285.006
269.9
299.154
-654321
322.293
340.446
348.398
370.977
393.665
383.532
397.793
382.293
406.145
300.101
284.492
270.282
312.588
-654321
333.283
351.938
368.672
386.436
374.469
395.951
398.993
404.631
402.289
312.659
301.226
284.708
271.9
331.532
-654321
353.003
370.201
387.034
392.519
395.452
404.404
403.508
397.522
395.431
336.737
308.353
296.568
283.905
269.03
350.041
-654321
369.493
383.443
386.168
400.914
397.574
404.593
395.702
404.374
404.408
336.752
325.786
314.423
301.988
287.943
269.799
348.276
-654321
379.084
392.088
394.233
397.329
399.184
403.248
402.471
388.295
395.966
357.396
344.445
326.605
310.476
297.665
286.554
269.551
366.574
-654321
403.177
406.594
402.724
400.772
399.62
397.547
401.654
396.332
392.363
381.752
351.261
347.703
329.634
312.145
298.126
283.73
269.711
376.624
-654321
398.661
398.742
406.743
408.431
400.171
402.827
397.987
392.713
386.764
369.434
374.523
339.869
343.435
322.08
314.752
298.328
283.578
270.171
393.111
-654321
401.901
404.189
401.949
400.822
403.09
400.185
393.718
390.145
386.056
393.416
383.387
374.717
354.335
341.206
325.391
312.244
298.698
282.675
399.642
-654321
401.77
403.271
405.775
398.687
399.459
393.251
387.373
386.751
377.743
400.611
385.512
380.81
364.663
348.787
338.85
321.665
313.236
295.712
403.754
-654321
403.011
392.757
400.982
400.378
396.455
391.571
386.939
379.713
376.709
403.417
402.407
394.286
377.959
367.819
353.506
336.889
322.995
314.645
407.719
-654321
404.197
399.647
398.222
395.458
389.18
386.025
382.357
376.329
369.887
401.833
400.201
403.878
390.418
381.936
372.972
355.846
338.241
326.043
403.687
-654321
400.19
393.605
393.412
392.793
387.193
382.53
376.957
367.371
365.453
402.698
407.132
410.989
393.588
393.274
380.829
359.823
351.176
344.76
394.206
-654321
390.54
396.481
391.087
384.695
379.823
378.581
371.005
362.64
358.2
398.07
401.923
403.623
404.705
396.758
388.899
383.078
356.209
348.219
395.258
-654321
393.722
392.683
388.186
382.035
375.53
369.18
364.043
359.603
355.553
397.664
397.054
398.987
401.436
405.904
395.875
393.724
395.316
363.428
401.562
-654321
389.208
383.23
378.405
375.155
371.298
364.921
360.428
352.691
349.2
398.685
401.136
401.777
402.884
404.815
397.054
393.91
392.616
378.542
395.396
-654321
389.345
382.245
375.325
370.789
363.47
360.067
352.937
347.971
343.333
390.807
399.853
403.897
405.896
402.249
403.578
394.514
397.676
392.277
394.985
-654321
381.736
377.385
373.037
366.458
360.843
354.442
348.513
342.554
337.319
391.07
399.09
401.259
401.619
401.882
399.702
399.686
403.398
389.007
386.139
-654321
378.323
370.236
365.733
358.873
355.035
349.126
343.084
337.061
331.428
387.004
390.92
393.457
397.262
398.793
401.294
401.232
397.356
400.229
378.948
-654321
370.034
366.841
360.662
353.459
348.477
342.405
336.48
331.379
325.306
384.125
386.359
387.116
388.559
398.663
395.367
391.534
400.09
403.624
373.901
-654321
364.472
360.922
354.181
348.526
341.05
337.13
331.21
324.991
319.052
374.413
380.716
385.933
394.272
398.837
397.523
393.848
402.231
401.38
370.057
-654321
360.644
353.646
349.068
342.744
336.872
331.697
325.656
319.055
312.579
365.838
377.483
380.342
385.195
388.028
394.201
402.047
395.214
393.46
366.429
-654321
354.628
348.208
342.471
336.864
331.207
325.239
319.156
313.422
307.232
362.617
372.418
377.537
382.411
383.661
389.555
392.874
402.526
400.881
360.5
-654321
348.462
342.52
337.716
331.176
325.802
319.525
313.191
307.354
300.954
357.948
360.738
369.833
375.324
384.617
390.414
384.801
386.911
400.476
355.578
-654321
342.437
335.709
331.095
324.803
318.977
313.314
307.574
301.287
295.312
354.93
356.915
365.418
369.709
375.707
377.39
383.132
392.062
396.094
348.672
-654321
336.875
331.297
325.506
318.741
312.83
307.325
301.177
295.351
289.414
348.902
353.995
359.198
362.135
366.062
376.248
383.904
388.116
390.162
343.586
-654321
330.775
324.609
319.507
312.875
307.285
301.135
294.848
288.667
282.893
343.349
344.433
353.748
361.203
367.328
373.232
371.819
383.633
386.149
337.27
-654321
325.031
319.769
312.58
306.762
300.963
295.205
289.348
283.915
277.233
337.328
342.469
346.886
353.439
357.028
366.002
372.61
376.595
380.959
330.606
-654321
319.578
313.606
307.268
301.06
275.429
288.539
281.953
277.144
270.887
330.139
336.926
340.698
348.467
355.151
358.899
361.756
369.733
376.119
325.1
-654321
313.499
307.179
301.194
295.414
288.52
282.926
277.686
270.782
265.464
324.172
330.105
337.485
342.702
348.454
355.637
355.003
365.788
370.412
317.337
-654321
307.153
300.506
294.595
288.455
283.681
277.464
270.844
264.72
258.279
319.766
324.475
331.19
336.927
343.395
349.187
354.094
360.139
365.493
313.236
-654321
301.044
294.786
288.128
282.658
277.275
271.954
265.372
258.328
252.462
312.206
319.808
325.424
331.441
333.48
342.7
349.131
353.903
360.107
306.535
-654321
296.445
288.775
283.339
276.53
271.045
266.085
258.631
252.638
247.693
307.281
311.662
318.832
324.288
330.939
337.09
342.224
349.079
353.69
301.164
-654321
288.938
282.919
277.896
272.517
265.8
257.166
253.011
246.949
240.359
280.075
306.93
312.82
319.508
324.653
330.041
336.891
343.489
348.435
295.405
-654321
281.651
276.602
271.534
264.924
250.883
254.004
246.516
242.175
235.623
276.531
301.825
307.385
313.809
318.852
325.44
330.762
336.095
341.172
271.413
-654321
264.07
270.624
266.382
253.597
254.001
244.202
241.11
237.121
229.271
287.976
294.66
301.521
307.328
313.257
318.857
325.001
330.979
336.704
282.267
-654321
271.054
264.954
259.402
252.895
247.081
252.62
235.291
229.483
222.231
267.954
271.084
295.78
300.305
306.834
312.625
318.646
326.251
331.17
275.164
-654321
265.787
259.951
261.099
247.148
240.343
233.614
232.491
223.464
216.463
276.212
282.243
288.059
294.306
300.839
307.868
313.1
318.254
323.878
270.75
-654321
263.287
253.548
247.385
241.632
234.377
229.742
223.042
217.029
210.57
272.305
277.031
283.077
271.582
294.483
280.157
306.369
300.273
318.971
265.803
-654321
253.687
246.52
241.079
234.886
229.02
222.982
217.112
210.408
264.424
259.925
264.13
283.591
287.546
295.9
299.713
284.09
312.676
260.31
-654321
248.131
241.763
249.67
232.903
222.884
223.569
210.938
258.437
255.76
271.275
278.945
283.594
288.347
276.195
300.875
307.298
253.566
-654321
241.147
235.503
228.799
226.838
217.78
211.821
253.85
251.536
266.042
271.78
277.36
282.286
272.607
294.994
300.593
244.21
-654321
233.029
229.683
240.623
216.526
211.728
247.706
248.068
265.188
264.874
261.187
277.955
265.021
289.153
296.668
251.701
-654321
228.563
221.506
216.932
221.206
252.57
247.594
261.543
252.486
268.855
259.782
263.837
282.831
289.051
234.009
-654321
242.61
215.129
231.119
247.31
240.668
256.618
248.509
258.888
266.074
268.719
263.481
282.843
230.529
-654321
215.999
220.193
233.337
234.658
242.756
246.354
252.226
259.317
265.28
271.728
277.629
222.235
-654321
210.563
223.132
229.946
233.848
241.198
243.294
250.43
251.664
265.093
270.654
237.253
-654321
216.39
223.502
229.463
236.504
252.231
243.324
253.479
260.439
265.03
210.225
-654321
273.781
282.332
293.575
303.145
306.398
325.468
320.135
339.978
347.522
264.846
-654321
287.139
291.444
301.888
316.922
319.639
328.306
336.813
347.469
358.967
265.996
275.234
-654321
294.341
306.076
317.62
335.533
328.03
336.802
341.534
352.408
358.886
275.199
264.754
282.438
-654321
300.777
311.647
324.049
328.6
344.082
352.645
362.583
354.962
359.832
286.536
286.393
264.534
292.354
-654321
316.037
322.729
329.325
341.185
348.809
354.909
354.455
357.113
362.645
294.856
283.113
274.824
266.208
306.623
-654321
323.004
334.649
347.866
347.025
357.793
359.964
358.796
362.46
357.527
303.414
293.541
282.284
274.767
265.776
313.501
-654321
330.985
335.726
346.676
357.929
357.185
358.221
361.434
366.122
361.434
311.749
308.589
292.879
283.276
273.815
265.484
327.926
-654321
336.857
345.551
350.212
360.652
362.61
356.881
364.306
363.602
364.728
323.692
307.803
302.361
291.437
282.596
274.273
265.715
334.736
-654321
345.217
351.848
354.345
355.781
366.162
363.8
361.608
358.864
363.866
330.079
328.385
308.328
332.106
291.32
287.46
275.653
266.378
338.55
-654321
348.716
357.418
362.843
355.825
353.899
364.361
361.325
359.486
356.687
339.029
328.179
321.314
313.705
299.594
294.109
283.957
272.539
266.005
357.281
-654321
362.024
355.385
355.71
361.979
364.267
376.64
364.072
358.98
354.776
355.409
339.577
334.509
316.029
308.161
302.806
294.311
281.56
276.602
347.857
-654321
366.404
364.855
358.309
363.765
359.914
358.522
354.585
356.59
354.754
354.81
352.594
349.003
334.956
322.891
308.997
305.652
292.614
283.013
361.978
-654321
361.896
365.787
361.397
359.608
362.094
358.747
354.487
352.465
348.925
359.212
354.118
352.513
335.494
325.359
322.854
306.196
300.774
293.815
357.92
-654321
363.471
363.522
363.973
360.782
356.175
356.461
354.206
349.886
342.603
355.459
359.36
350.341
341.601
336.026
331.505
320.684
317.853
303.796
361.036
-654321
359.863
362.264
361.733
359.706
355.984
352.65
348.061
347.099
343.694
364.733
363.29
361.635
351.651
351.381
338.619
333.697
322.478
308.284
360.468
-654321
362.724
361.8
358.646
354.837
354.053
350.125
346.611
343.792
339.754
362.233
359.415
362.99
359.525
356.79
348.405
343.6
328.391
322.914
360.101
-654321
359.626
358.7
356.535
352.664
350.916
345.173
344.127
339.844
336.531
363.886
363.523
361.724
362.681
361.625
358.244
347.392
343.966
333.291
361.963
-654321
356.955
358.308
352.109
349.939
347.631
343.823
340.552
336.671
332.819
361.227
364.566
364.415
365.936
359.82
356.29
356.147
351.787
337.468
360.261
-654321
359.376
352.415
350.373
346.98
343.612
338.564
336.53
332.13
328.756
353.403
363.18
364.781
361.956
362.21
358.102
356.788
355.805
347.711
358.541
-654321
351.603
350.832
346.045
343.94
337.711
337.074
332.744
328.888
325.479
360.714
361.579
362.243
362.768
357.294
359.277
365.009
357.717
350.611
355.971
-654321
349.89
348.374
343.401
339.349
336.899
332.53
328.882
325.438
321.681
351.016
359.005
363.286
362.054
359.235
361.904
365.355
359.591
358.206
351.834
-654321
347.374
343.374
341.322
336.576
332.639
328.493
325.702
321.535
317.773
354.892
356.443
356.343
360.843
362.483
360.834
359.864
366.008
359.465
348.383
-654321
343.922
340.722
337.053
332.601
329.019
325.518
321.544
317.813
313.517
348.961
351.727
349.374
357.826
357.223
364.489
358.186
365.741
365.886
346.361
-654321
340.09
334.787
332.87
329.005
324.924
321.783
317.786
313.756
309.739
346.104
351.888
353.471
356.629
357.529
360.132
362.502
365.203
353.581
343.882
-654321
336.888
331.851
329.545
325.4
322.053
317.771
314.116
310.019
305.75
343.568
346.969
349.197
355.623
355.25
360.284
362.11
361.524
367.493
340.629
-654321
332.334
329.298
325.511
321.749
317.39
314.487
310.005
305.969
301.79
339.746
343.94
345.12
347.872
353.58
354.536
361.897
355.594
365.098
337.487
-654321
329.561
325.718
321.369
317.706
313.59
309.743
305.916
301.989
297.812
337.189
338.513
344.458
348.199
352.113
353.822
356.273
360.022
363.803
331.643
-654321
324.427
321.697
317.612
313.493
309.56
305.599
301.932
297.958
294.163
327.933
337.285
340.482
342.537
346.73
351.606
355.271
357.819
359.538
329.176
-654321
322.009
317.937
313.481
309.271
305.744
301.891
297.901
293.9
289.774
328.999
333.436
336.862
340.63
344.764
342.806
348.086
349.724
357.163
325.497
-654321
317.758
314.023
310.013
305.964
302.197
297.865
294.502
290.149
285.518
325.548
328.801
332.386
337.159
340.788
344.915
346.268
348.397
353.77
321.477
-654321
314.128
310.272
305.568
301.835
298.135
293.698
289.969
285.742
282.166
321.525
325.786
328.257
331.358
336.846
340.734
343.76
342.422
349.784
316.638
-654321
310.379
305.29
301.881
298.074
293.786
289.945
286.234
282.002
278.444
316.789
321.483
324.752
329.783
333.15
337.299
339.691
344.084
346.67
313.45
-654321
305.257
301.904
298.084
294.276
290.114
286.149
281.479
278.106
273.824
314.227
316.801
321.491
326.412
328.143
333.388
337.012
340.479
343.055
310.1
-654321
302.714
298.18
293.709
289.625
285.472
281.906
277.872
273.424
270.096
309.717
313.84
317.871
320.791
325.426
328.391
333.401
337.468
339.471
305.978
-654321
297.814
293.876
289.314
285.918
282.566
277.937
273.983
270.601
265.607
305.423
310.145
313.854
317.817
321.263
325.468
329.9
332.808
335.071
302.366
-654321
294.054
290.48
286.181
282.122
277.854
274.002
270.304
265.954
261.625
302.091
305.748
309.817
314.057
317.459
321.343
326.048
329.046
333.042
297.778
-654321
290.162
285.277
281.786
278.222
273.583
269.58
265.513
262.827
256.989
297.534
301.249
305.629
309.669
313.668
317.318
321.993
324.736
328.903
292.944
-654321
285.595
281.552
278.511
274.632
269.756
266.513
260.992
257.506
253.658
293.996
298.788
301.544
305.786
309.9
314.255
317.698
321.452
325.088
289.945
-654321
280.778
278.11
268.649
270.062
266.203
262.232
257.612
253.746
249.38
289.678
293.266
297.838
301.498
305.496
309.99
313.93
317.797
321.83
286.158
-654321
277.974
273.593
267.087
265.653
261.767
258.207
253.12
249.679
245.697
285.03
290.289
293.194
298.176
283.568
306.495
309.964
313.537
305.333
282.418
-654321
273.47
269.93
266.137
262.889
257.237
253.588
250.736
246.449
241.316
281.996
285.871
289.629
294.105
298.249
302.063
305.966
310.531
314.204
277.652
-654321
269.846
265.031
262.593
257.469
254.525
250.061
245.711
242.338
277.079
281.554
285.676
289.548
294.798
297.92
302.671
306.124
309.804
273.732
-654321
266.423
262.094
261.303
253.172
249.568
245.684
242.078
274.186
278.202
282.989
286.176
290.083
279.146
298.212
301.759
305.61
269.431
-654321
262.877
257.675
253.477
249.807
245.945
242.442
269.545
268.736
277.809
282.27
286.414
290.876
293.701
297.338
301.795
265.923
-654321
257.467
254.188
249.665
245.748
242.121
266.49
268.876
275.152
278.146
281.952
286.532
276.481
278.209
297.685
262.531
-654321
252.938
249.593
255.309
242.908
261.223
266.899
269.607
273.302
277.634
283.182
286.801
288.916
293.751
258.503
-654321
249.757
245.207
242.144
258.814
261.289
265.82
269.613
268.92
278.775
282.253
285.183
290.062
253.308
-654321
245.065
242.392
254.223
257.372
262.809
266.002
270.321
274.373
270.775
282.336
286.086
250.12
-654321
241.24
249.897
254.38
258.596
262.661
265.537
270.963
273.533
278.472
281.889
255.014
-654321
246.218
251.32
254.152
256.646
261.407
266.922
269.371
274.022
277.991
253.342
-654321
