31.7509
27.9901
24.0538
20.0486
16.0545
12.1512
8.11477
4.13107
0
39.4207
-654321
28.5171
24.3682
20.3893
16.1291
12.4863
8.42208
4.90204
0.831703
32.1686
32.1147
-654321
24.6833
20.4774
16.4278
12.0209
8.35274
4.22711
0.521706
32.2597
37.9148
27.7933
-654321
20.3175
16.1299
34.784
8.35829
36.3677
29.7702
27.7843
32.1704
32.0496
24.6019
-654321
15.6224
12.1951
8.01846
4.24017
0.480231
23.9554
45.4724
31.5476
35.3719
20.1065
-654321
12.2218
8.33226
4.09925
0.0535917
20.1434
23.985
27.8029
31.1549
32.057
16.4818
-654321
7.74786
3.8184
0.135882
16.0702
20.4834
24.2942
28.0595
31.7896
32.0339
12.2958
-654321
4.22194
0.114582
12.2361
16.1354
20.4184
24.3572
28.2076
31.6188
32.1638
8.16548
-654321
0.0816898
8.20751
12.3923
16.1667
20.5283
24.0414
27.8176
31.7721
32.2037
4.37431
-654321
4.36812
8.20311
12.3078
16.1671
20.2706
24.1005
28.0408
31.9012
37.1282
0.123076
-654321
48.8451
49.7026
44.9237
40.0465
34.8307
28.3641
22.6363
16.7405
10.7993
39.9654
-654321
49.951
45.7167
40.7747
34.768
29.1138
22.9969
16.9671
10.7799
40.4962
48.6171
-654321
46.3445
40.9911
35.1164
28.8165
23.0423
17.0656
11.0207
48.219
39.943
48.8504
-654321
41.6663
35.2871
29.1242
23.0845
17.5527
11.6652
50.6144
49.4178
40.1225
47.0716
-654321
34.5196
29.3096
23.1243
17.6409
11.1328
45.7941
50.3241
49.3001
40.3472
40.5337
-654321
29.0115
23.2149
16.8886
11.0248
40.7101
44.3313
48.9845
49.3089
40.4905
34.962
-654321
23.0255
16.9809
11.0869
34.373
40.4831
46.049
49.7452
47.9311
40.5127
29.2192
-654321
17.0927
11.0594
28.8733
35.0116
40.9983
46.3628
49.782
49.0788
40.626
23.4469
-654321
11.0895
23.1164
29.0731
34.644
40.7646
45.5246
48.5055
49.3229
41.4128
17.2077
-654321
16.8494
22.7649
28.6443
34.6915
40.578
46.0871
50.3117
49.1688
41.6083
11.0379
-654321
55.1716
66.6653
68.8342
67.3231
64.2898
58.3027
52.9673
47.4002
41.5926
40.5504
-654321
61.5459
70.1158
68.167
63.1546
58.6601
52.158
48.0282
41.4412
41.2944
53.4919
-654321
68.1271
67.4858
64.1482
58.8924
51.5841
47.2306
41.2594
53.1258
39.1199
64.3658
-654321
67.422
63.698
59.2506
53.4465
47.4402
42.2666
63.8242
54.0938
40.919
68.1934
-654321
62.9361
58.5364
53.7659
47.0107
41.6643
68.3725
65.042
53.5258
41.0115
68.6548
-654321
59.1804
54.162
48.3836
41.6712
67.1331
69.3353
63.7555
58.3569
40.2396
63.2514
-654321
53.5561
47.9904
42.1155
64.7375
69.2224
67.5739
62.8564
55.6782
41.7467
58.4747
-654321
46.7789
41.719
58.4124
64.3939
67.274
66.3333
65.3296
53.891
40.5681
52.9127
-654321
42.0712
53.3751
58.5162
63.0814
65.3397
67.8516
60.0698
56.3732
40.0136
47.986
-654321
48.1503
53.5059
59.1104
63.0914
69.7933
67.7988
64.1589
53.8405
41.3605
41.9107
-654321
54.6747
68.4708
80.138
86.4902
85.297
84.8803
78.7281
76.1199
68.8165
39.4441
-654321
67.2124
79.5313
86.1034
85.1528
81.6522
80.5013
75.2591
69.4218
39.658
54.4952
-654321
79.7258
84.8603
82.2366
83.4698
78.1493
74.6884
69.9801
56.027
41.3536
68.1544
-654321
83.7741
85.6311
83.6764
80.8338
74.5856
69.5416
67.8804
54.7274
39.5578
82.1166
-654321
84.6336
83.965
79.418
74.9755
69.6757
82.1527
67.9833
55.5425
41.1326
85.2913
-654321
85.1023
80.4213
74.3349
68.6271
84.309
79.8251
68.8467
54.6169
40.2407
87.3063
-654321
81.714
76.548
67.7445
83.2851
87.4041
80.1313
65.5622
56.0144
41.2578
82.6293
-654321
74.3274
70.3152
81.5003
86.2
82.1117
83.2929
68.6912
52.9785
40.9244
79.4801
-654321
69.9965
79.1499
80.8423
85.0275
84.1708
78.9983
64.983
52.4649
40.5436
73.4653
-654321
75.4661
77.3514
82.9768
84.1742
82.2771
73.4317
68.1542
55.2467
40.9981
69.1758
-654321
52.1322
66.0283
76.3782
95.5213
101.493
105.283
100.21
102.82
101.147
41.344
-654321
67.3492
90.4338
97.0811
100.158
104.173
100.513
98.4673
99.3968
40.4554
53.4625
-654321
86.4696
88.6561
102.218
102.123
101.27
100.811
97.0515
53.1262
40.0335
69.0953
-654321
91.5617
103.111
102.685
103.255
100.313
97.4478
72.5225
54.316
40.9111
86.2848
-654321
103.69
106.914
104.854
100.835
93.9679
85.1303
65.9865
56.4574
39.7568
91.8227
-654321
102.224
101.059
100.59
94.655
96.3817
85.1071
67.6387
53.7628
40.8793
105.151
-654321
104.718
100.219
98.0736
102.067
95.6028
82.7633
68.1146
55.1323
40.6421
100.645
-654321
102.219
97.8112
107.783
101.174
98.3895
80.783
67.7195
54.8668
40.4801
103.277
-654321
99.0687
106.773
105.048
98.4146
90.4526
81.2828
68.1211
56.1994
41.4295
101.697
-654321
101.177
107.323
103.401
101.723
96.0233
83.0682
66.6425
54.1539
40.7516
96.0169
-654321
55.3496
68.0119
82.1309
100.057
116.595
114.313
117.478
122.389
117.824
40.712
-654321
67.4232
80.6267
93.6599
108.706
109.066
118.594
121.589
118.167
40.4411
53.7808
-654321
82.278
93.9526
110.324
114.414
118.534
122.066
121.073
53.5453
40.5345
68.4313
-654321
96.2931
112.888
112.625
122.813
114.827
120.544
67.1959
54.7512
41.1147
83.1778
-654321
113.478
116.497
119.335
120.901
123.672
77.6016
67.8894
54.8944
39.8088
94.8535
-654321
115.913
123.938
117.988
121.664
99.3571
84.7838
67.741
52.4598
40.648
106.262
-654321
121.266
123.602
119.097
112.49
97.6154
84.3372
67.602
54.0555
40.7928
113.823
-654321
119.048
123.507
117.669
108.896
98.7207
84.556
65.8089
52.1259
40.6382
117.142
-654321
120.616
121.107
114.759
104.371
99.0818
81.1482
70.7444
54.2311
41.2825
120.196
-654321
118.433
121.201
118.684
107.175
92.6202
85.9442
67.5667
56.1459
40.6919
120.256
-654321
53.3037
71.7149
84.1104
98.6467
110.119
116.245
131.3
133.016
139.388
41.2793
-654321
70.6482
82.5169
94.3462
106.559
116.684
126.981
144.32
137.381
39.9633
53.4024
-654321
78.9414
100.495
113.925
124.432
133.706
139.312
141.073
53.9914
39.2819
69.3784
-654321
102.735
115.73
120.605
123.449
138.723
134.609
68.6824
52.0265
41.5954
84.1736
-654321
115.383
121.663
135.06
135.058
138.939
79.5519
71.3654
54.6306
41.0435
94.8636
-654321
127.931
132.32
132.628
135.098
97.4843
84.7227
67.8655
55.6081
40.3973
106.283
-654321
120.366
136.962
141.584
109.232
93.2484
79.7996
65.7027
54.5076
39.9006
126.1
-654321
133.111
138.218
128.736
101.03
98.9576
79.2515
67.8733
52.5071
41.0261
138.174
-654321
133.835
129.702
119.492
113.566
95.0038
78.4626
68.8054
52.4392
40.9732
134.55
-654321
136.521
137.287
120.161
110.023
96.2122
81.8169
71.2669
55.7497
41.1901
138.296
-654321
53.5293
66.9744
82.8493
102.664
117.18
124.726
139.639
144.489
156.694
40.541
-654321
71.1422
80.5392
100.221
119.761
123.703
144.867
139.453
151.424
41.4888
55.8522
-654321
80.3641
95.7369
113.296
121.765
135.027
148.383
146.413
52.9659
40.3221
67.5781
-654321
93.6042
115.629
121.408
140.919
139.283
153.196
66.3819
53.0385
40.7968
83.0307
-654321
114.303
119.396
138.799
147.69
156.944
86.1973
69.8503
53.5095
41.3496
95.6435
-654321
129.279
135.999
138.787
151.17
93.6987
77.8123
65.6144
55.6053
40.9314
122.198
-654321
126.325
151.177
153.544
102.935
90.248
85.7772
68.7037
56.0898
40.8479
134.345
-654321
147.839
155.672
127.748
108.583
93.3028
85.098
70.5492
55.9153
40.5914
150.195
-654321
151.046
138.412
125.219
111.312
97.8444
86.845
65.8915
53.6198
40.5379
142.478
-654321
144.484
132.051
125.289
112.849
96.9105
80.9685
68.9953
54.1814
40.3426
151.177
-654321
55.732
68.6097
82.4958
97.569
107.613
126.483
126.357
154.071
160.792
40.5813
-654321
68.9165
82.6191
89.8964
116.114
127.105
145.886
163.267
156.081
41.8508
54.7731
-654321
82.3311
99.0646
108.894
124.085
131.382
144.215
160.023
55.9231
41.1143
70.5276
-654321
102.878
111.931
122.68
147.627
158.058
160.409
69.7102
53.4725
40.9105
85.6934
-654321
106.269
129.195
131.995
149.31
160.292
81.8653
68.2624
56.3685
39.192
102.012
-654321
133.171
139.648
150.831
161.038
99.637
85.7437
66.2287
54.4126
41.1422
109.996
-654321
129.942
143.906
163.538
115.145
103.409
81.8729
65.6627
53.8283
40.7049
126.744
-654321
151.396
156.023
133.194
104.365
104.498
79.7878
69.9031
52.1546
40.6529
133.706
-654321
159.86
139.044
120.215
112.639
98.2221
81.0006
65.4849
54.2733
40.3726
149.547
-654321
153.035
140.01
123.067
106.148
99.3404
82.1161
68.2627
55.157
40.5799
162.647
-654321
45.6089
53.0489
63.8881
70.4377
85.0609
98.4082
98.1688
111.14
115.151
35.9067
-654321
54.8312
66.717
79.8931
80.6676
93.7936
99.9798
117.941
121.936
35.7423
45.4635
-654321
65.0539
71.6463
84.358
94.7599
102.102
108.274
116.576
44.8207
36.2339
55.5722
-654321
70.4999
75.5471
96.5985
98.1004
106.564
116.882
54.2615
47.3021
36.4654
63.8861
-654321
79.5449
91.1049
93.7827
101.353
117.818
64.2453
55.0042
46.4265
34.5728
67.4104
-654321
90.2032
100.77
112.17
118.088
72.9979
63.5053
53.6739
44.7513
35.6387
83.2333
-654321
103.497
102.506
122.034
82.8552
70.7758
59.3997
57.5568
45.3291
36.7319
95.1797
-654321
112.389
121.242
94.6034
80.802
73.599
64.9894
55.8757
45.2774
35.6822
114.636
-654321
123.805
100.334
94.5016
79.0136
74.6024
65.6019
58.6226
45.055
35.4668
107.963
-654321
110.246
102.541
93.156
82.5655
74.2942
62.3643
77.0989
44.9815
35.834
118.67
-654321
