276.107
257.138
253.325
263.953
245.237
241.181
237.195
265.203
229.187
268.548
-654321
257.56
253.652
249.723
245.3
241.478
258.376
233.638
229.655
225.748
266.248
261.018
-654321
253.586
249.834
245.544
241.65
237.813
233.592
229.412
225.862
221.648
260.932
261.392
257.451
-654321
249.535
245.359
241.382
237.279
265.509
229.303
225.38
221.478
217.398
257.086
260.876
261.203
253.412
-654321
245.359
241.362
237.202
233.211
229.506
253.278
221.562
217.311
213.388
253.41
257.286
260.271
261.222
249.275
-654321
241.563
237.341
233.384
229.254
225.41
221.306
217.309
235.321
209.176
249.398
253.393
257.184
260.918
261.044
245.194
-654321
237.309
233.591
229.687
225.483
221.393
217.402
213.361
209.412
205.576
245.465
249.481
253.114
257.526
260.863
260.996
241.163
-654321
233.273
229.271
225.286
221.402
233.135
213.433
208.98
205.455
201.396
241.228
245.333
249.367
253.595
257.346
261.085
265.073
271.197
-654321
259.348
225.432
221.448
217.606
213.365
209.479
205.426
201.303
197.333
237.461
241.194
245.215
249.418
253.246
257.409
260.167
261.081
233.311
-654321
225.493
221.287
217.451
213.37
209.411
205.411
201.42
197.245
193.512
233.39
262.815
241.4
245.143
249.498
253.187
266.111
260.629
261.274
229.343
-654321
221.568
217.72
213.408
209.236
205.621
201.158
197.424
205.513
189.42
229.518
265.427
237.471
241.44
245.688
264.863
253.574
257.682
260.638
225.256
-654321
217.653
213.635
209.518
205.528
201.227
197.117
193.419
189.659
185.623
225.335
256.492
233.607
237.723
241.574
245.449
278.904
253.306
266.436
221.682
-654321
213.531
209.494
205.401
201.381
197.247
193.319
189.649
185.418
181.515
221.519
225.636
229.245
233.316
237.701
241.458
245.197
249.273
280.614
217.385
-654321
209.475
223.501
201.394
197.433
193.172
189.361
185.369
181.127
178.063
217.249
221.504
225.547
229.598
233.285
237.18
241.272
245.422
249.326
213.3
-654321
205.46
201.669
197.849
193.132
189.308
193.538
181.494
177.221
173.238
213.437
217.312
221.58
225.331
229.315
233.198
237.332
241.531
279.383
209.487
-654321
217.475
197.435
193.314
189.266
185.778
187.163
177.256
173.603
169.178
209.476
213.57
217.78
221.218
225.539
229.461
233.376
268.425
241.538
205.27
-654321
197.471
193.339
189.803
185.092
181.331
177.562
173.549
169.441
165.626
205.361
209.304
213.562
217.483
221.241
225.214
229.356
233.67
237.403
201.529
-654321
205.274
189.5
185.269
181.321
177.69
173.779
169.731
163.575
161.492
201.657
205.749
209.64
213.234
217.587
221.178
225.147
259.384
233.651
197.557
-654321
189.467
185.613
181.574
177.544
172.884
169.714
165.37
161.361
157.023
197.511
201.469
205.379
209.396
213.445
217.701
221.206
225.003
229.243
193.378
-654321
185.406
181.03
177.116
173.341
169.761
165.499
161.985
157.46
153.459
193.582
198.012
201.892
205.448
209.764
213.409
217.652
221.114
253.519
189.44
-654321
181.002
177.781
173.764
169.349
164.984
161.115
157.647
153.554
149.435
189.816
193.588
197.571
201.221
205.552
209.587
213.477
217.407
221.459
185.02
-654321
177.492
173.142
169.181
165.244
161.713
157.212
153.915
149.817
145.682
185.385
189.401
193.37
197.04
201.757
205.228
209.826
235.636
217.465
181.723
-654321
173.187
169.435
165.603
161.372
157.554
152.966
149.321
145.423
141.465
181.572
185.607
189.295
193.787
197.519
201.489
205.627
209.352
213.466
177.872
-654321
169.526
165.237
161.774
157.395
153.642
149.973
145.274
141.577
137.566
177.44
181.382
185.336
189.078
193.574
197.201
201.574
204.925
209.625
173.123
-654321
165.042
162.269
157.065
153.479
149.11
145.656
141.48
137.501
133.484
173.223
177.835
187.483
185.932
189.269
194.044
197.498
201.602
205.423
169.439
-654321
161.071
157.469
145.631
148.885
145.229
141.856
137.889
132.916
129.057
169.625
173.507
177.326
181.307
216.368
189.788
192.883
197.693
201.595
165.259
-654321
158.348
153.431
149.68
146.112
140.781
137.17
133.577
128.767
125.498
165.65
169.214
173.279
177.178
181.656
185.396
189.732
193.116
197.485
160.985
-654321
153.317
149.754
145.454
140.852
137.575
133.969
129.447
124.985
120.89
157.597
165.266
169.412
172.596
178.021
187.432
185.336
189.453
193.217
156.688
-654321
149.708
145.215
141.475
137.097
133.683
129.258
125.282
98.1336
117.513
156.916
161.71
165.347
169.555
173.659
177.852
181.895
186.538
189.29
153.799
-654321
146.098
141.559
137.443
132.927
129.176
125.069
120.877
117.19
113.771
153.398
157.111
161.089
166.446
169.576
173.459
177.677
181.243
185.319
149.525
-654321
142.418
137.305
133.258
189.164
125.108
121.53
117.871
113.063
109.29
150.149
153.089
157.259
161
165.092
169.414
173.326
177.747
181.654
145.466
-654321
137.791
133.806
129.779
124.922
120.96
117.028
113.555
109.592
105.627
145.728
149.126
154.159
156.828
160.627
165.238
168.966
173.64
177.593
141.382
-654321
133.9
128.556
124.765
97.8504
182.583
113.229
110.194
105.495
100.71
141.426
145.343
149.083
154.603
157.111
161.911
165.483
208.497
173.306
137.213
-654321
128.795
187.016
121.467
116.477
113.05
108.893
105.401
101.041
97.2702
137.583
141.146
144.368
149.17
200.633
157.432
161.617
165.609
169.618
132.909
-654321
125.769
120.989
156.77
112.946
108.61
105.408
100.967
98.0072
93.352
191.275
192.318
141.051
145.087
149.27
200.518
157.289
205.23
165.545
128.635
-654321
121.272
118.056
112.862
109.916
105.392
100.761
96.9527
54.9127
88.9749
129.646
133.207
137.539
141.54
146.238
148.776
152.854
202.666
161.265
125.129
-654321
183.196
180.305
108.963
105.015
101.643
97.9344
93.5935
168.813
85.9615
124.994
128.903
132.951
137.568
141.06
144.583
149.417
153.73
157.238
121.66
-654321
113.779
109.007
104.49
174.084
97.2719
93.9669
89.9136
86.7032
165.291
120.612
125.789
130.085
133.732
137.592
142.556
145.77
150.062
153.206
183.428
-654321
110.497
104.814
174.808
96.9988
93.3512
89.135
86.9442
80.659
77.2112
156.693
185.625
126.204
129.406
190.253
138.134
140.979
145.982
149.548
181.086
-654321
104.812
101.155
97.0318
93.8367
88.4842
85.2942
81.8879
163.326
161.258
114.683
117.389
122.475
124.981
189.485
190.806
192.957
142.041
145.738
109.513
-654321
100.729
97.7391
170.84
169.045
44.2798
80.7717
77.5926
73.0724
69.9459
109.274
114.729
183.1
120.954
186.899
188.891
133.964
137.147
141.334
104.474
-654321
97.9635
93.6822
89.1539
85.0261
164.396
162.986
160.769
70.0414
105.683
108.937
113.805
117.317
120.649
125.704
128.771
191.17
137.244
174.384
-654321
93.7204
89.89
85.2511
80.741
78.1361
74.0464
158.287
101.176
176.777
109.519
113.221
118.235
122.161
125.095
129.716
115.353
98.2789
-654321
168.826
85.9989
80.964
77.2482
161.42
69.3332
97.7709
101.075
105.952
108.877
181.525
117.191
185.722
125.508
129.169
170.267
-654321
167.278
164.344
76.6267
73.4986
69.0489
94.1697
172.406
101.8
177.674
179.327
114.055
182.541
121.646
125.186
90.1409
-654321
82.1651
77.6497
72.6918
159.079
89.3314
92.4657
98.2041
102.154
177.075
110.012
113.921
117.155
121.05
85.8915
-654321
77.4356
74.063
159.968
84.8963
169.491
93.4378
173.291
173.966
176.942
178.432
113.732
116.515
80.7755
-654321
72.4695
69.4231
82.1008
165.375
89.8662
170.691
172.837
174.616
105.565
179.541
113.419
77.7697
-654321
68.5597
76.3362
163.477
84.8654
169.472
92.8388
96.7736
101.079
105.461
109.593
160.956
-654321
160.165
162.941
165.292
85.3025
88.5368
93.8578
98.0464
100.984
105.135
69.9728
-654321
276.921
278.053
274.671
269.493
263.461
257.591
251.388
245.494
239.604
269.174
-654321
279.231
275.602
269.703
264.186
258.273
252.157
246.36
240.13
234.211
269.487
278.579
-654321
275.155
269.941
264.103
258.075
252.217
246.393
240.387
234.379
228.158
277.976
269.349
278.569
-654321
270.892
264.596
258.864
252.919
246.743
240.836
234.586
228.881
222.884
279.895
278.909
269.562
274.974
-654321
264.408
258.475
252.456
246.333
239.882
234.587
228.325
222.305
216.115
274.842
279.053
279.454
269.571
270.072
-654321
258.383
252.21
246.119
240.594
234.342
227.869
222.444
215.885
210.238
269.873
274.689
278.605
277.374
270.349
264.079
-654321
252.304
245.942
240.457
234.581
228.362
222.527
216.153
210.387
204.441
264.128
270.291
274.526
278.637
278.886
269.388
258.155
-654321
246.28
240.418
234.116
228.183
222.102
216.129
210.344
204.415
197.889
258.223
263.888
269.436
275.014
278.372
277.804
269.336
252.32
-654321
240.342
234.303
228.217
222.082
216.356
210.467
204.277
198.318
192.262
252.307
258.478
264.209
269.439
275.134
278.453
279.552
269.919
246.209
-654321
234.347
228.222
222.549
216.122
210.326
204.105
198.415
191.951
186.202
245.711
252.087
258.488
264.271
269.598
274.612
279.08
278.357
269.367
240.083
-654321
228.303
222.158
216.401
210.646
204.083
198.313
192.5
186.363
180.303
240.438
246.357
252.451
258.088
264.193
270.304
274.868
278.51
277.206
234.413
-654321
222.26
216.142
210.15
204.329
198.551
192.057
186.709
180.553
174.549
234.208
239.865
246.295
251.902
258.416
264.667
270.134
274.278
278.655
228.071
-654321
216.244
210.623
204.679
198.642
192.198
186.406
180.719
174.318
168.169
228.413
234.169
240.766
246.135
252.736
258.592
264.027
270.217
275.212
222.316
-654321
210.259
204.202
198.217
192.182
186.407
180.689
174.489
168.227
162.283
222.16
228.394
234.297
240.88
246.035
252.523
257.921
264.531
269.823
215.983
-654321
204.628
197.996
192.491
186.116
180.364
173.796
168.261
162.279
156.276
216.009
221.927
228.283
234.181
239.786
246.497
252.423
258.802
264.222
210.184
-654321
198.042
192.359
186.446
179.992
174.878
168.451
162.579
156.261
150.572
209.791
216.483
222.493
228.366
233.836
240.083
245.998
252.302
258.117
204.275
-654321
192.07
186.402
179.783
174.183
168.484
162.576
155.85
150.432
143.693
203.881
210.152
216.662
222.564
228.143
234.215
239.633
246.372
252.59
198.48
-654321
185.994
179.327
174.718
167.181
162.381
156.153
150.05
143.966
138.316
198.131
204.2
210.136
216.794
222.569
227.241
234.331
240.372
246.408
192.97
-654321
180.334
173.863
168.084
162.821
156.274
150.287
144.458
138.404
131.445
192.123
198.439
204.648
210.136
216.592
221.687
227.829
234.243
240.387
186.47
-654321
174.413
168.253
162.446
155.258
149.996
144.099
137.658
132.352
126.694
185.994
192.226
197.598
204.018
210.445
216.366
222.786
228.593
234.266
180.192
-654321
168.128
162.355
156.542
149.51
143.815
138.342
132.023
126.222
120.465
180.083
186.141
192.85
198.13
204.528
209.954
216.263
222.066
228.221
174.256
-654321
162.579
157.315
150.611
144.785
138.85
132.065
126.502
119.709
114.348
174.543
180.074
186.355
192.335
197.699
203.651
210.233
216.579
222.221
168.226
-654321
155.605
150.473
143.803
138.576
132.82
125.869
120.432
114.853
108.675
167.839
174.066
179.695
187.057
192.672
197.683
204.669
210.048
216.283
162.354
-654321
149.405
144.658
138.512
131.711
126.344
120.543
113.801
108.026
102.149
161.794
168.406
173.761
180.301
186.382
192.698
198.494
204.466
210.261
155.796
-654321
144.282
138.316
132.17
125.895
119.732
114.72
107.889
102.707
96.549
155.864
161.463
167.823
173.966
180.728
187.098
192.226
199.017
203.981
150.179
-654321
138.156
132.368
126.036
120.445
113.903
108.177
102.523
96.0915
89.9054
150.242
156.542
163.09
167.938
174.085
180.196
186.025
192.029
198.199
143.747
-654321
133.334
125.927
120.307
114.697
109.387
101.797
96.6014
89.312
84.8688
144.439
150.464
156.095
162.794
168.238
174.551
179.866
185.723
192.401
138.6
-654321
126.541
119.634
113.445
108.114
102.139
95.5921
89.9493
84.3383
78.4589
138.52
144.811
150.723
156.306
161.34
168.344
174.307
199.444
185.756
131.821
-654321
120.506
114.018
107.364
102.749
95.7279
89.7913
84.2464
78.3669
72.581
132.148
137.82
144.54
151.699
156.586
163.316
167.692
174.936
180.101
126.219
-654321
114.327
108
103.789
97.3394
89.9853
83.4187
78.6683
72.1574
65.4329
127.172
132.127
171.329
144.722
150.959
156.063
162.751
167.776
174.711
120.565
-654321
108.515
102.266
96.2397
139.475
84.0988
78.0104
71.319
65.8964
59.9327
120.666
126.056
132.216
138.087
144.561
149.207
155.758
162.602
168.32
113.91
-654321
102.8
96.1149
89.6174
84.8039
77.9491
72.9921
65.4172
60.3631
54.4844
113.146
120.809
126.889
132.275
139.895
145.245
150.256
156.78
161.897
108.372
-654321
95.8381
89.8224
135.396
78.941
72.5355
67.412
59.7329
53.9372
48.4302
107.704
115.353
120.631
126.46
131.41
137.661
144.048
149.437
156.898
103.146
-654321
91.278
85.403
141.688
71.9962
66.6759
61.797
54.4717
48.4459
42.9932
101.685
106.53
114.115
119.724
127.478
133.14
137.992
175.352
150.176
96.4107
-654321
84.4825
79.3461
71.8798
65.7895
59.7701
54.3732
47.9816
41.3705
103.797
95.3287
147.307
163.139
155.783
158.848
126.594
132.531
171.969
144.536
90.8289
-654321
79.2856
71.386
65.4615
130.197
55.3267
48.2434
43.4797
36.9675
30.8943
90.7983
96.7735
101.553
108.969
112.323
120.041
174.646
130.752
138.32
83.1407
-654321
70.8286
67.4283
60.4791
55.1275
49.9137
42.5271
36.5876
100.293
25.272
84.004
140.231
142.722
102.917
107.437
114.03
121.035
125.898
132.172
76.9737
-654321
136.039
61.4083
53.8697
121.731
41.704
36.9795
30.092
107.506
17.7081
78.0394
85.5325
91.1737
96.2112
103.021
163.37
113.247
120.23
126.365
139.177
-654321
58.3352
54.9199
112.118
41.4373
34.9698
29.904
97.6491
18.4968
12.3647
141.281
78.2368
146.855
90.5922
154.349
100.804
107.55
114.71
120.221
123.832
-654321
54.7262
47.7508
40.6131
36.5522
30.4801
95.8334
102.919
13.2983
6.03053
123.168
73.7607
79.1864
134.392
91.4096
96.4111
102.24
109.35
114.557
61.7372
-654321
185.88
119.466
37.3392
30.6121
22.9819
18.0016
12.1029
4.45498
0.434509
119.312
123.334
73.2039
78.1107
147.66
152.468
96.8368
102.186
108.32
113.852
-654321
41.295
37.1958
30.1304
22.6574
17.2629
87.8183
93.5456
0.739784
127.081
130.454
134.858
72.6312
79.1577
146.784
140.543
96.6732
102.91
111.145
-654321
36.0066
99.3332
23.2903
17.8468
88.145
5.75027
170.73
48.7227
55.887
60.5796
135.563
72.9935
78.246
145.375
139.069
95.4926
184.043
-654321
31.38
23.0929
103.784
98.3775
94.7264
0.744652
41.5365
49.608
115.922
61.1116
134.66
73.8801
78.5872
84.3578
90.4366
113.942
-654321
94.7956
19.4118
87.5042
9.1241
90.3928
103.353
44.3237
185.238
125.877
60.8653
135.456
71.2478
142.586
136.004
179.983
-654321
91.7965
89.7157
5.37402
0.456665
30.112
35.3188
41.904
47.6986
55.32
59.986
123.796
127.623
77.6012
23.4896
-654321
87.5859
94.9967
90.419
24.4947
99.8296
36.8443
117.306
123.206
54.0901
189.485
125.071
72.1192
92.5607
-654321
172.802
79.3036
17.5279
97.4118
31.876
37.4319
108.27
48.0623
53.8166
132.555
65.0724
98.8701
-654321
90.1386
12.7206
102.908
95.3188
110.303
182.296
42.7468
114.14
53.7415
60.1639
6.20429
-654321
171.627
12.316
91.2499
23.6268
110.157
37.3316
107.303
48.7052
115.511
0
-654321
283.454
293.68
297.187
295.099
293.71
287.17
282.577
276.816
271.414
269.921
-654321
292.372
296.211
295.16
292.59
288.029
281.747
276.795
270.398
264.427
268.85
285.123
-654321
297.417
295.874
292.428
286.584
281.464
276.818
270.824
264.393
259.142
285.281
270.016
294.044
-654321
296.208
293.104
287.931
282.809
277.451
271.128
265.034
259.125
253.272
295.359
283.952
269.953
298.15
-654321
293.133
286.658
282.864
277.032
270.856
264.974
258.968
253.188
246.75
297.218
293.996
283.591
270.151
296.936
-654321
288.395
283.103
277.368
271.581
265.108
259.425
253.309
247.395
241.34
297.49
298.261
294.283
284.963
270.175
293.717
-654321
283.093
276.9
271.198
265.101
259.431
253.49
246.988
240.682
234.916
293.537
296.384
297.974
295.917
282.8
270.327
287.822
-654321
276.777
270.968
264.945
259.465
253.142
247.471
241.164
234.85
228.949
288.193
293.45
297.364
297.716
294.275
283.661
270.206
282.133
-654321
271.112
264.817
259.012
253.617
246.669
241.385
235.246
229.091
223.083
283.27
287.767
292.564
295.274
297.878
293.992
283.43
269.184
277.156
-654321
265.433
259.53
253.255
247.26
240.838
235.355
229.528
223.08
217.649
277.228
283.023
287.568
294.169
295.36
297.482
292.043
283.328
269.87
270.898
-654321
259.711
253.126
246.911
241.63
234.837
229.245
223.142
217.018
211.268
270.788
277.009
283.081
287.259
292.804
295.026
296.537
294.406
283.703
264.862
-654321
252.923
247.118
241.208
234.778
228.864
222.912
217.126
210.207
205.333
265.407
271.311
276.368
282.531
289.316
292.988
295.699
297.028
294.873
259.491
-654321
246.805
241.156
234.687
229.304
223.109
217.492
211.48
205.064
199.613
259.791
265.863
271.121
276.444
282.357
289.169
292.376
295.109
297.358
253.197
-654321
241.342
234.99
228.678
223.467
216.823
211.002
205.353
198.919
192.893
252.706
259.038
264.92
271.06
277.392
282.035
288.117
291.448
296.377
246.882
-654321
234.926
229.229
223.701
216.677
211.469
204.971
198.976
192.611
187.224
247.204
253.459
258.973
264.677
270.687
276.598
281.652
287.709
292.476
241.136
-654321
229.813
223.053
217.447
210.65
205.698
198.723
192.941
187.555
181.08
241.192
246.798
252.569
258.376
264.937
271.13
276.665
281.949
288.47
235.115
-654321
223.137
217.392
211.247
205.033
198.583
192.895
187.127
181.06
175.193
235.118
240.545
247.263
253.361
259.188
264.778
270.914
276.105
282.153
228.912
-654321
217.15
210.769
205.395
199.222
192.901
186.841
181.156
174.747
169.132
228.365
234.718
241.496
247.29
253.206
259.396
264.81
270.68
276.83
223.231
-654321
210.88
205.657
199.199
193.337
187.246
180.808
175.189
169.39
162.905
223.222
228.929
235.214
240.934
247.58
252.145
258.421
264.61
271.117
217.095
-654321
205.352
198.9
193.278
187.162
180.86
174.371
169.045
162.563
156.924
216.692
223.2
228.474
235.517
240.781
246.846
252.791
258.715
265.03
210.991
-654321
199.197
193.028
187.467
180.784
174.75
168.307
163.534
157.098
151.192
211.324
216.641
223.35
228.778
235.237
240.944
246.637
253.016
259.081
205.082
-654321
193.488
187.012
181.271
174.654
169.923
163.012
157.051
150.329
144.607
205.297
210.332
216.722
223.552
228.363
234.828
240.918
246.152
253.183
199.32
-654321
186.496
180.169
174.803
169.233
162.824
156.854
151.917
145.379
138.296
198.758
205.488
211.154
217.632
223.29
228.472
234.056
241.668
246.801
192.942
-654321
181.338
176.076
169.051
163.505
157.215
151.193
144.663
138.264
132.504
192.882
199.434
205.024
211.271
216.182
222.492
229.042
235.424
241.215
187.266
-654321
175.306
169.904
163.046
156.735
151.02
144.421
139.07
132.632
127.105
186.753
193.018
198.315
205.413
211.597
216.022
223.04
228.965
234.698
180.504
-654321
168.255
163.276
156.351
151.327
145.017
139.814
133.414
127.399
120.723
180.399
186.518
193.676
198.641
205.613
211.147
218.449
223.214
228.923
174.092
-654321
163.669
156.334
151.374
144.194
138.679
132.96
127.307
120.398
115.046
174.941
182.237
187.013
192.733
199.104
206.594
211.301
217.231
223.401
169.656
-654321
156.786
150.732
145.028
137.969
133.328
127.133
120.62
114.248
108.357
170.246
175.924
181.023
188.042
192.781
198.996
205.358
211.092
217.038
163.372
-654321
151.627
144.85
139.931
167.105
127.542
121.25
114.71
108.319
103.001
162.895
168.827
174.934
182.439
187.394
193.03
199.563
205.433
210.904
156.537
-654321
145.418
138.541
133.336
126.956
120.729
115.887
109.684
103.388
97.0101
156.205
162.88
168.795
175.646
180.691
187.112
207.838
198.409
205.081
150.7
-654321
138.297
134.161
126.254
158.722
115.28
108.468
102.297
202.141
90.7366
151.1
157.574
161.87
170.062
173.939
180.485
186.926
191.671
199.165
145.093
-654321
133.027
126.308
121.106
116.417
108.309
103.09
96.0194
90.1693
84.985
146.161
151.803
156.443
162.466
167.446
175.55
180.613
187.396
193.215
138.889
-654321
127.369
119.263
114.483
109.625
102.469
96.8219
91.1987
148.254
79.1429
138.351
188.928
151.81
158.574
162.149
168.057
175.218
181.166
187.284
133.477
-654321
122.017
114.495
109.557
104.131
97.3732
91.8354
84.4618
78.8086
126.352
133.168
137.316
145.346
151.036
157.415
164.127
191.42
175.061
181.02
125.527
-654321
113.651
108.751
103.623
97.2639
90.4641
84.9294
77.989
127.352
67.2343
128.696
132.674
140.286
144.26
150.186
157.305
163.214
169.563
174.892
122.983
-654321
109.035
102.556
96.4371
89.874
84.2772
145.475
74.1029
123.297
60.1766
159.089
163.054
133.294
137.514
145.436
180.102
156.802
162.607
169.432
114.478
-654321
102.465
96.937
91.5814
82.7224
78.9698
72.3379
68.051
119.691
116.742
113.69
121.27
126.057
132.473
170.714
187.607
149.519
157.042
163.281
108.718
-654321
96.8247
90.6474
85.3555
77.6907
73.7647
67.1513
58.559
55.6976
49.156
109.366
115.736
159.595
125.785
133.109
138.326
144.291
178.866
157.555
161.549
-654321
91.6842
84.8768
130.76
139.047
191.973
120.523
189.521
111.96
42.0045
102.927
108.156
115.828
119.742
128.008
132.499
138.905
144.183
151.015
97.8917
-654321
135.469
78.5823
73.3512
64.5378
61.4452
115.469
112.168
41.1189
36.1003
143.163
162.315
108.33
114.014
119.862
126.494
132.044
138.733
145.751
90.9962
-654321
79.453
127.947
67.5033
119.727
52.9256
186.407
44.1247
37.4967
31.1044
91.3843
97.7912
103.756
150.658
116.057
121.469
126.778
168.436
139.33
83.5752
-654321
140.611
136.538
61.5534
54.6168
124.869
41.881
37.7814
32.6162
86.3701
89.6498
144.349
102.402
108.321
166.048
122.116
162.949
132.832
77.3903
-654321
67.6991
61.8832
115.772
111.732
41.896
36.3513
180.738
79.165
86.0459
152.832
202.504
101.99
108.887
115.542
121.455
127.197
140.782
-654321
119.275
53.7928
47.5594
41.7946
37.6812
31.3017
72.8705
79.6027
135.944
90.7561
140.624
147.692
108.256
115.118
120.945
138.868
-654321
128.749
49.2473
43.1335
102.569
31.9043
122.872
71.3151
77.5544
135.42
200.126
96.6695
102.297
153.385
115.343
118.871
-654321
49.2959
43.5567
37.7789
97.0423
130.922
123.877
72.7599
80.4423
84.6469
138.34
97.3032
159.479
108.843
54.0574
-654321
183.566
36.3282
30.737
126.979
59.3651
191.67
141.535
78.8577
134.963
91.5935
155.504
102.39
186.434
-654321
37.0636
99.066
47.3899
116.584
190.72
123.028
73.3665
79.5258
84.8198
200.687
96.3486
42.4224
-654321
33.8165
106.294
124.99
117.581
59.9491
67.9777
138.498
80.1886
85.4101
89.7473
34.7954
-654321
105.385
183.381
111.869
54.6887
131.179
190.845
141.253
129.43
134.772
30.0728
-654321
283.904
297.386
309.032
314.877
315.976
312.717
310.682
303.744
298.964
269.06
-654321
297.329
309.109
312.323
316.541
311.453
308.566
303.259
298.519
293.284
269.641
284.591
-654321
309.804
313.832
313.266
313.258
308.578
303.755
298.901
293.872
287.695
284.79
270.013
297.972
-654321
312.902
315.091
313.319
307.873
303.874
298.824
293.77
287.278
281.494
299.987
284.533
269.598
307.273
-654321
313.932
312.199
309.454
304.291
298.892
293.051
287.895
281.976
275.379
306.296
297.332
284.448
268.267
312.062
-654321
311.861
308.852
303.322
298.994
293.235
287.681
281.992
275.826
269.878
313.716
308.199
297.297
284.273
270.326
315.104
-654321
309.445
304.651
299.204
293.035
287.814
281.363
275.904
269.911
264.242
313.771
314.577
309.959
295.852
284.033
269.098
311.467
-654321
305.637
299.502
293.781
287.305
282.367
276.469
269.94
264.157
258.681
315.309
314.582
312.349
306.225
299.643
285.084
269.126
310.19
-654321
298.531
293.439
287.492
281.337
275.937
270.01
263.609
258.01
251.725
308.687
312.959
313.893
314.809
312.653
298.494
283.506
269.754
305.178
-654321
293.683
287.743
281.807
276.311
269.932
264.017
258.251
251.821
245.818
303.992
309.974
312.992
310.372
313.541
310.391
294.601
284.278
271.675
299.202
-654321
287.673
282.462
276.113
269.985
263.693
258.034
251.774
246.293
239.844
299.064
304.525
309.489
312.059
316.446
313.425
304.948
297.73
287.604
293.484
-654321
281.464
275.52
270.475
263.852
258.27
251.89
246.152
239.728
233.831
293.299
299.835
304.876
309.566
312.565
314.107
314.989
306.472
298.3
288.058
-654321
275.203
269.981
264.13
257.445
251.745
245.881
239.735
234.255
227.474
287.758
294.189
298.722
303.089
308.158
312.64
316.616
313.184
313.316
282.005
-654321
269.693
263.658
258.14
251.882
245.64
239.468
233.302
228.031
221.005
281.435
287.424
293.116
297.662
304.679
305.533
313.479
313.843
311.706
276.191
-654321
264.044
258.079
252.413
245.81
239.568
234.111
227.633
222.099
215.903
276.015
281.112
287.602
293.237
299.175
302.365
309.68
315.212
314.132
269.77
-654321
257.856
251.834
245.504
239.844
234.189
228.053
221.986
215.66
209.522
269.565
275.179
282.261
287.71
292.531
297.96
302.15
308.877
313.051
263.859
-654321
251.988
246.107
239.505
233.729
228.425
222.512
216.074
209.576
204.097
263.768
270
275.458
281.871
287.968
292.36
298.83
305.53
309.248
258.262
-654321
245.399
239.585
233.416
227.936
222.369
215.375
209.969
203.88
197.303
257.661
263.531
270.26
275.677
281.784
286.516
293.468
297.969
304.362
252.262
-654321
240.173
233.889
227.458
221.78
215.496
209.765
204.715
197.816
191.748
251.122
257.464
264.134
269.545
275.312
281.341
287.612
292.621
298.982
245.521
-654321
234.242
227.952
221.562
215.838
211.033
203.644
197.551
192.391
186.551
246.672
252.008
257.533
262.796
269.215
275.423
281.741
288.786
293.027
239.359
-654321
227.552
222.273
216.384
209.928
204.611
199.124
191.299
186.202
180.036
239.5
245.672
251.87
258.267
263.808
269.204
275.087
281.467
287.16
233.861
-654321
222.166
216.15
209.917
203.109
199.056
191.855
184.777
179.995
172.623
233.817
240.122
245.252
252.526
257.896
264.413
269.363
275.186
281.606
227.642
-654321
216.2
209.656
203.146
197.383
191.143
186.933
179.51
173.157
168.47
227.549
233.776
239.632
245.997
252.205
257.157
264.188
270.332
275.186
222.054
-654321
208.958
204.926
198.978
191.376
185.823
178.816
172.955
168.216
161.849
221.614
228.156
233.845
239.383
246.103
252.756
257.567
263.872
269.533
217.084
-654321
203.671
198.371
191.525
186.585
179.53
174.05
167.203
161.892
155.257
216.046
221.631
227.677
233.681
241.138
246.08
251.841
258.461
264.06
209.609
-654321
198.209
191.935
184.605
180.047
173.264
167.253
162.666
155.495
149.343
209.648
215.558
220.727
227.606
233.614
239.796
245.457
250.982
257.567
204.116
-654321
192.228
185.718
179.286
174.366
167.09
161.062
155.909
150.103
144.047
203.788
209.787
215.541
222.969
228.203
232.548
240.011
245.932
252.202
197.406
-654321
184.762
180.474
173.599
166.679
199.191
155.355
149.563
143.507
137.794
198.556
205.014
210.802
215.845
222.599
227.033
233.54
239.744
245.791
191.579
-654321
178.865
173.737
167.406
161.979
156.498
150.778
144.134
137.465
131.827
192.655
197.608
203.216
209.675
215.993
222.691
228.546
234.251
239.993
186.011
-654321
174.605
168.462
161.339
156.168
150.086
143.101
137.345
131.953
126.445
186.165
191.45
198.026
203.538
210.084
217.005
222.421
228.378
233.767
180.629
-654321
168.432
162.855
155.51
149.951
143.947
137.094
130.949
126.741
120.3
179.46
186.286
191.979
198.523
203.549
209.812
223.321
222.025
227.541
173.984
-654321
161.266
183.577
148.964
144.429
169.975
132.65
123.96
119.461
115.418
175.496
179.117
184.539
192.281
197.992
203.029
209.827
216.628
221.437
168.372
-654321
156.034
149.467
143.735
183.098
133.19
126.799
120.162
115.501
107.717
167.611
174.172
180.232
184.482
191.819
198.19
203.582
210.347
216.151
161.308
-654321
147.981
142.711
138.103
132.066
125.18
119.682
112.515
106.426
102.231
161.639
167.921
174.947
179.57
186.027
191.593
196.724
203.295
209.618
155.244
-654321
143.074
136.999
131.213
175.736
171.308
113.312
106.142
101.616
96.5199
154.679
160.203
166.076
174.503
179.08
186.72
206.417
197.566
203.384
151.458
-654321
138.409
131.183
162.944
118.972
114.466
150.654
102.292
94.3415
88.445
149.093
155.63
162.448
167.927
173.614
179.345
201.818
192.209
197.324
142.944
-654321
132.668
125.189
157.903
113.648
108.386
147.514
201.585
90.3631
135.491
143.116
148.718
156.247
161.455
166.518
172.929
178.877
185.514
191.273
140.007
-654321
127.03
118.548
154.577
109.722
102.676
96.3602
88.8524
82.6049
129.732
137.029
144.163
149.123
195.46
162.641
167.141
207.523
178.864
186.131
133.057
-654321
119.552
114.97
206.447
159.798
142.199
89.9478
134.734
77.846
70.6894
132.987
170.614
186.66
148.972
154.23
161.534
166.464
196.116
180.299
124.399
-654321
114.647
108.883
99.986
96.2331
88.6918
146.577
78.7796
71.6709
66.599
125.927
181.309
138.469
176.071
178.637
155.412
186.291
166.417
173.939
120.048
-654321
163.906
101.129
154.925
92.2191
83.2928
79.5702
126.409
66.0171
61.1097
159.222
126.167
167.163
135.986
143.784
149.888
157.352
160.777
168.174
112.332
-654321
102.547
142.817
151.576
83.5624
76.4906
137.528
65.0394
131.385
154.39
119.819
161.961
130.072
136.335
174.813
149.569
182.814
161.756
108.107
-654321
96.4314
89.8265
148.518
78.6363
194.082
134.076
59.5664
151.466
165.297
171.489
176.328
132.333
138.732
188.18
177.503
155.821
102.825
-654321
88.3682
198.104
132.307
72.8306
65.9795
118.706
147.464
108.477
153.452
158.408
126.053
131.885
180.87
144.439
150.246
95.6051
-654321
134.589
77.2251
193.959
66.873
58.1731
142.163
147.052
108.837
114.647
121.24
124.217
130.631
171.123
143.5
89.5404
-654321
76.3537
137.373
135.462
118.947
140.467
143.255
105.838
164.026
113.88
160.084
175.28
164.706
137.516
199.809
-654321
69.875
63.6479
56.6784
82.7551
138.177
94.5236
158.835
151.966
114.169
158.703
175.651
131.539
80.3539
-654321
123.294
60.4756
131.087
134.239
89.6772
94.6104
103.859
205.956
153.991
119.262
159.455
70.8485
-654321
57.3366
71.1437
142.078
83.3457
138.433
142.009
101.478
106.878
115.542
119.349
191.967
-654321
190.41
72.0855
197.777
133.338
152.649
156.154
148.53
205.622
114.167
117.657
-654321
283.71
295.96
311.522
323.572
329.277
335.433
330.052
332.677
326.549
270.457
-654321
298.318
311.674
320.099
326.187
332.072
333.511
329.542
328.686
323.801
268.785
283.982
-654321
311.458
324.606
332.623
331.897
332.327
329.987
325.637
322.416
318.792
281.957
270.369
294.522
-654321
324.683
328.112
332.721
333.124
333.036
327.073
322.571
317.562
312.561
299.576
282.18
270.045
310.352
-654321
330.661
334.779
333.362
331.153
327.831
324.219
317.557
313.133
307.06
313.611
295.794
282.147
269.47
324.168
-654321
333.731
333.314
329.52
329.242
321.952
318.094
312.69
307.087
301.787
322.457
310.389
299.304
283.158
270.027
329.623
-654321
333.298
329.432
326.561
322.959
319.333
313.203
307.696
301.563
295.017
330.967
323.78
311.926
297.781
283.515
268.787
330.793
-654321
332.508
327.197
323.525
318.524
313.137
306.965
301.515
295.626
289.928
333.946
329.703
325.456
311.659
297.443
285.315
270.062
333.528
-654321
328.672
323.766
319.189
312.123
307.456
301.65
295.822
290.453
284.145
333.75
328.518
329.918
321.995
308.709
298.052
283.324
269.708
332.227
-654321
324.009
319.299
313.435
306.401
301.819
296.227
290.196
284.561
278.075
330.228
331.491
324.958
330.452
323.054
315.105
298.643
283.955
269.558
328.849
-654321
317.584
313.142
307.273
301.445
295.977
290.572
284.008
278.099
271.775
327.676
331.656
333.292
333.905
330.873
323.605
311.997
297.298
282.785
323.182
-654321
313.591
306.75
300.932
295.553
289.369
283.776
278.185
272.244
265.828
323.31
327.026
328.53
334.197
331.371
327.165
324.417
313.703
298.98
317.285
-654321
307.051
301.677
296.13
289.544
284.16
277.802
271.912
266.018
260.631
318
321.68
326.297
332.775
332.711
333.587
328.664
327.03
313.829
313.403
-654321
301.219
296.48
289.909
284.074
277.871
272.029
266.14
260.085
253.393
313.087
317.032
323.399
327.16
330.599
333.435
329.358
333.636
317.399
306.659
-654321
296.378
289.834
284.058
277.758
272.26
266.276
260.026
254.389
248.438
307.966
313.968
318.831
322.022
327.576
327.823
332.864
336.008
333.548
301.747
-654321
289.93
284.068
277.868
272.168
266.275
259.98
253.605
248.011
242.106
301.886
307.818
313.342
317.176
323.276
327.07
332.09
335.133
334.188
295.686
-654321
284.376
278.302
272.61
266.327
260.172
254.316
248.668
242.048
235.862
295.29
301.184
307.714
310.347
314.51
322.189
329.394
330.689
332.812
290.151
-654321
277.679
272.122
265.228
259.961
254.211
246.628
241.475
235.683
229.934
290.228
295.821
301.665
307.032
312.587
318.533
322.659
329.082
332.234
283.943
-654321
272.656
266.296
259.905
253.033
248.237
242.684
236.45
229.81
224.266
284.027
289.909
296.52
301.086
306.255
314.032
318.053
323.742
326.979
277.837
-654321
265.649
259.889
253.738
248.324
241.914
235.91
229.677
224.597
217.987
278.56
283.263
289.453
295.605
301.881
307.323
312.935
319.554
323.259
271.291
-654321
260.32
254.104
247.732
242.181
236.063
229.821
223.52
218.107
211.907
272.427
277.618
283.352
289.525
295.776
301.521
307.988
311.081
318.563
266.191
-654321
253.201
248.673
242.102
236.42
229.812
223.51
218.758
212.009
206.399
265.671
271.339
277.154
283.759
289.727
295.87
303.415
306.951
313.569
258.984
-654321
247.93
241.805
235.364
230.057
224.136
218.039
212.672
205.748
199.498
258.722
266.971
271.45
277.839
283.716
289.775
294.921
301.823
307.41
253.838
-654321
241.283
236.721
230.213
224.015
217.45
210.505
206.599
199.761
193.92
252.506
259.399
264.722
271.746
278.719
284.234
290.466
295.297
301.83
247.639
-654321
236.408
229.114
222.984
217.64
211.311
205.722
200.384
193.2
188.347
247.79
253.882
259.501
265.335
272.204
278.123
283.904
290.258
295.386
242.579
-654321
230.295
222.956
218.156
211.388
205.81
199.241
194.292
188.941
181.125
241.601
247.156
253.299
258.968
265.684
271.935
277.039
283.035
289.62
235.68
-654321
223.41
216.666
211.1
205.093
200.831
193.893
187.064
182.549
175.625
236.434
241.301
247.516
254.273
260.348
265.306
271.61
278.697
284.131
230.685
-654321
218.693
210.501
206.402
198.754
193.113
188.907
182.985
177.223
169.398
229.462
235.456
242.359
248.463
254.58
260.919
265.584
272.554
277.425
224.924
-654321
212.346
206.697
199.804
192.824
187.457
181.358
177.221
169.06
165.146
223.826
230.217
235.15
241.664
247.042
254.864
260.179
266.078
271.613
218.841
-654321
205.933
198.98
192.794
187.258
181.526
175.982
170.554
164.995
157.731
217.638
223.351
230.56
234.694
241.314
246.225
253.051
260.208
266.169
210.853
-654321
199.724
193.504
186.621
180.846
176.189
169.797
164.515
157.272
152.58
211.306
218.23
224.315
230.322
236.408
241.389
248.014
253.461
259.966
204.707
-654321
194.209
187.241
180.737
175.629
168.484
164.71
158.392
153.688
146.3
205.187
213.175
216.338
223.951
228.644
234.04
241.33
249.767
253.956
200
-654321
186.791
183.032
174.544
168.571
162.503
156.883
150.208
147.243
139.63
198.97
204.595
213.136
217.499
224.353
230.03
236.398
242.05
247.766
194.11
-654321
181.742
176.995
170.38
162.303
157.801
150.918
145.968
139.415
134.479
193.921
199.933
206.645
211.124
217.383
225.389
230.505
235.724
241.608
187.124
-654321
175.846
190.062
187.892
157.109
153.875
145.682
140.228
133.903
129.663
189.089
193.643
200.822
206.217
213.904
218.169
224.312
230.476
235.461
182.96
-654321
170.963
162.845
183.127
151.757
188.349
139.568
134.551
175.956
123.362
182.914
189.021
195.132
200.614
206.289
233.408
218.453
223.866
229.655
175.802
-654321
163.471
157.046
151.277
144.424
141.844
134.914
128.682
120.005
115.812
177.465
184.01
202.556
193.779
210.703
229.932
211.623
217.346
223.838
168.983
-654321
158.659
179.123
174.627
139.031
133.137
129.041
173.897
156.745
150.576
204.989
196.17
212.857
187.393
193.29
200.991
207.604
211.333
218.794
162.71
-654321
153.718
142.799
139.757
167.538
164.033
121.498
117.03
108.666
104.705
162.57
169.293
176.06
180.4
187.295
193.399
199.813
204.979
211.438
221.3
-654321
143.961
138.922
134.001
126.533
123.368
115.608
111.384
102.907
96.5421
158.295
189.176
170.017
175.213
181.788
217.345
207.469
200.008
205.726
151.735
-654321
187.287
132.282
128.989
122.202
154.929
109.684
102.621
202.445
140.449
151.108
158.849
163.968
168.494
210.05
180.608
187.594
193.715
198.786
187.383
-654321
166.597
129.361
162.187
115.024
108.979
103.477
144.657
153.219
175.57
151.706
183.086
164.166
169.318
174.592
181.04
188.231
194.627
139.34
-654321
164.632
161.483
117.516
108.17
147.215
97.3268
91.8587
143.079
175.416
151.354
158.186
163.979
169.623
195.971
180.824
188.142
134.856
-654321
159.312
114.832
152.464
103.003
143.597
90.6577
214.319
140.452
145.24
178.397
182.216
162.24
203.711
173.094
180.918
127.865
-654321
167.65
164.937
161.674
156.414
92.1144
163.653
132.803
186.07
145.748
151.707
157.998
164.598
169.93
175.102
123.355
-654321
165.538
104.276
98.6578
93.8614
171.546
129.586
178.312
171.014
190.098
178.796
157.372
162.576
170.212
114.172
-654321
103.868
144.951
140.121
113.923
121.735
126.883
166.853
171.342
176.189
181.033
157.457
162.66
165.983
-654321
95.8504
150.271
162.954
115.339
122.61
127.619
166.646
170.391
147.145
149.079
157.989
105.233
-654321
200.276
158.223
111.558
115.209
211.814
127.163
215.619
140.196
174.124
151.509
142.789
-654321
156.587
103.722
163.45
157.294
159.557
128.54
132.918
139.15
145.194
200.84
-654321
284.006
298.456
312.645
324.113
342.063
348.364
346.385
348.81
352.033
270.733
-654321
301.661
306.743
319.598
340.595
344.22
351.345
349.318
346.297
349.29
270.37
283.343
-654321
315.018
326.44
345.263
347.069
351.08
347.964
347.605
345.141
342.318
282.511
271.286
297.733
-654321
327.903
334.581
347.5
353.004
352.62
349.603
351.205
344.816
340.356
298.503
282.217
268.808
315.385
-654321
336.214
340.455
348.036
349.617
349.278
347.567
342.649
339.04
333.383
317.465
296.415
283.328
269.616
327.599
-654321
351.207
350.528
351.846
350.704
348.309
343.706
340.333
336.134
330.382
319.941
311.769
300.343
280.674
269.565
336.335
-654321
343.771
352.47
351.328
347.175
342.724
339.406
335.631
328.57
324.278
335.523
325.551
311.629
298.737
281.82
269.571
345.602
-654321
348.916
350.234
346.94
343.447
340.913
334.29
329.935
324.385
319.213
343.492
340.404
322.201
310.349
298.774
282.369
270.213
349.57
-654321
349.722
347.217
344.049
340.927
335.155
329.618
323.942
318.845
313.469
347.546
344.028
334.915
327.668
314.355
296.862
283.432
269.056
348.877
-654321
349.27
343.895
341.215
335.106
329.247
325.003
319.161
313.104
306.883
349.885
349.827
344.849
340.34
322.813
311.818
297.216
282.154
269.703
349.612
-654321
342.352
339.269
335.05
328.522
324.4
318.699
312.819
307.857
301.165
349.293
351.037
345.633
343.727
338.134
320.677
313.459
298.56
284.625
346.318
-654321
340.619
333.043
330.575
324.008
318.061
313.171
307.912
300.788
295.107
346.246
347.689
351.409
347.466
341.264
339.01
329.453
311.626
299.881
342.755
-654321
334.762
330.319
324.944
317.855
313.19
307.807
301.567
295.475
289.269
345.582
344.859
347.05
347.592
350.749
339.976
331.645
323.133
313.233
336.333
-654321
329.481
322.862
317.807
312.926
307.522
301.412
295.764
289.907
282.841
339.319
343.113
344.782
349.74
351.43
346.282
346.374
340.24
331.649
335.38
-654321
322.831
319.38
312.393
307.627
300.694
295.14
289.605
283.622
277.391
333.724
341.877
341.439
346.123
350.706
352.448
350.563
344.036
332.276
331.251
-654321
318.676
313.008
306.67
301.437
295.286
289.485
283.117
277.201
271.545
327.607
333.249
339.477
345.226
347.73
346.039
346.536
351.851
346.739
324.716
-654321
313.206
307.53
300.866
294.95
288.936
283.879
277.108
271.888
265.405
323.845
329.541
333.508
339.175
343.265
344.447
346.093
351.149
346.858
318.839
-654321
307.487
300.677
295.165
289.244
282.72
277.188
271.637
265.406
258.655
318.214
324.762
329.746
336.286
338.852
346.177
346.79
345.544
349.113
312.756
-654321
301.094
294.436
288.986
283.574
277.084
271.054
265.508
260.144
252.708
311.075
318.699
324.622
330.361
329.528
342.227
345.375
347.62
347.132
307.162
-654321
295.065
288.994
283.037
276.758
271.296
264.849
259.809
252.323
246.619
306.534
312.253
318.421
324.391
327.584
336.954
339.634
342.018
347.855
300.964
-654321
288.865
283.478
277.418
271.56
264.713
260.066
252.946
246.601
240.741
301.178
306.097
313.829
318.276
321.242
329.691
331.371
338.499
341.772
295.074
-654321
282.782
276.838
270.903
264.673
259.529
253.348
246.422
241.766
235.683
294.923
300.926
305.078
312.341
318.606
325.095
329.239
331.141
339.87
288.785
-654321
276.361
270.94
264.596
258.092
253.133
247.337
240.971
234.785
229.454
288.157
294.312
301.064
307.611
312.454
316.927
322.423
329.492
334.74
283.306
-654321
270.832
264.667
258.998
253.479
247.546
240.726
235.177
228.547
222.176
282.454
289.478
295.426
301.363
308.128
312.186
318.04
320.362
329.342
276.397
-654321
265.07
258.874
252.984
247.209
241.17
235.137
229.848
222.837
216.072
276.698
282.312
288.396
295.245
300.405
307.111
314.336
318.982
324.656
271.598
-654321
260.11
251.891
247.674
241.098
235.964
229.737
222.989
217.397
211.489
270.776
277.153
284.191
289.509
294.865
300.482
307.343
312.536
318.414
265.345
-654321
253.318
246.856
241.813
234.525
229.121
222.988
216.226
211.497
204.477
264.452
271.78
276.631
283.306
288.767
294.877
300.695
305.715
311.759
257.928
-654321
247.976
240.705
235.669
228.541
222.895
216.891
210.569
204.983
198.446
259.199
264.407
269.887
276.921
282.15
289.877
294.174
301.562
306.524
252.788
-654321
240.449
236.38
228.217
223.408
218.13
208.915
205.852
197.933
192.064
252.264
259.062
265.628
270.257
277.493
282.527
289.48
294.415
300.975
246.495
-654321
235.525
229.514
223.345
217.159
232.943
204.99
199.778
192.673
188.428
245.977
253.148
258.829
264.715
272.117
277.582
283.349
288.771
294.628
241.169
-654321
228.676
222.675
216.315
209.017
205.698
197.939
192.873
186.369
181.196
241.135
246.829
252.673
259.429
264.725
271.14
276.373
284.431
289.226
235.359
-654321
223.791
218.315
211.916
205.124
199.098
193.33
187.892
180.659
176.192
233.614
240.922
246.436
253.038
259.383
266.345
270.996
277.54
282.995
229.451
-654321
217.525
210.488
205.826
198.591
192.859
187.163
182.642
174.578
169.638
229.207
234.499
239.937
247.513
254.716
258.518
265.151
270.829
276.516
221.163
-654321
211.098
204.818
198.378
192.87
186.35
180.445
174.403
170.647
163.326
221.488
228.053
234.814
241.421
247.054
253.23
251.197
265.042
271.015
216.196
-654321
205.949
199.559
193.78
186.84
179.258
175.267
169.718
165.059
157.335
217.83
229.971
230.223
235.286
241.321
246.9
253.89
251.086
263.794
211.558
-654321
198.709
193.465
187.884
182.379
176.614
191.549
163.502
156.249
150.09
210.398
216.979
221.197
228.258
235.474
242.216
245.074
253.222
258.125
205.01
-654321
193.296
185.803
180.665
173.809
167.261
165.274
157.544
179.619
174.785
214.692
210.68
217.252
224.046
227.969
234.762
237.969
247.282
252.646
198.803
-654321
186.52
180.222
174.663
168.876
186.846
155.449
150.305
146.462
139.588
199.227
204.661
212.074
216.099
228.234
228.75
234.77
240.077
246.602
194.557
-654321
179.47
175.764
169.893
199.269
156.813
151.125
143.846
140.008
131.476
208.168
199.235
205.168
219.277
223.891
222.256
242.576
236.621
241.002
232.347
-654321
195.416
168.649
186.704
156.854
150.237
175.805
171.188
130.384
126.379
187.132
192.991
198.401
204.968
211.799
223.566
222.524
228.515
234.92
199.32
-654321
189.688
188.653
184.475
150.742
188.541
138.621
134.585
125.579
120.823
179.496
189.082
195.448
197.863
238.241
232.774
215.578
224.467
229.868
176.661
-654321
166.051
183.813
151.656
146.183
137.31
132.927
124.302
119.981
197.021
180.19
203.428
190.285
200.112
203.788
211.252
222.897
222.695
168.276
-654321
158.323
153.746
145.642
139.033
132.855
210.853
160.15
204.342
208.557
181.998
202.597
220.049
225.717
216.587
211.193
216.797
161.784
-654321
180.884
143.977
138.184
132.347
128.949
119.295
223.947
168.139
195.979
179.694
204.181
219.044
196.155
205.208
211.664
197.565
-654321
219.37
138.774
178.083
213.01
158.147
195.434
162.851
191.294
207.098
181.252
214.745
191.341
235.114
205.653
150.798
-654321
171.188
133.416
211.738
121.87
150.973
198.718
162.661
190.753
172.457
179.635
214.07
192.823
198.228
190.566
-654321
166.375
128.487
159.111
143.971
152.301
156.945
224.589
170.085
196.338
210.835
203.89
192.279
140.481
-654321
127.861
173.163
171.824
174.504
179.795
155.343
187.785
192.271
193.449
179.608
186.758
215.287
-654321
119.851
130.963
185.029
145.745
221.485
194.42
198.561
168.264
176.065
180.632
164.121
-654321
178.062
180.194
138.935
147.706
151.32
183.3
186.958
168.276
174.069
161.183
-654321
283.877
297.503
312.386
325.01
340.398
348.945
362.127
364.574
367.122
269.023
-654321
299.933
312.774
323.102
334.879
355.765
361.987
359.644
366.252
370.248
271.3
284.992
-654321
310.176
322.365
333.202
353.564
359.532
364.513
359.598
369.417
365.891
285.542
270.391
295.759
-654321
333.433
340.126
356.187
351.173
356.77
364.26
368.113
364.917
366.862
296.28
285.194
269.644
313.558
-654321
337.793
350.441
357.353
361.877
366.187
367.146
362.019
361.53
364.104
315.9
293.752
284.253
269.16
327.796
-654321
353.275
352.987
364.527
368.516
365.414
367.186
362.784
359.849
352.962
327.008
316.235
295.683
281.425
270.333
334.742
-654321
361.948
358.585
366.383
357.345
366.198
364.805
359.806
355.628
349.958
338.317
319.55
310.111
298.948
282.903
270.19
357.042
-654321
361.205
355.147
367.364
366.368
362.162
357.819
357.353
350.789
343.116
355.176
338.245
329.825
312.018
300.602
282.609
270.47
360.672
-654321
366.622
366.505
367.8
364.838
356.533
353.836
349.663
344.385
340.652
361.053
351.148
344.271
322.377
315.315
292.927
284.569
268.919
367.781
-654321
365.104
364.462
359.569
359.93
354.332
351.73
345.796
341.064
334.941
365.554
360.063
353.122
337.87
324.176
311.678
295.97
283.132
270.427
366.919
-654321
364.497
362.122
359.994
356.173
350.707
345.186
339.303
334.671
329.661
367.381
365.018
366.185
350.203
342.992
325.527
314.283
297.305
284.539
367.994
-654321
364.46
359.355
356.542
347.585
345.746
340.601
334.161
329.705
323.62
368.488
363.918
366.178
354.836
356.098
341.117
324.466
312.562
296.454
365.841
-654321
360.176
355.895
350.568
345.557
339.429
335.773
328.704
323.846
317.798
363.773
367.718
367.273
365.181
359.253
347.532
342.744
320.739
315.521
363.579
-654321
357.689
350.808
345.576
341.701
336.105
329.611
323.365
317.817
312.276
360.65
365.035
368.268
369.517
364.604
354.565
355.993
337.472
324.912
363.057
-654321
351.525
343.4
340.84
334.573
329.299
323.981
317.955
311.888
305.695
357.579
367.117
366.173
367.831
366.194
367.872
358.322
339.319
339.809
354.876
-654321
345.461
339.923
334.002
329.166
322.386
317.62
312.045
306.076
300.4
356.705
357.893
359.833
369.903
368.472
367.01
362.843
353.932
344.476
350.183
-654321
341.419
334.493
329.654
323.201
317.863
311.184
306.212
300.009
294.038
351.328
353.125
359.338
360.289
364.94
369.486
368.464
362.086
360.957
345.175
-654321
334.54
328.448
323.159
317.767
312.294
305.846
300.013
294.185
288.292
346.764
351.171
356.804
359.215
360.148
369.963
369.194
368.042
372.204
340.579
-654321
329.913
323.299
318.301
311.986
305.608
299.694
294.169
287.43
281.581
339.315
343.255
352.428
355.991
355.911
360.005
362.423
365.614
369.174
335.509
-654321
323.442
317.996
311.74
305.333
300.752
293.692
287.956
281.92
275.88
333.398
339.384
344.883
348.922
355.227
360.634
363.235
364.224
366.571
329.121
-654321
316.798
310.672
305.598
300.193
294.36
287.616
282.261
275.924
269.899
328.879
333.732
342.367
346.735
348.847
351.785
362.875
362.822
363.102
323.976
-654321
311.88
306.15
299.814
294.011
287.68
282.604
276.168
270.884
263.279
323.334
330.088
335.658
341.823
344.368
346.418
351.412
359.938
360.967
318.513
-654321
305.58
299.156
294.446
288.928
282.464
274.486
269.927
263.334
258.458
318.132
324.373
327.376
334.098
337.434
346.56
351.001
357.745
359.2
311.346
-654321
299.882
294.593
287.283
281.878
275.985
269.452
263.88
258.477
251.991
312.263
318.482
323.573
328.229
334.972
340.847
345.021
350.382
355.795
306.091
-654321
294.099
287.478
280.845
276.334
268.515
264.273
257.882
251.413
246.018
305.764
311.3
317.75
324.109
327.578
334.719
341.18
347.843
349.73
299.138
-654321
287.52
281.337
276.655
269.936
263.597
258.983
251.194
244.994
239.479
299.382
305.578
311.754
317.619
323.485
328.119
333.85
338.377
345.656
294.947
-654321
281.878
276.449
269.05
264.437
257.668
252.087
245.731
239.841
234.586
294.148
300.189
305.678
311.649
317.917
323.853
330.586
331.198
338.732
288.788
-654321
275.18
268.935
263.881
258.309
252.581
245.34
239.71
232.91
228.093
287.488
293.924
299.991
305.119
311.62
318.799
323.967
324.682
335.283
281.975
-654321
270.756
263.709
258.042
250.751
246.593
240.606
234.507
228.814
222.57
281.242
288.449
294.069
300.522
305.657
312.324
316.984
324.878
329.294
275.072
-654321
262.761
257.839
251.653
246.323
239.536
234.349
228.4
222.177
216.34
275.678
281.732
287.051
292.388
299.824
306.245
312.188
316.976
322.457
269.961
-654321
257.591
252.637
242.691
239.377
233.04
228.054
222.186
215.643
209.302
271.007
276.253
281.411
286.792
294.431
299.183
305.644
312.127
317.402
263.492
-654321
251.953
246.028
242.173
234.404
227.931
222.269
215.13
210.027
203.18
263.587
269.576
276.073
281.352
287.641
274.366
301.016
305.872
311.524
258.085
-654321
244.777
238.718
233.622
226.882
222.475
215.061
211.138
203.987
199.685
258.319
264.929
269.264
275.886
281.027
270.928
293.975
299.704
305.586
251.494
-654321
238.685
234.339
230.673
222.542
214.619
208.79
204.194
197.643
191.854
252.908
257.37
263.559
269.612
276.896
281.762
287.662
295.061
299.591
247.66
-654321
234.198
227.972
220.628
216.181
209.176
202.445
196.705
192.733
185.6
245.265
251.923
257.763
263.067
269.749
275.303
264.693
270.737
293.75
239.156
-654321
227.127
222.023
215.245
209.488
204.575
199.316
191.416
185.947
178.873
239.197
247.163
252.178
256.925
262.907
269.782
275.06
266.405
287.828
233.911
-654321
221.688
214.833
208.931
228.202
210.039
191.818
204.53
181.461
194.479
233.546
240.247
246.446
251.342
258.559
265.014
269.409
276.879
281.856
226.946
-654321
215.822
230.549
215.013
196.822
192.13
184.912
178.497
173.838
190.634
228.168
235.987
237.891
242.375
252.814
258.578
262.855
269.357
275.412
222.589
-654321
208.954
215.869
198.89
189.9
185.137
180.83
172.593
167.787
160.616
226.305
230.373
235.192
240.668
245.308
251.181
250.452
263.746
256.279
217.379
-654321
203.903
225.217
190.79
187.663
200.352
175.347
165.773
162.868
156.191
216.159
226.565
227.597
233.99
239.362
245.859
247.465
261.813
263.753
209.656
-654321
196.968
192.282
185.953
198.941
172.913
167.377
162.487
154.22
150.07
211.436
215.083
226.601
243.923
233.973
251.959
256.208
246.9
256.987
226.688
-654321
189.888
185.137
178.056
173.314
167.617
187.126
155.11
149.931
201.062
210.112
216.02
221.482
242.523
234.681
238.087
243.378
251.953
210.658
-654321
202.191
199.048
228.615
190.88
187.735
182.519
151.351
198.177
215.67
208.869
222.933
227.516
227.637
234.94
239.437
246.071
190.45
-654321
180.101
228.151
189.909
162.607
183.84
190.328
192.94
197.394
203.855
210.61
215.51
227.967
228.664
233.322
238.491
186.951
-654321
174.249
167.59
162.026
184.273
149.628
203.271
219.823
196.647
228.002
210.379
215.56
227.283
227.562
232.988
199.696
-654321
226.936
187.696
156.929
148.445
179.984
204.191
207.453
196.695
203.199
207.7
223.752
238.247
228.723
173.92
-654321
163.196
155.157
150.207
195.058
179.042
201.395
190.946
197.767
204.16
240.256
223.129
222.231
169.727
-654321
196.471
178.187
166.893
173.739
212.855
186.921
191.745
196.217
203.249
218.492
216.5
162.068
-654321
151.712
188.084
203.437
172.524
199.537
184.27
191.303
210.646
238.294
209.119
155.53
-654321
221.735
163.213
192.296
173.464
230.029
186.824
207.206
211.977
203.305
149.718
-654321
284.896
295.437
312.696
329.433
331.063
363.767
367.704
378.936
383.768
269.507
-654321
303.035
310.426
324.846
340.123
360.456
364.23
375.97
377.337
390.012
269.985
284.382
-654321
308.43
322.386
339.57
349.344
367.876
375.28
379.155
384.801
383.282
285.793
269.221
295.48
-654321
328.098
339.767
356.652
368.888
377.019
383.386
390.211
378.986
384.805
299.039
284.915
270.598
314.632
-654321
341.484
358.264
369.544
381.781
383.135
381.04
383.121
386.439
383.662
310.94
301.109
285.11
269.666
330.099
-654321
358.031
365.556
377.405
372.845
380.263
385.512
385.977
382.036
378.43
329.622
315.295
300.71
285.987
269.199
333.249
-654321
369.715
380.445
382.274
388.791
387.605
389.172
383.583
379.436
380.878
342.239
325.733
316.539
297.543
284.597
268.851
353.114
-654321
373.746
382.517
379.532
381.706
381.617
383.59
375.864
375.085
372.225
354.042
342.671
324.213
315.919
297.921
283.917
269.787
361.962
-654321
380.39
381.376
383.32
386.025
378.183
378.482
376.828
370.035
369.069
356.249
352.334
347.447
327.979
311.037
296.834
281.723
269.798
373.164
-654321
385.532
389.152
383.092
387.149
379.953
377.391
373.166
367.844
363.817
378.115
366.381
345.101
340.875
330.397
306.911
296.884
284.038
269.473
376.899
-654321
384.605
388.158
378.714
380.071
375.011
376.526
368.299
365.217
358.379
383.246
371.789
365.745
355.762
341.582
328.079
313.543
295.257
283.188
385.487
-654321
385.616
388.046
381.86
377.723
373.66
368.43
365.591
357.59
354.298
386.524
381.343
375.199
360.309
350.234
342.354
324.87
310.432
299.706
383.892
-654321
382.665
383.429
377.62
374.34
367.906
364.04
360.558
353.778
349.159
384.742
384.816
381.758
373.432
359.659
358.323
339.872
324.898
312.443
384.942
-654321
377.498
379.126
372.204
369.468
365.051
358.981
352.304
349.479
342.905
383.104
382.052
382.656
378.114
375.217
367.207
355.108
333.893
327.46
386.778
-654321
372.841
375.267
369.643
363.11
357.35
355.141
349.252
340.006
337.411
386.323
385.264
386.967
383.552
375.956
372.11
371.848
356.966
341.389
381.734
-654321
374.463
368.965
366.149
359.4
354.907
346.764
342.134
337.156
330.596
385.175
380.547
386.819
379.242
385.412
378.978
378.857
362.506
357.523
381.585
-654321
371.849
362.511
359.114
351.898
348.898
339.515
336.364
330.833
325.551
378.308
374.781
386.139
386.332
386.159
384.512
380.389
382.605
368.016
372.83
-654321
363.533
358.756
354.664
348.605
343.203
337.198
330.831
326.462
318.806
373.099
374.949
381.771
382.393
384.14
385.659
382.389
385.116
376.461
369.504
-654321
357.582
352.125
348.042
342.767
337.369
331.285
325.524
319.23
313.821
369.729
372.022
377.286
382.064
386.387
390.214
379.676
383.27
382.445
364.837
-654321
352.983
349.354
341.958
336.315
331.134
325.926
319.192
313.773
307.982
366.323
369.359
373.395
381.233
382.92
386.377
384.877
387.893
381.595
360.552
-654321
349.219
341.1
337.282
331.6
325.773
319.456
312.634
307.183
301.542
360.34
364.361
372.335
377.536
381.113
379.898
384.41
386.259
385.522
354.14
-654321
343.054
337.77
331.518
325.184
319.983
313.979
307.737
301.894
295.332
352.326
361.338
362.848
370.14
371.4
382.052
377.974
384.188
384.585
348.874
-654321
337.217
331.244
325.552
319.959
313.893
307.617
301.649
295.912
289.491
348.621
355.083
357.054
366.337
365.579
371.245
373.112
384.866
384.34
340.438
-654321
331.607
325.829
320.019
313.609
306.68
301.447
295.518
289.872
283.556
342.689
348.724
352.367
360.83
364.764
371.099
375.338
379.337
382.104
337.842
-654321
324.976
319.735
314.07
307.471
301.355
295.788
289.347
283.656
277.592
337.183
342.174
345.25
354.892
354.621
365.814
371.552
372.394
379.937
331.458
-654321
319.85
313.678
308.526
302.433
295.226
289.203
282.641
277.172
271.613
331.887
337.347
341.658
349.258
355.094
357.033
366.817
370.387
366.941
322.664
-654321
313.756
307.537
301.682
295.398
290.023
284.049
277.155
271.802
265.334
325.267
330.934
337.613
344.21
349.322
351.031
359.754
364.643
370.506
320.445
-654321
306.839
301.172
295.045
289.786
283.262
277.599
271.368
265.927
259.351
320.006
323.143
329.848
336.636
343.788
348.138
352.911
358.867
362.681
313.646
-654321
300.868
295.103
288.922
282.804
276.856
271.331
265.586
259.416
254.232
313.714
320.139
325.066
330.545
335.08
342.012
349.161
354.398
358.135
306.817
-654321
295.976
290.027
283.179
276.885
272.262
266.045
260.178
253.233
248.084
307.348
313.73
320.419
324.51
331.484
337.218
341.986
349.541
353.72
301.599
-654321
289.678
283.509
278.058
271.664
264.823
260.166
252.292
247.015
241.587
302.283
308.074
313.714
319.296
324.704
332.131
335.087
342.659
348.553
294.906
-654321
283.268
276.954
272.183
256.893
259.407
253.158
247.252
241.112
235.359
297.107
301.849
307.971
313.392
318.975
324.787
331.308
337.212
343.094
288.997
-654321
276.262
271.878
266.539
259.176
253.796
246.155
241.071
234.6
230.023
271.709
296.466
301.906
307.81
312.166
319.207
325.476
329.86
337.412
283.893
-654321
260.438
266.097
259.632
253.194
247.75
241.576
236.74
229.507
224.069
282.731
288.257
296.044
300.515
307.425
313.678
320.134
325.389
331.358
277.516
-654321
265.881
259.001
253.852
247.565
242.223
235.335
229.925
223.471
216.635
278.001
283.917
289.413
295.681
300.956
307.249
313.625
318.69
325.693
271.228
-654321
260.813
253.455
247.021
241.673
234.217
229.31
223.308
217.764
211.607
272.941
278.131
283.692
289.173
295.808
301.91
307.371
313.674
319.386
265.907
-654321
252.359
246.857
240.577
234.134
230.617
223.823
218.493
211.093
204.776
265.693
271.774
276.512
282.427
289.925
295.991
301.623
308.901
313.693
259.74
-654321
247.1
242.486
236.087
229.227
224.162
223.242
211.941
205.023
212.529
260.165
265.828
272.253
277.623
283.53
289.454
295.335
302.128
307.638
253.653
-654321
241.327
234.284
244.85
229.153
218.531
210.924
204.907
198.318
193.133
252.418
259.224
256.181
258.931
276.677
268.122
288.981
295.734
301.483
248.174
-654321
236.49
229.915
223.822
217.421
210.901
204.491
200.122
193.266
216.457
248.483
253.793
260.504
264.994
259.759
277.939
269.578
289.929
295.601
240.888
-654321
245.349
224.81
235.807
220.093
205.678
198.698
207.426
187.897
180.556
241.024
246.362
247.968
260.332
255.467
268.889
278.3
284.974
289.434
236.109
-654321
221.958
218.322
212.202
204.397
197.715
192.962
188.128
213.533
236.115
239.661
255.51
254.319
252.282
262.681
271.508
277.495
283.297
229.507
-654321
216.809
212.082
205.317
200.935
195.131
185.902
182.481
229.403
247.467
242.908
247.096
255.312
259.158
255.507
273.078
278.455
225.097
-654321
219.863
204.502
197.805
206.822
188.149
199.916
223.684
232.316
236.245
241.495
247.408
252.39
259.393
254.994
271.353
217.286
-654321
206.712
211.628
195.076
186.777
200.492
217.606
227.518
229.343
236.349
242.612
244.21
247.325
251.266
264.955
211.106
-654321
222.469
206.129
203.943
181.795
218.737
224.129
222.384
230.655
236.718
240.52
247.781
246.879
259.426
216.28
-654321
208.159
186.935
198.946
215.815
210.902
222.344
227.655
229.35
236.942
239.021
247.191
254.354
222.421
-654321
203.983
199.559
212.154
204.834
241.128
224.597
227.547
230.427
234.789
241.49
247.102
207.239
-654321
180.032
206.425
210.283
217.411
210.787
224.307
222.657
231.026
236.128
241.313
187.114
-654321
186.489
193.768
199.178
206.154
220.393
218.541
240.782
231.986
233.94
201.289
-654321
283.434
303.261
311.381
325.377
335.222
347.137
366.592
384.868
392.251
268.778
-654321
296.43
316.163
325.6
340.916
348.591
368.013
368.723
393.113
397.566
270.115
284.876
-654321
305.027
323.758
341.914
352.514
369.909
373.934
391.429
400.288
392.488
286.982
269.956
297.411
-654321
327.39
340.283
341.699
363.496
378.246
384.655
390.253
396.506
398.445
297.824
285.34
270.41
313.013
-654321
332.415
357.7
371.149
383.974
389.052
397.957
395.449
400.675
404.371
315.392
297.952
284.74
270.725
332.266
-654321
350.517
365.728
372.731
391.16
399.031
401.333
399.547
404.899
399.925
332.757
313.209
295.114
284.468
268.547
336.313
-654321
370.963
378.568
391.463
402.764
400.111
407.095
395.317
402.286
400.466
331.796
328.019
312.215
302.147
286.911
269.79
347.77
-654321
380.553
390.391
387.384
403.432
384.529
408.026
402.086
393.851
398.979
351.117
347.004
330.126
313.666
299.017
284.51
269.571
369.389
-654321
396.699
408.112
400.345
404.572
399.361
399.565
400.113
396.804
395.583
373.393
348.187
338.028
325.379
309.965
298.653
282.851
270.043
385.527
-654321
400.506
401.602
403.409
400.507
399.463
402.089
398.983
390.871
390.879
378.64
375.419
340.659
341.287
325.466
309.596
297.943
282.913
269.447
400.117
-654321
401.31
401.842
403.286
399.889
400.607
401.258
393.432
390.868
381.271
391.927
383.108
371.728
360.766
333.888
324.231
309.883
298.372
281.995
389.866
-654321
396.568
405.255
401.984
399.615
399.629
394.542
388.957
385.175
378.511
393.043
394.959
384.113
363.374
354.711
347.191
324.396
309.418
299.064
402.113
-654321
403.372
397.835
402.386
402.095
395.573
389.548
385.699
378.954
376.887
398.982
400.835
396.115
383.413
369.336
354.984
338.244
327.288
316.969
406.492
-654321
403.013
399.923
399.741
394.295
390.849
386.212
381.834
376.674
370.365
399.055
398.668
405.497
387.086
379.15
369.73
354.913
337.998
321.939
399.777
-654321
399.007
396.866
392.31
391.13
384.454
381.89
376.722
367.524
364.118
403.482
400.387
403.689
400.244
387.037
384.45
372.786
351.958
338.285
401.572
-654321
390.867
393.945
386.565
384.264
380.276
376.028
371.728
364.4
359.04
401.755
402.898
402.599
394.569
405.388
391.111
376.829
368.235
347.258
395.697
-654321
395.635
390.188
387.671
381.131
375.667
372.542
365.138
358.206
354.654
400.277
402.513
401.57
401.058
393.257
390.047
387.921
392.111
369.41
394.669
-654321
390.42
386.779
379.952
375.819
370.918
364.545
359.001
353.31
348.985
394.06
397.903
402.26
403.852
400.499
398.435
398.249
384.372
361.116
395.329
-654321
387.189
379.91
373.347
368.573
363.785
360.475
350.918
348.113
341.998
395.151
398.735
400.482
397.523
404.09
384.766
387.381
399.741
393.133
391.757
-654321
384.006
377.284
372.856
364.667
359.013
354.921
348.576
342.091
337.162
386.579
395.149
399.69
403.63
405.092
402.025
398.056
396.695
398.815
389.049
-654321
376.231
370.794
365.316
361.064
354.886
347.914
342.915
337.099
330.91
387.117
389.522
388.93
396.78
402.838
400.433
390.97
402.303
401.676
382.696
-654321
369.895
366.532
359.772
352.274
348.136
341.174
336.93
330.654
324.922
382.683
388.911
388.261
388.846
400.073
398.096
397.699
402.098
396.272
372.167
-654321
363.973
360.288
352.067
348.688
341.29
336.299
330.497
324.447
318.826
372.473
382.729
387.251
390.29
393.914
402.175
399.029
401.052
399.598
368.055
-654321
360.668
352.812
348.09
342.854
336.745
330.663
324.572
318.624
312.459
366.367
376.37
381.3
387.32
386.645
394.601
397.363
396.876
403.68
366.244
-654321
354.729
348.284
342.985
336.43
331.079
325.38
318.96
312.511
306.251
361.057
363.591
375.848
381.03
384.171
389.916
383.593
402.449
404.671
360.88
-654321
347.898
343.07
336.979
330.959
324.547
318.598
313.105
307.985
301.103
360.342
361.504
369.458
375.833
384.141
389.615
379.891
395.46
397.486
355.035
-654321
342.834
335.491
330
324.145
318.686
313.574
306.562
300.843
294.58
354.736
356.382
365.301
369.824
371.182
379.189
387.793
392.194
393.656
348.691
-654321
336.468
330.633
325.505
318.644
313.269
306.847
300.789
294.543
289.191
348.79
353.936
357.396
362.26
368.457
372.773
383.005
388.632
392.583
343.369
-654321
330.369
324.495
318.483
312.084
306.582
301.301
294.339
288.919
283.104
341.577
346.965
354.493
360.39
365.934
372.522
370.419
382.484
384.061
337.036
-654321
325.91
319.003
312.551
306.755
300.97
295.37
289.37
283.402
277.245
337.448
341.853
348.632
353.89
357.32
366.388
372.204
374.549
380.806
330.045
-654321
319.19
313.062
307.397
300.877
294.468
288.9
282.159
275.976
270.82
330.463
336.202
337.643
348.308
354.506
359.881
365.813
371.682
377.084
295.186
-654321
312.66
306.58
300.359
294.925
288.233
282.579
277.572
271.118
264.815
323.913
330.776
336.362
342.767
348.242
354.743
349.545
364.806
367.989
317.845
-654321
307.221
300.521
294.559
288.471
282.844
277.284
270.26
264.782
258.24
319.466
324.676
331.372
336.01
343.098
348.532
354.581
359.666
363.49
313.215
-654321
300.974
293.889
288.771
282.23
277.657
272.194
265.199
257.829
252.731
311.69
318.629
325.092
330.679
333.856
342.439
348.657
352.991
359.626
306.093
-654321
295.599
288.37
283.083
277.625
271.296
264.582
258.566
254.006
243.333
306.315
312.626
319.199
324.372
331.221
335.879
341.256
348.94
354.062
299.874
-654321
288.079
283.033
276.678
260.578
264.963
251.57
251.849
246.401
239.929
300.331
306.122
311.599
318.513
324.065
330.229
336.751
343.089
348.276
294.158
-654321
282.309
277.507
271.235
264.124
258.385
252.446
246.052
241.354
248.768
294.499
301.241
306.173
313.145
318.733
324.709
330.123
337.418
341.265
271.157
-654321
275.547
269.983
265.304
260.221
253.214
243.528
252.359
235.339
228.269
288.728
294.391
301.595
306.608
312.71
291.907
325.122
330.715
336.393
281.926
-654321
270.588
264.296
258.438
252.427
245.673
241.532
236.479
232.185
222.194
282.572
288.703
294.631
300.214
306.763
312.374
318.28
325.102
330.839
275.63
-654321
265.421
259.412
253.591
245.085
240.015
233.723
229.267
223.073
216.421
276.104
282.195
287.303
294.313
279.767
307.617
313.629
318.309
323.86
270.364
-654321
258.734
248.187
246.466
240.414
234.542
229.471
221.783
216.909
210.103
272.057
276.67
282.99
271.512
295.342
279.231
305.923
312.876
318.58
256.069
-654321
247.7
245.846
241.329
235.194
228.757
222.969
218.455
209.65
266.806
269.805
277.712
282.706
287.434
295.332
278.559
283.211
312.399
264.602
-654321
247.518
241.26
249.392
228.567
222.95
216.366
231.603
258.503
255.269
270.853
278.147
283.113
287.986
275.14
299.41
306.444
253.511
-654321
239.764
235.188
228.825
227.394
216.947
211.814
246.939
251.211
265.421
270.975
264.112
280.997
289.906
294.578
300.462
243.328
-654321
233.389
230.27
239.975
217.152
232.149
244.16
246.979
265.372
264.054
259.629
277.417
268.479
289.811
295.039
240.868
-654321
229.513
221.932
216.58
210.807
241.024
248.841
260.726
251.841
266.15
269.113
262.824
281.385
288.094
234.578
-654321
241.38
216.165
230.783
234.768
239.542
248.14
248.726
258.253
269.198
270.331
264.553
283.24
228.483
-654321
222.638
210.184
233.917
235.105
242.202
246.523
251.86
264.32
264.95
271.337
277.069
222.957
-654321
210.52
222.424
227.928
234.164
239.813
243.238
244.563
251.503
265.747
270.176
236.627
-654321
215.869
223.26
229.291
235.984
240.929
244.191
253.139
259.273
264.419
209.81
-654321
273.664
282.216
293.425
301.732
306.97
320.109
322.856
339.36
348.769
264.518
-654321
285.815
291.246
302.044
316.123
321.623
331.207
340.68
343.307
358.266
265.277
275.266
-654321
293.655
305.975
311.774
334.368
326.137
333.659
336.585
352.162
355.116
274.745
263.307
281.768
-654321
302.715
310.824
326.145
332.446
341.041
354.471
353.433
365.103
362.827
285.702
286.34
264.751
290.996
-654321
315.93
322.731
336.912
337.843
349.346
349.895
355.865
362.123
361.352
293.145
283.375
274.455
264.261
304.726
-654321
316.856
331.451
335.414
353.696
354.883
360.047
354.145
353.617
362.113
298.63
295.478
283.759
274.51
266.719
317.361
-654321
336.23
342.632
346.271
355.33
361.785
363.288
365.75
363.17
362.427
311.609
302.012
292.419
280.746
273.236
265.505
325.679
-654321
334.073
345.75
349.895
358.67
366.523
359.272
362.84
362.238
359.87
322.663
310.343
305.355
289.726
282.839
274.705
265.685
339.077
-654321
345.747
344.389
359.093
356.836
363.479
363.196
359.752
359.206
361.908
330.197
323.19
309.512
330.906
290.837
288.771
274.139
265.235
333.42
-654321
346.403
353.457
352.003
355.759
362.74
365.25
363.086
361.832
356.505
344.937
335.904
325.736
317.997
302.313
293.204
283.501
273.65
265.493
344.528
-654321
359.52
355.928
363.707
362.255
358.511
377.792
362.369
354.07
356.928
349.251
337.331
333.094
316.078
309.114
304.16
299.435
281.405
276.954
351.574
-654321
366.521
367.288
356.051
360.831
360.752
360.405
358.092
356.189
352.374
353.129
349.299
341.506
336.257
317.307
308.132
301.32
292.559
285.607
358.883
-654321
364.57
364.444
363.278
362.519
361.651
358.047
352.537
352.604
348.042
360.132
352.487
351.351
341.24
324.406
323.349
311.14
302.276
292.157
360.612
-654321
363.697
366.659
362.29
359.723
354.723
354.064
352.297
349.794
344.752
355.852
354.198
354.283
338.081
340.638
332.829
314.836
315.701
298.445
358.939
-654321
360.563
361.251
359.116
357.746
357.825
354.301
350.335
347.353
342.372
363.204
360.167
357.762
351.483
353.133
340.625
332.433
321.271
313.095
360.003
-654321
360.028
359.442
358.81
354.788
352.818
350.157
346.308
342.776
339.869
364.182
361.495
363.225
360.088
357.675
352.6
342.356
330.507
317.476
360.07
-654321
360.34
358.969
356.952
352.356
350.564
344.916
342.494
340.003
336.133
362.672
365.194
361.886
363.732
359.92
354.553
347.472
341.585
336.232
361.05
-654321
355.53
358.866
354.34
350.621
345.399
342.968
340.145
335.804
331.444
360.104
365.982
363.758
365.316
354.816
351.361
352.465
347.574
335.151
359.583
-654321
356.563
350.929
349.698
346.699
343.827
337.881
336.48
331.596
328.994
357.573
361.878
363.756
360.252
359.527
360.038
355.517
357.421
345.618
357.027
-654321
351.351
349.75
346.955
342.82
337.734
336.941
332.723
328.634
324.818
358.443
361.061
365.616
367.278
363.513
355.488
363.624
359.893
351.095
354.798
-654321
350.27
347.553
342.889
339.255
336.207
332.355
328.58
325.128
321.421
354.206
358.418
362.191
361.752
357.559
359.327
362.453
361.375
358.135
351.126
-654321
348.026
344.329
339.478
336.57
332.552
328.454
325.101
321.41
317.363
349.22
357.732
354.144
358.196
360.6
361.926
361.418
362.797
357.469
348.994
-654321
343.773
338.932
337.042
332.213
328.478
324.949
321.211
317.503
313.336
346.218
349.059
351.04
355.465
359.698
362.15
361.872
364.499
367.83
346.424
-654321
340.537
336.191
332.737
329.189
324.445
321.432
317.701
313.484
309.348
347.05
351.584
347.294
356.879
357.546
363.719
362.855
364.178
360.702
342.315
-654321
333.955
331.664
328.938
324.715
321.362
317.502
314.01
309.622
305.261
343.658
347.243
349.141
351.283
355.625
357.217
364.082
363.245
363.685
340.115
-654321
333.088
328.778
325.709
321.281
317.264
313.885
309.614
305.286
301.624
338.542
343.469
347.895
349.862
351.877
352.656
358.933
359.757
362.185
335.593
-654321
328.132
325.029
320.966
317.096
313.665
309.651
305.671
302.076
297.513
334.715
337.488
344.624
347.356
351.587
355.334
355.538
360.667
360.834
332.775
-654321
325.36
321.278
317.102
313.524
309.316
305.631
301.374
297.421
293.54
332.283
337.058
340.85
341.432
347.983
351.197
354.844
351.007
360.439
328.58
-654321
321.614
317.105
313.313
309.235
305.345
301.745
298.008
293.536
289.719
328.432
333.431
336.35
340.536
343.862
346.814
350.035
352.026
355.377
324.885
-654321
317.271
313.872
309.45
305.481
301.997
297.753
293.577
289.974
285.454
325.404
328.977
332.387
336.725
340.561
341.618
346.728
346.31
353.71
321.346
-654321
313.519
309.79
305.213
301.837
297.422
293.123
289.907
285.767
281.593
292.348
324.881
328.065
331.05
336.632
341.124
343.773
347.322
348.673
316.549
-654321
309.804
305.594
301.826
297.42
293.559
289.51
285.73
281.617
278.027
316.645
321.152
324.572
329.716
332.155
336.541
340.779
343.845
346.534
312.871
-654321
305.484
301.434
297.467
293.874
289.985
285.509
281.046
277.696
273.655
313.912
317.315
320.662
325.46
328.255
332.862
337.018
340.156
342.129
309.98
-654321
301.767
297.543
293.71
289.334
285.534
281.19
277.98
273.359
269.736
309.545
313.174
317.797
320.806
325.349
328.684
332.545
336.885
339.451
305.785
-654321
297.774
293.675
289.009
285.815
282.322
278.075
273.411
269.85
265.715
305.128
309.269
313.453
317.551
320.899
325.06
328.979
332.964
334.642
301.656
-654321
293.682
289.857
285.618
282.081
277.414
273.85
269.252
265.968
260.864
301.115
305.443
309.084
313.728
317.19
321.506
325.816
328.067
332.576
297.731
-654321
289.937
284.977
281.289
277.822
272.597
269.875
266.003
261.343
257.104
296.867
301.443
305.442
309.051
312.86
316.914
321.899
324.97
328.571
292.842
-654321
284.859
281.277
278.139
274.051
269.291
266.207
260.751
257.761
252.746
293.396
298.454
301.15
305.964
309.911
313.654
317.525
320.413
324.58
289.673
-654321
281.496
270.605
273.923
269.76
265.295
261.642
257.309
253.96
249.054
289.575
293.012
297.667
301.19
305.361
309.668
313.371
317.328
321.144
286.083
-654321
277.695
273.993
269.996
264.599
262.001
257.673
253.461
248.718
245.104
284.886
289.627
293.206
297.192
301.694
306.167
309.753
313.637
305.329
281.73
-654321
273.318
269.2
265.862
260.85
257.676
253.885
250.546
246.477
241.438
281.576
274.6
275.869
293.532
298.392
301.342
305.678
309.732
313.477
277.542
-654321
269.442
266.519
262.664
257.437
254.254
249.037
245.168
241.913
277.474
281.401
285.577
289.823
293.66
296.824
301.5
305.938
309.355
273.741
-654321
265.886
261.603
257.462
253.146
249.039
245.505
241.546
274.332
277.41
282.4
285.399
289.704
293.509
297.935
282.025
305.539
269.129
-654321
262.716
257.851
252.981
249.353
245.855
241.731
269.848
273.805
277.792
282.469
285.834
277.436
293.115
296.562
301.156
266.14
-654321
256.947
253.25
249.165
245.099
241.533
266.285
268.456
274.516
277.57
282.066
288.065
289.764
277.889
297.586
261.84
-654321
257.586
250.228
254.685
242.726
260.551
266.075
270.245
273.499
276.927
282.851
285.763
288.96
293.582
258.144
-654321
250.027
244.725
242.155
258.29
261.015
265.06
268.811
274.669
278.44
282.097
285.12
289.274
252.855
-654321
245.216
241.904
253.705
257.531
262.64
264.885
269.192
273.593
270.008
282.211
286.17
250.01
-654321
240.862
249.672
253.552
257.794
262.587
265.385
269.799
272.693
277.824
281.286
254.543
-654321
245.37
250.154
253.481
257.169
261.167
267.337
269.949
273.781
277.725
252.394
-654321
