80.958
77.2597
73.2766
69.2832
65.2715
61.2536
57.2561
53.3213
49.2497
95.5705
-654321
77.7019
73.9625
69.9451
65.4062
61.7227
57.6192
53.4853
49.6434
45.8478
81.4325
80.9929
-654321
73.6867
69.5721
65.7631
61.7812
57.6041
53.7509
49.6759
45.8345
41.8767
80.5927
81.6972
77.6091
-654321
69.7312
65.6197
61.6079
57.4692
53.4266
49.5525
45.5897
41.4058
37.473
77.2523
80.9141
85.9371
73.4137
-654321
65.5885
61.6849
57.37
53.4164
49.4802
45.506
41.5788
37.401
33.7909
73.5548
76.9141
80.9731
86.5761
69.3759
-654321
61.375
57.627
53.5988
49.381
45.3534
41.2115
37.1332
33.3323
29.2892
69.4038
73.4718
77.1912
81.3203
81.3967
65.5109
-654321
57.6738
53.3297
49.4722
45.6237
41.0347
37.317
33.2862
29.8098
25.5344
65.3349
69.5206
73.4664
77.7644
80.4344
83.7824
61.3977
-654321
85.3932
49.518
44.9675
41.481
37.7594
33.2023
29.1733
25.7419
21.2445
61.2672
65.491
69.5911
73.6597
77.3717
81.4253
81.0082
57.4432
-654321
49.2006
73.2749
41.4595
37.548
33.7264
29.6606
25.3862
21.5408
17.1694
57.5878
61.6513
65.2385
69.4754
73.2903
77.3817
80.7892
81.2807
53.0432
-654321
45.6198
41.561
37.601
33.4619
29.5982
25.2325
21.5422
17.1407
13.6261
53.4624
57.2436
86.1484
65.6837
69.5183
73.2926
77.3078
80.8142
81.0412
49.466
-654321
41.5191
61.6262
33.2676
29.3578
25.4224
21.7368
17.3713
13.3208
9.65025
79.3252
85.451
57.6414
61.1097
65.6282
85.0887
73.352
77.55
80.8611
45.4467
-654321
37.7319
33.7959
29.4457
25.477
37.4646
17.6716
13.9517
9.51267
45.3112
49.6558
53.2178
57.5936
61.7347
65.9771
69.7491
73.6307
86.5063
41.4497
-654321
33.3572
29.4917
25.5875
21.2166
17.3425
13.7225
19.3851
41.6796
45.5649
49.7602
53.3397
57.4466
61.0523
65.3165
69.4916
73.3971
37.3644
-654321
29.187
25.2974
21.3567
17.3705
13.5212
9.21588
37.1931
41.4796
45.1996
49.6584
53.4913
57.4626
61.2504
65.208
69.7268
33.4984
-654321
25.1728
21.498
17.2296
13.9304
9.50371
33.0692
37.6526
41.2788
45.0925
49.1318
53.434
57.2036
61.8005
83.0405
29.5575
-654321
22.0531
17.046
13.6703
9.3025
29.0819
33.5378
37.9676
41.8207
45.491
49.3411
53.8816
57.4219
61.5101
25.2419
-654321
17.2125
13.5285
9.15567
25.6648
29.6963
33.731
37.9119
41.5983
45.1453
49.3137
53.4208
57.2814
21.8848
-654321
13.6489
9.09892
21.2102
25.3015
29.3259
33.7399
37.3122
41.2381
45.8585
49.5758
53.4021
17.4165
-654321
9.31158
17.2042
21.8411
26.2897
29.9409
33.2736
37.1535
67.4428
45.6193
49.4782
13.2542
-654321
13.6655
16.9948
21.2061
25.9448
29.1337
32.9989
37.2138
41.1574
45.758
9.76496
-654321
97.7034
98.165
93.9874
89.2466
83.1986
77.4422
71.4495
65.6319
60.0137
89.1247
-654321
98.9161
94.7634
89.6379
84.6933
78.4086
72.3043
66.6109
59.9902
54.5095
89.5818
98.0435
-654321
95.82
89.8169
84.0706
78.2787
72.0691
66.3629
60.4094
54.4961
48.3
98.1917
89.4257
97.5157
-654321
90.419
84.6714
78.5196
72.4592
66.7356
61.1388
54.4455
48.7761
42.6216
99.2673
100.343
89.7943
94.7437
-654321
84.7117
78.7743
72.4341
66.2118
60.1548
54.1459
48.5766
42.1494
36.1289
93.4494
99.3131
99.3797
90.2937
89.7951
-654321
78.8786
72.169
66.0027
60.4886
53.9385
48.7472
42.3473
36.1853
29.926
90.2641
94.6959
99.236
98.7182
90.318
83.8749
-654321
72.5455
66.1833
60.2735
54.8152
48.0223
42.3407
36.7205
30.0512
24.6367
84.3353
89.6244
95.0749
98.4643
97.6883
88.3706
77.753
-654321
66.3352
60.9725
53.5796
48.6359
42.3305
36.5185
29.8528
24.254
17.7926
78.3016
84.2233
89.524
95.2663
100.32
99.3447
88.7574
72.3434
-654321
60.0684
54.5728
48.3019
42.8228
36.527
30.2054
24.1519
18.6355
11.9976
72.2904
78.1355
84.3813
89.7091
96.0544
98.8532
97.0471
90.843
66.2979
-654321
53.6686
48.7428
42.2105
36.275
30.356
24.3291
18.2853
11.8532
6.43945
66.8698
72.2023
78.1096
84.1078
89.7104
95.3091
98.7896
98.4254
87.8786
60.3268
-654321
48.1246
41.7409
36.515
30.5467
24.3072
17.9337
12.1277
5.98728
0
60.8921
66.2383
72.4038
78.3291
84.4275
89.8994
94.7947
98.2509
96.7834
54.0414
-654321
42.8051
36.5384
30.8705
24.9478
18.4013
12.9586
6.54565
0.206507
54.2013
60.0469
66.5516
72.7505
78.2887
84.3926
90.1411
95.1371
99.3033
48.0537
-654321
36.8663
30.4146
25.2701
18.7186
12.6967
6.25036
0.258736
48.8625
54.2367
60.4145
66.5361
72.8328
78.7449
84.1375
90.0912
94.771
42.7084
-654321
30.1768
24.8532
17.7825
12.5106
6.24606
0.442966
42.6883
48.5313
53.804
60.0394
66.496
72.244
78.2389
84.3016
89.979
36.4189
-654321
24.3163
17.9547
12.4753
6.69041
0.251104
36.532
42.4848
47.935
53.7977
60.628
66.1882
72.058
77.9025
84.1607
29.7545
-654321
18.0122
12.2417
6.38708
0.0639038
30.251
36.4082
42.7037
48.8774
54.3919
60.4256
66.1514
72.2284
78.6588
23.7296
-654321
12.4362
5.93306
0.0553417
24.2805
30.566
36.5839
42.4635
48.5831
54.3985
59.8338
66.3738
72.3526
18.4473
-654321
5.77625
0.10075
19.0753
24.6627
31.0817
36.0024
42.9228
48.1513
54.1609
60.8452
66.4042
13.469
-654321
0.611462
11.9621
17.9131
25.0252
30.4133
36.7899
42.8461
48.389
53.8507
60.6048
7.04999
-654321
5.90578
11.9935
18.5702
23.902
29.8323
36.2957
42.0113
48.3676
54.2115
0.368992
-654321
102.809
116.562
116.491
115.437
113.589
106.852
102.934
95.7612
91.3434
89.1599
-654321
115.907
117.84
115.334
112.361
107.267
101.693
96.6658
90.9177
84.7154
89.778
106.007
-654321
109.253
114.986
112.912
106.504
101.931
96.6136
90.6211
84.7706
79.0379
103.871
89.3281
116.233
-654321
116.104
112.507
108.369
102.874
97.1683
91.1039
85.1939
79.2394
73.423
114.986
103.502
89.8114
117.888
-654321
113.513
107.3
102.984
96.6138
91.6891
85.198
79.1694
73.168
67.1904
119.048
111.61
105.643
90.1512
118.727
-654321
109.54
103.344
97.2419
91.2945
85.4076
79.3564
73.2536
67.0947
61.6907
115.152
118.059
113.774
103.517
90.1846
113.561
-654321
102.395
96.9082
91.4929
84.6986
79.521
73.3952
66.9823
61.3097
55.2747
112.344
114.521
117.398
113.48
103.65
91.9157
106.332
-654321
97.0235
90.5726
85.3714
78.7447
73.1447
67.3876
61.2047
55.4126
49.2039
108.16
113.102
116.251
118.318
114.646
103.048
88.609
102.557
-654321
90.8576
84.9363
78.7991
73.31
67.2667
61.325
55.8797
49.1086
43.3043
102.848
108.136
108.412
115.629
118.478
112.005
99.9817
90.1029
97.4695
-654321
85.5111
79.4485
73.2133
66.9122
61.025
55.4202
49.0497
43.5751
38.0796
97.1491
102.888
105.632
113.012
116.527
116.176
111.463
107.248
90.9438
90.7552
-654321
79.343
73.4088
67.2244
61.7991
54.9107
49.7287
43.0111
36.6293
31.0597
90.3338
97.3036
103.306
108.812
113.154
118.417
117.036
116.473
104.791
85.119
-654321
72.8289
67.1865
60.9031
55.0892
48.8864
42.9701
37.0208
30.8238
84.9428
90.966
96.5591
102.409
109.146
111.765
115.49
117.745
114.746
78.8175
-654321
67.4364
61.6361
55.1344
49.1645
43.641
37.8169
30.9426
78.8408
85.5159
90.8608
96.8581
101.103
108.735
110.772
116.1
116.192
73.4006
-654321
61.4807
54.9982
49.2357
43.3139
37.6568
31.0507
72.7563
79.5307
85.6309
90.9783
97.6065
103.121
109.826
111.999
117.523
67.5764
-654321
54.9205
49.183
43.2215
37.0314
31.0677
66.5191
72.3715
78.4084
84.57
90.1704
97.2212
102.904
109.064
112.975
61.4826
-654321
49.2024
43.7833
37.0073
31.9926
61.0817
67.4434
72.4886
78.7488
85.594
90.389
97.1501
102.385
106.318
55.1881
-654321
43.3658
37.3759
31.8777
54.9408
61.0152
67.217
72.9603
78.4614
84.6492
91.4691
96.9653
102.481
49.1042
-654321
37.3039
30.6592
49.62
54.8403
60.7094
67.2249
72.9063
79.7118
84.3931
91.3521
96.725
43.4105
-654321
30.9775
43.2755
48.6439
55.363
61.6888
67.3605
72.3257
79.4141
85.8738
91.1064
37.4212
-654321
37.4875
42.9069
48.241
55.5451
60.2661
66.9255
73.644
78.7665
84.9928
31.1625
-654321
105.626
117.769
131.665
135.51
134.167
129.607
130.666
123.169
119.652
88.5448
-654321
119.146
128.701
130.231
137.316
132.88
129.485
124.129
118.44
112.47
88.8784
105.002
-654321
129.359
132.58
129.877
131.864
128.008
122.985
119.322
113.674
106.895
105.267
89.5701
116.73
-654321
130.377
134.904
132.293
128.652
124.647
119.649
114.336
107.432
101.376
119.279
104.741
90.1727
127.161
-654321
133.526
131.755
129.544
123.576
116.441
113.691
107.823
101.528
96.2639
128.471
115.73
102.647
88.6391
134.49
-654321
131.771
129.518
124.257
118.327
112.037
107.578
102.092
95.3893
89.907
134.753
129.317
116.054
104.552
88.9489
134.588
-654321
128.19
125.408
119.02
112.937
108.054
101.644
95.8977
89.9058
84.07
134.619
134.587
126.309
115.737
105.003
89.7013
132.892
-654321
125.979
119.215
113.028
107.843
101.908
95.9785
89.8737
83.5783
78.4574
132.655
133.661
136.132
131.62
117.683
105.402
89.7141
129.711
-654321
118.824
113.819
107.498
101.45
95.4794
89.9965
84.5572
78.8581
72.0877
129.484
133.191
133.084
131.569
129.239
118.955
106.941
89.4384
125.947
-654321
113.94
108.166
102.327
96.3693
89.8495
84.2147
78.5343
71.789
65.6641
122.906
128.827
134.503
134.545
135.218
124.272
116.45
102.583
91.1639
119.696
-654321
107.415
101.785
95.2245
89.6291
84.0498
78.2374
71.8168
65.562
59.8152
119.048
124.736
128.415
132.903
136.511
131.02
124.746
120.765
109.93
112.181
-654321
101.595
95.6699
89.9963
83.3891
77.4286
71.2765
65.8712
59.9059
113.832
118.954
123.008
129.534
131.87
134.892
132.319
132.095
123.809
107.637
-654321
96.08
89.9584
83.7663
78.2271
72.0165
65.4045
60.1578
106.968
114.202
118.842
124.078
128.902
133.603
134.731
134.406
129.387
101.602
-654321
89.6988
83.9338
77.2929
72.1906
65.3318
60.1193
102.018
107.837
113.167
120.303
121.928
128.397
131.484
134.854
129.681
96.3862
-654321
84.8467
77.8338
72.2946
66.4269
59.7032
95.8491
102.264
107.238
114
119.718
126.464
128.212
134.27
134.566
89.4922
-654321
77.5406
71.3817
66.1307
59.82
89.8358
95.6083
101.927
105.956
113.516
116.187
124.054
128.534
130.476
84.2207
-654321
72.2586
66.2565
60.2111
84.3125
89.6969
96.1761
101.954
107.599
114.21
120.038
125.507
129.606
78.0488
-654321
65.8151
59.5062
77.7867
84.0269
90.0981
95.1896
101.204
107.627
111.226
117.93
124.472
71.8067
-654321
60.5607
72.3194
78.0644
84.3711
90.8089
95.2242
100.651
106.114
113.183
120.025
64.7716
-654321
64.9624
72.8636
78.9428
83.1154
90.3485
95.6616
102.407
107.484
113.516
60.1321
-654321
104.064
116.797
130.032
140.76
155.803
155.274
149.518
151.928
145.06
91.1453
-654321
117.659
133.106
140.395
150.925
153.2
153.492
146.218
147.849
143.556
89.8244
102.959
-654321
131.038
141.591
153.781
153.114
151.704
148.412
147.509
143.184
137.804
105.142
90.1196
117.808
-654321
139.054
150.53
156.823
153.252
151.194
147.218
142.925
136.799
131.901
118.521
100.132
89.4332
128.73
-654321
150.136
151.396
154.816
150.74
148.466
140.861
138.124
133.204
126.59
135.4
115.661
100.976
91.4369
148.972
-654321
153.276
152.748
147.305
148.308
145.008
138.614
133.22
127.529
122.24
138.565
133.588
114.307
104.283
90.9284
148.983
-654321
153.959
152.519
146.322
141.524
138.257
132.453
127.039
120.325
115.146
150.182
142.735
129.392
116.664
104.119
89.454
153.026
-654321
149.796
146.979
143.017
137.461
134.174
126.655
121.15
115.982
109.942
151.659
151.002
146.856
131.005
118.302
104.229
89.3633
153.494
-654321
145.943
143.987
136.332
133.403
128.086
121.776
114.853
110.062
104.291
154.028
151.697
145.494
142.265
138.788
113.709
104.629
89.0439
149.969
-654321
145.712
139.241
132.43
126.082
122.191
115.553
109.463
104.777
97.332
153.649
154.568
143.137
153.087
140.109
132.39
115.508
106.695
88.9141
147.495
-654321
136.432
132.186
127.69
121.87
115.124
110.293
104.427
98.0722
91.8783
145.738
152.739
155.09
154.23
150.111
146.119
137.448
120.357
104.847
141.969
-654321
133.693
127.101
121.992
115.895
110.639
104.69
98.5979
92.0043
143.463
150.498
150.107
152.139
154.397
152.329
146.672
132.442
119.87
140.458
-654321
127.918
122.447
115.782
109.325
103.615
98.5964
92.4147
138.832
142.34
145.27
153.063
152.403
149.431
148.441
143.879
137.515
132.824
-654321
122.047
116.67
109.771
104.754
99.0865
91.8278
133.863
136.886
142.373
146.415
149.093
153.229
159.976
150.696
143.498
126.927
-654321
115.925
110.453
103.367
97.9013
91.8478
126.616
133.913
137.675
144.625
145.663
151.96
153.814
150.78
147.386
122.326
-654321
111.049
102.416
97.6993
91.8121
122.508
127.749
131.253
137.511
145.509
150.106
149.548
154.516
152.517
114.659
-654321
103.736
98.3316
92.3451
115.059
120.869
128.555
134.13
136.5
143.847
148.882
151.418
152.278
110.89
-654321
98.0714
91.7661
109.013
115.411
122.512
126.923
133.051
138.082
144.79
148.446
150.306
104.333
-654321
92.1546
103.674
110.108
115.874
121.677
128.745
133.376
138.354
141.417
149.721
98.0874
-654321
98.048
104.485
109.644
116.391
121.115
127.645
131.984
135.903
142.552
91.906
-654321
102.918
117.396
131.681
142.789
154.597
168.065
165.107
172.49
168.047
90.1985
-654321
118.736
128.945
142.624
157.229
173.18
170.843
172.321
172.244
167.476
90.6375
103.653
-654321
132.412
142.307
145.605
163.891
163.684
170.557
164.005
165.003
164.192
102.904
90.2664
115.071
-654321
149.71
157.111
177.702
172.121
171.143
169.879
169.509
165.557
160.997
111.838
104.922
89.4537
130.555
-654321
151.953
173.256
166.197
169.324
164.738
171.25
163.358
157.885
151.625
130.904
114.792
104.405
89.9134
153.288
-654321
166.403
169.595
174.228
169.595
167.184
166.409
155.327
156.341
150.358
141.619
130.689
114.285
101.37
88.9076
152.795
-654321
171.547
170.404
171.615
166.828
159.497
159.901
153.98
149.771
145.411
155.557
136.074
131.503
117.669
105.204
89.4413
162.482
-654321
170.485
170.131
167.024
164.925
161.437
155.784
149.943
143.188
138.184
166.424
155.501
146.787
130.95
117.323
102.908
89.2371
167.469
-654321
170.242
165.996
165.161
160.473
156.308
150.501
143.884
137.766
132.993
169.095
164.166
161.975
143.689
130.214
116.269
103.146
89.6287
171.127
-654321
167.142
165.394
161.991
156.199
147.642
145.421
138.497
133.104
125.984
171.482
169.185
156.491
161.253
142.642
133.625
116.785
104.583
91.1979
166.953
-654321
162.617
159.967
156.715
147.418
144.625
139.526
132.488
127.977
121.721
167.858
173.987
164.344
177.393
157.341
144.911
131.594
119.154
105.127
166.086
-654321
160.656
154.707
149.785
142.493
139.131
133.057
127.631
121.347
166.701
167.697
172.569
171.628
173.793
155.133
146.955
133.302
118.583
161.227
-654321
154.883
150.173
143.186
139.206
132.466
126.869
121.139
166.426
161.386
169.962
168.694
171.115
167.761
157.718
147.395
132.226
160.394
-654321
148.71
143.585
136.614
134.14
127.666
120.947
158.497
164.981
167.946
170.6
168.769
169.235
165.69
157.906
141.876
156.155
-654321
144.435
137.846
133.473
127.301
121.165
153.172
156.695
162.038
166.46
168.334
169.809
172.931
157.176
163.995
149.126
-654321
138.942
131.829
127.409
120.989
149.44
154.847
158.517
162.786
167.233
172.379
167.595
165.334
157.957
144.441
-654321
132.971
127.457
120.942
140.423
147.675
155.788
161.487
163.7
159.794
170.225
170.353
170.824
139.346
-654321
128.627
120.875
138.734
144.35
150.217
153.106
157.243
162.671
164.741
173.424
173.696
132.224
-654321
120.85
132.575
138.264
144.718
150.743
154.533
159.398
162.294
165.603
170.205
126.06
-654321
126.695
131.934
138.556
145.231
147.123
155.385
160.775
163.043
166.758
121.012
-654321
105.538
113.262
133.038
152.437
165.669
175.35
189.845
186.65
190.431
89.8938
-654321
119.968
134.215
148.284
155.956
174.875
178.891
186.087
190.391
187.275
90.4692
103.826
-654321
129.386
145.488
165.565
168.001
174.552
170.378
177.633
186.608
184.246
105.931
89.4838
113.763
-654321
143.868
164.054
161.31
183.285
179.535
186.984
183.858
186.224
186.367
119.097
104.866
90.6787
136.841
-654321
161.421
165.1
184.776
175.647
190.677
188.014
188.504
182.938
184.253
138.939
113.727
104.41
91.5456
143.239
-654321
174.777
177.454
186.448
189.702
180.096
175.386
184.113
178.233
174.317
141.682
130.417
113.67
104.88
89.5112
154.859
-654321
181.179
184.161
181.084
171.775
184.131
181.925
180.348
172.808
167.178
164.858
138.273
128.272
120.212
101.529
89.4074
161.439
-654321
184.401
171.98
187.495
188.792
179.641
181.753
172.755
172.292
164.369
179.374
164.964
144.111
128.54
116.296
100.956
91.6572
180.681
-654321
184.981
186.979
182.857
185.976
181.503
173.446
170.503
166.13
160.473
186.07
175.961
160.735
144.917
135.766
115.383
102.329
89.5307
187.246
-654321
189.107
187.055
185.919
178.588
174.322
169.681
165.651
159.174
153.468
186.91
178.537
174.375
156.003
144.939
132.941
116.663
104.758
90.9078
190.431
-654321
182.376
178.688
181.14
176.137
170.894
167.27
159.517
154.234
148.929
188.722
183.935
180.636
175.676
158.336
148.329
130.974
115.297
103.563
189.302
-654321
185.142
179.741
178.199
172.481
163.499
161.583
155.262
149.516
187.867
181.179
184.709
183.569
175.455
156.628
146.086
134.337
118.574
185.613
-654321
181.507
170.423
171.53
165.435
162.063
155.522
150.345
182.117
182.475
186.719
171.022
183.673
166.668
158.705
152.456
124.526
187.145
-654321
176.475
169.668
163.735
161.27
155.774
149.964
176.776
190.193
187.327
187.216
187.995
180.531
183.018
164.611
147.306
184.867
-654321
171.059
163.651
161.398
154.327
148.838
182.816
184.302
189.823
190.055
191.04
186.119
186.945
161.741
162.477
175.639
-654321
162.228
159.465
154.532
149.562
175.076
177.906
177.856
189.512
178.124
193.731
178.98
187.171
160.545
170.26
-654321
159.554
151.391
149.904
170.841
175.686
181.986
182.461
192.924
186.837
186.006
186.201
177.575
166.035
-654321
155.12
145.787
166.316
171.5
172.074
176.502
183.008
185.83
189.487
187.204
183.502
160.867
-654321
149.651
160.735
164.794
165.722
166.737
176.873
179.808
189.013
185.029
187.846
155.376
-654321
153.802
159.959
165.738
169.952
174.057
181.073
180.493
186.835
183.514
149.311
-654321
102.795
114.766
136.993
148.755
156.69
182.37
191.626
202.745
210.468
90.4101
-654321
121.789
125.702
147.927
163.673
174.373
185.218
202.693
198.826
206.573
88.7604
102.92
-654321
133.352
143.796
162.33
166.32
192.741
197.66
200.785
204.64
188.381
109.614
87.6593
117.725
-654321
144.551
156.916
168.958
188.606
191.385
199.486
211.054
204.691
205.794
116.696
103.1
89.8155
134.977
-654321
174.773
171.798
193.216
196.117
204.271
192.242
208.292
196.308
206.889
135.162
115.162
102.385
88.9301
149.7
-654321
179.971
193.62
207.635
207.295
198.42
203.279
207.14
202.157
198.035
135.485
132.161
116.777
103.183
90.0893
160.479
-654321
192.345
193.001
207.825
206.194
208.858
206.882
202.186
197.414
192.907
166.268
147.445
128.446
121.655
102.014
90.1082
183.515
-654321
185.941
190.467
205.111
207.952
198.476
212.224
200.538
199.617
195.077
184.584
156.97
146.211
132.204
117.265
105.28
90.5965
178.412
-654321
198.065
207.803
198.2
205.153
198.83
200.995
198.118
192.596
187.965
186.823
178.635
160.932
149.73
127.344
113.695
99.9309
90.9135
196.225
-654321
207.511
206.682
203.693
202.99
203.789
192.691
198.738
187.344
184.852
189.084
178.486
177.927
159.689
145.974
129.924
115.401
105.703
89.9921
198.208
-654321
195.502
204.991
197.484
201.684
199.704
191.884
191.377
180.084
179.431
197.755
193.713
194.565
175.274
162.039
141.84
132.495
118.757
102.359
205.483
-654321
202.06
205.767
203.31
194.994
193.314
189.716
185.044
179.039
201.234
203.782
197.73
184.665
172.541
154.731
150.896
131.431
120.558
206.449
-654321
201.902
198.823
199.586
191.514
190.171
183.571
177.527
205.676
207.958
200.34
191.92
186.994
174.668
159.252
147.815
131.215
201.867
-654321
204.429
197.258
195.696
188.751
185.181
180.059
205.802
207.592
204.757
198.907
187.501
183.946
181.365
167.185
147.258
206.421
-654321
197.454
190.064
190.421
185.161
176.961
202.6
209.03
202.528
199.371
200.107
204.698
180.612
172.636
158.728
198.744
-654321
190.954
189.668
187.823
180.535
205.109
204.856
196.398
201.246
199.192
200.858
196.212
188.78
183.655
200.085
-654321
192.585
186.365
177.322
196.856
197.498
201.522
205
201.45
204.406
197.51
191.2
178.751
193.884
-654321
185.458
179.413
197.937
196.678
198.759
205.911
208.409
209.536
207.163
202.874
193.705
189.265
-654321
178.468
192.437
194.027
199.011
205.399
201.547
205.53
206.232
203.817
195.744
185.553
-654321
182.545
188.777
190.873
196.129
198.24
197.345
210.174
203.844
208.716
179.891
-654321
104.538
124.124
129.407
151.49
164.9
179.737
182.243
213.02
211.805
89.7161
-654321
116.317
126.614
149.067
163.868
176.909
178.663
198.576
200.247
221.495
89.2615
105.242
-654321
120.146
147.238
161.705
180.035
186.31
187.767
215.951
217.783
206.766
109.581
90.2792
122.208
-654321
141.92
165.541
172.553
181.911
204.853
205.048
212.116
225.948
225.334
116.034
104.393
90.3731
133.245
-654321
154.144
169.401
198.18
200.94
209.658
223.967
215.084
213.062
220.44
135.398
120.148
101.721
92.4832
144.776
-654321
171.518
197.304
215.936
203.13
225.031
230.34
228.941
221.558
216.774
146.209
131.889
119.043
103.034
89.7504
161.556
-654321
182.906
203.733
206.393
213.582
203.301
223.419
225.051
220.273
221.128
155.69
142.389
129.098
114.117
107.695
91.0142
169.794
-654321
205.117
210.378
207.021
224.848
214.642
227.56
220.49
221.137
219.634
170.999
156.601
139.866
131.652
121.087
104.841
88.7894
189.424
-654321
207.481
216.018
222.93
212.303
219.031
223.257
221.01
217.492
216.325
191.382
169.149
159.28
131.105
131.625
119.545
103.074
90.8726
201.457
-654321
221.919
217.403
221.391
225.048
218.775
223.306
220.92
212.314
208.21
197.959
186.331
168.467
160.512
143.256
128.554
118.019
103
90.2978
217.683
-654321
217.718
222.691
225.258
224.363
215.575
217.264
212.336
212.037
203.071
206.748
198.24
192.588
178.779
156.375
146.224
132.68
122.332
105.597
222.287
-654321
223.668
220.379
223.637
222.582
215.765
213.272
209.379
203.527
216.646
210.13
212.722
189.996
169.041
163.219
147.91
132.955
112.483
223.774
-654321
221.892
225.595
220.251
221.425
218.15
213.3
202.333
222.178
223.181
208.399
198.794
188.035
169.511
158.143
144.572
129.01
219.939
-654321
222.187
223.736
220.025
216.179
209.334
204.188
214.833
218.894
211.185
206.66
202.637
192.29
170.661
166.994
136.425
230.474
-654321
215.039
215.618
214.149
206.239
207.285
215.51
217.207
222.072
220.876
212.272
198.698
189.388
174.219
158.972
222.357
-654321
217.688
214.766
210.767
207.336
221.677
224.19
224.55
210.767
221.186
212.04
196.933
186.937
176.517
223.975
-654321
215.601
207.865
207.559
223.968
213.795
230.587
229.076
225.069
224.315
213.463
200.904
175.02
220.192
-654321
212.869
201.904
223.715
216.651
212.54
221.466
223.28
222.872
220.923
195.891
204.42
218.069
-654321
206.077
209.483
219.39
220.486
224.719
226.081
221.784
222.45
218.441
211.662
211.731
-654321
208.006
217.044
216.263
217.867
226.845
223.916
224.886
226.139
225.521
204.913
-654321
93.8621
102.979
112.049
121.849
125.392
140.794
149.783
154.296
166.733
84.3785
-654321
104.417
109.032
127.627
139.117
141.851
154.078
157.497
176.772
177.178
90.2056
94.2689
-654321
109.712
125.136
137.355
146.731
156.835
161.952
177.514
171.296
174.078
93.7889
84.4991
102.652
-654321
129.389
129.483
144.338
149.731
154.216
169.176
178.302
181.288
181.58
108.352
92.1315
84.6606
113.629
-654321
126.674
142.581
150.227
168.23
167.436
153.577
184.859
179.098
179.514
112.09
103.072
93.4851
85.5168
123.006
-654321
137.901
145.249
153.996
172.092
178.013
185.299
186.835
180.495
183.995
117.347
110.048
103.335
95.4957
85.094
130.769
-654321
154.263
164.319
170.679
170.7
181.491
180.065
182.762
182.95
183.332
130.083
123.994
106.189
101.685
92.7136
85.6782
144.396
-654321
155.558
166.561
170.326
173.409
180.323
181.29
184.589
183.024
184.47
155.774
131.679
124.537
110.862
104.888
95.1134
85.3952
153.633
-654321
166.547
182.379
179.088
174.552
185.88
183.95
184.415
183.44
179.824
147.625
141.224
128.564
125.261
116.399
102.488
95.2348
86.4194
157.58
-654321
176.89
170.648
177.896
184.872
185.025
184.394
182.8
180.867
177.948
157.976
151.596
145.622
134.172
123.867
113.341
104.835
94.918
84.5982
163.704
-654321
173.001
179.538
184.084
184.703
184.747
183.309
180.422
179.746
174.778
175.371
163.044
151.317
144.348
136.233
124.409
114.069
102.865
95.4192
171.601
-654321
190.013
179.592
186.69
179.526
179.703
180.277
178.951
178.38
169.413
151.063
161.971
152.176
142.458
139.885
122.308
116.391
103.071
173.411
-654321
181.295
180.411
181.315
181.832
179.103
178.282
177.773
178.335
173.187
163.725
157.013
138.804
149.384
134.658
120.723
111.116
178.742
-654321
183.295
178.878
183.047
175.251
180.292
178.195
182.445
177.631
169.031
178.194
157.48
148.902
140.505
130.458
126.189
179.73
-654321
183.405
182.057
180.15
176.061
176.182
181.805
182.193
176.582
170.074
168.485
165.236
151.986
141.127
130.278
178.19
-654321
182.337
180.9
179.256
173.523
185.905
183.316
179.218
175.058
171.154
169.253
161.007
146.194
142.896
180.293
-654321
182.622
178.991
176.596
183.718
180.415
178.333
177.784
183.084
175.512
166.624
161.374
147.231
182.391
-654321
181.962
172.785
179.319
184.842
184.41
176.362
175.378
181.76
171.971
165.238
166.222
179.842
-654321
174.71
177.456
180.959
183.014
182.789
184.75
182.202
207.022
169.801
166.429
179.453
-654321
176.252
184.633
185.116
186.305
180.877
185.017
190.546
176.09
176.698
175.15
-654321
