181.991
182.466
-654321
178.291
182.583
181.969
-654321
174.543
182.195
178.38
-654321
170.603
200.855
174.623
-654321
166.896
174.446
170.661
-654321
162.565
170.647
166.287
-654321
158.55
166.691
162.806
-654321
154.461
187.244
158.436
-654321
150.649
192.518
154.614
-654321
146.634
186.772
150.872
-654321
142.499
150.826
146.638
-654321
138.569
146.952
142.743
-654321
134.581
142.67
138.685
-654321
130.38
138.747
134.516
-654321
126.373
134.545
130.481
-654321
122.395
130.568
126.12
-654321
132.363
126.302
122.129
-654321
114.698
123.297
118.872
-654321
110.526
119.195
142.499
-654321
107.425
114.572
109.521
-654321
103.179
110.398
138.52
-654321
134.894
106.548
102.69
-654321
94.4478
103.061
135.02
-654321
130.259
133.854
132.401
-654321
85.3299
131.382
129.178
-654321
81.3331
89.6954
85.9246
-654321
123.403
128.602
126.37
-654321
120.898
125.888
122.323
-654321
119.159
123.592
121.344
-654321
118.385
72.9741
121.516
-654321
117.053
120.252
121.322
-654321
114.427
118.095
114.901
-654321
57.4859
116.702
115.582
-654321
111.129
118.193
115.301
-654321
109.269
114.172
111.298
-654321
106.259
110.615
110.169
-654321
101.682
108.423
103.94
-654321
98.9584
104.157
101.007
-654321
97.0509
101.484
99.0461
-654321
176.947
99.1385
176.947
-654321
176.947
176.947
176.947
-654321
176.947
176.947
176.947
-654321
176.947
176.947
176.947
-654321
176.947
176.947
176.947
-654321
176.947
176.947
176.947
-654321
90.731
176.947
176.947
-654321
84.9541
91.9994
85.8409
-654321
79.9975
85.902
0
-654321
82.1504
82.0733
80.5261
-654321
83.0343
81.8207
-654321
200.027
189.711
-654321
200.507
190.866
199.393
-654321
196.339
199.523
200.352
-654321
191.221
200.34
196.961
-654321
185.294
196.172
191.175
-654321
179.577
191.076
185.346
-654321
173.268
185.176
179.314
-654321
167.327
179.265
173.553
-654321
161.435
173.483
167.391
-654321
155.203
167.474
161.474
-654321
149.449
161.607
155.454
-654321
143.408
155.535
149.175
-654321
137.579
149.324
143.362
-654321
131.788
143.115
144.626
-654321
124.946
137.063
130.856
-654321
118.741
130.809
124.914
-654321
112.52
125.335
119.895
-654321
107.539
119.457
112.877
-654321
101.534
112.999
107.428
-654321
127.361
106.738
100.871
-654321
112.344
102.006
128.495
-654321
109.741
117.243
112.516
-654321
105.328
89.5954
109.621
-654321
143.124
82.9564
79.8352
-654321
107.719
115.125
141.267
-654321
138.304
140.794
139.313
-654321
98.5159
66.2423
137.16
-654321
84.6605
93.524
136.879
-654321
129.416
135.24
94.3757
-654321
124.703
135.012
134.635
-654321
127.884
176.947
176.947
-654321
127.232
75.082
126.912
-654321
123.346
126.261
122.422
-654321
60.6411
125.965
121.327
-654321
116.871
65.6008
121.446
-654321
115.79
176.947
176.947
-654321
114.739
176.947
176.947
-654321
113.716
176.947
176.947
-654321
112.72
120.996
117.89
-654321
176.947
116.808
113.751
-654321
176.947
176.947
176.947
-654321
176.947
176.947
176.947
-654321
176.947
176.947
176.947
-654321
176.947
176.947
176.947
-654321
101.608
176.947
103.754
-654321
96.2609
103.957
27.9534
-654321
92.4368
97.7902
94.8705
-654321
88.7027
94.2012
176.947
-654321
176.947
176.947
176.947
-654321
176.947
176.947
-654321
206.143
190.786
-654321
216.732
187.91
204.718
-654321
219.129
204.949
214.856
-654321
218.621
214.901
219.087
-654321
214.487
218.916
218.768
-654321
209.163
218.624
214.243
-654321
203.635
212.886
209.064
-654321
197.867
208.545
203.339
-654321
191.501
203.596
197.458
-654321
186.02
197.952
191.814
-654321
180.344
191.668
185.777
-654321
173.737
185.726
179.316
-654321
167.217
179.891
174.162
-654321
161.682
174.059
167.898
-654321
155.044
167.453
161.728
-654321
150.248
161.765
155.746
-654321
144.233
155.356
151.201
-654321
138.113
150.498
148.041
-654321
141.041
143.787
144.833
-654321
125.669
137.824
132.133
-654321
131.653
132.636
127.176
-654321
115.345
135.681
132.205
-654321
124.078
119.743
127.171
-654321
151.688
128.451
124.152
-654321
117.757
124.983
132.309
-654321
147.337
152.179
151.272
-654321
121.116
130.135
114.362
-654321
115.519
115.59
107.861
-654321
140.984
146.204
143.225
-654321
138.495
116.602
105.47
-654321
135.873
140.172
97.7431
-654321
131.558
137.862
137.648
-654321
128.44
139.474
138.716
-654321
128.699
176.947
176.947
-654321
130.56
131.862
77.0509
-654321
128.86
132.071
130.25
-654321
129.343
127.278
87.039
-654321
176.947
128.368
176.947
-654321
176.947
176.947
176.947
-654321
176.947
176.947
176.947
-654321
176.947
176.947
176.947
-654321
176.947
176.947
176.947
-654321
176.947
176.947
176.947
-654321
112.86
176.947
176.947
-654321
109.685
113.646
57.5571
-654321
176.947
111.307
104.44
-654321
103.862
105.558
107.046
-654321
106.716
106.475
176.947
-654321
176.947
107.474
176.947
-654321
176.947
176.947
-654321
201.067
189.323
-654321
221.132
192.966
198.648
-654321
226.712
202.541
214.855
-654321
235.522
218.525
227.527
-654321
236.407
230.638
236.314
-654321
234.651
234.865
236.963
-654321
229.515
235.892
234.242
-654321
224.849
233.774
231.053
-654321
220.17
229.737
224.803
-654321
213.97
224.368
218.69
-654321
208.539
218.929
213.529
-654321
203.275
213.007
208.645
-654321
196.824
209.075
201.431
-654321
189.794
202.327
196.594
-654321
184.687
196.536
190.193
-654321
178.517
190.191
183.662
-654321
172.412
184.942
178.018
-654321
165.713
179.372
168.099
-654321
158.952
172.343
168.091
-654321
155.408
164.718
160.06
-654321
152.358
159.222
154.972
-654321
142.992
155.668
148.74
-654321
144.485
151.274
144.035
-654321
140.411
140.697
144.252
-654321
159.317
144.611
141.17
-654321
133.411
159.383
159.609
-654321
129.05
158.544
140.184
-654321
106.927
155.207
154.531
-654321
152.519
154.289
123.065
-654321
149.829
154.502
134.143
-654321
176.947
154.513
151.166
-654321
176.947
176.947
176.947
-654321
145.838
176.947
176.947
-654321
142.496
112.218
139.25
-654321
139.165
140.541
176.947
-654321
140.513
139.846
176.947
-654321
133.192
66.4812
141.87
-654321
137.19
135.54
134.504
-654321
132.496
132.541
133.842
-654321
176.947
133.165
176.947
-654321
176.947
176.947
176.947
-654321
176.947
176.947
176.947
-654321
176.947
176.947
176.947
-654321
176.947
176.947
176.947
-654321
117.192
176.947
176.947
-654321
117.829
176.947
118.504
-654321
118.518
176.947
176.947
-654321
110.541
120.513
121.236
-654321
112.496
46.8738
112.544
-654321
115.178
176.947
-654321
207.722
190.183
-654321
204.05
191.576
209.106
-654321
231.157
201.832
225.053
-654321
240.579
215.947
241.131
-654321
255.291
227.533
243.05
-654321
255.67
241.292
253.206
-654321
255.252
252.8
253.762
-654321
251.272
253.19
254.945
-654321
248.474
255.096
253.336
-654321
243.012
253.056
246.62
-654321
237.302
249.038
243.436
-654321
232.288
244.429
236.19
-654321
228.385
239.926
234.103
-654321
222.497
231.725
227.474
-654321
217.256
225.228
222.924
-654321
211.039
221.923
217.238
-654321
205.068
216.25
192.252
-654321
199.029
210.083
203.325
-654321
180.157
204.272
199.307
-654321
186.26
184.676
180.665
-654321
172.986
180.81
187.16
-654321
176.073
177.833
184.089
-654321
177.932
173.863
168.709
-654321
159.446
174.976
166.469
-654321
156.725
162.009
161.389
-654321
153.68
161.759
157.915
-654321
162.857
168.966
167.034
-654321
162.691
169.463
164.914
-654321
156.552
165.607
176.947
-654321
158.686
163.374
159.991
-654321
160.156
151.385
176.947
-654321
154.681
164.947
159.81
-654321
151.298
159.46
158.854
-654321
154.156
176.947
121.526
-654321
132.947
154.764
176.947
-654321
176.947
154.161
147.299
-654321
176.947
176.947
176.947
-654321
144.068
176.947
176.947
-654321
140.681
111.064
176.947
-654321
176.947
143.388
139.298
-654321
176.947
176.947
176.947
-654321
176.947
176.947
176.947
-654321
176.947
176.947
176.947
-654321
176.947
176.947
176.947
-654321
136.344
176.947
136.947
-654321
176.947
135.551
176.947
-654321
176.947
132.156
128.764
-654321
119.921
127.374
123.299
-654321
64.4581
124.681
124.068
-654321
125.46
176.947
-654321
206.354
191.307
-654321
215.312
187.662
201.277
-654321
241.928
203.431
211.106
-654321
233.715
220.86
240.897
-654321
255.27
238.591
249.204
-654321
267.898
239.461
251.712
-654321
272.145
257.407
268.95
-654321
273.687
266.328
272.102
-654321
272.612
272.857
269.413
-654321
267.965
270.455
268.095
-654321
262.725
268.909
269.228
-654321
258.508
267.868
266.841
-654321
253.011
264.772
259.919
-654321
234.566
261.694
257.01
-654321
244.546
252.491
246.336
-654321
238.57
243.769
245.596
-654321
208.256
244.701
238.841
-654321
203.985
239.051
233.224
-654321
200.119
234.034
223.783
-654321
195.499
204.336
222.138
-654321
191.907
200.36
196.519
-654321
204.629
195.061
209.198
-654321
183.962
192.146
188.043
-654321
181.204
204.053
185.355
-654321
190.333
197.121
192.428
-654321
180.597
182.167
180.52
-654321
180.87
179.827
172.427
-654321
171.041
173.454
175.824
-654321
172.521
174.43
176.947
-654321
168.435
173.131
174.975
-654321
167.819
171.827
176.947
-654321
160.249
171.214
163.646
-654321
176.947
176.947
176.947
-654321
176.947
176.947
176.947
-654321
176.947
176.947
176.947
-654321
155.739
176.947
176.947
-654321
156.519
176.947
176.947
-654321
157.286
145.598
176.947
-654321
149.041
160.659
176.947
-654321
176.947
152.435
116.947
-654321
150.597
151.827
176.947
-654321
176.947
151.214
176.947
-654321
176.947
176.947
176.947
-654321
143.906
176.947
176.947
-654321
108.904
144.521
145.973
-654321
136.435
142.173
137.739
-654321
131.646
142.597
135.041
-654321
128.249
176.947
176.947
-654321
176.947
176.947
176.947
-654321
176.947
176.947
-654321
196.364
190.462
-654321
210.227
186.103
203.063
-654321
233.658
209.381
220.761
-654321
250.795
216.032
230.919
-654321
259.724
232.294
244.465
-654321
271.816
245.866
265.178
-654321
278.956
261.147
277.718
-654321
286.817
265.298
282.995
-654321
289.467
282.507
290.978
-654321
287.343
287.989
286.057
-654321
286.067
289.294
291.821
-654321
282.651
287.123
286.374
-654321
279.643
284.447
283.995
-654321
272.107
282.079
282.98
-654321
273.183
279.34
270.555
-654321
267.606
278.742
272.985
-654321
227.209
272.589
266.819
-654321
223.476
267.668
261.346
-654321
219.064
262.7
222.7
-654321
239.479
223.068
220.332
-654321
211.665
247.09
215.537
-654321
207.559
246.619
198.157
-654321
203.317
213.46
221.379
-654321
199.264
195.275
205.52
-654321
195.396
205.525
201.129
-654321
191.954
185.973
188.714
-654321
200.603
200.38
187.399
-654321
187.059
193.284
188.703
-654321
184.048
188.703
199.69
-654321
177.081
176.947
180.039
-654321
182.001
180.723
176.947
-654321
181.284
176.947
176.947
-654321
176.947
176.947
176.947
-654321
176.947
176.947
176.947
-654321
176.947
176.947
176.947
-654321
169.391
176.947
176.947
-654321
165.718
170.066
170.701
-654321
164.353
167.064
176.947
-654321
147.68
176.947
176.947
-654321
153.973
176.947
176.947
-654321
176.947
176.947
176.947
-654321
176.947
176.947
176.947
-654321
176.947
176.947
176.947
-654321
153.391
176.947
176.947
-654321
149.023
154.066
149.717
-654321
141.973
149.719
132.338
-654321
149.354
149.399
176.947
-654321
176.947
148.73
148.048
-654321
176.947
176.947
176.947
-654321
176.947
176.947
-654321
199.102
186.171
-654321
213.981
190.357
198.482
-654321
230.722
206.321
224.749
-654321
246.879
218.057
233.026
-654321
260.955
227.283
251.698
-654321
277.55
241.319
263.532
-654321
279.689
266.727
277.933
-654321
293.544
275.869
292.895
-654321
306.958
283.549
293.448
-654321
304.299
302.38
304.769
-654321
308.319
301.38
306.919
-654321
307.249
306.829
301.611
-654321
305.557
306.954
302.828
-654321
303.814
306.825
303.969
-654321
298.73
305.149
303.351
-654321
297.45
308.103
293.563
-654321
292.912
299.871
295.868
-654321
241.742
248.897
247.912
-654321
238.684
246.464
286.612
-654321
274.91
282.508
239.991
-654321
222.949
260.249
236.081
-654321
229.103
262.644
230.683
-654321
258.474
232.608
227.698
-654321
221.328
230.102
260.872
-654321
196.55
203.992
220.104
-654321
192.645
234.388
194.645
-654321
197.799
201.35
195.802
-654321
228.559
226.864
176.947
-654321
192.249
196.264
192.098
-654321
176.947
196.32
176.947
-654321
176.947
176.947
176.947
-654321
176.947
176.947
176.947
-654321
180.552
176.947
176.947
-654321
184.617
192.005
184.686
-654321
176.947
187.769
176.947
-654321
176.947
176.947
176.947
-654321
176.947
176.947
172.645
-654321
176.617
173.92
176.947
-654321
173.967
175.311
175.095
-654321
173.196
173.232
171.758
-654321
172.899
174.033
173.769
-654321
176.947
172.617
174.005
-654321
176.947
169.443
176.947
-654321
165.196
166.249
176.947
-654321
160.849
163.035
164.033
-654321
157.645
159.802
156.552
-654321
153.179
176.947
132.118
-654321
176.947
153.92
176.947
-654321
176.947
176.947
176.947
-654321
176.947
176.947
-654321
208.409
187.671
-654321
223.99
189.42
201.131
-654321
240.445
198.903
213.254
-654321
239.856
214.099
233.23
-654321
255.857
237.943
240.813
-654321
271.586
245.645
268.496
-654321
293.037
265.915
271.218
-654321
303.825
269.436
293.254
-654321
314.691
293.299
302.971
-654321
316.075
305.271
307.054
-654321
325.867
310.162
320.47
-654321
323.3
319.694
324.744
-654321
324.897
320.275
324.937
-654321
323.281
319.113
323.996
-654321
323.407
327.471
319.354
-654321
317.571
325.533
320.269
-654321
308.729
328.633
319.912
-654321
258.773
323.655
318.452
-654321
256.654
262.866
315.232
-654321
255.073
291.902
258.034
-654321
298.857
277.62
303.109
-654321
247.627
281.353
216.679
-654321
287.811
252.346
284.208
-654321
252.342
249.968
289.087
-654321
210.318
288.453
280.46
-654321
208.671
212.514
211.156
-654321
176.947
209.624
208.17
-654321
199.455
206.144
176.947
-654321
196.337
202.818
176.947
-654321
176.947
201.618
176.947
-654321
226.876
200.663
199.175
-654321
197.395
201.819
176.947
-654321
176.947
197.954
176.947
-654321
176.947
176.947
176.947
-654321
176.947
176.947
176.947
-654321
176.947
176.947
176.947
-654321
176.947
176.947
176.947
-654321
187.024
176.947
202.285
-654321
176.947
188.477
187.914
-654321
176.947
183.175
179.615
-654321
178.571
176.337
181.1
-654321
178.722
178.591
177.106
-654321
168.337
179.124
184.128
-654321
170.663
171.455
176.947
-654321
176.947
172.115
173.193
-654321
176.947
176.947
176.947
-654321
176.947
176.947
176.947
-654321
176.947
176.947
176.947
-654321
176.947
176.947
176.947
-654321
176.947
176.947
-654321
194.326
186.777
-654321
209.37
185.594
192.782
-654321
211.408
194.848
202.982
-654321
220.648
202.854
217.723
-654321
233.348
216.182
222.656
-654321
240.351
221.061
237.248
-654321
257.556
233.562
243.613
-654321
263.155
241.917
255.32
-654321
271.042
246.186
262.718
-654321
269.747
257.57
310.075
-654321
278.969
267.085
279.604
-654321
281.064
275.958
278.044
-654321
286.219
281.997
283.711
-654321
283.396
281.389
283.361
-654321
301.597
281.805
284.583
-654321
299.076
284.794
300.132
-654321
281.795
284.167
281.934
-654321
280.278
300.08
282.178
-654321
276.276
282.657
279.424
-654321
270.905
281.515
275.013
-654321
273.608
279.302
271.277
-654321
269.435
277.676
273.869
-654321
266.259
264.333
227.061
-654321
263.585
270.428
266.298
-654321
222.473
225.456
226.014
-654321
222.683
223.671
219.673
-654321
220.324
223.394
222.912
-654321
216.311
221.589
220.019
-654321
214.383
217.721
215.564
-654321
210.399
215.342
213.127
-654321
204.005
212.214
176.947
-654321
176.947
206.399
228.593
-654321
176.947
176.947
176.947
-654321
176.947
176.947
176.947
-654321
176.947
176.947
176.947
-654321
176.947
176.947
176.947
-654321
176.947
176.947
176.947
-654321
193.708
176.947
200.737
-654321
194.551
196.133
198.62
-654321
193.398
198.946
176.947
-654321
190.204
196.829
193.687
-654321
188.049
192.78
190.088
-654321
185.455
192.026
190.455
-654321
182.766
192.046
180.363
-654321
179.558
184.967
179.438
-654321
176.947
181.028
178.93
-654321
176.947
176.947
176.947
-654321
176.947
176.947
176.947
-654321
176.947
176.947
176.947
-654321
176.947
176.947
-654321
