0.952136 1
0.0478645 11
-123456
0.959105 2
0.0408951 12
-123456
0.964697 3
0.0353031 13
-123456
0.954717 4
0.045283 14
-123456
0.944858 5
0.0551416 15
-123456
0.962575 6
0.0374251 16
-123456
0.94958 7
0.0504202 17
-123456
0.951373 8
0.0486275 18
-123456
0.957173 9
0.0428266 19
-123456
0.96177 0
0.0380155 10
0.000214777 40
-123456
-654321
0.967822 2
0.0321782 12
-123456
0.968825 3
0.0311751 13
-123456
0.965174 4
0.0348259 14
-123456
0.94469 5
0.0553097 15
-123456
0.962175 6
0.0378251 16
-123456
0.95664 7
0.0433604 17
-123456
0.962877 8
0.037123 18
-123456
0.976744 9
0.0232558 19
-123456
0.95856 0
0.0414402 10
-123456
0.978571 1
0.0214286 11
-123456
-654321
0.972973 3
0.027027 13
-123456
0.982843 4
0.0171569 14
-123456
0.954106 5
0.0458937 15
-123456
0.964377 6
0.0356234 16
-123456
0.95297 7
0.0470297 17
-123456
0.969048 8
0.0309524 18
-123456
0.971496 9
0.0285036 19
-123456
0.97284 1
0.0271605 11
-123456
0.961039 0
0.0382775 10
0.000683527 50
-123456
0.964953 2
0.0350467 12
-123456
-654321
0.951899 4
0.0481013 14
-123456
0.956012 5
0.0439883 15
-123456
0.963415 6
0.0341463 16
0.00243902 46
-123456
0.949275 7
0.0507246 17
-123456
0.945596 8
0.0518135 18
0.00259067 48
-123456
0.972286 9
0.0254042 19
0.00230947 49
-123456
0.956522 2
0.0434783 12
-123456
0.968571 1
0.0314286 11
-123456
0.958828 0
0.0411724 10
-123456
0.960114 3
0.039886 13
-123456
-654321
0.976501 5
0.0234987 15
-123456
0.957286 6
0.0427136 16
-123456
0.94964 7
0.0503597 17
-123456
0.958549 8
0.0414508 18
-123456
0.964467 9
0.035533 19
-123456
0.965347 3
0.0346535 13
-123456
0.927681 2
0.0698254 12
0.00249377 42
-123456
0.932961 1
0.0670391 11
-123456
0.956652 0
0.0426009 10
0.000747384 50
-123456
0.957179 4
0.0428212 14
-123456
-654321
0.948276 6
0.0517241 16
-123456
0.945813 7
0.0541872 17
-123456
0.966921 8
0.0330789 18
-123456
0.958564 9
0.0414365 19
-123456
0.983957 4
0.0160428 14
-123456
0.966234 3
0.0337662 13
-123456
0.95 2
0.05 12
-123456
0.947494 1
0.052506 11
-123456
0.955189 0
0.0448113 10
-123456
0.947103 5
0.0528967 15
-123456
-654321
0.965147 7
0.0348525 17
-123456
0.95466 8
0.0453401 18
-123456
0.957071 9
0.0429293 19
-123456
0.954301 5
0.0456989 15
-123456
0.951219 4
0.0487805 14
-123456
0.973366 3
0.0266344 13
-123456
0.958998 2
0.0410023 12
-123456
0.951219 1
0.0487805 11
-123456
0.958636 0
0.0413643 10
-123456
0.965054 6
0.0349462 16
-123456
-654321
0.946565 8
0.0534351 18
-123456
0.955399 9
0.0446009 19
-123456
0.952038 6
0.0479616 16
-123456
0.949704 5
0.0502959 15
-123456
0.958225 4
0.0417755 14
-123456
0.957784 3
0.0422164 13
-123456
0.953545 2
0.0464548 12
-123456
0.965517 1
0.0344828 11
-123456
0.961187 0
0.0388128 10
-123456
0.960591 7
0.0394089 17
-123456
-654321
0.967172 9
0.0328283 19
-123456
0.962567 7
0.0374332 17
-123456
0.962366 6
0.0376344 16
-123456
0.961853 5
0.0381471 15
-123456
0.95962 4
0.04038 14
-123456
0.945813 3
0.0541872 13
-123456
0.940104 2
0.0598958 12
-123456
0.955263 1
0.0447368 11
-123456
0.960426 0
0.0395738 10
-123456
0.958656 8
0.0413437 18
-123456
-654321
0.946588 8
0.0534125 18
-123456
0.969048 7
0.0309524 17
-123456
0.968059 6
0.031941 16
-123456
0.97549 5
0.0245098 15
-123456
0.965699 4
0.0343008 14
-123456
0.942065 3
0.0579345 13
-123456
0.942529 2
0.0574713 12
-123456
0.952494 1
0.0475059 11
-123456
0.961726 0
0.0368824 10
0.00139179 50
-123456
0.961637 9
0.0383632 19
-123456
-654321
0.0712366 1
0.83871 11
0.0900538 21
-123456
0.0717489 2
0.847534 12
0.0807175 22
-123456
0.0653266 3
0.844221 13
0.0904523 23
-123456
0.046729 4
0.85514 14
0.0981308 24
-123456
0.0813397 5
0.875598 15
0.0430622 25
-123456
0.0714286 6
0.847619 16
0.0809524 26
-123456
0.0732984 7
0.874346 17
0.052356 27
-123456
0.0516432 8
0.873239 18
0.0751174 28
-123456
0.0704225 9
0.859155 19
0.0704225 29
-123456
0.0686695 0
0.866953 10
0.0643777 20
-123456
-654321
0.113235 2
0.777941 12
0.108824 22
-123456
0.110778 3
0.814371 13
0.0748503 23
-123456
0.105405 4
0.789189 14
0.105405 24
-123456
0.0901639 5
0.795082 15
0.114754 25
-123456
0.101648 6
0.796703 16
0.101648 26
-123456
0.118694 7
0.795252 17
0.0860534 27
-123456
0.0952381 8
0.795518 18
0.109244 28
-123456
0.112329 9
0.767123 19
0.120548 29
-123456
0.102941 0
0.794118 10
0.102941 20
-123456
0.108579 1
0.785523 11
0.105898 21
-123456
-654321
0.141538 3
0.744615 13
0.113846 23
-123456
0.0920635 4
0.809524 14
0.0984127 24
-123456
0.112948 5
0.787879 15
0.0991736 25
-123456
0.0816327 6
0.798834 16
0.119534 26
-123456
0.0893855 7
0.796089 17
0.114525 27
-123456
0.121212 8
0.80303 18
0.0757576 28
-123456
0.105422 9
0.774096 19
0.120482 29
-123456
0.0936819 1
0.793028 11
0.11329 21
-123456
0.0981013 0
0.813291 10
0.0886076 20
-123456
0.0936585 2
0.770732 12
0.13561 22
-123456
-654321
0.0738916 4
0.832512 14
0.0935961 24
-123456
0.0478469 5
0.842105 15
0.110048 25
-123456
0.0821256 6
0.864734 16
0.0531401 26
-123456
0.0772947 7
0.830918 17
0.0917874 27
-123456
0.086758 8
0.808219 18
0.105023 28
-123456
0.0792079 9
0.876238 19
0.0445545 29
-123456
0.0746269 2
0.839891 12
0.0854817 22
-123456
0.0985222 1
0.817734 11
0.0837438 21
-123456
0.0654206 0
0.85514 10
0.0794393 20
-123456
0.0663717 3
0.858407 13
0.0752212 23
-123456
-654321
0.0920245 5
0.834356 15
0.0736196 25
-123456
0.0625 6
0.86875 16
0.06875 26
-123456
0.0848485 7
0.806061 17
0.109091 27
-123456
0.0942408 8
0.811518 18
0.0942408 28
-123456
0.0904255 9
0.851064 19
0.0585106 29
-123456
0.0729167 3
0.822917 13
0.104167 23
-123456
0.0995763 2
0.790254 12
0.110169 22
-123456
0.0880503 1
0.830189 11
0.081761 21
-123456
0.104575 0
0.843137 10
0.0522876 20
-123456
0.128834 4
0.785276 14
0.0858896 24
-123456
-654321
0.103448 6
0.827586 16
0.0689655 26
-123456
0.0989011 7
0.802198 17
0.0989011 27
-123456
0.0903955 8
0.80791 18
0.101695 28
-123456
0.133758 9
0.78344 19
0.0828025 29
-123456
0.118343 4
0.781065 14
0.100592 24
-123456
0.0650888 3
0.857988 13
0.0769231 23
-123456
0.0941781 2
0.815068 12
0.0907534 22
-123456
0.127778 1
0.8 11
0.0722222 21
-123456
0.0891089 0
0.846535 10
0.0643564 20
-123456
0.0827586 5
0.793103 15
0.124138 25
-123456
-654321
0.0614525 7
0.821229 17
0.117318 27
-123456
0.0797546 8
0.803681 18
0.116564 28
-123456
0.107345 9
0.80791 19
0.0847458 29
-123456
0.0965909 5
0.835227 15
0.0681818 25
-123456
0.158824 4
0.776471 14
0.0647059 24
-123456
0.0914286 3
0.805714 13
0.102857 23
-123456
0.122549 2
0.808824 12
0.0686275 22
-123456
0.100173 1
0.811744 11
0.0880829 21
-123456
0.153409 0
0.744318 10
0.102273 20
-123456
0.0740741 6
0.845679 16
0.0802469 26
-123456
-654321
0.108571 8
0.851429 18
0.04 28
-123456
0.0567376 9
0.815603 19
0.12766 29
-123456
0.0652174 6
0.836957 16
0.0978261 26
-123456
0.125749 5
0.790419 15
0.0838323 25
-123456
0.100529 4
0.814815 14
0.0846561 24
-123456
0.115 3
0.815 13
0.07 23
-123456
0.101744 2
0.80814 12
0.0901163 22
-123456
0.106796 1
0.825243 11
0.0679612 21
-123456
0.110553 0
0.758794 10
0.130653 20
-123456
0.0958084 7
0.802395 17
0.101796 27
-123456
-654321
0.0909091 9
0.795455 19
0.113636 29
-123456
0.103627 7
0.823834 17
0.0725389 27
-123456
0.0941176 6
0.817647 16
0.0882353 26
-123456
0.104396 5
0.802198 15
0.0934066 25
-123456
0.0945946 4
0.783784 14
0.121622 24
-123456
0.0813397 3
0.803828 13
0.114833 23
-123456
0.076555 2
0.837321 12
0.0861244 22
-123456
0.104587 1
0.790826 11
0.104587 21
-123456
0.0994475 0
0.79558 10
0.104972 20
-123456
0.0867347 8
0.806122 18
0.107143 28
-123456
-654321
0.129213 8
0.814607 18
0.0561798 28
-123456
0.111111 7
0.824561 17
0.0643275 27
-123456
0.0872483 6
0.805369 16
0.107383 26
-123456
0.0958084 5
0.814371 15
0.0898204 25
-123456
0.103226 4
0.825806 14
0.0709677 24
-123456
0.106383 3
0.792553 13
0.101064 23
-123456
0.121951 2
0.77439 12
0.103659 22
-123456
0.0921053 1
0.784539 11
0.123355 21
-123456
0.0789474 0
0.796053 10
0.125 20
-123456
0.14375 9
0.7625 19
0.09375 29
-123456
-654321
0.120253 11
0.791139 21
0.0886076 31
-123456
0.0869565 12
0.813665 22
0.0993789 32
-123456
0.131661 13
0.77116 23
0.0971787 33
-123456
0.0906149 14
0.79288 24
0.116505 34
-123456
0.118421 15
0.776316 25
0.105263 35
-123456
0.0757576 16
0.765152 26
0.159091 36
-123456
0.176923 17
0.738462 27
0.0846154 37
-123456
0.109589 18
0.705479 28
0.184932 38
-123456
0.124031 19
0.705426 29
0.170543 39
-123456
0.135338 10
0.744361 20
0.120301 30
-123456
-654321
0.0857143 12
0.857143 22
0.0571429 32
-123456
0.102609 13
0.784348 23
0.113043 33
-123456
0.06875 14
0.80625 24
0.125 34
-123456
0.0806452 15
0.83871 25
0.0806452 35
-123456
0.107143 16
0.765306 26
0.127551 36
-123456
0.0636943 17
0.808917 27
0.127389 37
-123456
0.0666667 18
0.833333 28
0.1 38
-123456
0.0653595 19
0.79085 29
0.143791 39
-123456
0.0957447 10
0.797872 20
0.106383 30
-123456
0.0628931 11
0.823899 21
0.113208 31
-123456
-654321
0.1 13
0.796552 23
0.103448 33
-123456
0.0660377 14
0.839623 24
0.0943396 34
-123456
0.0694444 15
0.861111 25
0.0694444 35
-123456
0.107143 16
0.815476 26
0.077381 36
-123456
0.0546448 17
0.825137 27
0.120219 37
-123456
0.0849673 18
0.836601 28
0.0784314 38
-123456
0.0903614 19
0.837349 29
0.0722892 39
-123456
0.0571429 11
0.805714 21
0.137143 31
-123456
0.0809249 10
0.815029 20
0.104046 30
-123456
0.0837989 12
0.849162 22
0.0670391 32
-123456
-654321
0.133903 14
0.737892 24
0.128205 34
-123456
0.0932203 15
0.765537 25
0.141243 35
-123456
0.144703 16
0.715762 26
0.139535 36
-123456
0.130303 17
0.775758 27
0.0939394 37
-123456
0.134831 18
0.75 28
0.115169 38
-123456
0.165714 19
0.7 29
0.134286 39
-123456
0.125326 12
0.749347 22
0.125326 32
-123456
0.113636 11
0.758523 21
0.127841 31
-123456
0.173669 10
0.697479 20
0.128852 30
-123456
0.128025 13
0.746292 23
0.125683 33
-123456
-654321
0.0677966 15
0.779661 25
0.152542 35
-123456
0.120536 16
0.790179 26
0.0892857 36
-123456
0.119469 17
0.765487 27
0.115044 37
-123456
0.103139 18
0.802691 28
0.0941704 38
-123456
0.129032 19
0.760369 29
0.110599 39
-123456
0.120924 13
0.77038 23
0.108696 33
-123456
0.140704 12
0.763819 22
0.0954774 32
-123456
0.0752212 11
0.809735 21
0.115044 31
-123456
0.115578 10
0.788945 20
0.0954774 30
-123456
0.134058 14
0.782609 24
0.0833333 34
-123456
-654321
0.109756 16
0.817073 26
0.0731707 36
-123456
0.103226 17
0.8 27
0.0967742 37
-123456
0.11413 18
0.782609 28
0.103261 38
-123456
0.0960452 19
0.779661 29
0.124294 39
-123456
0.0976431 14
0.794613 24
0.107744 34
-123456
0.0951374 13
0.79704 23
0.107822 33
-123456
0.151163 12
0.715116 22
0.133721 32
-123456
0.108108 11
0.797297 21
0.0945946 31
-123456
0.107345 10
0.80791 20
0.0847458 30
-123456
0.0918919 15
0.783784 25
0.124324 35
-123456
-654321
0.16 17
0.766667 27
0.0733333 37
-123456
0.0958904 18
0.780822 28
0.123288 38
-123456
0.111111 19
0.751634 29
0.137255 39
-123456
0.0985916 15
0.816901 25
0.084507 35
-123456
0.115385 14
0.783654 24
0.100962 34
-123456
0.125561 13
0.753363 23
0.121076 33
-123456
0.135135 12
0.75 22
0.114865 32
-123456
0.141844 11
0.744681 21
0.113475 31
-123456
0.101796 10
0.802395 20
0.0958084 30
-123456
0.129252 16
0.734694 26
0.136054 36
-123456
-654321
0.130719 18
0.75817 28
0.111111 38
-123456
0.123188 19
0.775362 29
0.101449 39
-123456
0.0854701 16
0.74359 26
0.17094 36
-123456
0.0758621 15
0.841379 25
0.0827586 35
-123456
0.120083 14
0.784679 24
0.0952381 34
-123456
0.146667 13
0.76 23
0.0933333 33
-123456
0.10303 12
0.781818 22
0.115152 32
-123456
0.111111 11
0.791667 21
0.0972222 31
-123456
0.108696 10
0.753623 20
0.137681 30
-123456
0.12963 17
0.746914 27
0.123457 37
-123456
-654321
0.114754 19
0.770492 29
0.114754 39
-123456
0.0946746 17
0.775148 27
0.130178 37
-123456
0.122699 16
0.760736 26
0.116564 36
-123456
0.0909091 15
0.825758 25
0.0833333 35
-123456
0.11875 14
0.76875 24
0.1125 34
-123456
0.144086 13
0.744086 23
0.111828 33
-123456
0.0930233 12
0.821705 22
0.0852713 32
-123456
0.0892857 11
0.815476 21
0.0952381 31
-123456
0.107143 10
0.771429 20
0.121429 30
-123456
0.113333 18
0.78 28
0.106667 38
-123456
-654321
0.138158 18
0.763158 28
0.0986842 38
-123456
0.111111 17
0.792593 27
0.0962963 37
-123456
0.115942 16
0.768116 26
0.115942 36
-123456
0.134752 15
0.77305 25
0.0921986 35
-123456
0.0944206 14
0.811159 24
0.0944206 34
-123456
0.130573 13
0.738854 23
0.130573 33
-123456
0.0875576 12
0.760369 22
0.152074 32
-123456
0.114865 11
0.777027 21
0.108108 31
-123456
0.0762712 10
0.79661 20
0.127119 30
-123456
0.106383 19
0.822695 29
0.070922 39
-123456
-654321
0.165217 21
0.704348 31
0.130435 41
-123456
0.132231 22
0.768595 32
0.0991736 42
-123456
0.126866 23
0.716418 33
0.156716 43
-123456
0.135802 24
0.725309 34
0.138889 44
-123456
0.108696 25
0.775362 35
0.115942 45
-123456
0.128571 26
0.714286 36
0.157143 46
-123456
0.108911 27
0.752475 37
0.138614 47
-123456
0.140625 28
0.75 38
0.109375 48
-123456
0.147826 29
0.773913 39
0.0782609 49
-123456
0.0514706 20
0.830882 30
0.117647 40
-123456
-654321
0.132353 22
0.75 32
0.117647 42
-123456
0.119205 23
0.761589 33
0.119205 43
-123456
0.153846 24
0.730769 34
0.115385 44
-123456
0.140845 25
0.725352 35
0.133803 45
-123456
0.0923077 26
0.761538 36
0.146154 46
-123456
0.124138 27
0.717241 37
0.158621 47
-123456
0.145985 28
0.773723 38
0.080292 48
-123456
0.135593 29
0.728814 39
0.135593 49
-123456
0.132653 20
0.755102 30
0.112245 40
-123456
0.178571 21
0.705357 31
0.116071 41
-123456
-654321
0.075 23
0.825 33
0.1 43
-123456
0.138272 24
0.725926 34
0.135802 44
-123456
0.12931 25
0.75 35
0.12069 45
-123456
0.124378 26
0.761194 36
0.114428 46
-123456
0.0655738 27
0.770492 37
0.163934 47
-123456
0.116667 28
0.766667 38
0.116667 48
-123456
0.107914 29
0.748201 39
0.143885 49
-123456
0.13913 21
0.686957 31
0.173913 41
-123456
0.115646 20
0.741497 30
0.142857 40
-123456
0.16129 22
0.709677 32
0.129032 42
-123456
-654321
0.104651 24
0.831395 34
0.0639535 44
-123456
0.0919118 25
0.816176 35
0.0919118 45
-123456
0.0842105 26
0.805263 36
0.110526 46
-123456
0.0705882 27
0.823529 37
0.105882 47
-123456
0.0734463 28
0.813559 38
0.112994 48
-123456
0.11875 29
0.775 39
0.10625 49
-123456
0.116667 22
0.711111 32
0.172222 42
-123456
0.117347 21
0.770408 31
0.112245 41
-123456
0.104938 20
0.808642 30
0.0864198 40
-123456
0.0978261 23
0.788043 33
0.11413 43
-123456
-654321
0.166667 25
0.693939 35
0.139394 45
-123456
0.159011 26
0.681979 36
0.159011 46
-123456
0.150794 27
0.722222 37
0.126984 47
-123456
0.153488 28
0.669767 38
0.176744 48
-123456
0.175732 29
0.669456 39
0.154812 49
-123456
0.169421 23
0.702479 33
0.128099 43
-123456
0.156627 22
0.686747 32
0.156627 42
-123456
0.138889 21
0.734127 31
0.126984 41
-123456
0.1375 20
0.6875 30
0.175 40
-123456
0.14654 24
0.698779 34
0.154681 44
-123456
-654321
0.148459 26
0.708683 36
0.142857 46
-123456
0.135802 27
0.728395 37
0.135802 47
-123456
0.144796 28
0.773756 38
0.081448 48
-123456
0.154185 29
0.696035 39
0.14978 49
-123456
0.132302 24
0.728522 34
0.139175 44
-123456
0.156398 23
0.748815 33
0.0947867 43
-123456
0.117188 22
0.78125 32
0.101562 42
-123456
0.144068 21
0.733051 31
0.122881 41
-123456
0.131707 20
0.707317 30
0.160976 40
-123456
0.138539 25
0.730479 35
0.130982 45
-123456
-654321
0.150602 27
0.73494 37
0.114458 47
-123456
0.105882 28
0.782353 38
0.111765 48
-123456
0.121387 29
0.797688 39
0.0809249 49
-123456
0.135659 25
0.755814 35
0.108527 45
-123456
0.125333 24
0.770667 34
0.104 44
-123456
0.103306 23
0.77686 33
0.119835 43
-123456
0.128049 22
0.756098 32
0.115854 42
-123456
0.0848485 21
0.8 31
0.115152 41
-123456
0.115942 20
0.792271 30
0.0917874 40
-123456
0.0901288 26
0.832618 36
0.0772532 46
-123456
-654321
0.125786 28
0.742138 38
0.132075 48
-123456
0.0763359 29
0.816794 39
0.10687 49
-123456
0.133005 26
0.763547 36
0.103448 46
-123456
0.118863 25
0.749354 35
0.131783 45
-123456
0.0884354 24
0.795918 34
0.115646 44
-123456
0.141732 23
0.716535 33
0.141732 43
-123456
0.16 22
0.68 32
0.16 42
-123456
0.0638298 21
0.836879 31
0.0992908 41
-123456
0.15 20
0.735714 30
0.114286 40
-123456
0.0967742 27
0.767742 37
0.135484 47
-123456
-654321
0.121429 29
0.778571 39
0.1 49
-123456
0.147651 27
0.704698 37
0.147651 47
-123456
0.145038 26
0.740458 36
0.114504 46
-123456
0.163121 25
0.677305 35
0.159574 45
-123456
0.0900474 24
0.777251 34
0.132701 44
-123456
0.077381 23
0.779762 33
0.142857 43
-123456
0.183333 22
0.725 32
0.0916667 42
-123456
0.0714286 21
0.785714 31
0.142857 41
-123456
0.150376 20
0.729323 30
0.120301 40
-123456
0.120968 28
0.782258 38
0.0967742 48
-123456
-654321
0.0884956 28
0.734513 38
0.176991 48
-123456
0.106061 27
0.780303 37
0.113636 47
-123456
0.155039 26
0.682171 36
0.162791 46
-123456
0.105263 25
0.781377 35
0.11336 45
-123456
0.134615 24
0.775641 34
0.0897436 44
-123456
0.116438 23
0.712329 33
0.171233 43
-123456
0.106557 22
0.737705 32
0.155738 42
-123456
0.139535 21
0.744186 31
0.116279 41
-123456
0.0977444 20
0.781955 30
0.120301 40
-123456
0.1 29
0.742857 39
0.157143 49
-123456
-654321
0.111888 31
0.769231 41
0.118881 51
-123456
0.186047 32
0.682171 42
0.131783 52
-123456
0.136752 33
0.692308 43
0.17094 53
-123456
0.160305 34
0.717557 44
0.122137 54
-123456
0.113333 35
0.786667 45
0.1 55
-123456
0.130058 36
0.754335 46
0.115607 56
-123456
0.122137 37
0.748092 47
0.129771 57
-123456
0.0970874 38
0.771845 48
0.131068 58
-123456
0.15 39
0.725 49
0.125 59
-123456
0.133858 30
0.771654 40
0.0944882 50
-123456
-654321
0.104 32
0.776 42
0.12 52
-123456
0.206612 33
0.652893 43
0.140496 53
-123456
0.133333 34
0.7 44
0.166667 54
-123456
0.0970149 35
0.738806 45
0.164179 55
-123456
0.143251 36
0.707989 46
0.14876 56
-123456
0.109453 37
0.711443 47
0.179104 57
-123456
0.0852713 38
0.821705 48
0.0930233 58
-123456
0.11194 39
0.723881 49
0.164179 59
-123456
0.137931 30
0.689655 40
0.172414 50
-123456
0.103704 31
0.740741 41
0.155556 51
-123456
-654321
0.115108 33
0.784173 43
0.100719 53
-123456
0.165468 34
0.748201 44
0.0863309 54
-123456
0.140909 35
0.727273 45
0.131818 55
-123456
0.1125 36
0.74375 46
0.14375 56
-123456
0.0918033 37
0.806557 47
0.101639 57
-123456
0.132231 38
0.768595 48
0.0991736 58
-123456
0.173077 39
0.682692 49
0.144231 59
-123456
0.0683761 31
0.769231 41
0.162393 51
-123456
0.109375 30
0.796875 40
0.09375 50
-123456
0.169811 32
0.707547 42
0.122642 52
-123456
-654321
0.0857143 34
0.757143 44
0.157143 54
-123456
0.165775 35
0.73262 45
0.101604 55
-123456
0.115942 36
0.753623 46
0.130435 56
-123456
0.132 37
0.756 47
0.112 57
-123456
0.0909091 38
0.783217 48
0.125874 58
-123456
0.144928 39
0.731884 49
0.123188 59
-123456
0.154412 32
0.75 42
0.0955882 52
-123456
0.109489 31
0.737226 41
0.153285 51
-123456
0.0826446 30
0.826446 40
0.0909091 50
-123456
0.153846 33
0.692308 43
0.153846 53
-123456
-654321
0.105528 35
0.78392 45
0.110553 55
-123456
0.113924 36
0.774684 46
0.111392 56
-123456
0.142857 37
0.741935 47
0.115207 57
-123456
0.0684932 38
0.849315 48
0.0821918 58
-123456
0.0915033 39
0.810458 49
0.0980392 59
-123456
0.10119 33
0.75 43
0.14881 53
-123456
0.106918 32
0.773585 42
0.119497 52
-123456
0.122302 31
0.76259 41
0.115108 51
-123456
0.080292 30
0.854015 40
0.0656934 50
-123456
0.10303 34
0.763636 44
0.133333 54
-123456
-654321
0.11453 36
0.767521 46
0.117949 56
-123456
0.117949 37
0.764103 47
0.117949 57
-123456
0.139037 38
0.663102 48
0.197861 58
-123456
0.142857 39
0.709184 49
0.147959 59
-123456
0.123077 34
0.779487 44
0.0974359 54
-123456
0.170854 33
0.668342 43
0.160804 53
-123456
0.148515 32
0.737624 42
0.113861 52
-123456
0.132979 31
0.728723 41
0.138298 51
-123456
0.118557 30
0.752577 40
0.128866 50
-123456
0.108434 35
0.767068 45
0.124498 55
-123456
-654321
0.109533 37
0.726166 47
0.1643 57
-123456
0.16 38
0.735385 48
0.104615 58
-123456
0.162162 39
0.702703 49
0.135135 59
-123456
0.114887 35
0.711974 45
0.173139 55
-123456
0.132353 34
0.75 44
0.117647 54
-123456
0.108209 33
0.75 43
0.141791 53
-123456
0.159817 32
0.694064 42
0.146119 52
-123456
0.144578 31
0.706827 41
0.148594 51
-123456
0.113074 30
0.742049 40
0.144876 50
-123456
0.142857 36
0.718487 46
0.138655 56
-123456
-654321
0.14554 38
0.732394 48
0.122066 58
-123456
0.136842 39
0.731579 49
0.131579 59
-123456
0.150977 36
0.749556 46
0.0994671 56
-123456
0.142857 35
0.736607 45
0.120536 55
-123456
0.166667 34
0.75 44
0.0833333 54
-123456
0.137615 33
0.747706 43
0.114679 53
-123456
0.152632 32
0.7 42
0.147368 52
-123456
0.13089 31
0.722513 41
0.146597 51
-123456
0.161616 30
0.69697 40
0.141414 50
-123456
0.119355 37
0.774194 47
0.106452 57
-123456
-654321
0.102857 39
0.782857 49
0.114286 59
-123456
0.163842 37
0.694915 47
0.141243 57
-123456
0.10828 36
0.762208 46
0.129512 56
-123456
0.150685 35
0.726027 45
0.123288 55
-123456
0.151316 34
0.736842 44
0.111842 54
-123456
0.130952 33
0.767857 43
0.10119 53
-123456
0.164286 32
0.728571 42
0.107143 52
-123456
0.213836 31
0.691824 41
0.0943396 51
-123456
0.0855263 30
0.802632 40
0.111842 50
-123456
0.0969697 38
0.757576 48
0.145455 58
-123456
-654321
0.101695 38
0.734463 48
0.163842 58
-123456
0.114173 37
0.783465 47
0.102362 57
-123456
0.0969388 36
0.836735 46
0.0663265 56
-123456
0.0984252 35
0.783465 45
0.11811 55
-123456
0.115044 34
0.787611 44
0.0973451 54
-123456
0.112676 33
0.802817 43
0.084507 53
-123456
0.148387 32
0.683871 42
0.167742 52
-123456
0.0810811 31
0.817568 41
0.101351 51
-123456
0.136752 30
0.74359 40
0.119658 50
-123456
0.133858 39
0.732283 49
0.133858 59
-123456
-654321
0.157895 41
0.754386 51
0.0877193 61
-123456
0.15625 42
0.6875 52
0.15625 62
-123456
0.148148 43
0.659259 53
0.192593 63
-123456
0.169355 44
0.669355 54
0.16129 64
-123456
0.123077 45
0.8 55
0.0769231 65
-123456
0.140625 46
0.734375 56
0.125 66
-123456
0.122699 47
0.711656 57
0.165644 67
-123456
0.189274 48
0.681388 58
0.129338 68
-123456
0.112903 49
0.782258 59
0.104839 69
-123456
0.0956522 40
0.695652 50
0.208696 60
-123456
-654321
0.101695 42
0.737288 52
0.161017 62
-123456
0.163793 43
0.732759 53
0.103448 63
-123456
0.151261 44
0.747899 54
0.10084 64
-123456
0.173913 45
0.666667 55
0.15942 65
-123456
0.148148 46
0.768519 56
0.0833333 66
-123456
0.111821 47
0.750799 57
0.13738 67
-123456
0.127072 48
0.723757 58
0.149171 68
-123456
0.127517 49
0.718121 59
0.154362 69
-123456
0.139535 40
0.682171 50
0.178295 60
-123456
0.135593 41
0.745763 51
0.118644 61
-123456
-654321
0.131387 43
0.722628 53
0.145985 63
-123456
0.141509 44
0.726415 54
0.132075 64
-123456
0.120301 45
0.736842 55
0.142857 65
-123456
0.108527 46
0.75969 56
0.131783 66
-123456
0.12069 47
0.775862 57
0.103448 67
-123456
0.133588 48
0.763359 58
0.103053 68
-123456
0.134146 49
0.723577 59
0.142276 69
-123456
0.184615 41
0.723077 51
0.0923077 61
-123456
0.0737705 40
0.770492 50
0.155738 60
-123456
0.159292 42
0.725664 52
0.115044 62
-123456
-654321
0.168142 44
0.672566 54
0.159292 64
-123456
0.102362 45
0.740157 55
0.15748 65
-123456
0.0977444 46
0.759399 56
0.142857 66
-123456
0.132075 47
0.695418 57
0.172507 67
-123456
0.130435 48
0.730435 58
0.13913 68
-123456
0.115385 49
0.774725 59
0.10989 69
-123456
0.0852713 42
0.751938 52
0.162791 62
-123456
0.133333 41
0.733333 51
0.133333 61
-123456
0.0877193 40
0.736842 50
0.175439 60
-123456
0.126984 43
0.722222 53
0.150794 63
-123456
-654321
0.103448 45
0.801724 55
0.0948276 65
-123456
0.157895 46
0.733083 56
0.109023 66
-123456
0.133333 47
0.738462 57
0.128205 67
-123456
0.15 48
0.672222 58
0.177778 68
-123456
0.123188 49
0.710145 59
0.166667 69
-123456
0.158333 43
0.691667 53
0.15 63
-123456
0.175 42
0.683333 52
0.141667 62
-123456
0.127273 41
0.690909 51
0.181818 61
-123456
0.153846 40
0.682692 50
0.163462 60
-123456
0.108333 44
0.775 54
0.116667 64
-123456
-654321
0.103896 46
0.744589 56
0.151515 66
-123456
0.140426 47
0.753191 57
0.106383 67
-123456
0.135338 48
0.789474 58
0.075188 68
-123456
0.121324 49
0.75 59
0.128676 69
-123456
0.147826 44
0.756522 54
0.0956522 64
-123456
0.157143 43
0.742857 53
0.1 63
-123456
0.153846 42
0.709402 52
0.136752 62
-123456
0.112782 41
0.75188 51
0.135338 61
-123456
0.0977444 40
0.759399 50
0.142857 60
-123456
0.104839 45
0.774194 55
0.120968 65
-123456
-654321
0.11588 47
0.7897 57
0.0944206 67
-123456
0.13245 48
0.748344 58
0.119205 68
-123456
0.117284 49
0.759259 59
0.123457 69
-123456
0.140449 45
0.735955 55
0.123596 65
-123456
0.103261 44
0.771739 54
0.125 64
-123456
0.139665 43
0.748603 53
0.111732 63
-123456
0.137255 42
0.712418 52
0.150327 62
-123456
0.100671 41
0.791946 51
0.107383 61
-123456
0.171779 40
0.687117 50
0.141104 60
-123456
0.118343 46
0.745562 56
0.136095 66
-123456
-654321
0.159817 48
0.739726 58
0.100457 68
-123456
0.138848 49
0.700148 59
0.161004 69
-123456
0.158249 46
0.717172 56
0.124579 66
-123456
0.12 45
0.764444 55
0.115556 65
-123456
0.140845 44
0.680751 54
0.178404 64
-123456
0.134615 43
0.6875 53
0.177885 63
-123456
0.137255 42
0.70098 52
0.161765 62
-123456
0.111111 41
0.707071 51
0.181818 61
-123456
0.148148 40
0.708333 50
0.143519 60
-123456
0.165138 47
0.669725 57
0.165138 67
-123456
-654321
0.126016 49
0.711382 59
0.162602 69
-123456
0.112392 47
0.752161 57
0.135447 67
-123456
0.173913 46
0.695652 56
0.130435 66
-123456
0.2 45
0.628571 55
0.171429 65
-123456
0.166667 44
0.716667 54
0.116667 64
-123456
0.147783 43
0.73399 53
0.118227 63
-123456
0.135678 42
0.683417 52
0.180905 62
-123456
0.185629 41
0.658683 51
0.155689 61
-123456
0.145833 40
0.739583 50
0.114583 60
-123456
0.135734 48
0.684211 58
0.180055 68
-123456
-654321
0.125581 48
0.753488 58
0.12093 68
-123456
0.139437 47
0.733803 57
0.126761 67
-123456
0.116822 46
0.771028 56
0.11215 66
-123456
0.184211 45
0.705263 55
0.110526 65
-123456
0.165899 44
0.718894 54
0.115207 64
-123456
0.119617 43
0.736842 53
0.143541 63
-123456
0.128713 42
0.777228 52
0.0940594 62
-123456
0.0863636 41
0.768182 51
0.145455 61
-123456
0.133333 40
0.773333 50
0.0933333 60
-123456
0.137097 49
0.754032 59
0.108871 69
-123456
-654321
0.152174 51
0.702899 61
0.144928 71
-123456
0.189394 52
0.704545 62
0.106061 72
-123456
0.142857 53
0.738095 63
0.119048 73
-123456
0.114035 54
0.807018 64
0.0789474 74
-123456
0.0782609 55
0.791304 65
0.130435 75
-123456
0.106195 56
0.769912 66
0.123894 76
-123456
0.115108 57
0.776978 67
0.107914 77
-123456
0.151515 58
0.704545 68
0.143939 78
-123456
0.0990991 59
0.725225 69
0.175676 79
-123456
0.107438 50
0.752066 60
0.140496 70
-123456
-654321
0.13986 52
0.685315 62
0.174825 72
-123456
0.0917431 53
0.706422 63
0.201835 73
-123456
0.0866667 54
0.793333 64
0.12 74
-123456
0.112782 55
0.804511 65
0.0827068 75
-123456
0.131034 56
0.710345 66
0.158621 76
-123456
0.175573 57
0.748092 67
0.0763359 77
-123456
0.125 58
0.757353 68
0.117647 78
-123456
0.144357 59
0.716535 69
0.139108 79
-123456
0.145299 50
0.700855 60
0.153846 70
-123456
0.185484 51
0.669355 61
0.145161 71
-123456
-654321
0.0762712 53
0.779661 63
0.144068 73
-123456
0.128571 54
0.757143 64
0.114286 74
-123456
0.126984 55
0.722222 65
0.150794 75
-123456
0.191667 56
0.708333 66
0.1 76
-123456
0.128 57
0.696 67
0.176 77
-123456
0.150685 58
0.726027 68
0.123288 78
-123456
0.151139 59
0.716356 69
0.132505 79
-123456
0.08 51
0.768 61
0.152 71
-123456
0.0813008 50
0.747967 60
0.170732 70
-123456
0.14094 52
0.718121 62
0.14094 72
-123456
-654321
0.0984849 54
0.757576 64
0.143939 74
-123456
0.104839 55
0.782258 65
0.112903 75
-123456
0.123967 56
0.785124 66
0.0909091 76
-123456
0.0887097 57
0.790323 67
0.120968 77
-123456
0.122137 58
0.763359 68
0.114504 78
-123456
0.130901 59
0.776824 69
0.0922747 79
-123456
0.0625 52
0.784722 62
0.152778 72
-123456
0.110092 51
0.825688 61
0.0642202 71
-123456
0.135338 50
0.75188 60
0.112782 70
-123456
0.131783 53
0.728682 63
0.139535 73
-123456
-654321
0.186916 55
0.738318 65
0.0747664 75
-123456
0.166667 56
0.75 66
0.0833333 76
-123456
0.174242 57
0.712121 67
0.113636 77
-123456
0.153846 58
0.733728 68
0.112426 78
-123456
0.122494 59
0.730512 69
0.146993 79
-123456
0.134752 53
0.695035 63
0.170213 73
-123456
0.194444 52
0.701389 62
0.104167 72
-123456
0.121429 51
0.707143 61
0.171429 71
-123456
0.0983607 50
0.663934 60
0.237705 70
-123456
0.145833 54
0.729167 64
0.125 74
-123456
-654321
0.103448 56
0.786207 66
0.110345 76
-123456
0.116883 57
0.785714 67
0.0974026 77
-123456
0.128049 58
0.72561 68
0.146341 78
-123456
0.137536 59
0.750716 69
0.111748 79
-123456
0.122137 54
0.732824 64
0.145038 74
-123456
0.0916667 53
0.783333 63
0.125 73
-123456
0.123967 52
0.752066 62
0.123967 72
-123456
0.107438 51
0.793388 61
0.0991736 71
-123456
0.108527 50
0.744186 60
0.147287 70
-123456
0.146552 55
0.724138 65
0.12931 75
-123456
-654321
0.127389 57
0.796178 67
0.0764331 77
-123456
0.10084 58
0.781513 68
0.117647 78
-123456
0.12761 59
0.74478 69
0.12761 79
-123456
0.0894309 55
0.756098 65
0.154472 75
-123456
0.112782 54
0.759399 64
0.12782 74
-123456
0.148148 53
0.755556 63
0.0962963 73
-123456
0.140741 52
0.8 62
0.0592593 72
-123456
0.0694444 51
0.708333 61
0.222222 71
-123456
0.137931 50
0.724138 60
0.137931 70
-123456
0.144654 56
0.761006 66
0.0943396 76
-123456
-654321
0.106977 58
0.804651 68
0.0883721 78
-123456
0.131356 59
0.773305 69
0.095339 79
-123456
0.0681818 56
0.795455 66
0.136364 76
-123456
0.0844156 55
0.805195 65
0.11039 75
-123456
0.14094 54
0.744966 64
0.114094 74
-123456
0.0945946 53
0.810811 63
0.0945946 73
-123456
0.146667 52
0.746667 62
0.106667 72
-123456
0.115108 51
0.791367 61
0.0935252 71
-123456
0.0873016 50
0.801587 60
0.111111 70
-123456
0.115385 57
0.74359 67
0.141026 77
-123456
-654321
0.151007 59
0.721476 69
0.127517 79
-123456
0.142077 57
0.743169 67
0.114754 77
-123456
0.122699 56
0.736196 66
0.141104 76
-123456
0.147651 55
0.744966 65
0.107383 75
-123456
0.178571 54
0.693878 64
0.127551 74
-123456
0.117647 53
0.823529 63
0.0588235 73
-123456
0.111111 52
0.764706 62
0.124183 72
-123456
0.165644 51
0.736196 61
0.0981595 71
-123456
0.111111 50
0.814815 60
0.0740741 70
-123456
0.102296 58
0.751566 68
0.146138 78
-123456
-654321
0.141643 58
0.733711 68
0.124646 78
-123456
0.127717 57
0.717391 67
0.154891 77
-123456
0.153266 56
0.733668 66
0.113065 76
-123456
0.131514 55
0.709677 65
0.158809 75
-123456
0.0962963 54
0.8 64
0.103704 74
-123456
0.100257 53
0.737789 63
0.161954 73
-123456
0.129032 52
0.751861 62
0.119107 72
-123456
0.145833 51
0.729167 61
0.125 71
-123456
0.143939 50
0.722222 60
0.133838 70
-123456
0.12182 59
0.745567 69
0.132614 79
-123456
-654321
0.0697674 61
0.790698 71
0.139535 81
-123456
0.117284 62
0.783951 72
0.0987654 82
-123456
0.138365 63
0.779874 73
0.081761 83
-123456
0.0652174 64
0.804348 74
0.130435 84
-123456
0.103226 65
0.767742 75
0.129032 85
-123456
0.118881 66
0.734266 76
0.146853 86
-123456
0.136364 67
0.742424 77
0.121212 87
-123456
0.113095 68
0.770833 78
0.116071 88
-123456
0.118902 69
0.759146 79
0.121951 89
-123456
0.157143 60
0.7 70
0.142857 80
-123456
-654321
0.0992908 62
0.765957 72
0.134752 82
-123456
0.111111 63
0.777778 73
0.111111 83
-123456
0.105263 64
0.828947 74
0.0657895 84
-123456
0.0909091 65
0.797203 75
0.111888 85
-123456
0.102564 66
0.775641 76
0.121795 86
-123456
0.134615 67
0.717949 77
0.147436 87
-123456
0.0935252 68
0.798561 78
0.107914 88
-123456
0.119565 69
0.765217 79
0.115217 89
-123456
0.132867 60
0.748252 70
0.118881 80
-123456
0.161972 61
0.732394 71
0.105634 81
-123456
-654321
0.125 63
0.736842 73
0.138158 83
-123456
0.0657895 64
0.802632 74
0.131579 84
-123456
0.0851064 65
0.758865 75
0.156028 85
-123456
0.0877193 66
0.807018 76
0.105263 86
-123456
0.08 67
0.8 77
0.12 87
-123456
0.111732 68
0.759777 78
0.128492 88
-123456
0.120536 69
0.738839 79
0.140625 89
-123456
0.0703125 61
0.859375 71
0.0703125 81
-123456
0.1375 60
0.7375 70
0.125 80
-123456
0.143885 62
0.776978 72
0.0791367 82
-123456
-654321
0.128571 64
0.742857 74
0.128571 84
-123456
0.0846154 65
0.784615 75
0.130769 85
-123456
0.0851064 66
0.801418 76
0.113475 86
-123456
0.111801 67
0.770186 77
0.118012 87
-123456
0.10625 68
0.775 78
0.11875 88
-123456
0.0981595 69
0.758691 79
0.143149 89
-123456
0.0873016 62
0.793651 72
0.119048 82
-123456
0.151724 61
0.751724 71
0.0965517 81
-123456
0.0674847 60
0.840491 70
0.0920245 80
-123456
0.0740741 63
0.796296 73
0.12963 83
-123456
-654321
0.119403 65
0.776119 75
0.104478 85
-123456
0.119048 66
0.793651 76
0.0873016 86
-123456
0.0827586 67
0.862069 77
0.0551724 87
-123456
0.0981308 68
0.78972 78
0.11215 88
-123456
0.131265 69
0.749403 79
0.119332 89
-123456
0.118881 63
0.79021 73
0.0909091 83
-123456
0.130435 62
0.798913 72
0.0706522 82
-123456
0.0784314 61
0.771242 71
0.150327 81
-123456
0.146341 60
0.707317 70
0.146341 80
-123456
0.172932 64
0.721804 74
0.105263 84
-123456
-654321
0.101266 66
0.797468 76
0.101266 86
-123456
0.103896 67
0.766234 77
0.12987 87
-123456
0.143646 68
0.734807 78
0.121547 88
-123456
0.103053 69
0.801527 79
0.0954198 89
-123456
0.122302 64
0.755396 74
0.122302 84
-123456
0.105634 63
0.774648 73
0.119718 83
-123456
0.0608108 62
0.864865 72
0.0743243 82
-123456
0.115385 61
0.815385 71
0.0692308 81
-123456
0.106918 60
0.761006 70
0.132075 80
-123456
0.110236 65
0.80315 75
0.0866142 85
-123456
-654321
0.102041 67
0.782313 77
0.115646 87
-123456
0.11236 68
0.808989 78
0.0786517 88
-123456
0.137214 69
0.748441 79
0.114345 89
-123456
0.0903614 65
0.795181 75
0.114458 85
-123456
0.1 64
0.791667 74
0.108333 84
-123456
0.0967742 63
0.812903 73
0.0903226 83
-123456
0.103448 62
0.731034 72
0.165517 82
-123456
0.119497 61
0.786164 71
0.0943396 81
-123456
0.15 60
0.75 70
0.1 80
-123456
0.14375 66
0.7625 76
0.09375 86
-123456
-654321
0.0880503 68
0.836478 78
0.0754717 88
-123456
0.115702 69
0.78719 79
0.0971074 89
-123456
0.139073 66
0.768212 76
0.0927152 86
-123456
0.0805369 65
0.798658 75
0.120805 85
-123456
0.128205 64
0.74359 74
0.128205 84
-123456
0.0993789 63
0.78882 73
0.111801 83
-123456
0.115108 62
0.769784 72
0.115108 82
-123456
0.0955882 61
0.786765 71
0.117647 81
-123456
0.1 60
0.769231 70
0.130769 80
-123456
0.0849673 67
0.79085 77
0.124183 87
-123456
-654321
0.119874 69
0.782334 79
0.0977918 89
-123456
0.0988372 67
0.813953 77
0.0872093 87
-123456
0.0823529 66
0.835294 76
0.0823529 86
-123456
0.108696 65
0.788043 75
0.103261 85
-123456
0.119171 64
0.792746 74
0.0880829 84
-123456
0.11413 63
0.755435 73
0.130435 83
-123456
0.108808 62
0.803109 72
0.0880829 82
-123456
0.11236 61
0.764045 71
0.123596 81
-123456
0.109091 60
0.793939 70
0.0969697 80
-123456
0.150754 68
0.763819 78
0.0854271 88
-123456
-654321
0.0959693 68
0.796545 78
0.107486 88
-123456
0.137387 67
0.761261 77
0.101351 87
-123456
0.104034 66
0.772824 76
0.123142 86
-123456
0.128631 65
0.778008 75
0.093361 85
-123456
0.0966387 64
0.796219 74
0.107143 84
-123456
0.130045 63
0.737668 73
0.132287 83
-123456
0.106481 62
0.791667 72
0.101852 82
-123456
0.120805 61
0.769575 71
0.10962 81
-123456
0.0909091 60
0.773784 70
0.135307 80
-123456
0.112991 69
0.774622 79
0.112387 89
-123456
-654321
0.043956 71
0.89011 81
0.0659341 91
-123456
0.0864198 72
0.790123 82
0.123457 92
-123456
0.0759494 73
0.860759 83
0.0632911 93
-123456
0.0921053 74
0.756579 84
0.151316 94
-123456
0.0941176 75
0.794118 85
0.111765 95
-123456
0.101796 76
0.808383 86
0.0898204 96
-123456
0.0764706 77
0.817647 87
0.105882 97
-123456
0.121827 78
0.807107 88
0.071066 98
-123456
0.0965058 79
0.808652 89
0.0948419 99
-123456
0.121429 70
0.778571 80
0.1 90
-123456
-654321
0.105634 72
0.823944 82
0.0704225 92
-123456
0.127778 73
0.788889 83
0.0833333 93
-123456
0.107143 74
0.857143 84
0.0357143 94
-123456
0.152174 75
0.809783 85
0.0380435 95
-123456
0.0679012 76
0.82716 86
0.104938 96
-123456
0.0904523 77
0.773869 87
0.135678 97
-123456
0.115385 78
0.796154 88
0.0884615 98
-123456
0.10124 79
0.797521 89
0.10124 99
-123456
0.135135 70
0.778378 80
0.0864865 90
-123456
0.116438 71
0.80137 81
0.0821918 91
-123456
-654321
0.0730337 73
0.831461 83
0.0955056 93
-123456
0.0866667 74
0.786667 84
0.126667 94
-123456
0.0928962 75
0.819672 85
0.0874317 95
-123456
0.111111 76
0.818713 86
0.0701754 96
-123456
0.129032 77
0.780645 87
0.0903226 97
-123456
0.0899471 78
0.84127 88
0.0687831 98
-123456
0.0870307 79
0.817406 89
0.0955631 99
-123456
0.0609756 71
0.829268 81
0.109756 91
-123456
0.100629 70
0.798742 80
0.100629 90
-123456
0.0709677 72
0.864516 82
0.0645161 92
-123456
-654321
0.0944444 74
0.811111 84
0.0944444 94
-123456
0.144444 75
0.761111 85
0.0944444 95
-123456
0.0909091 76
0.751515 86
0.157576 96
-123456
0.117021 77
0.771277 87
0.111702 97
-123456
0.0792683 78
0.835366 88
0.0853659 98
-123456
0.085 79
0.821667 89
0.0933333 99
-123456
0.0882353 72
0.835294 82
0.0764706 92
-123456
0.150602 71
0.753012 81
0.0963855 91
-123456
0.0949721 70
0.832402 80
0.0726257 90
-123456
0.126506 73
0.783133 83
0.0903614 93
-123456
-654321
0.0972973 75
0.832432 85
0.0702703 95
-123456
0.117978 76
0.764045 86
0.117978 96
-123456
0.0722222 77
0.855556 87
0.0722222 97
-123456
0.126667 78
0.786667 88
0.0866667 98
-123456
0.087931 79
0.806897 89
0.105172 99
-123456
0.105556 73
0.75 83
0.144444 93
-123456
0.0731707 72
0.847561 82
0.0792683 92
-123456
0.0946746 71
0.804734 81
0.100592 91
-123456
0.0833333 70
0.770833 80
0.145833 90
-123456
0.143678 74
0.787356 84
0.0689655 94
-123456
-654321
0.125 76
0.815217 86
0.0597826 96
-123456
0.0988372 77
0.790698 87
0.110465 97
-123456
0.0656566 78
0.838384 88
0.0959596 98
-123456
0.0896057 79
0.811828 89
0.0985663 99
-123456
0.0782123 74
0.815642 84
0.106145 94
-123456
0.0645161 73
0.827957 83
0.107527 93
-123456
0.109827 72
0.797688 82
0.0924855 92
-123456
0.0714286 71
0.818681 81
0.10989 91
-123456
0.0546448 70
0.863388 80
0.0819672 90
-123456
0.0695187 75
0.834225 85
0.0962567 95
-123456
-654321
0.0865385 77
0.817308 87
0.0961538 97
-123456
0.0650888 78
0.83432 88
0.100592 98
-123456
0.103918 79
0.810903 89
0.0851789 99
-123456
0.136905 75
0.77381 85
0.0892857 95
-123456
0.0777778 74
0.833333 84
0.0888889 94
-123456
0.0731707 73
0.829268 83
0.097561 93
-123456
0.144444 72
0.788889 82
0.0666667 92
-123456
0.0879121 71
0.769231 81
0.142857 91
-123456
0.0778443 70
0.820359 80
0.101796 90
-123456
0.101695 76
0.79096 86
0.107345 96
-123456
-654321
0.078853 78
0.795699 88
0.125448 98
-123456
0.100402 79
0.821285 89
0.0783133 99
-123456
0.10989 76
0.824176 86
0.0659341 96
-123456
0.134021 75
0.783505 85
0.0824742 95
-123456
0.0675676 74
0.797297 84
0.135135 94
-123456
0.0674847 73
0.846626 83
0.0858896 93
-123456
0.100559 72
0.810056 82
0.0893855 92
-123456
0.1 71
0.825 81
0.075 91
-123456
0.124224 70
0.801242 80
0.0745342 90
-123456
0.0843373 77
0.813253 87
0.10241 97
-123456
-654321
0.0901961 79
0.829412 89
0.0803922 99
-123456
0.0585366 77
0.795122 87
0.146341 97
-123456
0.111628 76
0.776744 86
0.111628 96
-123456
0.112299 75
0.780749 85
0.106952 95
-123456
0.11165 74
0.805825 84
0.0825243 94
-123456
0.113208 73
0.806604 83
0.0801887 93
-123456
0.0813397 72
0.813397 82
0.105263 92
-123456
0.137441 71
0.758294 81
0.104265 91
-123456
0.0931373 70
0.784314 80
0.122549 90
-123456
0.0826873 78
0.839793 88
0.0775194 98
-123456
-654321
0.0986159 78
0.818339 88
0.083045 98
-123456
0.10728 77
0.775862 87
0.116858 97
-123456
0.0806723 76
0.836975 86
0.0823529 96
-123456
0.0986159 75
0.82872 85
0.0726644 95
-123456
0.104895 74
0.797203 84
0.0979021 94
-123456
0.0848708 73
0.830258 83
0.0848708 93
-123456
0.0766423 72
0.826642 82
0.0967153 92
-123456
0.0827465 71
0.804577 81
0.112676 91
-123456
0.104167 70
0.786458 80
0.109375 90
-123456
0.0855 79
0.814 89
0.1005 99
-123456
-654321
0.047619 81
0.952381 91
-123456
0.0353261 82
0.964674 92
-123456
0.0576923 83
0.942308 93
-123456
0.0403023 84
0.959698 94
-123456
0.0396825 85
0.960317 95
-123456
0.0413437 86
0.958656 96
-123456
0.0497738 87
0.950226 97
-123456
0.0514541 88
0.948546 98
-123456
0.0470242 89
0.952976 99
-123456
0.0438799 80
0.95612 90
-123456
-654321
0.05 82
0.95 92
-123456
0.0508906 83
0.949109 93
-123456
0.0451306 84
0.954869 94
-123456
0.0563003 85
0.9437 95
-123456
0.0528846 86
0.947115 96
-123456
0.0460358 87
0.953964 97
-123456
0.0344828 88
0.965517 98
-123456
0.0437276 89
0.956272 99
-123456
0.0466321 80
0.953368 90
-123456
0.0343915 81
0.965608 91
-123456
-654321
0.0510753 83
0.948925 93
-123456
0.05 84
0.95 94
-123456
0.047486 85
0.952514 95
-123456
0.0470297 86
0.95297 96
-123456
0.0331754 87
0.966825 97
-123456
0.0325815 88
0.967419 98
-123456
0.0382555 89
0.961744 99
-123456
0.0465116 81
0.953488 91
-123456
0.0636364 80
0.936364 90
-123456
0.05 82
0.95 92
-123456
-654321
0.045 84
0.955 94
-123456
0.0284974 85
0.971503 95
-123456
0.0482574 86
0.951743 96
-123456
0.0517241 87
0.948276 97
-123456
0.0320197 88
0.96798 98
-123456
0.044919 89
0.955081 99
-123456
0.0410256 82
0.958974 92
-123456
0.0417755 81
0.958225 91
-123456
0.0242131 80
0.975787 90
-123456
0.0383632 83
0.961637 93
-123456
-654321
0.0366492 85
0.963351 95
-123456
0.0538462 86
0.946154 96
-123456
0.0310881 87
0.968912 97
-123456
0.0114155 88
0.988584 98
-123456
0.0403656 89
0.959634 99
-123456
0.0306604 83
0.96934 93
-123456
0.0433604 82
0.95664 92
-123456
0.0208877 81
0.979112 91
-123456
0.0204604 80
0.97954 90
-123456
0.0407674 84
0.959233 94
-123456
-654321
0.0421836 86
0.957816 96
-123456
0.0503597 87
0.94964 97
-123456
0.043222 88
0.956778 98
-123456
0.0488455 89
0.951155 99
-123456
0.0516796 84
0.94832 94
-123456
0.0481283 83
0.951872 93
-123456
0.0343249 82
0.965675 92
-123456
0.0395778 81
0.960422 91
-123456
0.0327869 80
0.967213 90
-123456
0.048 85
0.952 95
-123456
-654321
0.0434783 87
0.956522 97
-123456
0.0406977 88
0.959302 98
-123456
0.0346216 89
0.965378 99
-123456
0.0677083 85
0.932292 95
-123456
0.0526316 84
0.947368 94
-123456
0.0403226 83
0.959677 93
-123456
0.0406091 82
0.959391 92
-123456
0.0501193 81
0.949881 91
-123456
0.0322581 80
0.967742 90
-123456
0.0296296 86
0.97037 96
-123456
-654321
0.0513919 88
0.948608 98
-123456
0.0372058 89
0.962794 99
-123456
0.045 86
0.955 96
-123456
0.0371179 85
0.962882 95
-123456
0.0329949 84
0.967005 94
-123456
0.0563725 83
0.943627 93
-123456
0.0330189 82
0.966981 92
-123456
0.0395604 81
0.96044 91
-123456
0.0339806 80
0.966019 90
-123456
0.0285714 87
0.971429 97
-123456
-654321
0.0370879 89
0.962912 99
-123456
0.0382883 87
0.961712 97
-123456
0.0408654 86
0.959135 96
-123456
0.0247525 85
0.975248 95
-123456
0.0547046 84
0.945295 94
-123456
0.027907 83
0.972093 93
-123456
0.0437788 82
0.956221 92
-123456
0.0448113 81
0.955189 91
-123456
0.0353982 80
0.964602 90
-123456
0.0334821 88
0.966518 98
-123456
-654321
0.0368947 88
0.963105 98
-123456
0.038378 87
0.961622 97
-123456
0.0344569 86
0.965543 96
-123456
0.0490421 85
0.950958 95
-123456
0.0339921 84
0.966008 94
-123456
0.033935 83
0.966065 93
-123456
0.000803213 52
0.0369478 82
0.962249 92
-123456
0.0433483 81
0.956652 91
-123456
0.0436477 80
0.956352 90
-123456
0.0448772 89
0.955123 99
-123456
-654321
