42.9716
27.8984
23.9953
20.0374
16.1524
48.1506
7.9506
4.10817
0
31.7626
-654321
28.4919
24.2861
20.5294
16.346
12.4347
42.49
4.26475
0.442408
32.1232
32.1421
-654321
24.4493
20.6079
16.551
12.6908
33.8939
4.38844
0.625816
32.3683
35.2576
28.1473
-654321
19.9349
16.3667
12.3994
8.53298
3.89777
0.0639687
28.4083
31.2885
32.3739
24.3142
-654321
16.0211
12.0252
8.50657
4.25108
30.123
46.8243
28.1662
31.7033
31.7743
20.2613
-654321
11.8981
7.99797
4.19733
0.135156
19.9603
24.0021
27.841
31.2325
31.9927
16.1571
-654321
8.24266
4.27088
0.43249
15.9118
20.259
24.1469
28.1913
31.3897
31.859
12.0904
-654321
4.12423
0.213242
11.9017
33.6991
20.2053
24.0764
28.2744
30.4398
32.1564
8.00389
-654321
0.191478
8.31306
12.2674
16.023
20.0047
24.5778
28.3386
31.4379
31.7113
3.99052
-654321
4.16553
7.72587
12.1109
16.0604
20.2171
24.0737
28.6475
31.7741
39.6652
0.240942
-654321
49.5904
47.6281
45.6528
39.8338
33.9825
28.3255
22.6755
16.7008
10.829
39.6512
-654321
49.934
45.7221
40.438
34.6763
29.0061
23.0556
17.0796
11.2381
40.6256
48.5652
-654321
46.1508
40.7779
34.8013
28.7792
23.1205
16.9856
10.99
49.7198
41.0094
49.9512
-654321
41.1237
35.2722
29.3981
24.0096
17.4284
11.3232
50.4114
48.9442
40.8819
46.825
-654321
34.4657
28.681
23.1595
17.1235
11.2951
46.8121
49.2408
49.9085
40.6951
40.9319
-654321
29.1373
22.9133
16.9868
11.0338
40.9775
46.171
49.6036
48.0684
40.1961
34.7357
-654321
22.6616
17.0531
11.187
35.3116
40.5956
45.0023
49.2058
49.3309
40.5238
28.9521
-654321
16.3674
11.2091
29.2064
34.7223
40.3916
44.9128
49.6801
48.7576
41.9053
22.7877
-654321
11.4803
23.2501
29.0631
35.0097
40.7256
45.6874
49.2391
49.1502
39.8139
17.2919
-654321
17.5495
23.2817
28.6609
34.9053
40.4186
45.5163
48.696
48.9897
39.5792
11.123
-654321
54.9819
67.3355
69.5009
65.6418
63.7985
58.9323
52.415
48.0157
41.6786
41.2359
-654321
65.5972
68.3816
66.8863
63.47
58.9461
52.543
47.435
41.3654
40.7727
56.1208
-654321
67.4087
67.1402
63.6742
58.1957
53.2551
47.2845
41.3373
58.107
39.7378
65.8825
-654321
66.4662
63.7181
59.3647
53.4287
47.9743
42.3805
65.9151
53.9229
40.9438
67.6216
-654321
62.5049
59.6163
53.2719
48.3865
42.1883
67.4961
64.6817
54.7218
39.8809
68.9646
-654321
58.1956
54.2165
47.8621
41.8488
67.9702
68.2982
66.1023
53.8279
40.425
63.4013
-654321
53.6645
47.8798
41.4747
65.0829
65.9388
67.6932
63.75
55.1106
40.7675
56.985
-654321
47.7148
41.2348
59.7231
64.7732
66.6848
68.1259
60.6439
53.9921
39.6155
53.5301
-654321
41.776
53.201
56.9174
64.1881
65.9442
68.9297
63.9271
54.6704
41.7612
47.0561
-654321
47.7866
53.9873
59.1643
65.3698
65.232
67.977
67.2434
53.288
41.5872
42.5696
-654321
54.6404
65.7989
77.026
85.2535
86.8807
83.4735
78.6696
74.9548
67.7558
40.5841
-654321
68.8574
77.1276
87.2433
85.1607
83.7202
79.5417
75.5135
68.6787
39.8426
57.2558
-654321
79.8853
86.2749
86.9403
82.91
79.9154
75.917
69.609
52.581
41.34
67.4063
-654321
83.7833
87.0781
85.1389
76.3673
74.7715
69.5175
67.5503
55.5185
40.8968
78.6423
-654321
84.6068
80.9288
80.4152
75.3139
69.7694
83.5531
67.4221
54.0137
40.1899
84.9943
-654321
82.5843
80.7757
74.9376
69.8521
82.2651
81.2047
70.0915
55.6366
40.4031
85.9212
-654321
80.4455
73.1841
68.3376
85.7261
82.4056
78.5313
68.2333
57.1455
41.0182
83.1075
-654321
75.9241
70.8179
83.365
85.9025
84.3329
75.0261
71.2447
54.0065
41.4575
80.0502
-654321
70.1228
79.9808
83.5198
83.9571
85.1943
79.4819
70.5049
53.6765
40.2999
76.0259
-654321
73.257
79.6634
83.0505
84.6323
86.6432
82.0204
68.2601
56.0173
39.4381
69.7457
-654321
55.7611
67.9822
79.9124
88.3934
103.537
106.422
103.168
99.5731
98.8603
39.7119
-654321
67.7174
85.919
91.3622
102.713
106.931
103.569
101.211
97.1146
39.7435
53.649
-654321
86.1282
95.732
97.0672
106.861
103.361
98.9579
99.1089
55.5813
39.5353
68.2901
-654321
96.1498
103.911
101.828
105.364
101.189
95.919
71.2236
51.8738
40.6304
81.144
-654321
94.0965
104.028
104.574
100.746
97.6879
82.1746
67.0995
55.0321
41.5747
96.5759
-654321
105.364
102.483
101.835
96.3694
92.3137
82.4782
69.9914
55.0394
40.5405
99.9904
-654321
106.069
101.418
98.8708
101.76
92.8987
80.9878
71.8781
53.9462
40.5574
104.939
-654321
100.409
98.0345
104.322
104.54
92.6439
86.2122
68.8973
55.3888
40.5067
104.161
-654321
98.7793
102.412
103.715
97.208
97.0685
84.0692
65.3294
54.1155
39.9004
102.514
-654321
104.989
102.769
104.383
101.567
93.8443
77.7746
64.8205
56.2103
41.0976
98.3641
-654321
56.5586
68.2436
84.3126
97.0286
107.428
115.057
124.605
117.309
121.626
40.5553
-654321
67.8906
84.5098
92.5585
106.055
119.815
121.604
122.794
118.891
40.9972
54.9415
-654321
80.7486
89.8609
118.317
108.452
117.193
120.734
120.359
56.8528
39.9161
73.6105
-654321
102.295
105.71
117.983
117.618
121.66
119.09
67.3402
53.8782
41.5473
82.4391
-654321
114.913
115.289
123.022
121.026
121.817
76.8656
71.1505
55.6377
41.3223
94.8242
-654321
117.302
121.002
116.23
118.137
97.6989
80.2237
65.3702
55.269
41.717
107.581
-654321
115.016
123.782
119.56
116.143
94.0182
82.1319
68.3809
54.0154
40.85
118.539
-654321
122.073
116.611
118.041
109.462
94.4292
82.5639
68.2569
54.5325
40.7551
122.959
-654321
119.774
119.991
114.097
110.138
96.9352
80.7854
66.6755
55.7829
39.8448
120.877
-654321
121.654
119.761
111.758
104.397
99.3275
81.9824
66.9851
55.8717
40.4462
122.435
-654321
54.5764
65.9817
82.673
92.1324
111.484
111.828
138.985
137.59
137.508
41.514
-654321
69.9602
83.1805
96.7783
105.181
122.358
130.71
133.224
135.469
40.9552
54.0868
-654321
79.7512
101.649
109.207
134.455
125.959
129.494
137.555
51.4947
41.2817
66.6172
-654321
95.4623
112.016
122.224
138.006
136.968
136.357
69.17
56.4927
41.2701
80.2318
-654321
107.802
127.977
130.785
137.075
137.243
80.648
68.4003
52.864
40.8001
103.044
-654321
121.277
130.218
136.555
140.699
96.3102
83.7621
67.3512
55.4693
41.6533
106.125
-654321
130.818
133.893
137.192
109.84
89.6417
82.0131
72.8077
56.3041
40.2726
121.53
-654321
139.847
138.616
129.372
102.603
100.489
84.586
66.8019
55.3351
40.534
131.452
-654321
137.21
133.716
125.651
117.094
93.6847
79.8276
68.7376
55.8966
39.8746
138.109
-654321
132.425
130.957
124.492
113.062
100.522
82.0583
66.4884
54.0158
40.4704
137.132
-654321
56.4909
71.2649
83.1991
94.5766
112.148
123.433
128.326
144.234
147.56
40.9825
-654321
68.3261
85.819
93.8067
105.815
111.965
140.235
147.478
154.171
40.8377
57.5129
-654321
84.28
100.418
106.621
133.288
132.667
148.109
155.292
53.9589
40.1685
67.8199
-654321
99.4918
104.63
116.762
141.963
149.911
148.925
71.6683
55.7015
40.2104
87.1564
-654321
113.873
130.908
139.406
144.01
153.164
87.5219
68.8759
54.5236
40.7224
98.8507
-654321
128.754
142.964
132.379
152.416
99.5135
81.2468
68.8772
54.437
40.8432
114.718
-654321
144.162
149.197
135.838
110.376
99.993
77.579
63.714
54.721
40.9614
120.026
-654321
148.65
155.222
132.891
110.566
94.0371
82.9908
68.9231
55.0811
39.7102
136.406
-654321
150.743
137.108
123.431
110.658
93.5141
85.0332
65.1334
56.1073
40.0803
145.532
-654321
150.082
136.733
123.644
107.151
96.5943
84.8981
69.6623
54.4059
40.5198
150.748
-654321
55.6505
64.887
82.6786
97.5735
114.199
124.406
141.386
148.711
163.841
40.4865
-654321
70.8818
81.9137
107.519
109.061
125.65
132.607
150.624
163.172
40.4443
54.629
-654321
87.3278
94.171
106.407
125.842
135.001
147.88
163.627
56.5809
41.6987
69.3237
-654321
98.1343
107.73
130.096
140.215
153.399
156.586
67.2513
53.9425
40.5081
88.18
-654321
112.708
123.22
138.31
148.968
157.858
76.376
70.49
53.9627
39.9294
91.3873
-654321
125.741
140.585
139.765
156.089
99.5392
84.7364
72.3971
53.2593
40.9036
109.201
-654321
145.256
151.907
163.943
109.843
100.973
84.861
70.7633
54.6315
40.7655
129.798
-654321
146.979
163.189
119.42
107.722
100.429
84.1277
69.1837
55.8267
41.4219
128.906
-654321
156.199
137.649
130.723
112.395
92.0364
86.115
68.0304
53.3004
40.7011
147.356
-654321
147.102
138.538
126.704
113.162
97.2354
82.2747
68.9432
55.1857
39.8198
162.685
-654321
45.299
53.5366
64.0276
76.3681
73.3284
88.1701
95.2278
114.572
117.003
36.3069
-654321
53.1001
65.0131
73.622
76.1307
89.6164
97.5648
120.134
119.51
35.9547
46.9458
-654321
64.1923
66.66
79.9804
92.1876
109.464
108.746
114.802
46.01
36.0127
54.6591
-654321
71.521
86.6305
86.4795
102.055
105.083
119.46
55.3704
45.249
36.7118
61.8414
-654321
83.938
93.1003
103.887
116.623
120.282
65.9016
56.0097
45.433
36.111
70.1696
-654321
92.5135
107.675
113.925
120.708
75.9157
66.4052
53.586
46.9306
36.6978
83.2245
-654321
101.975
104.286
118.515
84.7558
74.1781
63.1128
54.3476
44.3871
35.4988
93.9457
-654321
110.545
123.539
88.2902
86.0186
73.3299
61.9406
54.3805
45.1967
36.9095
101.71
-654321
119.41
104.372
92.2838
80.6941
73.3593
65.3415
53.9112
44.6149
35.8984
106.294
-654321
113.775
104.143
88.7142
82.2415
110.266
63.4301
53.4709
45.3221
35.8435
119.69
-654321
