164.632
165.211
-654321
161.119
165.284
164.932
-654321
157.315
171.865
161.338
-654321
153.481
161.287
157.244
-654321
149.522
209.989
153.524
-654321
145.571
153.53
149.57
-654321
141.501
149.506
145.658
-654321
137.603
145.432
141.373
-654321
133.398
141.706
137.714
-654321
129.529
166.271
133.523
-654321
125.465
133.21
129.156
-654321
121.826
157.405
125.308
-654321
117.605
125.562
121.955
-654321
113.611
121.513
117.065
-654321
109.699
117.287
113.712
-654321
105.606
113.573
130.936
-654321
101.734
109.292
105.574
-654321
98.5694
105.632
101.288
-654321
94.1371
101.793
97.8075
-654321
121.143
97.7696
93.2065
-654321
118.313
93.3953
88.7157
-654321
117.127
89.0115
118.686
-654321
115.781
119.128
81.4395
-654321
113.827
117.651
117.713
-654321
68.4925
115.403
111.868
-654321
108.094
112.29
110.695
-654321
105.937
110.139
63.6924
-654321
104.212
64.2886
107.274
-654321
102.889
106.818
103.852
-654321
47.162
105.75
101.526
-654321
99.249
102.431
99.8561
-654321
96.8068
101.62
100.063
-654321
98.4226
99.7806
98.7125
-654321
38.8895
99.4418
38.9298
-654321
94.6993
100.153
94.8338
-654321
88.9373
96.8321
94.8297
-654321
85.0744
91.9397
88.4766
-654321
83.1662
87.0623
85.5202
-654321
83.9878
85.6706
84.441
-654321
80.5663
85.7208
82.5082
-654321
79.6562
82.7975
77.7747
-654321
74.5331
84.4722
76.3099
-654321
73.8577
159.773
74.7947
-654321
75.7395
0
78.1614
-654321
74.1274
0.852386
73.6803
-654321
69.3431
77.2909
71.6174
-654321
64.7947
71.581
69.6923
-654321
63.5501
66.7058
64.6355
-654321
64.4556
65.324
63.1484
-654321
65.7062
63.404
-654321
181.944
173.917
-654321
182.573
173.253
182.836
-654321
179.389
182.288
183.946
-654321
173.881
183.598
179.604
-654321
168.488
178.828
174.293
-654321
162.271
173.968
168.163
-654321
156.024
168.004
162.246
-654321
149.917
162.18
156.225
-654321
143.928
156.396
150.168
-654321
138.237
150.137
144.066
-654321
132.165
144.051
138.207
-654321
126.439
138.091
132.092
-654321
120.08
132.447
127.001
-654321
114.078
126.087
119.958
-654321
108.459
120.132
114.207
-654321
102.749
114.275
108.418
-654321
95.9797
107.426
115.547
-654321
90.3855
102.106
96.5093
-654321
104
95.8532
91.3322
-654321
77.7679
89.4131
103.681
-654321
95.4318
83.5877
100.017
-654321
93.353
99.5966
72.3925
-654321
97.4988
72.7332
128.554
-654321
82.5524
93.7572
84.8461
-654321
122.929
124.175
126.062
-654321
121.812
94.2281
125.408
-654321
81.1022
90.9471
89.8664
-654321
115.28
120.95
120.236
-654321
61.9667
118.507
116.542
-654321
109.82
112.373
109.529
-654321
110.957
111.59
59.3109
-654321
109.711
60.461
110.296
-654321
58.7967
66.7964
9.17874
-654321
104.065
108.503
107.772
-654321
99.4797
48.4713
101.969
-654321
103.102
102.638
99.6966
-654321
102.172
104.606
37.8137
-654321
98.0715
96.373
159.773
-654321
93.2157
97.6531
95.0965
-654321
93.0406
27.9305
92.6199
-654321
159.773
96.111
97.8223
-654321
159.773
96.7161
93.6341
-654321
82.8066
92.5772
89.5461
-654321
81.6966
88.5418
82.8066
-654321
82.5555
17.6137
82.6163
-654321
159.773
86.629
85.1057
-654321
80.0584
159.773
159.773
-654321
74.1674
83.1025
78.5452
-654321
70.373
79.1624
159.773
-654321
71.5288
159.773
-654321
188.512
174.093
-654321
197.161
172.785
187.697
-654321
201.536
188.509
197.646
-654321
201.569
198.32
201.923
-654321
197.363
201.14
200.661
-654321
192.721
199.328
197.547
-654321
186.172
197.085
192.159
-654321
180.82
192.299
185.702
-654321
174.64
185.526
180.339
-654321
168.864
180.646
174.186
-654321
162.242
174.209
168.753
-654321
156.387
168.447
163.077
-654321
149.831
161.69
156.801
-654321
144.619
156.707
150.48
-654321
138.878
150.368
144.545
-654321
131.287
144.726
138.821
-654321
126.153
138.88
132.23
-654321
120.931
132.197
131.248
-654321
122.522
127.549
121.342
-654321
107.451
126.216
122.625
-654321
104.282
122.339
107.786
-654321
110.308
119.444
102.586
-654321
108.438
116.068
96.8778
-654321
114.693
137.98
136.746
-654321
99.3054
92.6516
133.361
-654321
128.708
135.238
79.4283
-654321
125.529
79.6593
129.34
-654321
87.3865
131.263
129.345
-654321
124.611
130.928
126.474
-654321
122.204
127.897
96.0277
-654321
120.847
97.0732
80.6501
-654321
118.742
123.331
117.528
-654321
116.844
120.823
71.967
-654321
74.2406
118.561
115.684
-654321
108.955
69.188
60.4474
-654321
56.5692
111.536
114.3
-654321
107.872
113.905
59.0345
-654321
105.58
106.384
159.773
-654321
103.605
106.401
159.773
-654321
101.651
104.396
103.872
-654321
103.855
103.014
97.2662
-654321
103.437
104.3
159.773
-654321
102.72
159.773
45.8829
-654321
90.9519
97.2775
159.773
-654321
95.5417
94.1039
159.773
-654321
91.086
159.773
159.773
-654321
86.6881
93.0764
159.773
-654321
81.2662
159.773
84.9547
-654321
159.773
159.773
159.773
-654321
159.773
159.773
-654321
184.249
168.786
-654321
202.605
175.641
186.798
-654321
212.608
187.059
199.73
-654321
219.108
200.147
214.17
-654321
217.405
212.229
218.416
-654321
216.36
218.085
217.87
-654321
212.896
220.176
218.24
-654321
208.733
215.867
212.435
-654321
203.232
210.163
209.426
-654321
197.751
208.311
201.71
-654321
190.45
203.095
197.039
-654321
184.778
197.56
192.46
-654321
178.683
191.656
185.551
-654321
173.113
185.015
179.768
-654321
167.683
179.681
173.43
-654321
161.557
162.693
167.843
-654321
151.105
167.004
161.609
-654321
146.779
162.163
155.591
-654321
142.432
155.163
149.1
-654321
138.477
150.355
142.481
-654321
134.572
142.375
138.264
-654321
131.538
139.046
146.296
-654321
139.174
129.673
131.161
-654321
144.101
125.868
139.749
-654321
118.891
139.449
142.687
-654321
114.387
122.628
142.965
-654321
112.691
141.37
140.159
-654321
107.834
146.062
139.447
-654321
114.505
95.3226
137.891
-654321
129.367
136.939
133.561
-654321
91.1038
133.991
128.076
-654321
122.801
133.322
132.664
-654321
129.122
134.016
159.773
-654321
125.322
129.335
100.616
-654321
122.028
124.018
121.367
-654321
76.3493
122.673
124.664
-654321
117.991
159.773
71.7492
-654321
159.773
118.672
159.773
-654321
116.664
159.773
120.016
-654321
110.699
122.062
111.367
-654321
159.773
115.684
59.0184
-654321
111.68
115.339
114.016
-654321
58.6143
112.665
107.999
-654321
101.367
107.337
105.332
-654321
159.773
159.773
39.1038
-654321
159.773
159.773
159.773
-654321
159.773
159.773
159.773
-654321
159.773
159.773
159.773
-654321
159.773
159.773
159.773
-654321
159.773
159.773
-654321
184.919
174.663
-654321
201.245
173.183
187.487
-654321
220.166
190.734
204.729
-654321
234.513
199.674
215.704
-654321
238.741
217.911
229.452
-654321
238.379
229.848
232.951
-654321
237.59
234.339
237.529
-654321
234.898
237.325
237.416
-654321
231.741
238.193
233.043
-654321
226.252
236.97
231.866
-654321
220.329
231.327
227.397
-654321
213.102
227.998
221.797
-654321
211.892
223.134
215.757
-654321
202.675
215.091
207.557
-654321
199.174
210.894
204.413
-654321
193.179
206.405
200.494
-654321
186.771
178.987
191.782
-654321
166.709
194.091
170.712
-654321
163.814
186.018
182.947
-654321
159.394
167.681
163.262
-654321
163.691
174.41
170.528
-654321
159.365
159.253
162.751
-654321
155.377
154.701
153.294
-654321
145.112
155.972
151.362
-654321
139.206
158.897
156.751
-654321
150.667
146.593
154.289
-654321
148.069
139.728
151.775
-654321
144.124
136.702
147.093
-654321
159.773
147.744
144.815
-654321
142.894
146.557
146.983
-654321
141.36
139.378
138.748
-654321
115.284
142.205
138.126
-654321
138.286
159.773
159.773
-654321
134.201
133.378
133.435
-654321
131.738
132.748
100.352
-654321
134.377
132.124
134.286
-654321
135.17
159.773
135.773
-654321
89.8915
159.773
124.748
-654321
123.743
128.205
125.507
-654321
119.781
128.287
122.124
-654321
77.194
159.773
122.2
-654321
120.982
159.773
159.773
-654321
118.984
127.17
117.507
-654321
116.982
119.604
159.773
-654321
116.377
159.773
159.773
-654321
115.773
159.773
159.773
-654321
115.17
159.773
159.773
-654321
159.773
159.773
159.773
-654321
159.773
159.773
159.773
-654321
159.773
159.773
-654321
185.416
174.476
-654321
201.629
176.36
187.766
-654321
214.466
187.228
207.449
-654321
223.837
200.665
221.984
-654321
240.596
216.295
229.284
-654321
253.915
232.948
243.894
-654321
254.716
240.68
248.544
-654321
253.156
250.593
253.664
-654321
255.018
251.847
254.883
-654321
248.779
255.895
255.203
-654321
247.566
254.713
252.418
-654321
241.77
249.841
247.896
-654321
233.119
249.781
244.441
-654321
227.632
244.227
234.649
-654321
229.169
239.724
232.655
-654321
222.718
233.373
227.757
-654321
216.947
198.1
194.405
-654321
186.795
222.303
210.163
-654321
182.569
216.657
186.443
-654321
179.207
210.465
184.151
-654321
192.47
183.399
179.485
-654321
171.484
178.997
174.244
-654321
181.909
193.328
167.7
-654321
175.821
169.339
167.451
-654321
159.594
180.265
164.782
-654321
171.189
176.07
160.489
-654321
159.773
161.675
158.331
-654321
159.773
160.651
160.039
-654321
154.996
161.423
159.773
-654321
150.795
157.575
144.648
-654321
132.471
152.789
150.332
-654321
151.423
137.169
149.957
-654321
159.773
151.346
150.04
-654321
146.04
151.423
149.423
-654321
141.261
159.773
144.653
-654321
137.867
159.773
159.773
-654321
138.978
159.773
159.773
-654321
117.642
144.112
114.034
-654321
129.075
139.347
134.215
-654321
132.653
133.867
159.773
-654321
129.957
115.728
136.454
-654321
159.773
133.338
132.04
-654321
159.773
159.773
159.773
-654321
159.773
159.773
159.773
-654321
159.773
159.773
159.773
-654321
159.773
159.773
159.773
-654321
159.773
159.773
126.851
-654321
114.565
125.485
159.773
-654321
115.347
122.112
115.957
-654321
118.732
159.773
-654321
191.376
172.308
-654321
209.105
172.485
189.592
-654321
216.547
186.361
203.603
-654321
229.547
202.353
219.486
-654321
248.28
215.212
232.714
-654321
254.325
231.112
245.254
-654321
265.85
245.057
256.374
-654321
270.763
257.863
265.23
-654321
272.623
258.283
268.238
-654321
269.693
269.403
270.909
-654321
269.658
268.917
270.876
-654321
269.688
270.7
272.939
-654321
262.112
266.104
267.158
-654321
242.392
270.308
257.734
-654321
250.28
243.421
259.653
-654321
249.411
259.803
255.414
-654321
209.485
257.26
250.648
-654321
233.719
250.664
209.807
-654321
203.412
244.584
206.825
-654321
199.356
205.811
202.867
-654321
222.457
234.434
227.684
-654321
190.53
227.018
222.545
-654321
188.326
221.797
191.761
-654321
195.315
203.218
178.189
-654321
198.15
211.373
195.078
-654321
170.117
175.257
173.542
-654321
170.424
171.991
168.648
-654321
169.552
169.555
164.169
-654321
162.883
159.773
172.11
-654321
156.557
159.773
160.169
-654321
159.206
160.557
159.527
-654321
162.18
162.225
161.995
-654321
155.293
162.875
156.207
-654321
153.522
157.554
148.578
-654321
159.773
149.894
159.773
-654321
159.773
159.773
159.773
-654321
151.529
159.773
151.554
-654321
139.893
149.555
151.851
-654321
146.526
149.194
159.773
-654321
117.234
141.866
141.528
-654321
139.555
146.217
159.773
-654321
159.773
142.892
159.773
-654321
159.773
159.773
159.773
-654321
159.773
159.773
159.773
-654321
159.773
159.773
159.773
-654321
133.529
140.11
159.773
-654321
126.208
135.522
130.892
-654321
159.773
129.555
159.773
-654321
159.773
159.773
159.773
-654321
159.773
159.773
-654321
186.527
175.407
-654321
199.271
173.208
176.678
-654321
227.1
190.349
204.157
-654321
227.618
203.591
213.819
-654321
242.785
215.27
230.392
-654321
261.896
229.371
248.329
-654321
271.053
241.745
260.016
-654321
275.292
259.265
276.084
-654321
284.504
264.706
281.712
-654321
289.2
278.588
283.986
-654321
289.044
287.564
290.787
-654321
292.911
290.481
288.144
-654321
292.609
290.93
284.745
-654321
289.62
283.621
283.333
-654321
274.468
278.69
282.755
-654321
232.596
277.805
283.902
-654321
275.599
235.642
233.273
-654321
269.66
279.946
275.055
-654321
263.503
275.7
224.069
-654321
219.181
270.491
264.85
-654321
253.067
256.798
219.546
-654321
247.676
258.33
215.322
-654321
186.433
247.543
189.753
-654321
234.995
211.67
206.535
-654321
200.285
219.136
202.735
-654321
180.081
205.448
183.787
-654321
182.595
182.917
180.644
-654321
159.773
186.831
183.725
-654321
171.378
159.773
159.773
-654321
173.075
159.773
173.245
-654321
178.843
159.773
176.443
-654321
170.082
169.376
168.005
-654321
166.671
169.247
169.797
-654321
159.773
163.471
184.782
-654321
159.773
159.773
159.773
-654321
158.005
159.471
159.773
-654321
160.108
159.997
163.146
-654321
150.795
160.312
164.966
-654321
160.831
156.609
158.043
-654321
159.773
159.773
159.773
-654321
159.773
159.773
159.773
-654321
152.595
159.773
159.773
-654321
152.831
153.443
151.997
-654321
159.773
149.075
159.773
-654321
139.378
145.861
159.773
-654321
159.773
142.628
159.773
-654321
159.773
159.773
159.773
-654321
159.773
159.773
159.773
-654321
159.773
159.773
159.773
-654321
159.773
159.773
-654321
191.46
172.181
-654321
202.419
171.926
190.94
-654321
212.318
190.893
201.196
-654321
231.366
204.389
215.312
-654321
240.679
216.77
229.367
-654321
259.444
230.13
245.295
-654321
273.724
238.714
254.91
-654321
282.161
255.436
266.2
-654321
293.128
274.155
286.77
-654321
295.15
289.61
289.57
-654321
305.779
297.628
308.815
-654321
307.162
301.907
304.36
-654321
303.982
304.893
303.124
-654321
302.203
302.401
310.534
-654321
309.66
303.761
298.612
-654321
303.236
312.222
301.864
-654321
301.623
299.399
251.347
-654321
297.202
309.068
301.777
-654321
240.058
301.931
297.423
-654321
286.115
297.274
239.592
-654321
281.654
282.816
235.86
-654321
275.37
201.534
233.506
-654321
224.995
281.618
230.348
-654321
224.811
254.372
226.219
-654321
229.049
196.799
237.238
-654321
185.163
194.215
190.967
-654321
159.773
189.913
159.773
-654321
159.773
159.773
159.773
-654321
186.46
159.773
159.773
-654321
180.445
189.394
185.448
-654321
194.825
159.773
201.849
-654321
178.506
180.652
159.773
-654321
177.21
180.837
188.217
-654321
176.333
177.624
159.773
-654321
194.049
177.051
175.002
-654321
167.375
176.46
159.773
-654321
169.177
189.1
171.67
-654321
166.676
171.543
168.196
-654321
164.95
170.414
170.78
-654321
165.85
164.957
159.773
-654321
164.74
159.773
159.773
-654321
161.081
159.773
159.773
-654321
162.429
167.93
162.265
-654321
159.773
155.913
159.773
-654321
159.773
159.773
159.773
-654321
159.773
159.773
159.773
-654321
159.773
159.773
159.773
-654321
159.773
159.773
159.773
-654321
159.773
159.773
159.773
-654321
159.773
159.773
-654321
182.628
171.27
-654321
185.694
170.255
179.494
-654321
195.422
177.3
190.481
-654321
206.819
183.951
198.371
-654321
217.381
199.21
203.943
-654321
228.001
204.239
215.961
-654321
231.817
213.035
221.189
-654321
244.818
220.208
233.66
-654321
251.432
230.364
247.953
-654321
255.471
239.464
253.54
-654321
265.17
253.62
259.202
-654321
287.89
265.949
262.031
-654321
266.666
260.71
268.388
-654321
267.608
267.532
267.323
-654321
282.939
264.812
269.973
-654321
266.59
287.116
267.78
-654321
265.247
264.585
267.723
-654321
261.14
264.916
265.376
-654321
260.259
262.259
258.772
-654321
258.18
248.408
252.448
-654321
256.487
261.107
260.984
-654321
251.428
260.865
257.555
-654321
244.63
255.364
249.967
-654321
242.686
205.612
245.88
-654321
202.438
248.181
204.509
-654321
198.696
205.221
202.249
-654321
196.366
240.639
202.674
-654321
196.448
202.323
195.439
-654321
195.409
199.299
194.727
-654321
197.237
197.278
222.546
-654321
190.212
196.638
191.756
-654321
216.107
192.488
194.145
-654321
212.492
193.855
191.954
-654321
188.013
191.716
187.201
-654321
185.815
189.412
186.581
-654321
182.771
187.13
185.057
-654321
182.2
185.856
182.394
-654321
178.591
199.988
193.257
-654321
175.194
180.095
178.387
-654321
172.828
177.631
177.272
-654321
159.773
175.111
176.115
-654321
159.773
172.482
159.773
-654321
159.773
173.326
159.773
-654321
163.546
170.876
166.049
-654321
159.773
166.19
159.773
-654321
159.773
159.773
159.773
-654321
159.773
159.773
159.773
-654321
159.773
159.773
159.773
-654321
159.773
159.773
159.773
-654321
159.773
159.773
-654321
