217.425
198.07
194.122
204.954
186.166
218.009
178.067
174.057
170.16
202.061
-654321
212.756
194.467
190.404
186.462
182.312
178.384
184.443
200.577
166.501
209.627
201.831
-654321
194.506
190.368
186.535
182.407
178.426
174.634
170.712
166.639
162.479
201.699
202.009
206.242
-654321
189.944
186.282
182.095
178.14
174.243
170.101
166.386
162.416
158.182
197.915
201.748
202.284
194.159
-654321
186.235
182.015
178.249
174.224
170.236
166.072
188.009
158.288
176.236
194.257
208.911
207.582
203.884
190.259
-654321
182.113
178.203
174.479
170.341
166.178
162.313
158.383
154.206
150.152
212.571
194.178
197.987
201.282
203.665
186.288
-654321
178.258
173.98
170.235
166.257
162.417
158.26
189.622
150.418
146.121
185.973
189.887
193.919
198.159
201.552
201.789
182.064
-654321
174.32
170.126
166.024
162.317
158.142
154.153
150.23
146.318
142.1
182.343
186.139
203.718
194.276
198.293
201.406
202.14
178.454
-654321
170.315
166.465
162.356
182.343
154.099
150.258
146.319
142.305
138.226
178.428
182.309
186.023
190.113
194.234
198.231
201.585
206.278
174.11
-654321
166.421
162.41
157.957
154.106
150.17
145.752
142.094
137.851
134.304
174.325
178.458
181.965
186.237
226.032
194.239
197.984
201.287
201.958
170.125
-654321
162.303
158.598
154.174
150.59
146.448
142.357
138.101
134.237
130.367
170.211
174.211
178.722
182.045
222.758
190.255
194.462
198.52
201.746
166.494
-654321
158.55
154.075
150.179
146.61
142.36
138.236
134.18
130.235
126.362
166.312
170.411
173.946
178.162
182.525
186.435
190.54
194.318
198.222
162.118
-654321
154.16
150.207
146.523
141.977
138.471
134.297
130.439
126.641
122.144
162.036
166.371
170.199
174.48
178.161
182.052
186.245
190.295
194.226
158.602
-654321
169.97
146.149
142.468
138.053
134.108
129.838
126.186
122.114
117.876
157.837
162.02
166.135
199.984
174.432
178.029
182.199
186.068
227.81
154.137
-654321
146.295
142.684
137.732
134.215
130.323
126.02
121.943
118.601
114.338
154.405
158.304
162.099
166.13
170.088
174.081
178.358
182.01
186.221
150.492
-654321
141.915
138.388
134.284
130.37
126.193
122.57
118.549
114.153
110.143
150.164
153.862
157.941
162.029
166.094
170.552
174.309
178.546
182.3
146.481
-654321
138.164
134.311
129.955
126.256
122.189
118.005
114.069
110.824
106.125
163.961
150.274
154.442
158.009
162.09
166.291
170.02
174.114
178.386
142.009
-654321
134.634
130.314
126.299
122.55
117.952
114.218
110.024
106.498
101.911
142.535
146.397
149.935
153.864
158.693
162.326
166.044
170.522
174.191
138.262
-654321
130.267
126.278
122.645
117.921
114.665
110.375
106.039
102.575
98.5649
137.695
142.827
146.096
150.272
154.93
158.355
162.109
166.159
169.989
135.012
-654321
126.244
122.319
118.405
114.39
110.678
106.886
102.611
98.5534
94.8358
134.219
138.482
142.299
146.402
150.779
153.846
158.269
162.414
166.33
130.151
-654321
122.438
117.806
114.016
109.935
106.407
102.281
98.4392
94.2351
90.0832
130.226
134.804
138.34
142.965
146.598
150.065
154.271
157.827
162.285
125.854
-654321
118.19
113.966
110.362
106.495
102.213
98.1314
94.0855
90.2332
73.788
125.921
130.124
133.774
137.971
142.028
146.369
150.451
154.586
158.275
121.86
-654321
115.314
110.395
105.955
102.348
98.2761
94.2583
90.1344
85.9897
82.6773
122.063
126.064
129.787
134.294
138.337
142.077
146.352
150.178
154.036
118.419
-654321
110.208
106.681
102.674
92.0762
93.9341
90.2945
85.7871
82.1671
78.8559
117.733
122.761
126.109
130.456
133.881
138.115
142.442
146.017
150.204
116.395
-654321
106.731
102.191
98.3656
94.088
90.6747
86.1727
81.9725
78.4197
131.548
114.39
118.171
122.114
126.336
130.938
134.22
138.773
142.601
146.148
109.951
-654321
102.514
97.9806
94.4048
90.824
86.2113
81.6416
78.8459
73.583
70.7696
110.457
114.455
118.553
122.533
125.778
130.52
134.697
138.218
142.34
106.001
-654321
98.3061
94.9237
90.8456
74.5931
83.0544
78.2672
73.9924
70.4905
65.3332
148.184
110.516
114.366
118.482
121.575
126.536
130.409
134.218
152.681
102.578
-654321
94.2078
90.4982
85.5635
81.563
77.9159
74.5476
70.6847
65.9552
62.8707
145.402
106.484
110.467
114.348
118.687
122.542
126.02
130.308
134.198
98.3432
-654321
90.8884
86.3656
82.1127
77.9523
73.8543
70.6978
66.2524
61.8397
58.3582
97.959
102.443
106.094
110.198
114.847
118.805
121.839
126.788
140.623
94.6908
-654321
86.4586
135.729
78.5279
74.1634
129.961
66.3922
62.7997
58.5298
53.9086
94.2667
98.5816
102.135
106.758
109.559
114.32
118.859
122.36
126.392
90.5538
-654321
81.4669
133.644
74.1895
70.6572
66.6662
62.8848
58.5532
54.8488
50.8184
90.7918
93.7831
98.6329
102.234
106.741
109.97
114.432
118.761
122.124
86.8665
-654321
77.8642
56.377
129.627
66.6455
62.4909
58.2656
54.1988
50.1557
86.8123
89.9212
141.944
98.4515
102.757
106.967
111.037
114.47
118.382
82.9306
-654321
74.5756
70.5186
66.437
61.6782
58.7641
54.8639
119.712
82.4013
86.6751
90.2073
94.0469
98.4366
102.156
105.84
110.329
114.453
78.3385
-654321
70.5671
127.078
125.008
58.1858
53.9351
49.6223
78.1169
82.5644
137.757
90.129
93.8312
92.0223
103.371
106.315
110.403
73.9164
-654321
66.5568
62.4039
59.257
53.7363
50.1922
74.6922
77.8972
82.5715
137.596
89.9403
94.0383
98.5305
102.726
106.745
69.8688
-654321
61.3195
58.1459
55.1657
120.313
69.4372
74.4162
78.6806
82.3474
85.7665
90.3434
93.6618
143.343
102.424
65.8496
-654321
57.5293
55.9336
120.242
65.5938
130.123
73.9057
78.1068
136.294
86.6743
89.9623
93.631
98.1996
62.3194
-654321
121.463
51.2059
125.895
65.3726
70.2452
73.776
78.4339
135.997
85.1907
140.508
94.8797
123.077
-654321
119.415
59.3205
61.5296
65.9458
69.8827
74.1653
134.014
135.533
86.5574
90.052
53.9591
-654321
54.678
58.9877
125.579
67.2419
70.6878
74.0353
79.1146
82.2753
86.113
119.877
-654321
218.569
219.015
215.634
210.559
204.412
198.535
192.377
186.562
180.814
209.834
-654321
219.58
215.496
210.473
204.936
198.997
193.142
187.134
181.28
175.188
210.174
219.258
-654321
215.65
210.828
204.904
199.136
193.245
187.129
181.146
175.247
169.192
218.956
210.461
219.663
-654321
211.157
205.061
199.638
193.326
187.167
181.346
175.55
169.696
163.532
220.591
218.438
210.734
216.144
-654321
205.152
198.941
193.27
187.294
181.608
175.392
169.383
163.256
157.471
215.791
219.647
218.201
210.804
210.34
-654321
199.132
193.361
186.997
180.918
175.23
169.234
163.345
157.183
151.204
210.926
216.243
218.262
218.744
211.703
204.437
-654321
192.628
187.008
180.787
175.213
168.729
162.967
157.09
150.96
145.086
205.434
210.543
216.124
219.958
219.255
210.581
199.064
-654321
187.047
180.709
175.392
169.009
163.162
156.862
150.78
145.335
139.576
198.773
205.051
211.331
216.621
219.427
218.783
210.427
193.168
-654321
181.253
175.031
168.753
163.189
156.99
151.405
145.377
139.146
133.248
193.195
199.532
205.17
210.342
216.801
220.11
219.613
210.227
187.231
-654321
175.07
169.108
163.004
157.543
150.906
144.967
139.351
133.074
127.007
187.213
193.206
199.417
204.958
211.059
215.33
219.632
219.414
209.308
181.419
-654321
169.02
163.345
157.62
151.363
145.037
139.245
132.982
126.59
121.114
181.619
186.704
193.266
199.086
205.212
210.706
216.249
220.628
218.69
175.103
-654321
163.137
157.05
150.79
145.363
139.03
133.437
127.224
121.315
115.139
175.34
181.439
186.759
193.156
199.34
204.999
209.968
216.846
219.649
169.656
-654321
157.297
150.758
144.993
139.468
133.419
127.832
121.292
115.152
109.516
169.05
175.2
181.262
186.718
193.235
199.267
204.863
211.403
215.943
162.84
-654321
150.413
145.416
139.108
132.976
126.941
121.741
114.866
109.337
103.675
162.826
169.22
174.839
181.357
187.49
192.445
199.085
204.881
210.817
156.949
-654321
144.4
139.355
133.697
126.645
120.711
115.159
108.772
102.942
97.4195
156.495
163.305
169.227
175.446
180.606
186.864
192.964
199.237
204.962
151.199
-654321
139.184
132.758
127.057
120.682
115.273
109.151
102.939
97.3094
90.6182
151.184
157.346
162.697
169.299
175.768
181.834
186.972
193.546
199.016
145.13
-654321
133.025
127.369
120.763
115.237
108.489
102.968
96.8332
90.9428
84.9755
145.161
150.869
157.416
163.671
169.411
174.865
181.388
186.828
193.222
138.41
-654321
127.513
121.167
114.632
108.451
103.466
97.2167
91.6885
85.3876
79.5403
138.945
144.432
151.006
157.218
163.223
169.387
175.57
181.402
187.068
132.776
-654321
121.416
114.345
108.963
103.446
97.0179
91.1781
85.1545
79.0945
73.0759
132.934
139.073
145.05
151.278
157.184
163.056
169.06
175.494
181.035
126.967
-654321
115.227
109.184
103.429
96.9564
90.9661
84.8454
79.0956
72.8375
67.6359
127.001
133.25
138.249
144.737
151.333
157.349
162.929
169.016
175.001
120.923
-654321
109.606
103.128
97.3363
90.9363
85.4331
78.5938
72.7004
67.3463
60.2221
121.068
127.09
132.666
139.432
145.054
151.495
157.497
163.893
169.134
115.723
-654321
103.434
97.3917
90.9517
84.689
79.11
72.487
66.5396
60.9513
54.9811
115.118
120.395
126.697
133.358
138.337
145.359
151.736
156.713
163.152
108.682
-654321
97.1924
91.6824
84.3161
79.5298
72.6222
67.5289
100.977
55.8343
49.1861
108.872
114.682
120.266
126.394
133.151
138.886
144.831
150.638
156.984
102.279
-654321
90.8264
84.7037
79.2414
72.5984
67.0864
61.5388
55.7073
103.578
42.2792
101.881
109.209
114.955
120.107
127.006
132.886
139.556
145.659
150.481
97.6004
-654321
86.0339
79.7561
72.755
67.4604
61.1178
55.1463
49.4407
43.1482
36.9881
97.2308
102.711
109.014
115.284
122.039
126.697
133.139
138.025
145.068
90.6673
-654321
77.8726
73.6539
66.8929
61.2615
54.6582
49.5897
42.2336
36.2603
31.2983
91.0466
97.3816
103.325
109.52
113.732
120.666
127.471
133.167
139.191
86.536
-654321
72.5783
67.5558
61.6114
56.2634
48.8564
43.0993
36.4844
31.1813
25.8679
84.8194
91.138
97.8817
102.837
109.362
116.172
121.264
126.878
133.229
79.4285
-654321
66.2969
61.2367
55.3708
49.2068
42.2765
37.2488
30.9749
24.466
18.6077
79.4975
85.3096
131.546
97.2092
103.584
109.085
114.668
120.729
126.949
72.4916
-654321
61.1838
55.5312
49.1615
43.0587
36.9321
30.7688
25.3916
19.3866
12.5922
73.3043
78.1905
85.8896
91.0267
96.4233
102.656
108.486
114.798
121.226
67.1095
-654321
54.8443
49.4327
43.448
37.1567
30.782
24.0231
20.3068
12.4688
7.71568
67.3188
72.2813
80.0284
85.2934
90.9041
96.8801
128.7
108.323
115.373
61.9909
-654321
47.7919
43.2376
36.9529
30.9522
24.8617
19.6113
11.1102
6.81413
2.34273
61.2368
66.8922
72.2086
78.3609
116.384
90.6512
96.0461
102.468
109.224
54.9371
-654321
43.8013
37.0638
31.2667
25.1855
18.0378
12.0195
9.13923
0
55.129
100.362
67.0643
118.582
79.2394
84.587
90.0123
96.2553
102.966
48.3546
-654321
84.7376
31.3938
24.1277
72.0739
79.4261
7.73561
0.55872
92.9035
55.7095
60.5342
66.7784
71.203
79.5907
85.4277
121.12
97.2973
43.0909
-654321
29.7779
25.1638
72.5153
13.7304
75.862
70.7825
43.6042
49.7841
54.0827
60.5319
67.7393
72.5478
78.6296
117.068
91.0707
35.7574
-654321
24.9681
19.1993
13.0358
5.92156
2.11702
38.1957
44.3361
48.3707
54.931
100.115
66.5037
74.451
77.806
84.9397
80.3353
-654321
19.6307
12.5065
7.57703
1.18974
30.7491
36.6545
42.874
49.9104
54.9509
60.6499
67.7331
73.3469
79.2131
76.522
-654321
14.4548
6.27737
1.88146
25.729
31.2007
36.6494
43.8295
48.176
55.3883
62.0239
68.5246
73.3128
20.5651
-654321
7.54291
2.03624
84.1061
76.9988
30.4571
37.2568
42.3637
49.6753
54.0563
100.836
66.995
13.0764
-654321
0.742805
13.5136
20.5904
77.5505
32.2792
96.4761
43.4772
48.0651
55.3654
61.3299
5.51636
-654321
7.16771
12.7386
18.3068
25.6384
30.3685
38.4049
89.3703
49.3503
55.7829
3.06324
-654321
224.42
235.469
238.994
237.161
233.926
228.736
223.635
216.982
211.921
210.358
-654321
234.27
239.326
238.65
232.698
228.14
223.051
216.765
211.469
205.484
210.976
224.8
-654321
238.094
237.835
233.748
228.773
223.685
216.666
211.476
205.344
199.449
226.285
210.78
235.255
-654321
237.358
233.283
228.285
223.518
218.216
211.852
205.922
200.074
193.971
235.38
224.435
210.715
236.826
-654321
234.312
228.565
223.317
217.982
212.251
206.243
200.121
194.165
188.506
238.418
235.524
223.602
210.363
237.936
-654321
228.816
223.743
218.685
211.917
205.768
200.098
193.948
188.05
181.908
237.857
237.539
230.968
224.559
212.091
233.554
-654321
223.046
217.879
211.905
205.875
200.057
194.184
187.795
181.867
175.819
232.828
237.628
238.03
234.289
221.846
210.612
229.244
-654321
218.298
211.875
206.107
199.572
194.124
187.976
181.664
175.931
169.706
228.424
233.435
237.121
237.729
232.732
224.979
211.522
222.602
-654321
211.564
205.871
200.152
194.246
187.743
181.942
176.172
170.457
163.818
223.786
229.747
234.179
237.815
237.64
233.896
226.42
211.51
218.208
-654321
205.933
199.617
194.514
187.728
182.005
175.6
170.298
164.073
157.394
217.263
223.159
230.015
232.575
236.996
238.864
237.23
222.059
210.186
212.216
-654321
200.056
194.222
187.779
181.764
175.578
169.883
163.393
158.363
152.646
211.619
218.269
223.642
229.089
232.7
238.132
238.616
236.412
223.791
205.825
-654321
194.356
188.135
181.99
175.264
170.183
163.978
157.612
151.389
145.853
206.354
211.804
217.914
223.997
229.118
232.8
237.598
238.928
233.577
200.287
-654321
187.762
182.148
175.167
169.906
164.25
158.494
151.954
146.141
139.911
199.775
206.171
212.759
216.696
222.158
228.091
234.285
236.646
237.797
193.663
-654321
181.528
176.407
169.757
164.632
158.57
151.421
146.117
139.921
133.467
194.279
200.454
205.608
211.983
217.947
223.903
229.997
234.097
236.778
188.234
-654321
175.967
170.483
163.569
158.264
151.674
145.553
139.513
133.603
127.637
188.496
193.747
199.471
205.316
212.183
218.044
223.839
229.261
232.629
181.614
-654321
169.884
164.106
158.795
151.777
145.885
139.845
133.769
128.281
121.914
182.531
187.812
194.154
199.478
205.987
211.246
217.719
223.346
229.007
175.744
-654321
164.764
156.652
152.074
145.557
139.817
134.564
128.264
121.644
115.929
176.032
182.214
188.384
193.702
199.874
205.333
212.43
218.002
223.913
169.765
-654321
158.175
151.237
145.702
140.792
134.222
128.215
122.722
115.895
109.808
169.188
175.933
181.412
188.802
194.489
200.013
206.126
212.197
217.497
163.862
-654321
152.099
145.969
139.664
134.013
127.692
122.3
115.708
109.931
104.442
164.72
169.439
175.498
181.776
187.941
193.807
200.098
205.42
211.714
157.714
-654321
145.668
140.163
134.461
128.129
121.398
115.662
109.672
103.711
97.891
157.716
163.924
169.056
175.9
181.987
187.455
195.076
200.131
205.735
151.706
-654321
139.366
134.848
128.3
121.616
115.7
109.991
103.851
97.0581
92.5035
151.911
158.18
164.446
169.997
176.071
181.969
187.265
193.662
199.711
146.317
-654321
133.191
127.339
121.784
116.014
108.917
103.925
98.7872
91.7572
85.4819
146.394
152.645
158.321
163.147
170.136
175.26
182.361
189.046
194.054
139.848
-654321
127.38
121.111
116.149
109.343
103.141
98.1879
92.8745
84.889
78.9978
140.966
146.692
151.682
158.875
163.971
170.381
176.37
181.626
187.681
133.919
-654321
122.186
115.325
109.95
103.161
98.1604
91.6758
85.4348
81.002
73.3799
134.715
140.155
145.995
153.125
158.132
163.529
170.614
175.465
182.02
127.614
-654321
115.51
110.361
127.219
98.2136
91.3108
86.3219
79.0447
74.2092
67.8767
127.69
133.885
139.77
145.244
151.82
158.581
164.028
170.533
176.002
120.702
-654321
109.237
104.149
97.5357
92.7824
84.9936
80.3178
73.5032
104.42
60.5367
121.213
126.781
134.52
137.913
155.541
151.929
158.36
164.214
170.015
115.902
-654321
103.673
98.6537
91.6655
86.1452
80.2455
74.3181
67.426
61.2137
55.4336
117.182
121.72
143.975
133.569
153.659
145.311
150.72
157.86
164.017
108.68
-654321
96.8969
92.4948
85.4662
79.6201
73.3969
67.9473
62.822
54.8493
50.0374
108.905
114.991
152.802
128.93
133.338
139.593
146.477
150.889
158.143
104.855
-654321
92.2089
85.8412
80.4822
73.8145
66.6986
60.8025
56.044
49.3394
44.8059
105.558
109.855
115.741
121.776
128.231
133.971
141.287
145.933
151.72
97.552
-654321
85.5104
78.9022
73.8001
69.7482
61.9264
56.3925
49.8733
44.8277
38.6875
97.0434
102.562
108.974
116.225
122.31
157.899
133.407
139.773
145.744
92.1406
-654321
80.0878
75.2429
67.6049
63.3603
56.7906
49.9907
44.1538
37.6299
30.0811
91.7581
97.1117
103.771
108.653
113.551
120.815
126.876
132.553
140.164
86.68
-654321
72.7256
68.6331
62.3537
56.2999
49.7967
43.7191
39.1417
32.2619
115.125
90.548
96.5232
140.097
108.857
116.395
122.1
127.465
133.853
80.4741
-654321
66.5364
61.5539
56.056
48.7124
43.1042
38.4809
30.2916
111.564
85.3219
120.59
98.679
105.11
109.011
115.624
121.074
127.853
74.795
-654321
61.6298
54.7804
51.0824
43.1962
39.3294
33.3361
74.4392
79.6883
83.947
91.6479
97.1404
104.156
109.298
114.92
121.542
69.4341
-654321
95.3164
50.3876
42.9741
38.8488
31.9698
68.5341
72.7061
80.0039
84.0956
92.7116
98.207
128.48
108.798
115.593
62.0609
-654321
50.56
43.2487
37.6042
31.8599
60.8795
66.9442
75.0934
78.5442
116.035
91.5062
97.186
103.317
109.843
94.6409
-654321
88.6365
37.4103
30.7379
56.4187
99.1059
67.0494
74.2762
111.544
85.141
92.8444
98.0753
103.191
49.6641
-654321
37.466
33.0223
48.2028
56.1181
64.0766
68.1383
72.3602
81.2731
116.134
119.959
97.3724
43.1143
-654321
32.4454
41.8429
103.378
54.6742
61.3052
153.015
73.5061
80.3307
85.0292
91.5388
84.945
-654321
85.6129
43.7581
47.7821
57.6695
60.394
68.17
120.503
79.1373
85.4579
31.3675
-654321
223.154
237.131
250.236
254.587
254.785
251.48
251.678
245.9
240.303
210.502
-654321
240.403
246.787
253.968
255.244
253.75
247.776
246.029
239.08
234.416
210.138
223.377
-654321
246.368
254.004
256.016
254.116
251.11
245.521
239.256
233.916
228.777
224.159
210.538
239.7
-654321
253.65
255.392
253.08
250.843
245.57
240.46
234.331
228.497
223.071
238.902
225.027
211.498
252.146
-654321
255.587
252.441
249.17
244.446
239.645
234.149
228.078
222.159
216.603
251.169
239.086
224.649
210.358
255.827
-654321
252.577
249.997
245.467
239.664
233.97
228.468
222.438
216.848
210.386
254.645
249.937
239.108
225.128
210.343
252.659
-654321
251.203
244.589
240.432
234.258
228.494
223.03
217.416
210.92
204.472
255.734
254.86
246.411
239.384
225.224
210.605
252.273
-654321
243.985
240.012
234.03
228.991
222.901
216.928
211.033
204.853
198.508
254.883
254.442
257.119
250.767
241.576
222.057
209.253
249.671
-654321
240.129
234.069
227.98
222.706
216.585
210.968
204.129
198.771
192.915
246.748
254.919
256.045
257.075
251.391
238.779
222.65
210.712
243.963
-654321
234.804
228.527
222.272
217.235
210.714
204.922
198.699
192.621
187.112
246.078
249.09
251.709
256.376
255.578
248.87
240.578
226.234
209.812
240.069
-654321
228.283
222.454
216.946
211.05
204.501
198.536
193.104
186.767
180.676
240.337
244.568
251.021
253.402
256.555
256.669
248.124
238.064
226.351
233.657
-654321
221.997
216.197
210.273
204.564
199.154
192.988
186.672
180.118
174.735
234.254
239.155
244.861
251.04
254.214
255.433
256.485
248.527
241.365
229.141
-654321
216.762
211.149
205.158
198.32
193.451
186.624
181.103
175.093
168.561
228.511
232.265
240.895
244.074
249.96
251.646
255.539
254.094
246.67
222.411
-654321
210.454
204.692
198.738
192.915
186.62
180.866
174.515
169.158
163.009
223.417
229.368
234.704
240.215
245.535
250.848
253.261
253.725
256.098
217.311
-654321
204.985
198.721
192.466
185.882
180.672
174.775
169.017
163.269
155.99
216.381
223.038
228.416
232.842
239.466
246.579
247.136
252.756
255.284
210.182
-654321
199.089
192.427
187.277
180.951
175.344
167.514
162.917
156.699
150.19
210.448
216.702
222.601
228.555
234.337
240.424
243.108
250.296
252.637
205.53
-654321
192.108
186.92
180.486
175.128
168.773
162.21
156.846
151.167
144.778
204.538
210.187
216.742
222.86
228.456
234.179
239.261
244.416
249.249
199.025
-654321
186.716
180.584
174.185
168.79
162.499
156.534
150.534
144.349
138.347
199.548
205.6
211.026
217.208
222.413
228.024
233.696
237.722
244.304
193.07
-654321
180.407
174.874
167.567
163.194
156.234
149.88
144.835
139.603
132.449
192.926
197.987
205.729
210.613
216.048
222.217
228.764
234.812
239.71
186.389
-654321
174.623
168.505
163.508
156.17
151.111
144.305
138.834
133.602
125.844
186.566
192.089
199.383
204.662
210.675
216.825
221.95
229.043
233.952
181.378
-654321
168.824
162.83
155.737
150.605
144.16
138.891
131.837
126.371
120.642
181.521
185.673
192.629
198.807
204.516
211.133
216.903
222.617
228.158
174.393
-654321
162.141
155.786
151.063
145.556
138.762
132.922
126.372
121.063
114.138
175.472
180.825
186.915
192.669
198.377
205.175
209.713
214.672
222.878
168.32
-654321
156.208
151.161
144.925
137.984
133.544
125.644
121
114.939
109.189
170.544
174.748
181.932
187.875
192.903
197.93
205.437
210.684
216.359
162.694
-654321
150.495
144.179
139.55
131.689
126.656
119.758
113.407
107.304
103.436
162.992
169.3
174.074
180.155
187.016
192.625
198.671
205.251
210.869
155.108
-654321
145.145
138.394
133.257
127.272
120.057
112.918
107.955
102.326
97.0688
156.69
162.601
168.001
174.84
180.11
186.406
192.161
198.263
204.825
150.139
-654321
138.619
132.783
126.483
120.315
115.143
108.418
102.833
124.013
90.8583
150.715
157.361
164.419
168.372
174.812
179.565
185.507
192.906
198.921
155.217
-654321
133.32
128.078
120.79
147.58
109.264
103.01
97.3677
90.8582
115.634
143.85
150.782
155.238
162.6
169.772
174.394
179.743
187.132
192.447
138.244
-654321
128.069
120.352
114.664
108.982
103.696
95.9183
90.3061
84.9503
79.0213
139.612
143.957
150.696
155.718
162.613
167.343
174.426
180.73
186.55
132.525
-654321
120.782
115.883
108.161
102.096
97.7114
90.2153
84.4481
79.1455
72.13
131.861
138.963
145.154
159.966
157.679
161.026
169.5
174.962
180.047
125.331
-654321
115.063
106.754
101.544
94.6642
90.5176
84.7572
110.741
72.4878
67.4724
126.548
131.175
138.413
145.222
151.625
156.535
162.824
171.888
174.25
121.124
-654321
109.753
100.261
97.9346
88.7825
84.4987
76.5953
75.0775
68.1474
60.4305
121.242
126.776
147.315
137.887
144.449
150.04
156.411
162.819
168.504
113.774
-654321
128.696
97.0347
88.7758
84.1454
77.2573
72.711
66.2671
60.918
115.519
138.441
127.879
133.001
138.999
144.43
148.949
158.418
162.07
108.451
-654321
97.5364
90.8437
84.0523
78.7233
72.1805
64.6453
60.6491
107.723
115.269
120.273
125.979
131.942
138.326
144.47
151.282
156.654
102.775
-654321
131.81
84.172
78.2528
71.6529
68.0782
60.7153
101.791
110.247
114.6
120.866
126.392
133.587
153.825
155.876
151.086
97.3242
-654321
115.308
78.3482
72.5987
105.321
100.67
96.3
100.99
108.662
135.202
120.334
127.06
131.882
138.173
144.958
119.7
-654321
79.4439
72.8939
65.196
61.7744
88.9693
94.5308
101.652
131.638
115.244
121.712
143.474
133.323
138.354
83.6744
-654321
72.7292
152.9
58.8497
83.5815
91.4063
97.9264
102.495
107.119
114.697
120.52
125.399
132.196
79.1806
-654321
66.009
59.9241
158.083
116.59
91.0999
97.1469
101.566
107.454
115.293
121.154
126.37
71.5694
-654321
61.6766
73.3039
110.411
83.5307
119.058
135.733
104.235
108.925
114.911
120.373
116.114
-654321
65.0809
73.3998
77.7629
83.9855
89.4989
163.53
101.885
107.565
114.362
60.5244
-654321
225.204
240.59
257.748
265.778
266.963
273.233
275.464
271.873
264.802
210.589
-654321
240.461
255.678
264.419
272.358
276.895
275.752
268.427
268.324
264.101
210.019
222.374
-654321
252.977
260.835
274.392
273.941
274.551
275.132
270.308
262.075
257.457
224.838
210.565
239.225
-654321
258.097
271.396
272.76
272.434
273.711
268.711
261.405
258.289
253.89
244.808
223.748
210.602
246.804
-654321
268.776
275.867
275.487
268.074
269.427
264.871
258.014
253.815
248.306
251.758
234.631
224.094
211.3
268.401
-654321
273.069
272.41
266.666
267.574
263.914
259.016
252.601
247.734
242.41
265.875
255.191
239.165
223.155
210.995
270.257
-654321
273.642
271.291
269.318
264.095
257.441
252.848
247.917
242.353
236.309
272.888
262.996
255.56
240.914
225.89
210.956
270.632
-654321
272.291
269.711
264.181
258.661
253.234
249.07
242.838
236.812
231.174
274.945
269.14
264.838
251.953
238.462
225.216
210.351
273.626
-654321
267.774
264.631
259.148
252.664
248.412
243.302
236.778
231.108
225.084
273.318
274.995
273.532
265.776
254.076
238.073
224.62
210.945
273.764
-654321
264.323
259.691
253.124
249.067
243.633
236.528
230.782
224.426
218.813
270.827
272.04
274.182
269.369
266.732
252.065
242.326
224.363
210.315
269.39
-654321
256.958
254.757
249.581
242.06
236.656
230.421
224.588
218.724
213.324
269.866
272.537
275.706
268.95
272.539
264.891
249.355
240.314
224.201
262.502
-654321
253.688
248.621
242.532
236.438
231.257
225.595
219.113
213.447
206.596
265.324
268.617
269.725
274.193
270.993
269.798
268.399
251.829
240.017
259.354
-654321
247.954
242.076
236.005
231.15
224.826
218.546
212.873
207.412
201.078
259.413
262.935
269.969
272.148
275.208
278.162
269.967
265.042
248.178
250.648
-654321
242.331
237.381
230.217
225.33
218.714
212.579
206.26
200.35
195.175
253.733
260.391
265.778
270.238
273.1
273.055
267.456
270.17
257.339
247.984
-654321
237.243
230.664
224.197
219.088
212.461
206.191
200.872
195.077
188.124
248.77
254.399
260.005
266.287
268.272
271.987
274.607
274.169
266.2
243
-654321
231.287
225.347
219.086
213.444
206.878
200.24
194.575
189.126
182.806
242.809
248.284
254.37
257.264
259.678
267.363
271.894
274.755
273.499
236.378
-654321
224.852
219.137
212.418
207.267
201.095
195.592
188.359
181.816
175.994
237.005
242.638
246.638
252.969
255.122
263.428
268.345
273.446
272.119
231.467
-654321
218.524
212.547
206.413
200.092
194.492
188.631
182.918
176.605
170.798
230.08
237.172
242.146
248.413
252.921
257.978
262.226
268.927
270.771
225.252
-654321
212.187
206.472
201.774
195.605
188.837
182.486
176.467
170.075
165.429
224.69
230.954
235.918
243.152
247.1
254.475
258.995
262.884
266.853
219.273
-654321
206.358
201.63
194.265
187.054
182.448
178.048
172.026
165.027
158.672
217.627
225.104
230.84
236.491
242.214
248.514
253.581
257.057
263.552
212.756
-654321
199.961
195.662
188.589
182.022
176.707
172.13
165.734
158.876
152.677
213.321
218.374
224.8
230.24
236.51
242.003
245.067
252.616
258.855
207.468
-654321
195.266
187.93
182.348
176.962
169.943
165.076
158.027
153.591
147.108
206.516
213.286
218.276
224.283
231.014
237.385
242.953
248.633
253.497
199.986
-654321
187.11
182.44
176.879
170.861
163.97
159.183
152.846
147.271
141.761
200.919
206.309
212.224
219.12
224.299
232.095
235.71
243.231
248.412
194.842
-654321
184.328
175.766
171.695
164.335
160.365
151.791
146.638
142.194
134.364
195.196
200.469
207.403
211.774
217.813
225.446
228.931
235.917
241.572
188.271
-654321
176.493
170.201
165.1
159.697
152.959
146.428
142.126
133.814
129.152
189.29
196.004
201.425
206.184
212.7
218.89
225.237
230.475
236.484
182.367
-654321
170.954
164.596
159.589
152.937
146.925
140.556
134.661
128.438
121.862
181.694
187.857
195.471
199.95
206.594
213.467
219.146
224.357
231.002
177.249
-654321
164.161
158.327
153.804
147.019
139.865
134.073
129.245
123.096
116.554
175.596
181.524
188.571
194
200.384
207.198
212.535
218.065
224.539
185.612
-654321
157.696
152.273
146.004
140.89
135.245
128.989
122.988
116.15
110.191
170.987
175.911
182.47
189.152
195.35
200.617
205.669
213.855
218.89
164.135
-654321
153.402
147.228
140.332
134.631
128.535
121.682
116.551
110.781
103.941
168.091
169.442
176.501
182.991
189.003
195.72
193.969
206.787
212.026
156.001
-654321
146.363
140.476
134.836
127.599
121.288
118.082
111.045
105.431
99.1764
158.858
165.279
170.116
176.632
182.656
189.302
193.241
193.127
207.317
153.066
-654321
142.451
133.471
128.797
121.516
136.082
111.707
103.889
99.4563
92.2245
161.105
158.498
163.835
168.874
176.281
182.652
189.296
194.405
200.394
146.821
-654321
135.338
157.289
123.285
117.667
111.153
141.392
98.0721
93.1447
146.586
151.065
159.026
163.659
169.373
177.255
182.935
188.634
194.783
140.172
-654321
129.966
121.613
116.627
145.374
141.714
96.8421
91.7701
141.584
155.963
150.56
164.926
164.724
171.29
176.743
182.866
188.601
136.174
-654321
121.843
116.029
110.399
103.481
98.0267
93.2734
135.016
142.662
147.233
160.468
159.609
164.914
170.087
176.482
181.741
129.228
-654321
115.726
110.535
105.532
99.7097
92.997
127.87
133.09
165.458
145.305
153.344
158.655
165.304
170.426
176.268
123.41
-654321
131.5
103.373
99.0455
92.495
123.487
127.663
134.398
141.002
144.555
154.304
158.108
165.107
171.167
149.555
-654321
104.878
100.012
92.7989
117.078
153.075
128.111
133.211
165.595
145.141
153.879
158.609
164.352
112.698
-654321
99.8741
160.546
111.233
115.538
123.105
144.749
136.261
166.743
156.199
150.796
157.99
127.778
-654321
121.409
103.948
132.677
117.545
124.049
128.707
135.258
140.146
146.068
152.232
98.8215
-654321
99.0422
105.127
110.11
116.995
123.479
129.935
134.106
141.777
145.983
91.114
-654321
223.668
238.429
251.961
269.458
278.386
292.468
292.62
291.367
289.325
211.438
-654321
239.086
253.597
269.751
273.146
283.37
285.439
292.639
292.09
289.712
210.02
225.207
-654321
253.086
270.78
280.786
287.86
286.749
290.172
292.356
287.042
287.726
223.952
210.43
238.211
-654321
268.365
280.456
285.636
290.103
294.764
290.532
285.3
285.535
280.536
239.492
227.4
211.52
253.96
-654321
279.096
282.69
294.956
290.445
292.424
287.827
283.078
280.702
275.335
250.403
238.195
225.902
210.339
266.48
-654321
281.997
292.567
292.479
288.688
288.144
283.697
281.368
275.549
270.066
267.253
251.918
239.423
223.496
209.88
282.911
-654321
292.595
291.183
291.143
287.016
287.029
281.127
276.208
270.349
265.486
276.971
269.786
254.146
236.851
224.496
211.391
281.89
-654321
292.464
287.833
288.593
279.155
280.857
274.885
270.165
264.336
259.68
287.092
275.225
269.537
248.249
239.197
222.757
210.371
295.025
-654321
291.264
289.348
284.74
282.091
273.507
270.278
264.859
258.73
253.344
287.12
289.931
281.449
266.593
252.76
238.901
225.464
210.126
292.06
-654321
287.994
285.01
279.397
276.143
271.479
264.904
259.256
254.13
247.451
291.371
286.895
282.494
278.541
267.687
256.481
239.84
224.297
210.915
290.959
-654321
281.969
279.192
276.213
269.634
263.513
259.787
253.781
248.09
241.947
288.658
290.564
293.773
286.549
277.113
272.408
253.374
242.495
224.002
288.307
-654321
279.495
276.665
269.686
265.653
259.2
254.025
247.566
241.535
236.483
281.951
290.717
290.232
288.863
287.012
280.91
274.333
249.983
239.914
285.167
-654321
277.489
269.537
265.12
258.911
254.513
247.745
242.197
236.468
230.822
281.77
291.236
291.185
287.017
291.065
290.405
268.726
264.784
250.197
281.749
-654321
270.793
265.114
258.14
253.399
248.1
241.583
235.133
230.314
223.327
278.443
284.643
287.154
290.732
292.07
289.739
285.356
286.035
266.982
274.844
-654321
265.807
258.17
254.334
248.468
242.321
236.278
229.899
224.323
218.249
272.591
279.647
284.697
287.345
288.901
293.233
289.763
292.58
277.655
269.261
-654321
259.296
253.285
247.688
241.393
236.3
230.21
224.217
218.072
212.497
268.539
276.023
279.724
286.023
289.358
288.921
291.001
293.027
280.644
262.819
-654321
254.534
247.697
242.417
235.871
229.958
224.548
218.807
211.937
204.951
261.264
271.346
275.787
278.941
280.399
290.586
291.107
291.655
292.673
258.689
-654321
247.921
242.178
235.809
229.962
224.176
218.456
212.355
206.038
200.484
259.627
265.781
271.722
277.441
279.48
286.837
287.096
284.484
290.195
253.319
-654321
242.218
236.717
230.332
224.34
218.033
212.328
206.33
200.517
193.713
253.444
258.658
264.09
270.549
275.048
280.92
287.757
284.033
290.458
247.359
-654321
235.178
229.282
224.173
219.087
212.859
206.648
199.043
194.227
187.853
247.695
254.503
259.615
263.838
270.132
274.087
281.465
285.483
286.958
241.026
-654321
230.384
223.694
219.329
211.351
206.377
199.938
193.912
188.34
182.368
242.612
247.063
252.582
258.642
265.576
271.71
273.082
281.45
285.691
237.014
-654321
223.827
217.858
212.162
205.857
198.93
193.113
187.728
182.01
176.579
235.87
241.663
248.584
253.612
258.011
264.838
271.551
270.546
279.298
229.876
-654321
217.034
212.065
205.56
200.066
193.272
187.578
182.54
175.113
170.084
229.912
235.843
242.317
248.099
253.3
259.426
265.863
271.357
276.173
223.406
-654321
212.456
205.71
199.262
194.368
188.163
183.3
176.142
170.784
164.755
224.229
228.959
235.757
241.221
247.82
252.983
259.31
265.508
269.587
218.868
-654321
206.322
200.933
193.516
188.48
182.342
176.171
170.636
163.278
157.986
217.72
223.777
230.365
235.626
241.167
247.722
253.776
258.895
265.39
211.627
-654321
198.647
194.216
187.805
182.033
176.498
168.843
164.176
157.21
151.521
211.4
218.706
224.151
229.487
234.477
241.993
247.481
251.307
259.542
205.356
-654321
188.022
188.234
182.703
175.332
168.763
164.63
156.7
151.449
144.541
206.175
212.13
218.058
224.363
229.263
215.364
241.554
248.148
253.786
199.703
-654321
188.408
181.056
175.836
169.387
180.216
164.363
150.696
146.8
140.74
200.619
206.587
209.71
218.385
223.216
228.893
235.412
241.197
247.746
194.841
-654321
182.881
175.524
171.667
163.691
158.008
153.424
145.818
140.617
133.495
194.926
200.2
206.485
212.9
217.609
221.465
229.499
235.545
241.854
187.946
-654321
175.33
169.807
162.518
156.979
152.334
144.922
140.094
134.372
128.379
187.395
193.32
201.077
206.601
210.505
217.734
224.867
230.786
236.32
182.731
-654321
168.877
163.353
157.524
152.393
146.053
139.524
132.346
128.128
153.967
182.245
188.479
194.503
200.642
204.804
199.211
218.756
223.96
229.865
176.62
-654321
165.35
158.484
160.351
147.159
165.572
133.105
127.171
122.333
177.186
182.08
187.538
194.411
198.773
205.775
213.127
219.203
223.745
170.903
-654321
157.23
151.949
145.226
141.885
160.66
128.073
121.235
171.021
175.466
182.031
186.208
193.754
199.775
206.629
212.149
218.064
165.093
-654321
149.246
147.063
139.084
134.281
145.284
123.423
162.885
172.895
175.219
181.694
189.914
193.538
191.814
205.037
210.693
176.964
-654321
146.783
139.746
134.125
127.886
121.068
156.129
162.916
171.918
176.052
181.513
197.097
195.025
200.097
205.157
150.532
-654321
139.767
134.02
126.706
121.613
162.284
159.441
164.541
171.071
176.539
181.304
184.197
185.796
199.386
145.064
-654321
135.147
125.873
123.363
145.725
152.617
178.354
163.596
169.63
189.461
183.035
188.764
193.633
139.305
-654321
143.953
121.87
140.892
145.581
150.814
157.149
164.341
172.744
175.857
181.103
188.006
133.98
-654321
123.021
160.733
139.752
157.487
152.368
158.726
166.491
170.902
176.079
182.24
130.402
-654321
128.073
132.434
140.078
170.631
152.126
163.399
162.31
185.322
176.128
121.761
-654321
225.427
237.031
255.546
263.744
286.387
292.358
291.634
316.008
309.893
211.229
-654321
234.443
251.436
272.863
279.267
291.417
301.04
312.716
311.419
309.712
209.578
226.574
-654321
252.713
267.894
276.736
284.015
298.475
310.692
301.547
306.342
304.953
224.204
210.756
239.703
-654321
266.71
281.237
292.836
294.922
307.215
308.725
309.582
306.467
306.125
235.973
223.89
209.835
254.06
-654321
286.785
291.838
307.447
310.037
303.211
298.677
308.387
305.743
302.742
251.989
241.319
223.642
210.024
273.387
-654321
294.21
307.89
303.792
307.566
307.892
304.975
304.499
295.563
296.875
264.761
253.482
231.844
226.235
210.33
279.783
-654321
296.938
305.365
308.82
305.519
307.659
306.178
303.145
298.355
290.92
275.683
266.787
253.731
240.432
227.224
210.225
290.034
-654321
308.888
305.275
306.267
308.548
302.953
302.152
297.359
289.574
288.327
303.98
272.876
269.637
252.26
235.956
224.656
209.823
301.118
-654321
310.483
308.66
308.031
303.316
300.846
295.28
293.199
286.152
280.372
299.563
292.927
284.68
264.246
252.773
237.39
223.613
209.773
298.081
-654321
306.304
308.36
304.557
300.865
295.904
292.418
286.671
280.698
275.045
306.32
299.384
292.575
277.092
267.401
255.256
235.356
224.276
209.966
306.957
-654321
307.491
306.062
302.827
296.146
290.91
286.041
281.354
274.579
270.3
308.588
301.48
304.015
290.62
282.27
265.978
253.819
239.412
224.539
309.382
-654321
303.186
302.113
296.113
290.16
287.331
281.22
276.314
269.326
264.904
310.354
303.854
304.749
308.322
296.006
277.125
265.939
253.092
240.761
306.401
-654321
300.584
295.958
291.784
287.71
280.561
276.637
271.019
263.957
258.942
305.231
304.703
305.333
311.674
303.298
297.158
277.595
271.303
257.529
306.31
-654321
295.664
290.821
288.556
282.824
276.122
271.397
263.551
259.737
252.102
305.499
301.193
309.736
307.55
306.349
306.79
295.265
280.551
266.743
301.45
-654321
292.311
286.042
281.047
275.465
269.381
264.396
259.131
253.565
247.147
302.822
300.814
303.813
306.343
303.697
306.335
300.715
286.049
283.165
295.443
-654321
284.441
280.952
275.883
270.189
263.229
259.016
252.551
246.648
241.121
295.465
303.046
302.574
307.737
311.961
310.054
306.376
307.171
292.508
289.457
-654321
279.4
275.552
266.19
264.483
258.785
252.575
246.608
240.129
235.107
289.621
293.41
300.587
294.387
310.483
310.527
304.119
309.713
302.806
284.122
-654321
275.935
270.049
263.865
259.303
252.628
247.084
241.013
234.505
227.913
288.02
291.348
292.468
296.829
308.996
307.023
308.974
306.733
307.19
279.51
-654321
270.586
264.821
257.482
252.882
247.173
241.064
235.295
229.348
222.548
282.592
286.578
290.613
295.078
295.412
307.642
306.389
305.565
311.424
276.005
-654321
265.119
258.905
252.687
246.808
241.068
234.432
228.756
222.137
216.19
275.45
281.197
278.986
294.308
295.877
299.949
307.664
307.28
305.754
269.332
-654321
258.157
252.859
246.577
241.677
235.345
228.704
222.464
216.505
210.743
269.48
272.791
280.864
284.913
292.114
297.559
299.715
303.616
305.494
265.057
-654321
251.579
245.782
240.862
235.005
228.457
223.817
216.158
210.809
204.798
264.781
270.464
276.255
280.987
285.741
291.081
295.467
303.874
304.721
258.772
-654321
246.912
241.253
234.539
228.918
221.516
216.736
210.895
205.287
198.455
258.723
264.34
267.515
277.719
264.709
284.994
288.986
297.568
300.129
253.105
-654321
241.909
234.46
228.083
223.431
216.946
210.437
204.708
199.441
193.44
252.455
257.81
264.689
270.894
275.6
281.714
284.74
284.229
293.472
245.977
-654321
234.281
228.584
222.491
215.702
210.995
204.451
199.384
193.867
187.058
246.977
252.365
258.84
263.093
269.354
275.787
280.314
288.256
289.757
241.707
-654321
228.036
222.114
216.209
210.799
204.901
199.045
191.666
186.172
181.477
241.377
246.122
253.596
256.997
263.161
269.282
243.885
281.052
285.387
235.682
-654321
223.116
216.167
210.675
204.477
198.42
192.278
186.657
180.095
175.563
235.248
240.755
246.404
253.272
258.322
264.487
271.337
272.724
281.464
229.567
-654321
216.29
210.33
205.126
198.15
192.4
187.336
180.893
175.377
168.757
228.25
234.691
240.621
247.033
252.929
259.58
262.87
269.305
266.017
223.342
-654321
209.23
205.564
198.408
191.992
185.728
180.769
174.471
168.933
161.48
222.198
229.22
235.317
219.071
246.593
252.155
258.629
264.174
269.751
217.302
-654321
205.171
198.676
193.103
185.628
180.93
175.612
168.634
162.26
156.774
216.415
222.124
228.619
234.21
240.928
246.396
252.926
258.902
264.098
211.627
-654321
199.101
193.281
186.142
180.852
175.062
169.326
160.775
155.845
150.365
210.336
216.439
223.586
228.496
233.784
241.333
247.093
226.789
257.459
204.945
-654321
194.208
183.374
180.542
176.036
168.952
162.141
157.024
149.153
204.74
210.519
214.905
222.115
228.956
234.619
240.775
246.105
252.792
197.434
-654321
186.724
180.507
173.846
166.749
181.128
164.242
152.327
198.131
204.586
211.183
217.672
224.8
224.172
234.786
239.915
246.009
193.688
-654321
179.5
174.284
168.499
179.437
155.729
159.703
193.052
198.847
195.441
199.498
216.362
221.456
229.421
234.158
241.016
187.533
-654321
174.194
169.088
163.063
156.521
152.079
187.995
192.942
200.095
204.66
210.412
217.06
224.205
227.973
234.604
179
-654321
170.127
161.963
155.675
150.645
179.846
187.354
192.986
199.089
204.236
211.849
215.898
208.354
228.624
175.385
-654321
162.622
156.261
150.355
177.077
180.75
185.026
191.414
197.861
195.873
211.285
203.483
222.794
167.937
-654321
176.587
150.286
167.404
173.393
180.748
186.99
191.505
198.073
205.674
210.351
216.427
166.987
-654321
149.514
167.502
166.069
173.311
179.089
187.452
193.5
190.611
205.154
210.045
156.375
-654321
164.173
163.532
167.39
174.03
180.904
187.695
188.555
197.288
204.903
152.775
-654321
224.098
237.665
252.091
274.65
273.443
289.838
293.827
304.517
322.217
210.835
-654321
238.922
256.457
268.356
274.439
291.815
294.966
310.706
314.425
330.114
212.243
222.332
-654321
252.569
273.015
279.678
293.839
306.755
310.82
315.194
327.638
324.272
225.192
210.687
236.789
-654321
268.362
283.05
300.12
305.163
319.981
315.737
327.735
322.159
328.971
235.785
225.03
212.199
258.281
-654321
275.274
294.477
302.138
320.95
321.87
328.06
328.232
325.968
325.695
258.915
238.804
224.352
210.63
266.997
-654321
300.208
307.564
312.853
319.666
326.538
325.446
326.582
323.77
316.764
271.003
254.001
241.966
222.367
210.853
274.615
-654321
314.03
314.556
321.326
314.465
330.035
323.368
323.904
322.104
317.614
277.422
274.138
256.992
239.812
225.583
210.448
293.145
-654321
312.042
313.748
333.499
325.437
324.53
325.19
325.983
319.295
310.982
291.947
282.18
268.213
260.786
244.887
222.461
209.973
316.072
-654321
315.794
331.2
327.472
322.992
328.747
321.073
320.775
312.714
307.699
305.503
302.706
278.119
267.326
256.82
238.732
224.569
210.265
322.911
-654321
323.503
325.919
323.106
321.678
325.012
319.542
314.941
310.024
306.823
319.433
307.193
296.158
277.161
269.544
253.859
239.362
222.805
209.681
325.632
-654321
329.397
328.308
321.223
319.242
318.269
317.136
310.154
303.707
299.214
318.944
306.176
304.851
286.52
282.089
271.28
251.804
242.649
223.531
324.672
-654321
324.817
324.66
320.338
310.391
313.886
307.814
305.926
300.495
295.79
325.372
316.244
315.256
305.491
295.842
280.722
267.416
252.6
239.774
327.805
-654321
323.055
322.683
317.64
316.459
307.499
304.093
299.698
295.938
289.413
326.726
323.197
323.829
318.569
300.018
295.785
273.993
267.391
251.666
323.671
-654321
325.091
315.981
315.779
309.832
305.058
298.041
293.471
290.145
284.53
325.54
327.367
328.797
323.072
324.052
311.516
292.005
277.552
261.926
328.386
-654321
319.376
315.529
309.237
303.541
300.783
294.91
290.05
284.479
277.648
321.496
327.68
327.432
327.397
319.345
321.094
313.668
303.177
281.012
317.167
-654321
311.659
308.889
303.129
298.367
293.982
289.044
283.656
278.55
271.652
308.107
317.985
325.75
319.32
321.875
323.699
317.217
301.254
291.916
317.65
-654321
313.026
306.954
296.487
294.359
288.044
283.118
278.18
272.682
266.701
316.397
317.625
325.223
326.286
325.328
324.272
319.254
309.469
313.765
313.765
-654321
304.085
298.771
292.723
289.84
282.855
277.418
271.769
265.843
260.323
313.518
317.45
327.562
326.304
330.511
322.565
318.531
333.451
313.038
310.77
-654321
296.797
292.802
285.701
283.419
278.554
272.175
266.606
259.607
254.122
310.682
314.022
320.284
318.021
320.721
326.677
325.921
326.726
325.964
305.507
-654321
294.923
288.917
283.026
278.901
272.52
266.256
261.217
253.309
248.564
302.853
306.865
311.224
318.66
327.056
324.307
321.008
322.867
326.414
297.606
-654321
289.403
283.538
278.775
271.612
266.827
259.917
254.43
249.444
243.105
297.749
308.059
311.791
314.237
320.17
324.847
327.971
328.617
330.728
292.435
-654321
283.65
275.513
272.073
265.466
259.495
254.503
248.041
242.093
235.719
296.335
301.6
304.786
305.471
310.551
317.733
323.341
329.853
327.931
287.348
-654321
279.582
272.36
266.523
260.333
253.964
248.559
242.089
235.896
230.294
290.123
284.97
301.317
304.754
305.26
299.106
320.14
321.693
326.236
284.693
-654321
272.125
267.051
261.272
254.785
248.649
242.818
236.228
230.825
224.07
283.765
288.236
295.949
301.492
301.044
310.068
319.592
316.441
322.136
278.263
-654321
265.909
260.912
255.566
248.193
242.846
236.63
230.838
223.659
218.237
274.225
283.52
287.639
294.836
302.216
305.117
313.243
313.784
318.798
271.866
-654321
261.344
254.07
248.125
242.592
236.245
230.791
224.963
219.02
213.326
270.517
279.099
284.064
286.606
296.054
301.614
306.206
307.09
314.779
263.93
-654321
255.094
248.054
241.897
237.168
230.449
225.121
218.215
211.846
205.821
265.896
272.979
278.76
284.72
285.373
295.306
300.697
305.474
310.821
260.357
-654321
247.614
243.118
236.472
229.407
224.018
219.018
212.874
206.137
200.492
260.12
266.532
272.619
278.497
283.666
289.059
291.861
300.498
305.599
254.667
-654321
242.505
236.627
229.735
223.938
218.933
212.142
207.478
200.386
194.552
254.764
259.402
265.906
273.212
274.309
283.961
289.221
295.333
301.028
248.05
-654321
237.004
231.092
225.483
218.54
211.539
206.324
200.781
193.855
188.458
248.267
254.849
261.529
266.145
273.138
277.41
282.771
290.602
292.776
242.809
-654321
230.704
224.049
217.905
212.145
206.482
200.293
195.252
188.524
181.984
241.841
248.695
254.325
260.341
267.454
271.563
278.232
284.649
289.676
237.38
-654321
224.541
216.518
210.927
206.545
199.908
195.685
189.254
182.603
236.388
242.175
248.885
254.193
259.992
264.795
271.16
277.331
283.036
231.269
-654321
217.686
211.34
205.853
200.495
193.863
188.321
183.592
229.599
235.846
241.233
247.642
254.31
260.452
265.954
272.441
277.171
224.606
-654321
213.015
205.898
200.99
194.057
187.606
181.728
223.51
230.816
236.443
242.455
248.492
255.122
260.248
262.778
270.663
218.971
-654321
206.084
200.297
194.226
188.213
181.854
218.772
225.4
230.742
237.007
241.213
248.043
253.799
261.759
266.256
212.53
-654321
200.351
194.396
189.451
182.305
212.938
218.976
223.957
229.564
236.339
242.457
249.265
254.316
260.026
206.982
-654321
193.618
188.428
180.891
206.589
211.167
218.154
224.982
225.541
237.323
242.963
248.607
254.853
200.649
-654321
184.657
182.481
200.217
206.841
212.442
217.232
225.114
225.387
236.604
241.861
248.395
195.897
-654321
183.622
195.125
200.188
205.612
212.296
218.403
223.481
229.17
236.121
242.04
186.285
-654321
189.412
195.654
200.584
206.657
211.946
218.818
225.372
230.469
235.805
182.362
-654321
225.527
237.576
251.632
267.73
288.614
285.412
329.315
329.745
335.167
209.99
-654321
241.522
257.636
267.535
273.519
303
303.547
335.113
342.503
337.882
210.982
226.373
-654321
253.809
269.416
288.333
291.883
317.89
315.897
323.8
333.032
340.358
225.135
209.995
236.234
-654321
268.212
283.678
288.973
313.131
322.329
326.994
342.763
345.901
344.408
239.283
226.049
210.846
253.565
-654321
281.958
286.242
289.641
319.553
338.166
330.643
336.078
332.185
339.361
249.56
240.712
222.349
210.386
270.73
-654321
297.332
320.684
316.52
333.82
347.527
343.635
346.348
339.03
344.481
263.184
255.288
235.226
224.997
210.291
283.554
-654321
315.169
330.886
322.87
339.448
342.558
346.869
353.605
337.573
338.741
278.286
264.397
255.72
236.978
226.881
211.073
292.998
-654321
323.116
326.373
331.788
345.431
343.308
346.973
346.066
335.47
343.512
303.041
286.691
264.905
252.123
235.483
224.574
209.826
304.623
-654321
321.988
338.328
344.884
343.509
338.961
336.722
339.393
340.743
333.784
316.438
290.3
280.837
277.924
257.018
235.71
225.299
211.193
316.107
-654321
337.485
336.944
342.17
345.596
337.48
341.824
328.665
331.95
332.386
317.839
316.513
295.445
290.398
268.529
252.488
240.016
224.957
211.343
332.343
-654321
340.225
340.144
331.222
343.958
341.681
339.008
331.709
333.23
326.725
337.465
335.892
320.243
297.062
281.017
266.609
251.326
237.324
225.424
335.287
-654321
338.627
341.123
341.691
340.139
337.775
328.88
328.462
326.582
319.426
337.071
327.164
316.574
308.867
291.039
286.661
265.692
247.591
240.589
344.891
-654321
342.481
345.445
343.812
339.401
337.418
331.874
326.565
319.994
315.068
343.354
335.872
325.182
322.715
308.309
292.222
279.883
272.658
253.128
343.201
-654321
339.059
344.344
337.122
333.382
330.166
325.34
318.129
314.292
312.58
344.931
340.529
337.444
321.806
314.014
309.589
286.313
282.333
266.372
342.742
-654321
343.699
341.114
338.896
331.9
322.516
322.873
316.578
309.252
304.333
346.199
339.175
335.874
337.85
332.234
319.302
309.49
296.768
279.369
342.232
-654321
339.225
333.888
330.813
326.397
322.266
316.798
305.856
305.41
301.441
345.044
336.38
334.663
343.175
345.216
338.727
323.284
303.534
291.819
343.435
-654321
332.783
325.91
325.902
322.739
315.72
309.257
305.561
300.592
294.658
340.528
346.578
341.046
335.22
343.235
342.285
337.264
331.919
315.262
338.195
-654321
328.363
326.342
320.526
315.237
309.377
304.403
301.024
294.843
288.126
337.209
340.319
345.319
339.632
336.281
344.971
332.308
322.403
331.717
333.357
-654321
328.22
321.607
316.685
310.773
306.952
301.15
295.404
288.428
283.718
331.043
343.569
330.454
341.453
343.645
346.652
329.94
343.841
344.816
334.134
-654321
317.761
315.621
313.609
306.022
300.765
295.033
288.787
283.11
276.653
327.544
331.35
338.072
332.239
342.768
345.667
341.734
337.675
341.617
325.286
-654321
313.944
312.776
305.908
300.536
294.981
289.184
283.271
277.648
271.685
327.069
328.959
334.207
337.497
336.494
348.162
343.04
342.299
332.764
315.702
-654321
312.17
301.787
300.835
293.088
290.802
283.614
277.122
272.065
265.605
321.55
320.491
334.282
339.321
341.492
340.753
342.623
344.241
351.973
312.413
-654321
306.483
298.093
295.566
289.204
284.202
277.738
271.591
265.804
259.097
315.804
322.795
322.783
328.174
328.256
341.435
337.09
342.64
342.654
313.009
-654321
299.015
295.307
286.879
283.629
276.93
272.061
265.98
259.646
254.25
311.478
310.563
324.281
327.85
331.969
336.196
344.2
341.708
340.604
307.398
-654321
295.993
289.304
283.73
275.559
271.587
265.957
259.724
254.124
248.069
304.36
313.3
317.379
324.732
328.464
330.132
332.502
339.936
342.353
300.47
-654321
287.849
282.637
278.202
271.515
265.189
259.715
253.785
247.962
241.722
300.31
306.654
311.893
317.291
319.491
329.821
331.344
339.428
340.151
293.171
-654321
283.482
276.12
270.467
265.77
260.284
254.091
248
241.382
235.82
294.769
300.522
306.739
313.564
314.312
314.919
325.276
330.877
335.946
287.652
-654321
275.147
271.686
265.112
259.569
253.704
247.592
242.084
235.771
229.824
289.996
290.559
300.608
306.147
308.62
307.624
319.928
323.251
328.68
283.306
-654321
271.715
265.14
259.947
254.097
247.813
241.917
235.042
230.54
223.783
280.22
289.212
295.531
301.119
307.786
305.877
313.136
325.381
327.64
276.917
-654321
265.988
259.406
253.834
247.43
241.468
235.738
230.091
223.34
218.41
276.824
282.104
287.587
294.69
301.631
305.635
309.898
317.902
321.254
272.388
-654321
259.976
252.77
247.763
242.157
234.805
229.655
223.008
217.654
212.31
271.336
278.301
284.077
288.958
295.81
301.422
305.728
313.236
316.559
265.478
-654321
253.571
248.466
241.468
236.1
229.886
222.846
216.326
211.489
265.2
270.982
277.278
283.65
290.127
294.958
301.27
305.32
310.61
259.235
-654321
247.992
240.585
235.111
229.852
223.549
217.144
212.702
260.09
248.537
271.882
277.455
283.073
289.677
295.017
300.895
306.948
253.312
-654321
240.372
235.152
229.897
224.402
218.03
212.126
253.141
259.01
266.864
272.016
276.574
284.902
289.039
294.982
300.879
248.32
-654321
235.971
229.732
208.444
218.483
212.777
247.321
253.418
260.44
266.419
272.72
275.283
283.936
286.906
295.22
241.343
-654321
230.336
223.473
217.955
212.133
241.514
248.253
253.65
259.967
265.166
271.562
276.599
281.863
288.989
235.095
-654321
225.227
217.08
211.16
236.341
241.347
248.148
253.099
260.618
265.758
271.464
277.626
282.134
230.539
-654321
216.709
199.75
228.72
237.03
241.748
248.353
254.019
259.858
266.472
271.567
277.047
208.558
-654321
210.969
222.771
224.027
235.629
241.528
248.647
252.917
259.298
248.434
271.553
218
-654321
217.111
223.696
225.746
235.557
242.08
247.488
253.534
259.596
265.824
212.578
-654321
216.181
227.885
236.009
237.115
249.776
273.831
270.219
272.135
288.127
205.384
-654321
221.725
235.655
244.514
257.186
258.313
303.128
281.113
280.912
292.309
204.551
216.571
-654321
231.413
242.03
246.515
273.154
263.692
286.878
293.996
300.108
300.396
218.408
206.015
224.224
-654321
233.852
249.327
267.554
276.643
274.146
293.404
296.674
294.751
304.414
222.479
215.636
205.583
233.681
-654321
254.413
255.484
270.846
278.328
264.577
288.411
296.961
302.271
294.985
236.028
225.574
214.577
205.936
243.183
-654321
264.328
280.766
277.939
289.79
298.315
301.797
305.345
300.237
306.386
240.141
234.67
225.337
215.033
206.07
247.217
-654321
275.904
275.101
294.65
289.631
292.943
324.178
306.135
304.646
303.656
252.684
243.837
232.519
224.464
214.244
205.606
259.594
-654321
279.197
292.717
292.563
297.191
309.333
300.524
304.149
305.494
299.891
256.261
252.549
245.327
236.034
222.579
216.802
206.18
277.833
-654321
294.864
301.326
300.405
303.109
300.897
305.36
302.787
300.195
315.819
262.173
260.586
255.127
244.967
232.673
223.289
215.08
206.14
274.814
-654321
288.612
299.919
302.793
298.007
298.057
301.57
300.338
298.685
301.238
280.309
262.841
259.676
252.83
241.944
233.109
227.416
215.945
205.57
288.746
-654321
302.863
305.22
303.397
304.4
301.247
300.296
302.49
302.435
297.227
283.254
281.696
272.05
257.404
251.247
237.334
232.436
224.356
215.617
295.022
-654321
306.828
297.653
302.621
305.235
301.861
302.361
301.539
298.403
295.457
300.506
281.491
277.495
271.674
262.872
247.997
238.18
233.669
225.461
303.459
-654321
303.496
303.577
305.078
306.633
300.973
297.29
299.075
295.655
291.266
290.589
291.926
289.059
280.665
277.182
268.351
255.999
243.573
235.979
305.659
-654321
304.79
301.798
304.439
298.796
297.609
297.515
294.137
288.895
284.068
299.421
302.411
299.199
290.544
285.067
274.478
259.593
254.066
248.462
298.435
-654321
304.103
301.466
301
300.649
295.574
293.462
290.952
287.483
282.925
305.232
304.124
297.695
295.082
289.809
277.547
269.208
267.156
253.671
301.265
-654321
302.926
300.094
298.213
295.059
293.06
290.939
287.142
284.186
279.644
303.865
323.565
301.717
294.48
295.719
285.16
284.282
269.869
260.774
302.602
-654321
300.805
298.162
296.943
293.806
290.813
286.912
282.556
281.37
275.943
303.023
304.042
300.841
298.382
301.377
293.349
292.547
283.695
273.463
302.571
-654321
297.861
296.598
295.025
289.735
287.35
283.399
281.482
275.334
273.315
302.94
304.22
297.895
299.72
301.718
295.963
301.557
289.459
282.985
300.348
-654321
295.289
294.436
290.115
284.885
282.585
279.957
277.469
272.877
269.806
305.063
302.236
305.271
301.023
302.834
307.613
294.666
295.338
289.453
301.434
-654321
295.284
290.137
284.973
284.432
279.3
277.427
273.654
269.548
265.716
299.685
304.652
295.761
308.86
305.394
306.575
311.106
297.64
290.853
299.959
-654321
290.846
286.163
284.956
280.215
277.459
273.708
269.816
265.391
262.002
294.409
301.598
298.606
304.317
304.063
303.912
301.327
304.006
300.889
295.201
-654321
287.568
282.995
281.249
277.431
272.477
269.927
266.611
261.465
258.525
290.781
297.515
301.17
302.973
303.138
305.585
303.799
303.92
303.888
291.401
-654321
284.807
279.869
277.601
272.469
269.805
265.686
262.092
258.148
254.571
291.987
291.837
297.17
299.223
303.188
303.214
300.482
301.542
299.477
288.867
-654321
280.422
275.979
273.452
269.107
266.406
261.748
258.442
254
250.83
284.631
291.972
294.203
293.888
299.771
303.854
306.226
301.403
305.254
284.508
-654321
277.926
273.635
269.864
265.766
262.206
258.255
254.447
250.822
246.504
284.407
286.588
292.129
295.852
298.513
298.899
300.239
303.959
302.195
280.775
-654321
273.871
269.816
266.121
262.211
258.256
254.384
250.01
246.588
242.515
281.194
284.369
287.336
290.61
286.849
298.316
300.192
299.204
299.075
277.57
-654321
266.638
266.266
262.016
258.554
254.291
250.749
246.036
242.455
238.32
276.172
280.048
284.499
287.188
291.677
290.458
297.572
295.45
300.525
273.558
-654321
265.608
262.012
258.242
254.548
250.472
246.417
242.993
238.289
234.621
272.985
277.408
281.627
284.846
286.895
292.809
292.133
298.68
299.409
267.618
-654321
261.757
258.089
254.183
250.866
246.362
242.534
238.423
234.441
231.045
268.777
271.963
277.327
281.539
282.188
280.886
292.22
294.213
296.504
265.817
-654321
257.864
254.413
250.942
246.27
242.398
238.65
234.497
230.292
226.64
266.127
269.003
273.478
277.56
281.35
283.662
284.829
291.295
292.688
261.828
-654321
254.482
250.241
247.281
242.499
239.234
234.433
230.478
226.122
222.453
262.629
266.265
270.048
272.272
274.336
281.254
285.462
287.995
290.917
258.275
-654321
250.605
246.564
241.885
238.142
234.212
230.265
226.373
223.018
258.344
262.358
266.337
267.64
272.454
277.606
280.928
285.543
287.148
254.383
-654321
245.992
242.19
237.985
234.689
230.643
226.082
222.35
254.445
258.618
261.857
265.511
270.169
238.71
275.14
279.803
283.524
250.546
-654321
242.503
238.158
234.741
230.378
226.052
222.933
250.552
254.39
258.735
262.32
265.881
237.756
271.314
277.323
278.435
246.428
-654321
238.46
234.516
230.214
226.493
223.015
246.234
249.884
254.051
258.004
261.912
266.115
269.798
273.506
276.808
242.64
-654321
234.956
230.629
226.702
223.066
242.227
247.38
250.313
254.065
258.817
261.739
265.084
265.005
273.382
238.619
-654321
229.937
226.377
222.191
238.588
242.086
246.503
251.089
254.479
258.93
262.242
266.177
269.555
234.414
-654321
226.649
222.191
234.376
238.546
242.64
246.448
250.031
253.793
258.196
261.777
266.014
229.879
-654321
221.732
230.312
234.063
238.93
243.019
246.526
250.49
253.656
258.304
262.326
226.244
-654321
226.492
229.648
234.326
238.251
242.558
246.17
250.297
255.016
258.396
223.161
-654321
