278.597
283.099
255.488
266.264
247.508
315.383
239.448
235.43
231.478
268.388
-654321
273.972
255.724
251.717
247.631
243.538
239.594
242.208
231.812
227.644
271.081
262.853
-654321
256.044
252.093
247.885
243.809
239.91
236.126
232.046
256.039
223.93
263.346
263.463
269.575
-654321
251.365
247.679
243.489
239.673
235.449
231.566
227.676
262.743
219.507
259.346
263.041
263.513
255.533
-654321
247.607
243.389
239.646
267.634
231.565
227.392
249.349
219.658
237.434
255.477
270.251
268.46
263.372
264.575
-654321
243.379
239.615
235.726
231.756
227.486
223.679
219.573
215.516
211.562
251.554
255.54
259.358
263.121
266.918
247.561
-654321
239.579
235.429
231.606
227.589
223.698
219.528
233.276
211.739
207.494
247.444
251.314
255.295
259.426
263.181
263.203
243.477
-654321
235.777
231.492
227.619
223.611
219.523
215.508
211.693
207.451
203.611
243.644
247.463
265.181
255.512
259.675
262.563
263.531
239.679
-654321
231.728
227.741
223.912
243.649
215.661
211.558
207.744
203.406
199.783
239.938
243.652
247.443
287.476
255.651
259.413
262.948
263.08
235.59
-654321
227.713
223.662
219.431
215.302
211.48
207.359
203.526
199.314
195.695
235.825
239.806
243.399
247.691
251.394
255.6
259.317
262.603
263.296
231.447
-654321
223.728
220.074
215.507
211.978
207.779
203.75
199.47
195.695
191.859
231.341
235.766
239.763
243.538
284.3
251.792
255.724
260.052
272.238
227.753
-654321
219.881
215.57
211.438
207.861
203.766
199.654
195.603
191.638
187.767
227.938
231.849
235.444
239.541
243.574
247.557
251.787
255.602
259.494
223.383
-654321
215.341
211.455
208.04
203.394
199.956
195.604
191.873
187.81
183.64
223.359
227.571
231.777
235.857
239.473
243.46
247.5
251.407
255.679
219.886
-654321
211.526
207.436
203.986
199.554
195.597
191.356
187.619
183.526
179.532
219.337
223.567
227.605
261.276
235.769
239.329
243.44
270.209
251.679
215.773
-654321
207.78
203.938
199.456
195.458
191.63
187.551
183.486
179.929
175.4
215.814
219.58
223.714
227.621
231.608
235.521
239.855
243.251
247.602
211.926
-654321
203.42
199.832
195.335
191.987
187.61
183.76
179.662
175.502
171.574
211.515
215.56
219.663
223.425
227.514
231.928
235.365
239.857
243.607
207.668
-654321
199.45
195.51
191.407
187.702
183.546
179.06
175.416
172.19
167.554
225.455
211.642
215.895
219.341
223.323
227.605
231.707
235.567
239.623
203.517
-654321
195.797
191.721
187.697
183.713
179.65
175.504
171.863
167.93
163.293
203.754
207.569
211.455
215.135
219.881
223.821
227.726
231.73
235.633
199.745
-654321
191.848
187.235
183.859
179.465
176.028
171.744
167.306
159.594
153.791
199.222
204.12
225.441
211.866
215.872
219.85
223.564
227.672
231.393
195.821
-654321
187.543
183.697
179.815
175.732
171.852
167.952
163.698
160.057
155.95
195.784
199.913
203.587
207.601
231.917
215.291
220.021
223.647
227.803
191.844
-654321
183.729
179.503
175.595
171.546
167.934
163.788
160.229
155.313
151.304
191.218
195.964
199.898
204.062
207.816
211.355
215.516
219.639
223.484
187.605
-654321
179.388
175.387
171.903
167.911
163.379
159.765
155.388
151.829
147.582
187.028
191.577
195.148
199.542
203.724
207.51
211.56
215.874
219.586
183.297
-654321
176.413
171.443
167.266
163.786
159.334
155.508
151.64
147.426
144.181
183.41
187.754
191.73
195.539
200.173
203.27
207.675
211.654
215.676
179.56
-654321
171.65
167.929
163.699
153.676
155.556
151.39
147.259
143.291
139.656
179.403
183.852
188.113
192.032
195.453
199.813
203.684
207.293
211.601
175.51
-654321
168.145
163.984
160.008
155.866
152.082
147.436
143.57
139.81
136.125
176.122
180.636
183.108
187.655
191.738
195.708
200.318
203.438
207.741
171.914
-654321
163.592
159.498
156.083
151.383
147.961
143.434
139.897
135.129
132.21
171.416
175.721
180.08
184.049
187.644
191.949
195.109
199.739
203.674
167.412
-654321
159.638
155.896
152.105
135.405
143.427
139.686
135.757
131.931
127.928
168.069
171.801
175.4
179.365
182.709
187.03
191.415
195.531
213.61
163.245
-654321
155.842
152.133
147.429
143.74
139.385
135.845
131.99
127.482
99.9418
206.996
167.79
171.928
175.531
180.079
183.492
187.038
191.606
207.51
205.418
-654321
151.827
147.676
143.228
138.913
135.399
132.027
127.541
123.758
119.527
158.552
163.316
167.857
172.265
176.522
180.247
183.813
187.656
191.69
155.297
-654321
146.872
142.704
139.274
193.777
131.038
127.131
124.237
119.944
115.028
155.373
159.524
163.447
168.006
171.763
175.793
180.313
184.533
187.885
151.409
-654321
143.181
139.757
136.296
131.819
127.708
187.009
120.179
116.449
111.833
151.463
202.762
159.18
163.85
167.661
211.344
174.642
178.885
183.371
199.419
-654321
139.286
192.836
131.293
127.765
123.214
118.865
114.971
111.824
108.108
147.496
151.238
155.245
159.454
164.174
167.425
171.5
175.875
183.699
143.554
-654321
135.711
131.099
127.574
123.48
119.32
116.003
111.693
108.045
103.729
143.658
147.106
150.671
156.051
159.359
159.609
167.684
171.442
175.751
139.733
-654321
131.472
127.871
187.211
119.727
115.522
111.961
107.784
103.753
99.3584
140.741
143.1
148.221
151.208
155.967
158.956
163.447
168.491
172.301
135.986
-654321
128.138
123.916
120.738
115.322
112.078
178.324
104.255
99.1142
95.4755
135.964
139.705
142.605
148.019
150.728
203.445
160.592
164.109
167.681
131.466
-654321
123.706
119.959
115.774
110.938
107.801
104.769
175.345
95.713
90.7246
131.874
136.069
139.798
143.522
147.568
151.616
203.027
160.004
163.584
127.626
-654321
119.595
116.329
112.024
179.791
177.501
100.55
96.0468
91.8459
169.41
127.483
131.158
135.869
139.748
143.8
147.053
151.28
156.211
159.609
123.501
-654321
182.949
111.249
107.284
104.025
99.2137
95.5572
91.7209
169.116
83.9123
123.668
189.818
131.652
135.978
139.625
143.412
147.698
152.032
156.278
185.674
-654321
111.769
179.849
103.972
99.3192
96.0684
91.6465
87.1382
84.5035
164.717
185.348
124.286
127.48
131.362
135.862
140.366
196.923
148.225
151.318
115.457
-654321
178.268
103.781
100.821
173.145
90.9622
86.9501
84.1547
79.8067
75.116
116.718
185.901
123.435
127.532
131.877
136.141
140.012
143.529
147.467
111.606
-654321
103.448
100.974
95.5674
91.7135
86.7604
84.2884
79.997
75.5418
161.586
181.218
115.166
119.119
123.208
189.601
132.563
136.462
195.357
143.864
107.443
-654321
100.795
135.486
91.7957
87.376
166.704
79.582
163.341
160.876
106.932
111.323
116.532
185.322
124.03
128.619
131.816
135.961
139.592
178.619
-654321
173.062
91.6938
168.803
167.077
78.7281
163.981
72.1866
104.693
179.615
112.411
183.287
119.43
124.11
190.006
131.034
136.131
99.652
-654321
90.5284
169.555
167.122
79.2781
74.9735
71.2681
100.467
104.319
108.111
180.963
115.576
119.526
124.254
127.955
131.569
96.4804
-654321
87.4894
83.7939
78.8162
163.076
72.1102
97.2871
99.2007
177.164
107.817
112.029
115.201
119.493
124.528
127.422
90.8087
-654321
166.67
164.944
77.7853
71.2212
91.5895
95.4795
99.5545
176.774
107.253
182.169
115.25
120.549
123.567
169.414
-654321
79.6294
75.5916
161.072
87.3628
170.74
94.5478
175.288
103.337
107.255
180.466
183.683
119.98
83.7297
-654321
162.376
161.43
83.7818
87.9086
170.567
94.1767
175.054
104.63
179.208
111.2
115.073
164.798
-654321
160.889
80.1164
83.6098
87.3932
171.543
96.9468
175.088
177.213
180.324
111.842
75.7364
-654321
163.869
165.121
166.229
168.077
91.8551
94.9406
100.466
104.676
107.992
162.006
-654321
280.368
280.509
276.864
271.149
265.883
260.024
253.784
247.804
242.187
271.359
-654321
280.742
276.644
271.646
266.373
260.174
254.396
248.428
242.649
236.582
271.493
280.651
-654321
276.838
271.97
266.159
260.449
254.75
248.504
242.577
236.474
230.334
280.467
271.874
281.035
-654321
272.406
266.526
261.02
254.83
248.472
242.739
237.071
231.266
225.021
281.085
280.462
271.704
277.598
-654321
266.413
260.366
254.375
248.484
242.702
236.568
230.389
224.386
218.551
276.996
280.789
280.881
272.051
271.725
-654321
260.442
254.878
248.674
242.413
236.433
230.613
224.563
218.335
212.509
272.322
276.996
280.773
279.359
272.744
265.928
-654321
254.318
248.48
242.137
236.582
230.235
224.406
218.278
212.251
206.573
266.637
271.649
277.353
280.699
280.647
272.142
260.287
-654321
248.287
242.078
237.009
230.539
224.303
218.472
212.221
206.853
200.739
260.114
266.339
272.336
277.994
281.009
280.44
271.75
254.494
-654321
242.594
236.415
229.86
224.609
218.386
212.412
206.416
200.328
194.596
254.855
260.722
266.662
271.629
277.954
281.172
280.784
271.909
248.392
-654321
236.513
230.323
224.376
218.49
212.144
206.309
200.846
194.49
188.545
248.612
254.568
260.472
266.143
272.524
277.126
280.939
281.29
271.154
242.451
-654321
230.284
224.658
218.618
212.792
206.387
200.627
194.443
188.221
182.52
243.034
248.498
254.852
260.414
266.947
271.862
277.511
280.856
280.555
236.739
-654321
224.338
218.311
212.246
207.079
200.019
194.766
188.855
182.805
176.482
236.564
242.497
248.315
254.316
260.396
266.277
271.381
277.994
280.276
230.744
-654321
218.741
212.049
206.241
200.608
194.719
188.929
182.228
176.826
170.674
230.408
236.559
242.271
248.547
254.37
260.747
266.291
272.389
277.476
224.176
-654321
212.299
206.624
200.845
194.152
188.367
183.02
176.355
170.067
164.991
224.505
230.231
235.837
242.344
248.475
254.017
260.311
266.501
272.162
218.237
-654321
205.937
200.689
194.924
187.703
182.067
176.658
170.568
164.43
158.842
217.973
224.611
230.698
236.689
242.69
248.561
254.414
260.362
266.457
212.17
-654321
200.59
194.438
188.308
182.248
176.837
170.439
164.312
158.289
152.278
212.484
218.949
224.358
230.338
236.956
242.712
248.663
254.781
260.502
206.233
-654321
194.159
188.573
181.798
176.115
169.977
164.444
158.41
152.298
146.412
206.516
212.474
218.484
224.719
230.993
236.794
242.242
248.253
254.587
200.241
-654321
188.49
182.887
175.92
170.116
164.716
158.491
152.986
146.877
140.609
199.947
206.044
212.648
218.517
224.15
230.619
236.915
242.703
248.377
194.385
-654321
182.346
176.527
170.79
164.388
158.345
152.881
146.422
140.615
134.456
194.019
200.103
206.49
212.521
218.162
224.843
230.635
236.755
242.251
188.601
-654321
176.462
170.441
164.634
158.594
152.489
146.529
141.076
134.574
128.408
188.53
194.964
200.104
206.495
212.743
218.726
224.103
231.512
236.529
182.492
-654321
171.176
164.613
158.603
152.757
146.068
140.061
134.536
128.354
122.05
182.609
187.925
194.146
201.167
206.666
212.672
218.602
225
230.56
176.312
-654321
164.45
159.13
152.185
146.009
140.229
133.61
127.813
122.63
116.404
176.111
182.486
188.725
194.421
200.56
206.748
212.719
218.55
224.29
169.968
-654321
158.348
152.57
146.308
140.334
133.895
128.678
122.914
117.2
110.606
170.059
176.686
181.579
187.649
194.783
200.601
205.559
212.027
218.257
163.46
-654321
152.25
145.832
141.171
135.038
129.044
122.599
116.583
110.81
103.747
163.438
170.652
176.265
181.804
188.834
194.398
200.949
206.926
212.283
158.756
-654321
146.589
141.12
133.813
128.636
122.418
116.678
110.609
104.103
98.6821
157.828
164.086
170.482
176.663
181.968
188.336
194.699
199.297
206.729
152.747
-654321
139.647
135.389
128.17
122.216
116.07
109.907
104.506
146.621
92.4586
152.989
158.565
164.241
170.227
176.284
181.65
188.711
194.383
200.544
147.371
-654321
134.023
128.287
123.258
115.884
110.614
104.213
97.7153
92.9091
86.9586
146.252
152.512
158.685
164.904
170.573
176.558
181.73
188.283
194.384
141.23
-654321
128.162
122.384
116.481
110.856
104.26
97.7978
92.1748
86.2607
79.775
140.729
146.688
152.803
158.446
164.088
170.298
175.924
182.69
188.126
134.484
-654321
121.946
117.119
110.244
161.147
98.5008
91.7864
87.1379
81.094
74.481
134.588
139.601
146.289
152.448
158.784
164.498
170.854
176.105
182.584
128.468
-654321
116.888
110.875
105.687
98.7071
92.0639
86.4159
80.239
74.5185
69.1128
129.568
134.023
140.381
146.386
152.026
158.239
164.663
170.143
176.433
122.802
-654321
110.395
161.723
99.6138
92.1635
138.022
80.809
75.2196
137.202
62.4385
122.515
128.629
133.856
173.899
147.805
152.025
158.027
164.137
170.461
116.567
-654321
105.127
99.7083
92.6921
86.418
80.3184
129.328
138.053
61.9949
117.749
116.517
173.066
127.68
133.394
141.102
146.66
192.512
158.43
164.894
109.489
-654321
145.481
93.1748
85.0766
80.1035
75.5056
68.0221
63.6705
56.1818
51.6156
110.563
158.427
122.923
128.161
133.549
139.395
146.555
151.477
158.334
103.029
-654321
92.4335
86.8401
81.3202
73.7833
69.0148
63.2593
56.2131
50.1419
44.7456
161.37
110.931
116.352
122.815
127.297
133.46
140.676
188.447
152.603
98.1529
-654321
85.133
80.1496
74.6654
68.4548
133.052
57.2361
125.098
44.6612
39.6575
97.6273
105.738
154.48
210.318
122.058
128.998
134.479
139.945
146.884
91.491
-654321
81.3309
73.9364
68.8256
63.7203
56.1774
124.714
44.1139
40.132
31.4042
92.4588
156.62
104.104
109.367
117.666
121.86
128.001
135.079
140.629
85.9995
-654321
74.9946
68.7857
61.1217
55.5769
113.719
44.8585
38.3068
31.7775
27.0538
86.5898
90.839
99.1914
105.877
110.616
115.639
121.624
128.051
134.404
81.7157
-654321
68.1639
62.3306
57.0724
51.0805
45.353
117.062
32.7908
27.1692
19.4351
79.9787
85.4904
92.0244
157.448
104.387
153.235
157.573
122.07
127.999
141.246
-654321
62.9052
54.713
50.8362
45.1832
37.8188
32.6292
26.0255
104.485
101.081
73.9776
80.8913
88.5275
91.4705
99.1631
160.268
163.842
210.024
122.671
68.526
-654321
129.551
49.648
44.3428
38.1406
31.8115
27.9534
19.2544
100.526
8.42113
125.78
73.4325
80.7687
86.1918
141.58
97.7906
206.674
109.08
116.522
62.7003
-654321
124.023
43.739
38.367
33.1793
25.7821
21.8969
88.9251
10.1116
3.29994
62.3303
68.1537
73.8128
80.2813
138.705
202.814
145.327
161.35
110.675
57.0629
-654321
43.932
38.2447
30.4101
26.7436
20.5694
89.8804
7.87138
0
54.5709
122.934
69.1046
196.299
80.8881
85.9928
142.867
97.8393
104.617
188.192
-654321
38.6131
112.666
180.399
104.965
14.4566
8.90347
1.55982
50.9377
119.097
131.881
137.306
74.3794
81.4536
85.631
93.5168
98.1888
44.6923
-654321
33.5705
109.793
21.0821
175.86
7.57253
92.3467
46.4041
114.012
128.477
132.033
69.5459
73.6085
80.301
84.7343
92.5784
38.4724
-654321
25.813
21.6136
100.251
86.6332
3.48267
37.9308
44.4911
50.6368
116.802
120.164
65.297
74.4756
133.182
86.629
100.784
-654321
178.438
13.8859
176.484
2.40993
101.822
38.2937
45.7874
113.691
59.2027
192.74
125.822
130.489
80.4613
97.2488
-654321
15.7247
173.062
2.57876
108.268
33.899
39.0802
110.403
50.3396
55.616
63.9232
125.445
74.1662
105.6
-654321
174.987
2.12585
176.84
97.1125
31.8102
37.5209
43.1264
50.3766
117.109
63.6749
68.0722
103.511
-654321
3.11697
90.039
95.2388
97.6501
114.202
38.1767
108.492
114.327
118.129
62.8242
10.7409
-654321
8.79684
15.6258
21.0506
26.0175
32.4441
116.789
44.7714
114.788
58.0988
3.72334
-654321
285.24
296.874
299.564
298.933
295.63
290.145
284.744
278.423
273.478
272.388
-654321
296.258
300.542
300.835
294.15
289.97
284.882
278.881
273.143
267.145
272.921
285.82
-654321
299.991
299.09
295.184
289.864
284.329
277.232
272.597
266.348
260.75
286.62
271.376
296.566
-654321
298.436
294.924
290.006
284.828
279.413
273.343
267.007
261.726
255.668
296.119
285.613
272.171
299.196
-654321
295.159
290.001
284.339
279.425
273.625
267.575
261.356
255.418
249.429
300.117
297.653
285.186
272.287
299.663
-654321
290.057
284.635
279.337
273.428
267.254
261.42
255.582
249.371
243.463
297.143
299.993
294.333
284.268
272.688
294.408
-654321
284.999
278.673
273.167
267.362
261.265
255.568
248.959
243.201
237.516
294.844
299.211
299.921
295.294
282.8
272.353
290.167
-654321
279.784
272.975
267.402
261.08
255.487
249.548
243.54
237.57
231.257
289.861
294.806
298.974
300.401
295.787
286.122
271.484
284.721
-654321
272.801
267.271
261.36
255.526
249.582
243.265
237.468
231.251
225.382
284.899
290.59
295.289
298.02
299.854
294.175
286.886
273.106
279.321
-654321
267.186
261.399
255.441
249.056
243.306
236.888
231.743
225.338
219.222
278.907
284.435
291.31
294.155
297.651
299.81
296.925
284.87
270.621
273.53
-654321
261.501
255.654
248.766
243.367
236.816
231.594
225.178
219.602
213.307
273.252
279.222
284.428
290.361
294.508
298.187
299.646
296.253
286.158
267.47
-654321
255.51
249.559
243.659
236.86
231.302
225.007
218.984
213.371
207.494
267.284
273.227
279.264
285.624
291.289
295.635
299.693
299.79
294.117
261.81
-654321
249.337
243.6
236.964
231.449
225.415
219.495
213.357
207.422
201.103
261.332
267.264
273.965
278.223
283.997
289.038
296.598
297.921
300.045
255.681
-654321
242.486
237.172
231.202
225.681
219.636
213.034
207.17
201.689
195.29
255.032
261.924
266.954
273.047
279.053
284.305
290.385
295.527
297.555
249.032
-654321
237.411
231.459
224.929
218.869
213.165
207.246
201.245
195.405
188.939
249.941
254.8
261.245
267.135
273.917
279.51
285.457
289.945
294.938
243.083
-654321
231.364
225.649
219.847
213.493
207.47
201.331
194.982
188.879
182.816
243.456
249.949
255.561
261.303
267.326
272.572
280.005
284.343
290.279
236.956
-654321
225.207
219.054
213.294
207.153
200.726
195.537
189.759
182.912
177.124
237.018
243.47
249.29
254.925
261.296
267.223
273.708
278.98
284.666
230.843
-654321
219.234
212.715
207.236
201.657
195.488
188.562
183.621
176.961
171.433
230.84
236.104
243.161
249.482
255.619
260.308
267.14
273.523
278.916
225.316
-654321
213.45
207.275
200.572
195.453
189.322
183.4
177.611
171.12
165.365
225.447
230.911
237.551
243.37
249.416
255.329
261.648
267.2
273.102
219.255
-654321
207.302
201.342
195.047
189.303
182.453
176.911
170.996
165.108
159.422
219.912
225.426
230.755
237.118
243.132
248.751
256.508
261.057
267.285
213.002
-654321
201.421
196.267
189.49
183.382
177.701
171.227
165.715
159.152
153.53
213.196
220.472
224.981
231.429
237.779
243.206
248.942
255.267
261.368
207.557
-654321
194.206
189.116
183.494
177.174
170.063
165.746
160.48
153.54
147.014
207.334
213.256
219.433
224.857
231.359
236.701
243.639
249.912
255.17
201.885
-654321
189.143
183.247
178.067
171.086
164.698
160.017
153.747
146.824
141.246
201.713
207.589
212.838
218.85
225.537
231.413
236.766
242.624
249.266
195.504
-654321
183.45
178.096
171.865
165.829
159.963
152.68
146.738
141.7
134.745
196.142
201.028
207.235
213.852
219.084
225.106
232.151
236.52
243.093
189.398
-654321
177.765
170.868
164.459
159.884
153.414
146.627
140.822
135.077
129.454
189.447
196.218
200.912
206.126
214.051
220.377
224.718
230.977
237.129
183.922
-654321
169.325
165.282
159.028
154.052
146.626
141.536
135.001
128.961
123.677
183.488
190.684
196.031
200.958
206.426
213.244
219.345
225.512
231.113
176.357
-654321
164.776
158.877
153.401
147.763
141.943
137.118
129.228
122.236
116.976
177.054
183.604
189.177
194.866
201.119
207.829
213.582
218.505
225.094
170.495
-654321
159.769
152.997
146.104
173.327
134.906
128.554
123.523
116.808
152.87
170.362
176.272
184.196
189.323
194.731
226.243
207.799
213.434
219.51
165.597
-654321
153.458
147.995
141.613
134.889
129.179
122.202
117.388
110.574
104.942
165.372
170.892
176.662
183.025
190.428
194.887
202.399
206.205
213.218
158.792
-654321
146.825
140.893
135.704
129.16
123.403
118.384
111.705
105.623
99.2401
185.532
165.747
171.522
177.773
183.977
188.377
195.675
201.258
207.138
153.05
-654321
140.247
134.522
129.317
124.495
116.837
111.898
104.355
100.456
93.0304
152.391
186.16
164.739
170.605
175.48
182.641
189.012
194.944
200.893
147.294
-654321
135.012
129.143
123.97
117.125
112.067
104.863
101.247
93.774
88.3437
147.736
182.303
159.755
165.683
170.557
177.746
182.029
204.313
195.026
142.191
-654321
129.828
122.574
116.624
111.384
104.972
99.3074
92.3434
86.6559
79.916
141.496
146.911
181.29
159.421
164.538
170.007
176.644
182.224
189.181
135.374
-654321
161.569
116.594
112.52
104.96
97.5059
142.353
86.8892
80.5522
129.004
135.05
139.687
146.278
180.557
160.987
165.653
172.395
176.837
183.488
165.688
-654321
117.162
111.742
103.967
99.22
94.6916
87.3074
80.8403
129.912
68.1684
127.146
135.563
141.543
177.987
181.013
159.722
226.933
170.437
177.098
122.438
-654321
153.773
151.616
145.987
92.8511
86.1661
82.1522
74.4021
68.0015
62.2062
123.63
128.856
135.257
140.948
147.171
151.087
158.548
165.156
171.467
116.35
-654321
106.186
98.285
92.2563
87.0552
81.5168
74.5667
69.8734
64.9388
57.5359
114.92
122.372
164.292
183.911
142.491
147.911
152.076
159.215
165.62
153.375
-654321
99.2918
94.8351
151.716
78.6292
142.969
69.0236
120.864
118.436
51.9022
109.969
117.339
123.552
129.59
135.209
139.96
177.311
181.655
158.987
107.293
-654321
154.358
88.3865
145.826
142.329
194.022
64.1658
132.231
50.2705
45.1568
162.519
154.293
158.055
122.361
129.323
134.323
141.316
220.265
153.118
146.637
-654321
85.0777
82.8988
73.4613
68.8903
62.7417
58.1536
113.225
45.4825
37.6647
99.0608
103.806
111.582
116.732
123.34
128.376
134.147
140.926
147.329
92.8725
-654321
79.8471
195.494
67.6497
120.233
57.5507
50.5106
44.5604
39.0313
31.9992
93.0171
98.7563
105.658
165.042
157.532
162.774
213.955
135.067
141.708
86.7377
-654321
127.785
139.21
63.9628
117.369
50.3105
122.234
38.1682
34.019
86.552
140.702
158.069
160.389
111.874
116.068
174.182
129.052
134.987
82.5732
-654321
125.719
63.4795
117.994
49.7862
108.819
38.5798
30.9874
80.3171
150.807
140.028
145.348
106.719
152.315
158.401
121.967
128.79
76.3599
-654321
63.5667
55.3976
115.124
108.827
38.7373
115.04
197.322
79.4698
136.429
155.33
159.966
104.135
109.938
168.248
123.712
68.1467
-654321
116.741
50.9361
123.226
106.476
102.092
137.614
141.563
80.4939
85.2612
93.1928
204.744
149.26
111.701
117.071
122.467
-654321
114.227
121.154
41.2797
100.723
61.3187
70.4811
75.6158
200.116
137.442
89.9913
203.529
103.743
111.612
116.148
-654321
109.564
41.462
102.012
57.2258
62.017
125.783
74.3201
80.9535
201.675
95.9739
101.072
104.124
125.766
-654321
41.3392
101.368
52.9322
127.655
64.545
69.5552
140.961
79.3273
200.164
92.173
99.384
109.932
-654321
32.7671
44.5641
127.199
129.597
62.8975
124.26
73.651
80.3217
85.886
92.8157
40.4899
-654321
106.157
43.069
48.4246
130.159
192.432
195.187
74.8608
80.4447
87.5915
101.874
-654321
286.055
298.56
312.053
316.537
316.251
313.07
313.588
306.972
301.542
272.268
-654321
299.396
308.513
315.225
311.517
316.255
310.391
307.197
300.567
295.862
271.336
285.873
-654321
307.881
314.246
316.882
316.12
311.209
307.537
300.253
295.102
290.457
285.594
272.559
301.868
-654321
316.102
316.095
314.593
311.817
305.602
301.528
295.413
289.913
284.312
297.949
286.804
272.395
310.752
-654321
317.346
313.831
311.198
305.56
301.053
295.386
289.731
283.968
277.825
311.519
301.197
287.21
272.361
317.315
-654321
314.25
311.748
306.344
301.592
295.284
289.899
283.788
277.967
272.031
316.851
309.298
300.5
286.164
271.763
316.289
-654321
311.244
306.589
301.495
295.708
290.269
284.366
278.519
272.263
265.923
316.541
318.569
311.345
301.003
287.486
271.74
312.695
-654321
306.346
301.515
295.51
290.25
284.204
278.321
272.316
266.213
259.762
313.261
317.812
314.472
311.399
299.92
283.307
272.596
312.938
-654321
301.372
296.106
289.279
284.035
278.071
272.488
265.554
260.304
254.32
309.356
316.585
317.474
316.573
312.723
298.679
283.178
270.973
306.354
-654321
295.834
289.814
283.293
278.755
272.231
266.661
260.174
254.288
248.142
307.741
310.071
312.944
316.57
317.18
311.795
301.61
287.69
271.7
301.4
-654321
289.664
283.881
277.947
272.367
266.13
260.235
254.476
248.051
242.122
300.946
305.673
312.959
314.135
317.547
315.175
310.717
300.303
284.163
295.743
-654321
283.336
278.019
272.005
266.015
260.633
254.143
248.152
242.479
235.931
295.936
301.068
306.313
311.356
314.668
317.35
315.911
309.859
303.866
290.309
-654321
277.85
272.426
266.517
260.166
254.33
248.037
242.251
235.742
229.992
290.267
294.745
301.227
306.701
310.977
313.199
317.484
315.183
302.997
283.524
-654321
271.62
265.984
260.075
253.871
247.725
241.808
236.392
230.763
224.221
284.405
289.115
295.834
301.251
305.964
311.57
314.78
317.374
316.043
278.492
-654321
265.886
259.614
254.19
247.834
242.287
236.457
230.698
224.3
218.088
277.814
284.177
290.061
295.025
301.611
306.987
308.848
313.575
317.128
271.61
-654321
260.137
253.856
248.242
242.595
236.13
229.462
223.982
218.032
211.276
271.831
277.924
284.427
290.261
295.866
302.009
305.247
311.173
314.591
266.223
-654321
253.78
248.559
241.673
236.119
230.223
223.75
217.73
213.377
206.648
265.993
271.571
278.352
284.186
290.407
295.925
301.221
305.453
310.862
259.935
-654321
247.733
241.572
236.231
230.509
223.763
217.866
212.148
206.404
199.75
260.734
266.432
272.173
278.09
284.019
289.165
294.956
299.115
305.811
254.088
-654321
241.585
236.284
228.858
224.283
217.774
211.826
206.058
200.28
194.326
253.945
260.424
266.624
271.7
277.786
283.248
289.149
295.242
301.726
248.045
-654321
235.794
230.111
224.134
217.303
212.358
205.88
200.264
194.267
187.416
248.105
253.176
260.218
266.071
271.807
278.972
283.124
289.689
295.384
242.231
-654321
230.496
223.443
217.496
212.802
205.883
199.786
193.708
188.4
181.84
242.365
247.693
254.298
260.567
265.871
272.079
278.488
284.149
289.736
236.48
-654321
223.822
217.969
212.339
207.309
200.106
221.992
187.625
182.339
175.557
236.189
241.756
248.528
254.139
259.729
265.593
271.007
277.145
284.229
229.836
-654321
217.523
212.463
205.9
198.95
194.044
187.391
182.335
176.832
170.408
231.621
235.439
242.37
248.315
254.613
259.34
266.537
271.37
278.291
223.764
-654321
211.757
206.205
199.937
193.856
187.625
180.898
175.9
169.784
164.478
223.513
229.858
235.674
240.717
248.356
253.221
260.117
265.542
272.082
218.144
-654321
206.145
199.81
193.844
187.405
182.804
176.355
168.938
163.153
158.186
218.862
224.354
229.726
237.881
241.491
247.859
253.312
260.488
265.918
211.992
-654321
200.832
194.286
188.592
181.664
176.455
169.834
164.373
157.771
151.848
212.114
218.118
224.273
230.399
235.161
241.878
247.581
254.51
260.159
205.581
-654321
195.074
188.746
181.126
175.244
170.008
163.412
157.972
151.74
146.137
206.23
211.214
217.608
222.291
230.058
235.551
241.804
247.894
253.749
199.61
-654321
188.972
181.171
176.069
170.483
163.629
158.137
151.691
146.154
140.81
199.69
206.724
211.396
217.392
223.597
230.703
235.609
242.569
247.723
193.974
-654321
181.713
175.15
169.124
163.452
159.485
152.234
146.232
139.916
134.103
194.523
200.081
206.54
212.156
219.048
223.247
230.917
236.023
242.458
187.689
-654321
176.686
168.759
162.455
157.2
151.005
145.223
140.199
134.296
128.713
188.867
192.47
200.118
206.009
212.53
217.357
223.673
229.723
235.632
182.566
-654321
170.942
164.172
157.795
150.556
146.22
138.412
134.469
128.129
122.47
182.623
187.556
193.948
199.291
206.963
212.638
218.059
223.43
230.33
175.686
-654321
164.813
158.092
150.971
144.978
171.971
134.697
164.48
122.116
115.074
174.768
181.389
205.772
193.564
200.162
205.99
211.613
218.898
223.621
170.333
-654321
183.362
150.936
144.779
216.887
133.318
127.205
120.546
158.406
111.01
170.9
176.101
182.524
188.854
193.755
198.594
229.067
213.636
218.215
162.859
-654321
150.403
147.551
141.006
168.811
129.538
160.53
116.723
109.77
103.527
165.018
170.589
197.362
182.264
188.72
193.661
225.375
217.909
212.065
158.282
-654321
177.994
138.632
134.099
127.821
123.623
115.225
153.655
104.56
98.8463
158.014
188.527
170.311
176.664
180.782
187.741
193.776
199.694
205.953
152.061
-654321
140.849
169.518
128.391
172.924
115.97
152.25
103.687
97.2121
93.3092
152.027
184.154
163.858
167.466
176.194
201.519
187.198
210.163
200.225
145.962
-654321
133.504
178.852
122.42
115.242
108.16
148.162
97.4929
91.4796
86.2131
147.374
153.011
156.023
188.708
169.595
176.639
182.332
188.641
193.401
173.424
-654321
129.39
161.114
117.24
152.766
104.396
144.713
91.4886
148.55
144.692
138.547
147.853
153.03
158.572
164.653
167.831
174.353
181.321
187.442
132.893
-654321
120.672
116.608
111.402
104.531
98.1945
92.0119
136.341
132.497
73.2494
133.869
174.677
145.926
180.624
158.099
163.293
193.183
174.258
182.121
177.619
-654321
114.727
109.419
102.838
98.1903
140.963
85.5539
133.069
73.0165
66.5214
126.053
132.934
139.515
145.983
152.111
159.104
163.561
193.219
175.817
121.546
-654321
110.593
164.058
98.498
89.1388
151.022
79.4941
130.471
124.334
61.892
211.966
127.23
132.169
139.055
147.526
150.67
158.578
201.157
170.223
115.24
-654321
149.177
144.549
203.825
85.8578
78.3508
74.1369
70.391
62.7166
115.292
210.916
129.916
133.004
171.273
147.137
193.267
158.584
163.694
109.088
-654321
97.0033
92.8167
85.7574
132.693
74.0204
68.5861
122.304
165.225
116.877
160.578
176.769
134.413
184.128
146.169
152.245
157.599
103.709
-654321
141.325
137.026
132.349
73.1004
138.378
61.5364
160.628
165.585
116.039
122.496
126.385
216.332
141.737
146.949
151.487
96.7337
-654321
137.749
79.8628
72.9807
125.252
62.6226
96.065
160.815
110.305
116.249
160.013
216.346
169.081
140.496
144.718
139.93
-654321
145.354
140.782
123.987
62.6683
91.4737
97.4344
101.555
152.796
115.183
160.802
176.377
168.68
139.677
200.309
-654321
196.355
140.26
61.5686
149.633
91.475
96.2641
148.187
164.476
168.588
121.703
163.427
133.448
81.9539
-654321
135.052
63.2981
81.4296
147.608
141.832
156.636
163.495
152.671
116.055
121.928
125.719
75.3861
-654321
64.365
75.8876
131.697
134.823
141.618
205.348
104.308
151.615
115.833
121.465
192.922
-654321
136.657
129.381
133.532
147.569
90.6103
205.385
207.958
153.045
115.892
61.8125
-654321
286.753
300.516
315.268
329.402
328.716
337.561
335.749
333.038
327.685
271.621
-654321
300.362
315.599
323.568
330.054
336.267
336.906
330.562
329.695
325.513
272.438
284.617
-654321
314.671
326.102
334.657
335.453
335.363
335.077
331.809
325.377
318.722
285.343
272.538
300.009
-654321
322.708
332.704
337.066
335.443
335.692
330.32
324.562
319.074
315.115
305.271
285.443
271.519
310.49
-654321
333.312
335.851
337.086
331.073
328.269
325.36
319.329
315.238
308.506
315.13
297.786
283.913
272.81
325.224
-654321
334.052
335.11
331.748
328.414
325.398
320.513
315.299
309.659
303.794
328.495
318.902
300.146
287.613
271.687
332.59
-654321
334.887
332.049
329.435
326.234
319.428
315.494
309.251
303.836
298.217
330.332
324.745
314.462
300.058
286.891
272.711
332.721
-654321
331.718
330.109
325.761
319.932
314.172
310.15
304.529
297.952
292.178
334.955
333.619
327.24
313.971
299.294
285.972
271.811
334.428
-654321
329.438
325.891
320.6
314.476
309.592
304.032
297.462
292.158
286.544
335.513
339.098
334.966
326.487
318.302
299.597
286.41
271.933
333.629
-654321
327.45
320.563
313.52
309.363
304.236
297.714
292.469
285.834
279.836
333.456
333.617
335.039
331.65
327.773
316.486
300.401
284.329
272.172
329.426
-654321
320.063
315.347
310.502
303.57
298.275
291.828
285.925
280.251
274.29
330.081
333.947
333.803
335.641
333.543
328.199
313.945
295.229
287.072
324.904
-654321
313.263
309.756
304.089
298.545
292.112
286.539
279.898
274.496
268.412
325.709
329.59
332.724
336.077
334.897
335.134
328.827
311.834
297.752
318.567
-654321
309.808
303.796
298.055
292.478
286.439
280.554
274.368
268.041
262.751
321.398
325.267
332.078
331.792
333.021
335.258
332.573
325.955
307.465
314.055
-654321
304.049
297.938
291.482
286.799
279.785
274.304
268.898
262.539
256.317
314.964
319.867
325.538
330.588
333.681
336.125
329.634
330.095
323.276
310.382
-654321
298.137
291.818
285.497
280.181
274.119
267.967
262.27
256.146
250.326
309.82
315.172
320.656
326.866
328.847
333.216
334.991
337.562
332.497
303.32
-654321
292.274
286.716
280.495
273.651
268.748
262.19
255.254
250.294
243.789
304.11
310.189
315.024
321.599
325.856
327.591
332.905
336.485
327.656
297.454
-654321
286.313
281.351
274.272
269.342
261.97
256.805
249.954
243.277
238.068
298.278
303.737
309.93
314.699
318.594
325.029
332.413
333.102
332.538
292.867
-654321
280.44
274.212
267.358
262.191
256.136
249.582
244.34
237.907
232.818
292.422
298.495
302.222
309.057
311.781
319.156
324.13
330.438
332.893
285.725
-654321
274.511
267.902
262.577
256.405
250.006
244.169
238.254
231.541
226.093
285.823
291.623
297.611
303.604
309.46
315.29
317.735
323.564
328.585
280.522
-654321
268.657
261.148
256.082
249.771
243.293
239.046
233.001
226.664
220.518
279.173
285.871
292.343
298.39
302.829
310.24
313.254
321.102
325.1
273.755
-654321
261.479
255.55
250.549
244.325
237.844
232.046
226.256
219.888
213.821
274.193
279.676
286.311
291.932
298.264
304.297
308.876
315.181
320.767
269.229
-654321
255.75
250.079
243.641
237.897
232.182
226.436
219.84
214.431
207.798
268.129
274.208
280.76
285.66
290.778
297.483
304.68
309.274
314.904
262.693
-654321
249.3
243.242
238.293
232.035
225.559
220.118
214.303
208.262
202.911
262.534
267.573
274.033
281.074
285.466
292.733
297.578
304.067
310.137
256.601
-654321
244.674
238.555
233.24
225.923
219.739
213.218
207.639
202.165
196.112
255.896
262.307
268.624
273.815
280.04
286.47
292.743
298.233
303.546
249.97
-654321
238.67
231.735
226.336
221.063
214.088
207.699
202.823
196.246
189.228
250.241
255.819
262.387
268.822
273.714
280.045
286.217
291.466
297.843
243.596
-654321
231.604
226.577
220.082
213.892
207.677
202.008
196.341
190.567
184.15
244.729
250.423
255.305
261.007
268.228
274.013
279.489
286.121
291.688
237.718
-654321
225.126
218.788
214.543
207.925
202.285
195.593
189.79
184.311
178.324
237.243
243.761
250.22
255.703
262.708
269.386
273.913
279.747
286.065
231.804
-654321
220.587
214.174
209.418
202.439
197.307
190.987
183.995
177.83
172.723
232.204
238.239
243.457
250.389
255.641
263.204
267.362
274.204
280.259
226.993
-654321
213.868
209.134
201.372
195.8
190.681
182.756
178.9
172.143
164.911
226.596
231.495
238.037
256.153
249.536
255.619
263.139
267.911
274.036
219.637
-654321
208.001
202.268
196.454
205.509
183.192
179.041
172.158
165.323
160.124
219.824
225.806
231.743
237.182
244.131
249.031
255.884
261.261
268.319
213.532
-654321
200.921
196.339
191.375
184.101
177.458
171.706
166.537
160.166
153.961
213.055
219.76
225.981
234.111
239.237
243.739
249.461
255.334
262.397
209.242
-654321
195.411
190.062
183.591
178.557
171.648
167.601
161.258
154.175
149.187
217.622
212.57
219.931
225.611
232.265
236.836
244.319
249.687
255.905
200.994
-654321
192.209
181.998
197.238
171.126
226.358
160.566
152.649
147.7
142.267
214.86
206.632
214.88
219.993
224.915
234.605
237.173
243.203
249.685
198
-654321
184.02
177.991
172.137
167.1
160.066
153.716
147.329
141.771
137.229
196.354
203.309
230.777
215.281
220.901
225.994
233.631
237.72
244.068
205.917
-654321
178.711
193.978
165.52
160.432
155.512
149.163
141.175
135.877
131.053
190.229
195.737
200.753
218.506
212.58
226.95
225.274
232.052
237.52
184.034
-654321
228.462
166.804
160.395
153.361
148.283
143.213
137.57
131.193
123.268
182.968
189.481
194.69
202.161
207.445
215.635
219.968
228.086
231.497
178.045
-654321
163.691
184.602
154.97
148.007
186.769
135.236
131.137
124.056
118.257
177.373
201.539
190.426
194.778
214.505
208.623
215.343
245.748
226.564
170.123
-654321
160.257
181.485
148.002
141.376
136.468
130.283
123.734
118.155
110.157
170.873
197.716
183.822
191.558
210.346
214.655
206.473
213.099
219.407
188.986
-654321
155.013
150.208
142.069
136.643
130.331
163.744
118.304
111.932
106.486
191.351
172.281
177.688
184.623
190.197
194.864
237.452
215.736
213.247
160.26
-654321
148.572
143.366
216.753
177.547
163.698
116.748
110.674
149.434
99.2746
197.893
189.183
173.957
210.547
183.984
190.157
195.647
202.774
206.211
153.139
-654321
186.981
135.731
129.09
161.033
170.14
110.738
151.666
98.6282
92.9399
182.102
185.976
166.749
170.481
198.384
184.653
191.679
193.048
201.819
190.449
-654321
135.973
165.737
163.436
117.69
154.308
105.873
161.529
92.8871
178.583
152.793
159.011
163.294
191.412
179.597
183.83
190.568
195.865
141.926
-654321
166.277
123.792
117.913
166.827
162.128
98.8388
155.352
140.391
176.384
153.376
186.727
227.321
172.162
177.623
184.073
189.441
135.956
-654321
122.385
171.447
166.827
164.077
98.4648
92.3567
182.858
187.063
148.051
181.077
186.651
226.155
206.969
177.579
183.773
130.455
-654321
157.763
112.297
150.195
98.6276
93.8177
128.391
171.254
141.934
148.821
182.444
158.776
191.938
172.475
178.443
123.68
-654321
112.216
106.6
145.612
93.041
161.605
179.454
135.763
141.952
148.423
154.752
159.007
188.482
170.88
210.1
-654321
149.738
99.3745
94.1648
117.391
172.122
129.73
169.034
141.551
146.668
182.866
159.991
165.542
153.639
-654321
145.511
141.359
166.486
116.543
161.806
132.709
135.257
173.357
177.832
223.696
160.088
149.561
-654321
204.093
149.388
112.605
119.027
163.417
165.684
170.9
175.353
190.804
153.785
205.25
-654321
145.664
149.293
165.597
172.187
176.165
167.188
216.081
140.203
148.013
92.8856
-654321
285.216
298.88
317.458
332.856
340.027
350.281
351.902
353.881
350.641
272.285
-654321
299.439
316.333
328.985
332.347
345.129
348.711
352.786
353.637
346.242
271.643
286.54
-654321
313.003
333.109
337.631
346.286
353.955
351.485
353.564
348.426
347.561
285.655
272.702
299.712
-654321
327.605
339.395
345.545
352.008
351.971
353.495
347.714
345.429
342.062
300.462
288.415
272.031
312.872
-654321
338.856
344.514
351.726
354.894
353.573
345.599
345.497
340.339
337.728
309.786
297.833
287.137
271.677
328.857
-654321
350.868
356.196
350.979
351.599
348.9
345.595
341.587
336.848
331.913
329.572
313.653
303.869
284.646
271.364
343.538
-654321
349.212
354.033
355.742
347.325
348.073
342.893
338.01
329.043
326.212
333.282
327.001
312.935
297.138
285.206
271.781
345.061
-654321
354.213
352.233
348.849
345.789
341.406
337.029
331.704
326.039
320.332
343.435
342.178
331.002
313.155
299.566
286.953
271.186
352.82
-654321
350.735
348.849
345.839
342.245
334.852
332.077
326.385
320.179
315.092
352.988
348.361
338.792
327.253
314.429
299.649
285.84
271.936
354.024
-654321
347.157
346.132
342.999
336.447
331.542
325.847
320.18
314.758
309.255
352.917
352.059
345.054
341.816
327.343
312.304
301.788
286.74
271.549
352.17
-654321
342.599
343.519
336.568
330.652
326.143
321.166
315.347
309.38
303.848
348.779
353.728
353.147
347.101
341.167
328.658
311.359
302.591
285.975
350.511
-654321
338.732
336.529
330.176
326.844
320.65
314.771
307.963
303.744
297.677
341.308
352.63
349.667
345.322
348.761
337.527
328.414
313.209
300.663
346.546
-654321
338.173
332.967
325.278
320.281
315.155
309.083
302.96
297.739
291.987
344.494
347.233
351.664
352.637
350.832
349.803
336.558
325.414
313.421
340.377
-654321
331.331
326.366
320.23
315.012
308.635
303.097
297.167
291.996
285.042
339.283
348.526
347.732
351.194
348.301
351.908
346.63
349.143
329.214
338.135
-654321
327.078
321.263
314.579
309.015
303.96
297.588
291.06
285.036
279.748
335.242
343.576
347.217
348.018
352.707
354.451
354.537
352.599
336.701
329.678
-654321
321.138
313.935
309.954
302.866
297.713
291.29
285.948
279.235
273.643
332.967
337.149
340.617
345.551
349.743
352.468
355.46
346.886
343.784
326.328
-654321
315.841
309.46
302.957
297.557
290.985
286.186
280.154
273.346
267.285
324.702
331.933
336.622
341.306
347.116
351.386
346.191
351.706
349.198
319.769
-654321
309.562
303.557
297.106
290.888
285.517
279.665
273.17
267.407
261.36
320.709
326.539
332.308
337.68
339.588
346.469
350.093
350.008
352.76
314.365
-654321
303.847
297.777
291.391
285.981
278.881
273.208
267.412
261.366
254.777
313.674
319.913
326.774
333.389
336.812
341.386
346.258
350.977
351.671
309.496
-654321
296.659
290.312
286.434
280.253
273.175
268.072
261.129
255.212
249.272
308.883
315.641
321.546
324.499
331.364
336.771
341.667
347.172
349.373
303.154
-654321
291.523
284.987
279.291
273.156
268.263
261.501
255.027
249.718
243.616
303.609
308.129
315.054
321.381
326.225
331.695
335.159
340.528
346.831
297.126
-654321
284.526
279.583
273.735
267.034
261.412
255.283
249.735
243.072
237.178
297.689
303.228
308.809
313.871
318.427
326.156
332.102
334.262
342.003
292.394
-654321
278.968
273.206
266.933
260.936
254.426
249.487
243.4
237.206
231.479
289.95
296.92
304.232
309.243
314.521
320.882
324.977
329.264
336.905
285.06
-654321
273.786
266.75
260.633
255.897
248.968
244.2
237.831
231.204
225.423
286.182
290.727
297.025
303.29
307.28
315.517
321.474
326.451
331.197
279.998
-654321
267.376
262.42
255.026
249.337
243.097
238.03
232.453
224.84
219.297
279.815
285.373
291.763
297.038
302.632
308.853
315.597
321.57
326.069
272.247
-654321
262.03
255.361
249.001
243.366
237.263
230.496
225.113
220.025
213.52
272.365
279.41
285.078
292.378
295.585
303.746
309.4
313.147
320.713
266.955
-654321
256.009
250.165
243.612
235.881
231.564
225.25
218.446
213.593
207.49
267.058
273.277
278.91
285.496
290.958
296.06
302.048
309.619
315.059
260.918
-654321
249.092
243.175
237.661
231.913
225.16
218.391
213.646
207.304
201.798
261.888
268.083
271.95
278.352
285.383
289.55
297.098
281.183
308.819
255.13
-654321
243.805
238.231
231.413
224.501
219.944
213.927
207.49
201.186
195.247
255.88
261.441
267.202
273.812
278.625
284.208
290.784
296.745
302.905
248.759
-654321
237.163
231.229
224.071
218.974
212.706
206.564
200.393
195.471
190.054
250.37
255.529
261.382
267.045
272.648
276.988
284.801
290.781
296.755
241.763
-654321
231.21
223.768
225.858
212.785
207.155
201.86
194.299
188.201
184.169
244.079
249.69
255.94
260.409
267.294
272.69
280.187
284.869
291.751
238.536
-654321
226.238
220.826
212.288
206.663
200.615
194.918
188.627
184.141
178.374
236.519
242.732
249.144
261.225
262.101
265.726
275.338
279.303
284.995
232.879
-654321
219.789
212.63
207.555
200.464
196.306
188.964
182.161
176.571
172.12
233.981
235.891
255.563
245.107
254.092
260.196
266.957
272.341
279.402
225.751
-654321
212.121
209.205
201.157
195.694
189.363
184.056
176.476
169.716
165.947
225.31
231.961
237.469
242.996
248.713
255.938
260.582
269.592
273.433
219.961
-654321
207.562
201.5
196.014
189.151
183.601
176.768
168.949
165.299
158.393
219.898
224.829
231.48
236.358
241.497
248.863
254.995
260.641
267.136
214.895
-654321
213.187
209.006
190.036
183.271
178.388
172.046
165.608
159.449
152.855
213.55
217.554
225.389
233.092
236.74
242.545
250.764
248.957
261.562
207.272
-654321
195.697
205.158
182.433
177.318
170.553
164.557
160.22
153.499
146.505
206.387
212.372
218.466
223.777
232.993
238.114
243.564
247.925
254.718
200.712
-654321
187.136
184.531
175.607
206.314
164.738
161.923
152.799
178.134
139.586
200.937
208.679
211.329
219.314
243.632
229.95
238.027
243.676
249.226
196.411
-654321
231.484
177.043
170.084
168.615
160.439
153.085
147.668
138.93
169.167
194.057
201.301
205.833
209.964
218.359
223.876
230.593
236.704
242.564
188.562
-654321
175.268
192.888
166.065
157.089
181.296
190.981
174.611
135.251
129.087
188.545
207.594
202.544
207.039
213.556
218.249
225.47
231.757
236.561
183.462
-654321
170.453
164.194
160.325
153.77
176.533
143.656
170.215
130.387
160.622
184.333
235.246
197.117
226.678
206.974
223.601
219.868
224.988
231.531
177.622
-654321
191.488
200.512
179.55
177.427
140.495
133.772
177.824
124.182
178.151
184.115
189.365
237.838
200.542
205.998
214.259
218.721
224.579
193.198
-654321
161.045
150.164
145.707
186.103
182.607
132.747
122.832
171.625
230.599
184.969
188.586
194.997
227.088
241.143
222.442
219.702
165.433
-654321
152.344
221.491
141.399
135.7
177.872
123.385
226.748
169.537
176.25
183.006
189.734
196.025
213.674
241.494
213.73
161.028
-654321
147.641
141.629
134.899
167.491
161.544
226.706
188.936
170.946
176.948
183.018
189.836
222.358
214.418
206.748
180.318
-654321
186.836
134.413
166.534
175.842
223.836
160.014
191.989
230.458
178.188
203.687
188.101
209.226
200.939
147.611
-654321
136.623
164.998
212.715
146.934
153.556
159.927
164.287
229.407
177.242
182.514
189.537
193.662
139.41
-654321
177.525
123.294
143.479
148.381
154.068
184.768
165.643
194.729
197.581
184.532
188.523
168.878
-654321
121.971
216.569
172.802
147.775
222.937
157.534
226.539
168.431
177.224
200.616
163.547
-654321
127.525
217.955
173.394
176.242
222.451
158.707
165.263
172.736
196.473
123.394
-654321
288.388
301.183
319.408
330.353
344.373
353.351
367.207
375.402
368.827
271.686
-654321
298.029
311.74
327.175
338.215
353.402
362.053
367.492
367.719
370.55
271.564
286.692
-654321
310.695
327.914
343.125
353.671
356.578
369.125
367.79
371.275
366.697
284.296
271.221
299.844
-654321
326.797
346.19
359.43
363.674
368.962
368.143
370.998
364.207
366.64
300.709
285.152
271.782
320.897
-654321
342.922
349.52
363.61
366.161
363.884
363.517
367.979
362.863
361.086
311.901
302.789
286.683
271.611
334.555
-654321
355.935
360.128
367.27
369.642
369.402
369.613
364.421
359.024
360.261
326.275
310.08
297.15
287.024
272.141
341.059
-654321
369.149
369.569
367.271
367.516
367.545
367.759
362.982
358.478
353.142
339.122
326.356
317.228
298.294
286.764
271.907
356.159
-654321
362.901
368.521
371.496
369.327
360.854
361.928
359.873
353.575
347.233
353.124
337.801
336.066
314.123
299.564
287.776
270.823
360.481
-654321
369.541
371.575
369.715
363.328
358.719
357.64
353.424
345.267
343.079
367.279
355.243
344.669
329.206
311.423
301.962
286.351
271.844
364.527
-654321
366.783
369.346
364.05
358.87
355.775
355.358
348.697
340.992
337.605
367.58
365.818
351.494
343.091
329.746
311.949
295.811
284.742
270.878
366.369
-654321
369.387
367.436
364.048
356.713
351.505
346.79
342.854
335.942
331.197
367.512
361.794
362.188
352.858
344.619
327.913
313.978
301.417
285.574
370.263
-654321
361.438
360.557
357.056
353.46
349.059
342.613
336.463
331.032
325.701
370.039
368.376
365.59
364.399
353.67
340.45
325.612
313.572
301.787
365.202
-654321
362.054
356.937
351.389
347.814
343.395
337.738
331.455
326.435
321.024
371.395
370.004
368.281
367.454
359.643
360.997
342.87
334.458
315.434
365.075
-654321
357.933
354.521
348.477
342.494
337.621
332.32
325.63
319.927
313.856
366.504
363.317
371.091
370.106
372.3
363.751
355.748
342.168
328.61
364.77
-654321
351.192
348.575
343.328
337.946
331.884
325.904
319.716
314.004
308.408
364.565
363.254
366.449
372.684
374.821
365.941
360.496
354.199
346.293
358.541
-654321
347.983
341.902
336.804
331.403
324.93
320.323
313.809
308.487
301.752
358.811
359.555
368.752
369.158
370.947
369.546
368.145
361.915
351.262
350.583
-654321
342.637
336.797
329.567
325.957
319.312
314.394
308.112
302.361
296.015
353.293
358.496
360.003
362.497
371.094
370.388
368.971
369.508
370.193
347.086
-654321
337.732
331.927
324.61
320.352
313.699
308.48
302.784
295.993
289.64
348.407
352.726
357.067
358.9
365.484
369.721
370.191
370.769
364.845
343.174
-654321
331.476
325.488
320.06
313.891
308.537
302.67
296.718
289.864
284.262
342.01
348.567
350.632
356.723
357.815
365.217
372.05
372.4
366.468
335.631
-654321
326.048
320.469
313.652
307.807
302.437
295.772
289.495
283.859
277.638
335.667
341.932
347.382
354.134
361.092
361.464
367.932
367.067
368.828
331.196
-654321
319.713
314.115
308.544
302.35
296.158
289.763
284.261
277.66
271.914
332.073
338.152
341.782
346.374
348.595
359.381
359.918
367.328
368.436
326.161
-654321
313.405
307.067
302.097
295.795
290.004
284.285
277.401
272.422
266.544
326.396
331.461
336.876
343.243
348.188
355.233
354.497
365.098
362.311
320.297
-654321
308.808
302.002
296.439
290.041
283.537
279.037
272.262
266.808
259.611
319.652
324.39
331.581
337.197
343.507
349.025
354.267
357.592
363.867
313.961
-654321
302.566
295.741
289.221
284.892
278.578
272.378
266.133
260.621
253.542
313.789
319.695
323.751
330.337
336.032
343.63
345.4
350.643
356.856
308.542
-654321
295.842
290.234
283.959
278.581
272.623
265.691
260.372
254.274
248.188
308.033
313.579
319.788
325.248
330.525
335.292
340.485
349.922
350.8
302.25
-654321
289.413
283.871
278.616
272.171
265.576
260.323
254.53
248.838
242.368
302.359
307.911
314.027
319.742
325.626
331.076
338.55
342.763
346.278
297.664
-654321
284.115
277.669
270.669
266.054
260.798
254.369
247.491
241.76
236.144
296.715
301.539
307.313
315.019
320.348
325.68
332.081
333.361
342.674
290.583
-654321
279.062
271.888
266.053
259.196
252.772
247.587
241.203
236.238
230.459
289.735
295.834
302.074
308.524
313.652
319.663
326.538
329.756
336.532
284.675
-654321
272.356
264.609
259.596
253.84
248.139
241.777
235.784
228.476
224.355
284.551
288.285
296.758
301.648
307.023
314.564
292.511
326.277
330.969
278.37
-654321
266.248
260.113
255.109
247.871
242.477
236.683
230.817
223.396
218.157
277.633
284.327
273.15
295.542
302.746
308.442
313.937
319.364
325.241
272.392
-654321
259.5
254.332
247.559
241.989
236.148
229.359
223.037
218.277
211.434
271.347
278.636
284.053
288.326
295.455
302.061
307.29
312.592
319.155
265.709
-654321
254.38
249.047
242.561
235.854
230.323
225.095
218.034
211.751
206.604
266.441
272.356
277.775
284.849
290.617
295.836
302.998
307.295
314.145
259.455
-654321
248.835
240.821
234.486
229.08
223.988
218.002
212.426
205.067
198.83
261.171
266.781
272.158
278.482
282.903
290.438
297.425
302.114
307.268
253.534
-654321
241.775
236.252
229.75
222.243
217.029
211.837
206.639
200.532
193.979
253.978
260.738
266.393
271.744
278.311
283.516
290.711
295.585
302.133
246.969
-654321
235.247
230.243
224.207
218.568
211.235
205.539
200.967
194.256
188.841
248.156
253.749
260.318
266.56
261.578
278.005
283.148
289.407
295.459
240.83
-654321
229.087
224.33
217.36
212.144
206.172
198.677
221.866
189.426
180.738
241.305
248.922
256.105
259.845
265.971
272.514
279.101
267.882
289.715
238.245
-654321
230.007
220.321
211.626
206.318
199.7
193.103
189.22
181.841
176.578
236.014
242.176
246.054
249.842
260.946
265.535
260.664
278.083
283.966
230.187
-654321
218.718
210.985
207.121
199.699
193.17
204.755
201.606
175.534
167.636
229.694
236.475
241.867
246.935
253.125
260.422
265.855
271.3
277.534
224.55
-654321
211.561
206.801
200.476
192.98
186.389
181.644
176.194
192.735
164.887
222.81
233.756
235.317
241.677
247.202
256.111
260.084
266.282
272.504
218.105
-654321
205.409
212.939
194.238
188.094
199.472
175.56
205.601
190.024
157.812
216.705
223.584
230.616
235.497
241.548
248.807
255.969
261.502
265.673
211.86
-654321
213.452
194.14
188.434
182.32
175.827
169.914
163.512
158.721
193.145
221.471
217.686
230.636
230.126
234.667
242.089
245.596
254.694
259.794
217.195
-654321
236.693
187.38
182.524
175.815
191.766
163.798
157.218
179.566
204.687
210.633
219.569
223.2
245.369
235.122
242.459
248.13
253.148
214.363
-654321
188.709
201.605
209.145
168.763
162.761
157.816
192.956
202.694
216.185
210.291
216.442
224.598
229.586
235.862
240.908
247.582
208.96
-654321
182.009
175.605
204.275
163.213
185.389
152.308
220.826
226.486
218.883
220.311
218.202
224.775
234.447
236.87
242.556
186.893
-654321
176.966
169.374
188.856
158.38
152.796
188.443
208.303
213.608
205.688
220.341
217.552
223.843
229.749
236.711
232.541
-654321
168.72
202.304
185.967
152.989
181.827
188.136
194.165
201.65
206.926
211.012
216.953
245.009
229.292
177.422
-654321
163.879
158.812
193.458
229.491
200.812
203.439
210.124
198.771
215.687
211.507
244.278
224.211
168.127
-654321
158.637
194.581
170.737
210.276
180.102
189.851
207.631
201.366
216.857
220.893
218.209
188.272
-654321
151.542
189.602
169.614
174.716
202.453
203.463
192.974
212.088
218.054
211.267
157.506
-654321
184.047
165.305
193.727
196.948
233.492
187.553
194.417
200.051
216.796
153.621
-654321
285.78
298.49
315.342
335.249
338.928
347.275
353.04
373.63
383.763
271.892
-654321
298.794
315.186
322.537
337.929
355.931
358.07
378.427
383.445
388.461
272.464
286.205
-654321
310.974
333.911
343.37
354.391
365.084
371.006
383.67
389.976
385.887
286.219
271.803
299.871
-654321
329.596
340.571
358.775
358.381
375.259
378.58
385.315
386.317
388.639
299.32
285.927
273.189
315.814
-654321
338.464
354.242
364.771
388.317
375.804
389.709
391.099
386.856
383.228
312.784
300.69
285.26
272.262
329.013
-654321
367.652
370.565
380.397
385.364
386.059
384.621
389.647
387.6
382.413
327.698
317.904
301.144
284.785
271.221
341.16
-654321
362.52
375.484
386.495
380.52
390.606
388.054
383.713
385.856
382.816
343.746
333.665
315.791
299.181
285.829
272.616
359.984
-654321
371.198
383.827
385.333
381.886
389.254
387.847
385.364
375.736
375.236
346.569
344.943
328.98
315.63
302.96
283.603
272.08
375.568
-654321
380.756
387.493
387.6
384.377
386.367
384.177
382.957
377.188
370.278
365.371
350.862
337.748
327.489
316.309
303.06
286.775
271.869
376.52
-654321
378.863
386.833
385.93
380.047
382.304
380.342
373.175
370.285
368.457
381.958
373.569
360.641
342.94
328.567
319.083
299.834
282.538
270.769
369.711
-654321
391.066
389.622
381.911
384.73
376.459
376.317
371.658
364.233
359.503
378.6
365.22
365.619
355.824
342.22
333.234
317.114
302.727
284.817
384.072
-654321
387.08
387.46
385.016
379.684
375.544
372.763
365.91
360.179
357.028
384.825
380.373
379.564
373.9
358.438
344.676
327.683
314.486
300.562
390.41
-654321
385.862
382.291
379.59
374.89
370.576
365.686
361.764
357.041
351.202
388.36
384.772
380.998
374.958
370.432
356.092
341.979
326.243
314.852
386.52
-654321
385.287
380.94
372.991
370.619
364.059
360.984
355.459
350.255
344.44
388.246
385.207
386.857
382.698
379.068
371.39
351.39
345.367
327.809
385.315
-654321
381.407
375.162
367.264
368.074
360.551
355.293
350.623
346.016
337.995
386.758
386.678
391.767
386.605
382.663
378.01
367.235
357.678
335.475
384.121
-654321
375.704
367.769
366.77
360.962
356.323
349.505
344.84
339.835
334.242
380.681
388.834
388.786
385.496
382.745
378.996
373.796
363.898
354.486
383.518
-654321
373.085
366.491
360.412
354.455
351.097
344.401
339.267
333.91
327.313
382.589
381.547
388.312
386.56
386.165
385.765
384.289
379.06
373.443
375.508
-654321
367.07
360.495
354.341
349.518
344.85
339.094
334.104
327.524
321.449
371.88
380.479
386.936
387.135
389.401
385.315
387.541
387.092
377.568
372.103
-654321
360.898
355.465
350.331
343.564
339.656
333.598
327.375
321.012
315.657
368.87
376.043
376.958
381.58
385.652
388.243
385.529
388.086
375.849
366.404
-654321
353.833
348.97
344.043
339.875
332.855
327.394
321.487
315.667
309.794
365.911
370.663
371.61
379.254
386.759
383.235
385.28
388.922
380.803
353.866
-654321
349.813
344.193
339.43
332.84
327.653
322.171
316.135
309.93
304.146
361.67
367.041
372.641
375.255
379.284
385.994
384.998
383.863
391.529
356.527
-654321
344.905
338.841
333.455
327.557
322.225
315.852
309.897
303.728
297.634
356.372
362.948
366.746
366.89
378.349
379.5
385.642
390.372
385.509
350.648
-654321
338.811
333.404
327.542
321.831
315.675
310.162
303.526
297.594
291.8
349.145
355.765
361.867
368.217
370.16
370.837
380.797
387.394
387.741
345.989
-654321
334.57
328.317
321.624
315.392
309.746
303.567
297.765
292.161
285.944
345.214
349.094
358.08
362.756
361.007
373.077
379.821
383.289
382.63
339.999
-654321
327.598
321.702
315.705
309.128
304.036
298.262
292.648
285.451
280.069
339.668
345.063
348.398
356.446
360.727
366.309
368.781
374.762
378.329
333.003
-654321
322.303
315.758
310.87
304.579
297.191
291.976
285.844
279.945
273.775
332.702
338.502
344.842
350.288
354.836
361.387
363.11
361.569
377.345
327.498
-654321
315.779
309.765
303.18
297.008
291.179
286.128
280.397
273.672
267.552
326.603
333.542
337.624
345.308
349.542
354.012
359.545
367.269
371.919
321.944
-654321
309.52
304.639
298.069
291.963
285.805
278.793
273.37
267.372
261.175
321.31
327.999
334.003
337.547
344.868
349.869
353.814
362.711
366.895
315.53
-654321
303.077
297.863
292.676
285.85
279.789
274.057
267.112
261.432
255.854
315.655
322.239
328.09
333.174
339.552
344.316
349.902
357.285
361.22
309.652
-654321
297.61
291.81
284.847
279.202
273.585
267.056
261.215
255.87
249.874
308.709
316.323
322.151
328.293
333.172
340.579
341.91
351.555
356.211
303.58
-654321
291.922
284.475
279.431
274.103
267.233
262.223
256.242
249.336
245.172
303.977
309.572
315.212
321.635
328.467
332.811
339.341
345.421
349.663
297.86
-654321
285.293
279.361
274.354
267.224
262.224
255.826
249.698
243.917
237.922
297.549
304.223
309.761
315.683
322.342
327.281
334.505
339.854
345.548
291.615
-654321
279.397
274.293
266.883
262.055
255.327
249.25
242.512
237.495
231.832
290.498
297.836
304.337
309.086
314.92
320.733
327.802
333.25
338.858
286.707
-654321
273.324
258.389
262.114
250.478
245.987
243.382
237.833
231.972
224.804
284.927
291.841
296.353
304.069
310.301
315.754
321.174
323.37
333.454
280.442
-654321
267.42
261.442
256.149
250.773
244.155
236.905
233.886
226.41
219.953
279.541
285.377
275.237
298.344
295.55
310.599
315.972
323.064
328.157
275.048
-654321
261.976
255.588
246.23
244.533
236.744
231.999
225.51
220.551
214.334
274.931
280.126
270.317
273.778
298.056
303.048
311.668
315.695
321.15
267.723
-654321
254.744
248.891
243.53
239.076
230.794
225.276
219.594
213.697
207.58
267.769
263.593
281.68
285.975
292.68
297.038
304.384
309.201
315.487
262.29
-654321
247.4
243.346
250.073
231.349
224.312
225.307
213.124
207.894
201.287
261.561
266.704
274.123
279.219
285.749
292.49
296.645
303.681
310.519
255.654
-654321
242.625
237.013
232.621
230.256
219.594
215.236
208.091
213.684
195.577
256.585
261.617
259.615
274.078
280.377
283.068
291.539
297.678
302.956
250.623
-654321
237.206
235.918
225.375
218.516
234.456
208.6
202.995
194.131
189.255
249.173
256.29
262.539
268.598
262.053
280.493
285.181
291.221
297.684
243.305
-654321
231.742
225.368
221.474
213.285
208.516
201.425
210.698
188.738
184.555
241.879
249.116
249.858
262.278
270.413
262.914
280.1
285.455
291.89
238.307
-654321
229.517
219.295
212.623
231.13
201.664
197.109
205.854
185.294
238.591
245.088
260.122
256.352
261.882
258.395
273.009
280.025
285.852
231.379
-654321
220.689
214.448
217.247
200.733
196.942
190.221
213.865
230.846
237.494
241.067
249.419
262.981
255.721
266.942
274.848
279.29
225.073
-654321
234.907
207.474
200.931
197.339
186.867
182.15
224.406
231.649
238.034
241.048
248.268
262.823
261.248
259.105
274.042
226.58
-654321
217.432
213.374
195.302
188.604
184.753
219.965
224.945
231.758
239.091
242.186
246.627
255.765
253.544
267.417
213.216
-654321
214.696
196.052
233.756
202.653
233.184
219.844
229.017
230.773
250.414
242.132
248.853
252.267
261.747
219.725
-654321
209.809
205.531
181.807
218.289
214.104
218.509
225.14
231.433
238.421
244.131
250.597
253.78
199.094
-654321
206.234
183.898
201.82
207.421
235.354
218.811
230.805
232.483
238.052
244.308
249.934
194.796
-654321
215.15
196.842
213.743
216.295
221.308
219.59
223.442
229.286
236.903
241.444
189.368
-654321
191.457
210.541
224.944
217.024
213.206
219.822
242.604
234.373
235.874
183.448
-654321
287.519
300.564
315.848
330.151
347.584
344.967
373.527
393.057
397.414
271.018
-654321
300.38
315.844
330.281
333.887
358.521
356.629
392.662
396.08
396.816
272.524
285.917
-654321
319.952
333.443
343.855
351.053
371.853
386.029
381.275
391.219
404.839
287.022
272.112
298.528
-654321
324.942
347.015
352.905
377.618
374.059
391.864
402.43
410.084
398.895
300.584
288.616
271.656
315.714
-654321
345.486
354.462
364.173
383.423
399.733
388.536
395.725
404.741
404.001
317.152
297.955
287.63
271.775
326.693
-654321
361.52
370.223
382.726
386.611
396.743
405.081
403.887
408.677
406.685
328.142
313.524
299.063
285.904
270.89
345.262
-654321
368.32
389.419
385.346
400.302
404.858
404.803
408.566
400.106
400.189
341.773
329.825
314.727
298.999
289.863
272.844
356.173
-654321
377.464
388.429
394.104
405.736
405.411
398.457
408.905
402.088
402.942
351.558
345.002
326.585
309.006
298.941
284.844
271.014
370.252
-654321
389.152
402.864
407.303
405.056
403.227
402.31
403.413
404.859
396.843
374.63
362.19
339.942
334.832
314.771
301.17
283.941
272.046
375.219
-654321
393.968
405.541
406.848
406.432
405.871
396.638
394.768
388.966
395.434
395.386
371.197
359.208
342.651
324.804
315.011
300.054
286.605
272.385
392.773
-654321
406.358
401.508
396.404
406.122
402.129
402.537
389.623
395.388
389.928
383.211
385.126
367.916
350.652
345.531
330.867
309.918
302.732
286.657
391.601
-654321
403.257
399.121
405.036
398.257
400.977
398.919
392.887
382.14
382.959
400.354
391.882
380.591
378.576
357.135
344.032
326.855
314.002
299.207
404.39
-654321
400.135
407.801
406.1
397.99
396.159
392.82
387.909
380.854
376.844
402.711
398.194
392.764
378.719
362.954
355.619
345.18
330.546
313.189
405.398
-654321
400.161
405.042
398.028
400.682
390.028
385.554
379.543
378.605
373.742
405.781
403.19
402.948
394.972
381.095
376.263
356.32
343.865
326.361
404.038
-654321
404.057
399.409
394.564
394.337
386.423
382.934
377.202
371.78
366.834
406.186
404.759
394.509
404.127
391.014
378.17
373.654
357.522
344.353
405.058
-654321
397.717
397.136
393.687
388.177
383.997
378.673
374.311
364.137
361.978
404.778
402.192
402.019
406.286
397.882
391.111
384.375
363.722
366.143
400.443
-654321
396.925
390.29
386.785
382.837
377.136
372.882
363.83
362.144
354.826
405.082
395.302
401.47
405.273
404.674
401.259
389.324
382.28
381.185
399.215
-654321
388.931
388.439
383.208
375.372
371.584
361.788
362.526
355.416
350.744
405.373
408.645
397.98
398.486
403.949
402.205
391.368
399.553
390.941
394.182
-654321
388.515
382.364
378.068
371.765
366.39
361.951
355.484
350.124
344.936
392.805
401.407
399.263
407.101
401.626
399.971
392.587
388.925
400.457
393.907
-654321
375.429
376.193
373.701
366.894
362.609
357.548
349.889
344.215
337.95
395.322
398.72
401.063
405.8
406.756
395.398
401.654
401.129
401.976
390.909
-654321
376
374.266
366.984
361.835
356.124
350.696
344.164
338.399
332.601
385.962
390.014
393.838
396.697
403.04
405.952
405.838
396.756
402.114
386.254
-654321
373.795
366.382
362.306
355.414
350.684
344.52
339.058
332.589
326.872
380.713
382.083
396.542
394.916
401.982
407.592
402.639
400.724
409.463
374.486
-654321
368.543
359.563
355.178
350.727
345.53
338.535
332.259
327.222
321.026
379.291
382.578
382.853
386.526
390.399
400.713
391.869
407.644
405.153
371.453
-654321
362.944
355.514
350.248
345.167
339.285
332.893
326.845
321.485
315.596
374.667
376.158
382.047
386.12
387.363
399.878
402.411
403.553
399.904
365.649
-654321
354.095
349.43
345.349
337.399
332.582
327.434
320.794
314.856
309.264
367.439
370.446
378.752
384.22
391.616
388.06
394.351
397.941
402.239
359.315
-654321
349.325
343.04
339.604
333.096
327.047
321.49
315.594
309.929
303.113
362.743
367.329
373.848
379.646
380.055
381.096
392.552
394.157
399.294
356.895
-654321
345.059
338.75
333.162
326.699
321.234
315.221
309.345
303.341
297.412
354.324
360.509
364.425
374.169
375.446
384.019
388.086
397.4
396.483
347.575
-654321
339.298
332.887
326.697
321.531
315.28
309.75
303.331
296.959
291.359
350.264
354.365
362.149
368.045
369.303
378.22
380.038
385.421
393.118
343.772
-654321
333.457
327.071
320.599
315.424
309.794
303.058
297.989
291.368
285.362
344.804
350.049
356.364
361.477
367.017
367.143
378.272
383.754
385.704
337.159
-654321
325.3
320.798
314.691
308.778
302.689
297.251
291.24
284.483
278.999
338.823
344.398
350.455
356.688
362.824
368.204
365.156
377.249
381.782
333.447
-654321
320.57
315.192
309.392
302.747
296.793
290.702
285.078
278.926
273.641
333.213
339.906
344.486
349.907
356.641
361.299
366.137
373.588
378.34
327.164
-654321
315.608
309.274
302.241
278.548
289.603
284.608
278.918
273.622
270.289
326.353
332.252
338.337
345.94
350.806
356.706
357.152
367.978
371.704
321.205
-654321
308.782
303.41
297.858
290.479
284.001
278.763
272.045
266.773
261.603
320.71
325.44
332.583
339.058
345.112
350.853
356.876
363.287
366.7
315.458
-654321
302.446
296.317
291.208
285.667
279.239
274.022
267.701
260.827
254.452
314.087
321.939
327.334
331.901
339.499
345.325
352.414
356.333
361.035
309.262
-654321
296.976
290.534
285.613
266.211
273.04
267.325
261.678
255.491
246.326
309.624
315.087
321.629
327.53
332.543
338.971
344.089
314.097
356.453
303.673
-654321
290.306
284.371
278.117
274.174
266.828
262.409
256.14
249.04
243.372
303.121
308.358
314.567
320.721
325.991
334.338
338.712
345.46
350.763
296.741
-654321
286.131
278.991
272.354
266.585
261.816
255.841
250.027
242.436
236.187
296.599
303.828
309.127
314.456
320.376
309.682
302.278
338.66
344.936
290.927
-654321
278.913
272.119
268.68
260.318
255.84
248.333
242.502
237.287
231.265
289.313
296.181
302.075
309.886
314.987
320.86
327.124
332.802
338.011
284.908
-654321
273.168
266.811
260.332
257.637
247.944
254.254
236.977
232.287
224.689
285.471
290.25
297.942
303.251
309.842
315.96
321.958
326.559
333.015
278.215
-654321
266.477
260.983
262.431
249.006
242.907
237.815
229.383
224.884
218.822
277.544
285.526
286.1
298.518
283.203
308.498
314.364
321.475
326.701
273.13
-654321
260.948
253.792
247.654
241.792
238.539
231.898
225.204
237.563
212.526
272.481
280.188
285.611
290.246
290.486
302.362
309.569
314.142
321.294
266.459
-654321
255.823
247.601
242.404
237.105
230.852
226.39
218.67
213.246
257.141
270.948
278.783
283.979
291.404
277.887
301.582
309.185
315.321
260.233
-654321
248.699
241.643
237.854
232.704
223.374
217.884
223.375
260.545
266.23
273.062
277.81
283.325
291.05
296.466
305.649
309.33
255.109
-654321
243.272
235.804
231.22
225.264
226.094
221.445
261.791
261.431
268.655
273.84
277.834
282.286
285.272
296.341
302.946
248.934
-654321
236.357
230.219
225.402
219.622
233.881
249.9
253.647
251.967
267.717
274.036
279.118
286.159
290.861
296.814
243.026
-654321
230.097
224.309
219.219
235.305
244.768
250.595
255.405
266.107
256.718
274.983
279.415
285.731
291.366
237.359
-654321
229.913
225.508
214.336
237.889
243.615
248.165
254.512
260.59
265.527
272.686
278.713
284.804
230.852
-654321
220.306
221.731
243.043
237.268
240.871
248.891
255.765
260.939
259.564
272.862
279.065
226.042
-654321
234.48
224.659
230.586
251.213
243.118
246.119
248.89
261.28
261.208
273.675
226.409
-654321
226.355
243.478
233.017
252.264
241.882
258.162
250.798
253.304
266.743
210.701
-654321
278.704
288.491
296.867
301.798
311.029
323.136
335.264
336.396
349.373
267.145
-654321
282.193
296.919
305.887
317.684
310.287
330.216
338.556
343.318
355.664
266.435
276.546
-654321
293.7
303.011
310.531
325.527
327.54
342.135
353.329
361.785
362.081
278.522
267.751
285.934
-654321
303.332
307.34
325.415
335.892
340.119
379.03
354.011
355.15
363.642
284.816
276.354
267.128
294.319
-654321
321.826
317.732
344.915
337.354
345.494
350.657
360.067
362.402
365.205
298.518
286.918
276.642
267.405
300.954
-654321
325.697
334.227
327.164
349.806
359.279
365.927
362.534
364.159
364.039
301.288
298.137
285.167
275.993
267.099
307.563
-654321
333.953
349.975
343.664
358.794
360.887
365.885
364.505
364.644
366.362
311.125
306.711
295.554
286.841
276.834
267.223
319.959
-654321
345.506
357.666
358.213
352.75
361.878
359.351
367.733
364.777
362.787
331.749
311.341
308.014
295.494
284.583
275.993
266.883
335.512
-654321
348.95
354.768
359.609
367.048
362.786
364.188
382.212
363.133
362.351
329.042
323.242
317.761
306.174
292.977
286.514
277.726
267.304
348.28
-654321
355.095
364.92
367.518
359.502
369.572
363.324
378.446
361.58
361.705
337.9
323.436
326.228
312.307
304.217
294.259
286.706
277.916
268.788
352.03
-654321
362.981
362.902
367.1
366.093
362.965
365.593
362.112
358.863
356.931
343.565
339.758
328.641
313.366
308.699
302.681
289.882
286.154
275.793
352.055
-654321
367.91
362.642
365.12
368.337
362.665
363.999
361.393
357.573
357.056
354.395
350.699
336.771
334.087
324.897
311.617
304.553
295.513
288.502
357.943
-654321
357.232
363.589
361.338
363.71
362.55
357.999
356.8
356.505
352.164
358.34
350.826
352.276
336.148
337.049
327.589
318.134
305.703
294.95
363.335
-654321
368.42
367.247
360.738
356.695
359.4
358.715
355.634
351.947
345.604
367.24
360.921
357.081
350.495
344.652
329.336
318.265
314.285
306.336
368.073
-654321
365.051
363.231
361.617
361.637
357.657
354.579
353.287
349.82
345.299
362.102
390.147
360.764
358.662
355.136
344.192
334.616
324.127
314.753
363.058
-654321
379.202
361.537
361.778
357.967
353.624
352.22
347.839
344.894
342.091
363.982
361.817
359.215
359.589
354.562
352.04
343.147
334.452
325.966
366.611
-654321
363.019
358.652
357.299
354.759
351.325
348.17
344.803
341.964
337.007
364.845
363.298
364.496
361.804
363.428
352.243
349.936
343.173
328.653
360.429
-654321
361.025
357.334
355.532
351.829
349.614
345.071
341.345
338.615
333.605
365.127
363.352
362.658
358.943
363.416
369.281
358.128
353.459
344.207
362.638
-654321
355.744
355.046
353.159
349.638
343.222
341.981
338.482
335.043
331.206
363.236
365.024
366.007
362.552
367.418
362.608
364.589
357.786
348.46
359.289
-654321
355.947
351.212
346.642
343.867
341.968
339.086
334.162
330.706
327.324
361.18
365.608
365.733
366.503
367.008
363.602
364.855
356.657
354.042
359.872
-654321
353.552
347.024
343.987
340.128
338.652
334.849
331.189
325.659
323.367
358.626
358.753
359.95
365.737
363.084
365.733
368.627
363.387
366.349
355.072
-654321
348.699
344.937
342.846
336.158
334.759
330.999
327.574
322.885
319.539
351.58
360.196
360.903
364.081
366.308
366.241
362.419
361.864
358.32
353.226
-654321
345.745
340.933
338.887
335.142
331.339
327.063
323.756
319.781
315.876
347.109
355.036
356.59
361.349
364.559
363.785
363.693
361.486
363.181
349.945
-654321
342.374
338.314
335.196
330.435
327.421
323.334
319.57
315.294
311.924
348.707
354.039
354.809
358.656
361.265
366.066
360.821
363.776
363.265
346.081
-654321
338.447
334.564
331.617
326.709
323.527
319.327
315.886
311.885
307.98
345.955
347.805
351.39
352.539
355.468
360.467
365.168
365.144
367.13
342.413
-654321
334.897
330.795
327.28
323.2
319.393
315.506
311.583
307.777
304.036
342.376
346.248
348.271
349.188
354.054
357.772
357.972
361.316
362.855
337.207
-654321
331.014
327.209
323.267
320.005
315.449
312.23
307.574
303.748
299.45
338.167
340.457
346.663
347.871
352.227
355.553
360.323
358.819
362.217
335.088
-654321
327.178
323.789
319.771
315.831
312.206
307.65
303.876
299.769
295.704
334.98
337.75
342.267
343.811
347.241
353.611
355.049
358.904
360.607
331.09
-654321
323.297
319.822
315.474
311.977
307.916
303.518
299.937
295.907
291.457
330.065
333.148
338.429
341.038
342.92
344.588
351.169
353.286
357.465
327.464
-654321
319.518
315.51
311.53
307.916
303.732
300.107
295.658
291.674
288.523
327.513
329.347
334.887
335.183
342.144
346.282
351.267
353.666
354.162
323.144
-654321
315.276
311.582
307.971
303.801
299.94
295.886
291.731
287.612
283.884
324.479
327.766
331.148
335.056
338.783
341.772
346.588
347.528
351.539
319.64
-654321
310.999
307.324
303.22
299.315
296.203
291.479
287.888
283.255
279.963
319.732
323.318
326.73
330.941
332.426
338.714
340.868
346.633
348.903
315.896
-654321
307.926
303.672
299.822
295.892
292.408
287.721
283.272
280.12
275.985
315.689
319.853
322.588
327.356
331.491
334.807
334.845
339.65
345.283
311.869
-654321
303.341
300.316
296.224
291.74
287.671
283.216
279.459
275.787
272.52
311.691
314.892
320.005
323.428
326.845
330.767
334.532
336.837
342.231
307.893
-654321
299.715
295.32
291.495
288.254
284.16
279.953
276.482
271.337
268.205
307.537
311.316
315.435
320.336
323.43
326.583
331.469
334.774
338.458
303.362
-654321
295.943
291.654
287.883
284.132
280.158
275.561
271.088
268.107
263.963
303.766
307.69
312.069
315.423
319.705
323.444
296.482
331.148
334.984
300.562
-654321
292.246
277.019
283.616
279.173
270.618
271.794
268.182
264.357
259.658
300.707
303.669
307.661
311.522
315.598
319.425
323.75
326.641
330.777
295.638
-654321
288.01
284.387
279.718
276.035
271.729
267.612
263.583
260.491
255.548
295.16
299.69
303.933
307.054
311.401
315.729
318.624
323.495
327.128
291.536
-654321
274.211
280.049
276.005
272.53
267.934
263.632
259.377
256.412
251.818
278.905
280.35
299.761
303.804
307.866
289.014
315.427
320.058
323.655
287.316
-654321
279.154
275.394
271.772
267.512
263.087
260.011
256.237
251.467
246.979
277.105
292.624
295.741
300.407
302.916
308.11
312.007
315.009
319.576
274.762
-654321
276.969
271.701
268.059
263.356
259.059
255.725
252.144
256.784
243.988
274.56
276.645
291.362
295.422
283.319
303.54
306.949
311.642
315.554
272.392
-654321
271.652
267.189
264.331
259.835
255.944
252.322
248.017
243.753
280.276
275.406
288.509
278.716
296.31
299.184
303.78
307.097
311.723
276.035
-654321
266.743
264.736
260.47
260.569
252.096
247.787
244.083
276.179
272.56
283.918
276.137
290.816
295.474
299.08
304.377
307.725
272.379
-654321
263.241
259.62
260.628
251.694
256.599
243.878
268.924
276.255
279.764
283.31
288.052
292.574
280.175
283.136
304.108
268.275
-654321
258.771
260.987
251.996
246.805
243.958
267.284
271.004
276.645
279.659
284.098
288.199
291.934
295.849
299.522
263.818
-654321
255.771
251.552
247.56
254.235
265.312
268.352
271.172
270.989
280.559
284.215
287.77
292.026
295.928
259.562
-654321
252.536
247.072
244.084
259.394
263.9
267.438
271.337
276.068
272.428
275.36
287.606
291.802
255.458
-654321
256.433
243.581
255.182
260.66
264.025
268.822
271.301
275.32
273.168
285.215
287.907
252.027
-654321
242.921
251.719
255.379
259.808
263.364
268.867
271.421
271.183
280.196
283.703
246.973
-654321
247.927
251.53
255.088
261.794
263.121
268.451
271.948
277.224
279.285
244.018
-654321
