157.093
137.803
133.958
144.676
125.977
157.947
117.918
113.856
109.926
141.851
-654321
138.007
134.103
129.985
126.284
122.106
117.94
114.307
110.084
106.107
141.792
141.622
-654321
134.519
130.55
126.671
122.516
118.483
114.677
110.66
106.613
102.528
141.945
141.882
138.512
-654321
129.717
126.192
121.858
117.792
114.195
110.029
106.11
102.068
98.0341
137.973
141.605
142.141
134.077
-654321
125.937
121.927
118.069
114.136
110.182
105.883
127.824
98.2827
116.018
134.136
149.075
141.149
141.845
130.047
-654321
121.888
118.278
114.25
110.287
106.122
101.96
98.1195
94.2882
90.0616
130.056
133.919
137.826
147.79
145.51
126.218
-654321
152.071
113.934
110.004
105.968
102.249
97.9722
111.649
90.2575
86.0712
125.987
129.734
134.015
138.074
141.044
141.66
122.133
-654321
146.053
110.094
105.863
101.788
98.0395
94.0018
90.0315
86.1001
81.9809
122.193
126.268
130.21
134.078
137.958
141.789
142.178
118.458
-654321
110.267
106.388
102.247
98.0272
94.1308
89.9529
86.2184
82.0518
78.0311
118.192
122.215
126.02
130.001
134.035
137.91
141.508
141.53
113.903
-654321
106.459
102.383
97.8604
93.875
89.9351
85.7719
97.8623
77.9227
74.2839
114.046
118.168
122.021
126.157
165.872
134.077
137.843
141.244
141.854
110.098
-654321
101.889
98.2669
94.1077
90.7516
86.3474
81.9125
77.8435
73.7052
70.2768
109.857
113.827
118.514
122.188
162.69
130.113
134.419
138.103
150.859
106.238
-654321
98.1773
93.8666
90.2057
86.1459
82.0776
78.3473
73.9815
70.0525
66.0801
106.14
110.131
145.71
117.644
122.516
126.326
130.285
133.936
138.138
101.875
-654321
94.1699
89.865
86.2446
82.1746
78.218
74.0182
70.4038
66.2111
61.7878
101.915
105.931
110.152
114.368
118.135
121.801
126.119
130.1
133.959
97.8506
-654321
89.9166
86.1691
82.3871
78.2452
74.0458
69.4475
66.0895
62.1729
57.7425
97.9431
102.342
105.79
109.936
114.409
118.206
121.742
125.654
130.241
94.019
-654321
86.1343
82.5336
77.6489
73.7311
70.2885
65.7921
61.7882
58.5283
54.0963
94.3571
97.9288
101.799
105.824
110.237
113.556
118.228
122.005
126.085
90.174
-654321
81.8483
78.0048
73.6366
70.025
65.7778
62.2254
58.0131
53.914
49.8952
90.1354
93.9331
97.889
101.721
106.622
110.339
113.786
118.122
122.155
86.3429
-654321
77.9989
74.1346
70.3995
66.331
61.7057
57.4985
54.0283
50.7439
45.8152
85.7525
90.3805
93.9801
97.6134
102.022
105.952
110.205
114.076
127.776
81.5003
-654321
73.9824
69.9623
65.985
62.3786
57.7366
54.394
50.156
46.0057
41.7962
82.4666
86.0912
90.1255
94.3037
98.6092
102.143
105.757
110.476
114.16
78.4062
-654321
69.9578
65.9942
62.6753
58.0901
54.5665
49.9361
45.9103
38.0593
38.5311
78.0361
82.3106
86.182
90.3069
94.0409
98.0391
102.51
106.187
110.007
74.0192
-654321
66.0785
62.2323
57.9496
56.4503
50.5808
46.3063
41.3359
38.0901
34.0567
73.7742
78.4795
82.1263
86.2785
89.9916
94.4172
98.336
102.032
106.137
70.0097
-654321
62.4189
58.2612
53.7619
49.7696
45.7169
42.3643
38.5002
34.1907
30.0614
70.4277
74.3794
78.382
82.362
85.9274
90.2776
94.5216
98.094
101.916
65.8942
-654321
57.8081
53.7134
50.0454
46.2015
42.0859
38.6441
33.387
30.1972
66.2701
70.5226
74.0842
78.0195
82.1557
85.3898
89.9277
94.5506
98.0817
67.6142
-654321
54.3008
50.2939
45.3715
42.5667
38.3528
34.5174
29.7611
61.7223
66.102
69.8301
73.7555
77.8419
82.5423
86.041
89.8037
93.9993
58.2915
-654321
50.1878
45.8859
42.7251
37.9263
33.9194
30.316
58.1609
62.1472
66.2678
69.9315
74.0259
77.509
81.9643
86.13
109.896
54.2772
-654321
46.5382
41.257
37.7316
34.196
29.4923
54.108
58.0671
62.3008
66.8284
69.742
74.3938
77.9614
82.5678
86.1288
49.9776
-654321
41.6092
38.09
33.7128
29.8672
49.8621
53.6704
57.7835
61.9555
65.8326
70.0841
73.9203
77.5277
82.4125
45.7779
-654321
37.6409
33.8877
30.8364
46.3902
49.4663
54.1211
58.1169
61.9687
65.961
70.0873
74.0208
78.227
42.3332
-654321
81.0333
30.1741
42.0338
46.1644
49.8732
54.3465
58.8147
62.1795
74.5245
69.4359
73.9879
37.5053
-654321
29.9389
38.1435
41.4776
46.1776
49.4556
54.2212
58.7287
61.8556
65.665
70.0219
33.4582
-654321
34.261
83.27
41.6781
46.2548
50.5301
91.3356
93.7555
61.7822
66.098
30.0634
-654321
158.165
158.234
155.366
150.445
144.334
138.112
132.297
126.392
120.661
149.705
-654321
159.452
154.849
150.259
144.875
138.856
133.067
126.709
121.133
115.209
150.23
158.285
-654321
155.913
150.445
144.605
139.086
133.018
126.803
121.065
115.159
108.885
158.961
150.167
159.605
-654321
150.892
144.75
139.763
133.183
126.944
121.185
115.55
109.695
103.416
159.464
157.553
150.485
155.749
-654321
145.089
138.941
133.078
127.053
121.636
115.42
108.938
102.932
97.4993
155.328
159.429
158.096
149.942
150.207
-654321
138.857
133.232
126.842
120.567
114.605
109.307
103.166
97.0933
90.9696
151.138
156.19
159.395
157.841
150.971
144.251
-654321
132.683
126.951
120.668
114.833
108.998
103.143
96.7058
90.6002
85.055
145.201
150.168
156.688
158.761
159.498
150.037
138.992
-654321
126.988
120.553
115.255
108.487
103.085
96.5222
90.6846
85.1504
79.5236
138.727
144.707
150.891
155.95
159.085
158.674
150.55
133.312
-654321
120.945
114.58
108.792
103.018
96.9753
90.516
85.2354
78.8722
72.9574
133.113
139.076
144.885
149.747
156.084
158.534
159.597
150.774
126.858
-654321
114.675
108.727
102.907
97.46
90.6297
85.029
79.2275
73.219
67.3598
127.237
132.877
139.005
144.371
150.361
155.701
159.282
159.294
149.597
121.173
-654321
109.277
103.162
96.9268
91.0018
84.9731
79.3317
72.7453
66.5891
60.6549
121.233
126.533
133.385
138.645
145.111
150.456
154.101
159.3
158.112
115.105
-654321
102.785
96.9977
91.0039
85.216
78.8089
73.4696
67.581
61.2436
55.3336
114.781
120.995
126.837
132.656
138.941
144.841
150.46
156.715
159.223
109.157
-654321
96.8688
90.596
84.946
78.6536
72.9267
67.6643
61.0157
54.8172
49.0673
108.494
114.885
121.131
126.775
133.146
138.519
144.71
150.13
155.586
102.221
-654321
90.397
84.6177
78.3363
72.5981
66.895
61.2806
54.9921
48.9875
43.0102
102.677
109.155
114.98
120.836
127.137
132.317
139
145.014
150.94
96.6744
-654321
84.256
78.8749
73.1977
66.7581
60.5908
54.5944
48.7249
42.6903
36.8208
96.2717
103.108
109.625
115.255
121.124
126.527
132.964
139.233
144.566
90.7983
-654321
78.1137
73.3502
66.616
60.4823
55.1376
48.7518
42.3458
37.4724
31.1103
91.0045
97.359
102.637
109.108
115.535
121.14
126.883
133.458
138.868
84.9515
-654321
72.492
67.2052
60.7334
55.2655
48.93
42.6242
36.1929
31.0691
25.2542
84.491
90.2109
97.0232
103.537
109.419
115.296
121.149
126.797
132.851
79.1251
-654321
67.1466
61.0711
55.0756
49.0619
42.8501
37.0275
31.5715
25.1849
18.951
79.0203
84.6836
90.9825
97.2623
103.335
109.93
115.875
121.282
126.752
72.3999
-654321
60.7754
53.5392
48.6631
43.1876
37.4702
30.8932
25.1123
18.7349
12.9249
72.68
79.1213
85.4229
91.0625
104.313
102.932
109.112
115.105
120.851
67.4596
-654321
54.8295
48.9798
43.1669
37.2282
30.4817
25.4336
18.3005
12.8999
7.73322
67.0671
73.016
78.0156
85.3837
90.3977
96.6783
103.153
108.827
115.079
61.0934
-654321
49.3405
43.3814
36.8097
30.7253
24.964
18.7275
12.5516
7.59903
1.03868
61.6924
66.9792
71.9963
78.7593
85.6142
90.2812
97.1733
102.455
108.837
54.1451
-654321
43.1479
36.9008
31.6066
24.8357
18.478
12.1899
7.38592
0.414677
54.404
60.6549
66.5097
73.2266
78.3911
84.8207
91.6775
96.1757
103.308
48.6933
-654321
36.9654
32.3519
25.3348
51.6847
12.8189
55.7868
52.5551
48.7523
55.0794
60.0768
66.7639
99.6059
78.6266
84.6411
90.8332
96.8201
42.508
-654321
30.9121
24.8193
18.3606
13.0131
7.88127
0
43.1241
48.8455
87.1418
61.2593
66.4094
72.7424
78.7414
85.3394
90.957
37.6001
-654321
24.6
19.3251
12.5675
6.75362
1.26373
37.1693
42.571
49.4259
54.34
60.4741
66.0171
72.8537
79.4576
85.3908
30.9144
-654321
18.7231
12.229
7.28973
1.43436
30.8913
36.4477
42.6578
49.3454
54.543
90.9064
67.6989
72.6063
78.8439
25.3211
-654321
12.514
7.06271
0.906586
25.0742
31.1608
37.3135
43.081
49.1407
55.306
60.3861
66.5619
73.1953
18.1207
-654321
6.1857
0.70594
19.4298
57.0306
30.6314
37.9733
44.6935
49.5194
55.0542
61.4486
67.0375
13.0698
-654321
0.851643
12.9949
19.9946
25.0103
30.2652
37.9951
42.3248
47.2584
54.5861
60.8616
8.30246
-654321
7.3648
13.1954
18.3803
25.3386
59.9653
37.5885
42.1249
48.5723
54.9874
0.303417
-654321
165.515
175.097
178.447
176.276
173.458
168.334
163.591
156.791
151.493
149.904
-654321
171.545
179.131
178.457
173.023
167.523
163.168
157.481
151.991
145.782
151.248
165.466
-654321
178.636
176.969
173.522
168.742
162.355
156.483
150.649
144.632
139.184
164.914
149.93
174.235
-654321
176.456
173.442
168.779
163.672
157.696
151.699
145.695
139.69
134.026
175.786
163.495
150.709
177.039
-654321
173.257
168.413
162.673
157.435
152.112
145.773
140.029
133.975
128.061
178.757
175.568
163.816
151.491
177.057
-654321
169.88
163.761
157.847
151.677
146.278
140.039
134.116
127.822
122.082
176.168
178.877
170.996
165.317
151.484
172.493
-654321
163.576
157.571
152.234
145.587
139.902
133.685
127.831
121.765
115.521
174.218
176.722
177.288
173.494
160.556
150.319
168.503
-654321
157.915
151.677
145.947
139.439
134.14
128.28
121.363
116.117
109.753
169.264
173.138
175.632
179.099
174.418
163.668
149.928
162.181
-654321
151.272
145.434
139.9
133.964
127.884
121.795
115.828
110.277
103.608
163.119
169.524
172.901
178.625
177.695
172.854
163.185
151.304
157.93
-654321
145.704
139.293
133.732
127.472
121.95
115.277
109.867
104.176
98.0232
156.743
163.219
168.121
172.682
177.242
178.28
177.941
164.148
150.6
152.118
-654321
139.93
133.916
127.269
121.922
115.412
110.047
103.561
97.7599
91.6835
151.628
157.44
163.57
168.542
173.147
175.845
179.384
176.09
162.719
145.719
-654321
133.679
127.785
122.224
115.266
109.326
103.888
97.3986
91.5029
85.7212
145.975
151.765
157.702
163.629
169.41
172.825
176.574
178.888
173.338
139.736
-654321
128.482
121.82
115.818
109.68
103.879
97.9814
91.8592
85.9293
79.3805
139.871
145.847
151.981
157.419
162.61
168.959
174.933
176.715
176.236
134.125
-654321
120.678
116.061
109.755
104.344
98.1704
91.5264
85.555
79.5486
73.4294
134.164
139.867
145.939
151.861
158.002
162.895
169.84
173.989
176.088
127.9
-654321
115.829
110.425
103.18
96.9928
91.7702
86.4231
79.4136
73.7425
67.3384
128.011
133.972
139.446
145.117
151.018
156.974
163.722
169.21
173.394
121.12
-654321
109.751
104.252
98.2214
91.5016
85.2705
80.5429
74.1974
67.4469
61.2376
121.598
127.377
134.228
139.764
146.654
151.834
157.698
162.53
168.509
115.427
-654321
103.733
97.1028
91.4286
85.3776
79.8681
74.0264
67.4792
61.7845
56.3408
116.07
121.911
127.457
133.698
139.172
145.362
151.516
158.147
162.957
109.743
-654321
98.173
91.0814
85.8382
80.4298
73.486
67.5296
61.469
55.4104
48.927
109.47
115.672
121.463
128.582
134.746
139.872
145.803
151.71
157.183
103.917
-654321
91.5975
85.4106
79.1268
73.2845
67.1805
61.8789
56.5013
49.5522
44.7304
103.664
109.406
114.905
121.391
127.644
134.184
140.073
145.466
151.616
98.2107
-654321
85.5983
79.8425
73.4531
68.6167
61.6855
55.4681
49.6427
42.3937
37.2911
97.3513
103.008
109.088
115.638
122.196
126.984
133.784
139.508
145.236
91.0391
-654321
80.4129
74.1869
67.5221
62.2542
55.4649
49.9716
44.0364
38.1317
31.7768
92.5006
98.259
103.316
109.711
115.978
121.572
128.111
134.058
139.605
85.3784
-654321
73.4411
66.9861
61.3375
56.3425
48.53
44.0939
37.3689
31.9002
85.9507
92.1188
98.138
104.086
109.317
115.524
121.376
129.111
133.676
80.042
-654321
67.682
61.3125
55.9676
48.8171
43.1796
38.6974
31.574
78.2506
85.6412
92.1139
97.963
104.501
108.91
116.947
121.334
127.418
73.7953
-654321
61.7218
55.6012
49.9704
44.8516
38.3082
32.5382
73.1791
78.9914
86.0462
91.5379
97.77
103.213
108.755
115.989
121.22
67.7209
-654321
55.3534
49.8501
43.0695
37.5278
32.0777
67.3707
73.7816
79.4065
85.8474
90.9946
97.4384
103.602
109.205
116.114
60.8554
-654321
49.2774
44.0064
38.3449
31.5436
61.365
67.3456
72.8455
79.7536
85.7023
90.6411
97.3455
103.869
110.118
55.836
-654321
43.0508
38.3017
30.8505
56.641
62.2409
67.3517
74.1439
93.0305
85.0386
91.455
97.0836
103.57
48.7054
-654321
37.4256
32.7671
49.6153
54.681
62.1959
68.1602
72.6969
79.5778
86.4879
91.8561
97.6037
43.2198
-654321
30.6832
43.9891
71.9544
55.9651
61.5789
67.7618
73.6793
79.7673
86.2046
91.0192
38.0238
-654321
37.538
44.2637
49.5988
56.0952
60.699
68.2136
72.33
79.2925
85.249
31.839
-654321
165.229
177.396
189.32
195.62
193.294
192.19
190.723
184.9
180.185
150.7
-654321
180.583
189.543
190.06
195.333
192.963
189.25
184.708
178.723
174.581
149.676
163.303
-654321
188.37
193.69
195.797
193.656
190.415
185.059
178.458
174.342
167.868
164.566
150.941
182.407
-654321
193.461
195.919
192.915
189.671
185.308
177.667
174.324
168.488
162.897
177.455
164.562
151.164
192.629
-654321
195.509
192.052
189.294
184.992
179.633
174.11
167.65
162.137
156.129
188.949
178.895
164.508
151.011
195.023
-654321
193.986
190.29
185.176
179.439
173.396
168.485
162.821
156.454
150.304
192.541
190.305
180.978
164.926
150.029
194.829
-654321
190.247
184.287
179.733
174.05
169.181
162.363
156.954
150.836
144.646
195.15
196.649
189.044
180.413
165.422
149.585
189.758
-654321
181.896
180.333
173.539
168.35
162.421
156.947
150.797
145.023
138.557
194.37
194.324
193.324
190.369
177.22
163.681
149.706
188.325
-654321
179.85
174.395
167.276
162.156
156.495
150.739
143.973
138.028
133.297
187.565
194.417
195.323
196.886
191.688
178.951
162.047
149.945
183.475
-654321
173.848
168.225
162.756
156.767
150.778
144.726
138.24
132.528
126.395
184.151
188.545
194.05
196.728
196.364
188.339
179.87
164.563
150.796
180.597
-654321
168.193
162.679
156.437
151.113
144.223
138.269
132.558
126.763
120.482
180.176
185.127
190.608
191.973
196.273
197.269
186.231
179.951
166.897
174.039
-654321
162.957
156.78
150.129
144.504
138.772
132.009
126.307
120.004
114.074
174.162
179.481
185.865
190.205
194.093
194.938
191.556
183.283
176.878
168.464
-654321
156.397
150.638
144.937
138.496
132.675
126.381
120.863
114.466
108.912
167.873
173.711
180.577
184.571
189.529
193.427
194.212
194.503
184.222
162.133
-654321
149.534
144.637
138.758
132.461
126.731
120.042
114.852
108.837
102.766
163.312
168.455
174.943
180.54
183.682
189.882
192.518
196.929
195.793
156.897
-654321
143.949
138.599
132.381
125.784
120.543
114.65
109.049
103.517
96.2914
155.388
161.782
167.949
172.816
179.045
185.715
188.039
188.289
195.392
149.522
-654321
138.562
132.23
127.162
120.445
115.376
108.287
102.651
96.0905
90.6541
150.949
156.093
162.88
167.659
174.344
180.802
186.138
188.796
193.484
145.084
-654321
131.663
126.802
120.496
114.569
107.801
102.37
97.7926
91.1203
85.0602
144.729
150.217
156.305
162.714
168.796
173.086
180.62
186.254
188.999
138.278
-654321
126.078
120.551
113.959
108.591
102.076
96.5849
90.6585
85.0551
78.6242
139.154
143.504
151.503
155.626
162.767
167.245
172.474
179.789
185.24
132.678
-654321
121.187
114.423
108.084
102.06
95.9798
90.1087
84.1529
79.0414
72.9754
139.576
137.888
144.718
150.38
156.029
161.764
168.272
174.296
179.424
126.417
-654321
115.103
108.779
102.506
96.0294
91.0657
84.9445
78.7272
71.931
66.6633
127.751
131.387
138.603
145
150.636
156.547
162.447
167.902
174.17
119.905
-654321
108.804
102.451
96.9335
91.3724
84.6027
78.1564
71.8424
66.7518
60.1365
120.134
126.735
133.231
139.192
143.708
149.495
156.667
161.77
167.982
114.178
-654321
101.755
96.1512
90.7231
85.7083
77.5584
73.0108
65.9583
60.9696
114.627
120.2
126.865
131.844
138.707
144.513
150.298
156.063
162.387
107.994
-654321
96.842
91.0176
83.9605
78.4664
73.0493
66.5737
60.8039
108.446
114.916
120.973
126.819
133.229
139.501
144.923
150.36
143.596
102.189
-654321
91.0943
85.3137
78.1811
72.7271
66.2277
60.5544
101.758
109.118
113.891
119.832
125.036
132.132
138.709
144.825
150.706
95.9591
-654321
84.5071
77.8224
71.8356
67.2996
59.9004
96.3154
101.941
108.368
115.013
121.219
126.901
132.677
137.552
144.306
90.216
-654321
79.3984
72.5596
65.8434
60.4133
89.9655
97.277
103.592
108.965
114.514
120.736
126.288
132.001
138.63
84.1184
-654321
73.3604
66.9823
59.6475
83.7893
90.1915
96.7395
102.582
111.085
113.983
120.327
125.357
132.556
78.304
-654321
66.5696
59.1421
78.3108
85.8805
90.7249
97.0493
102.593
108.508
112.7
120.938
127.282
71.7909
-654321
59.8425
71.6959
78.0322
83.4705
90.1202
96.4066
101.985
108.841
113.719
120.499
82.7352
-654321
65.492
72.704
91.5228
84.9482
88.1644
96.0106
102.052
108.307
114.435
60.3096
-654321
164.486
180.147
195.68
204.736
208.149
214.378
214.61
209.94
205.725
150.095
-654321
181.272
193.868
203.415
209.55
214.704
216.992
209.836
207.096
203.424
149.865
163.661
-654321
193.41
202.62
212.427
211.555
213.355
214.585
209.296
203.603
197.791
163.742
152.021
178.49
-654321
202.851
208.962
217.905
213.073
213.811
206.436
201.373
198.248
193.264
185.087
164.264
150.078
191.792
-654321
213.63
216.108
216.351
212.826
206.97
204.81
198.573
193.384
187.475
190.598
176.512
166.274
151.59
206.452
-654321
214.24
215.78
207.814
206.654
203.022
197.797
193.466
187.938
181.795
206.793
195.093
179.478
164.628
150.28
211.443
-654321
213.113
211.649
208.421
204.149
198.531
194.539
187.708
182.182
176.806
214.341
204.215
191.986
181.368
164.419
151.027
211.616
-654321
211.162
209.051
204.421
198.629
192.533
188.656
182.27
176.61
170.321
214.639
208.247
202.063
192.619
178.967
163.343
150.367
212.748
-654321
205.761
203.757
198.217
193.921
188.849
183.382
176.817
170.826
164.773
214.686
214.009
212.385
203.684
202.913
177.1
165.617
150.33
213.288
-654321
204.05
198.874
193.726
187.603
182.054
176.006
170.943
164.763
158.725
213.687
211.2
214.012
212.181
203.199
187.513
178.181
162.375
149.57
206.773
-654321
195.242
193.365
188.482
181.561
176.931
169.859
164.791
158.438
152.405
209.405
212.038
214.088
210.766
207.803
205.802
193.233
178.822
164.249
202.043
-654321
193.658
188.589
182.845
176.003
169.954
164.758
158.9
152.445
146.765
205.559
208.216
213.398
210.877
214.701
213.293
205.176
187.116
179.053
198.54
-654321
186.389
181.907
176.198
171.046
164.35
159.388
152.514
146.64
141.089
199.253
200.464
210.42
208.481
214.39
212.941
206.263
209.027
189.724
193.393
-654321
182.837
177.144
170.125
165.063
158.221
152.224
146.634
140.631
134.257
193.328
200.027
205.626
209.147
202.263
214.839
208.516
204.849
206.684
187.33
-654321
176.633
170.542
164.419
159.026
152.603
146.459
140.09
134.654
128.418
188.184
193.762
198.496
203.978
206.067
210.287
214.654
213.124
210.64
182.892
-654321
170.448
165.271
158.368
153.506
146.257
139.8
135.01
129.065
122.273
182.866
188.257
192.761
198.043
201.881
207.368
213.275
214.3
209.123
176.586
-654321
163.808
158.149
152.507
146.979
141.056
135.372
127.543
123.195
116.842
176.045
183.191
187.636
194.137
197.097
204.264
206.618
212.282
214.562
170.538
-654321
158.729
152.536
147.522
140.931
134.768
129.023
123.188
116.964
110.677
171.182
177.277
182.788
187.682
192.337
199.964
204.64
206.946
210.419
164.238
-654321
152.179
146.281
140.69
134.463
129
121.681
116.683
109.962
104.944
164.757
170.645
174.614
181.621
188.124
194.151
196.429
204.855
207.533
158.932
-654321
147.164
139.945
134.002
127.844
121.511
116.992
110.876
105.008
98.1816
158.333
164.866
171.626
176.319
180.758
187.676
193.7
199.802
204.421
152.001
-654321
140.339
134.871
128.768
122.725
115.717
111.598
104.389
98.4368
113.962
153.163
159.165
165.132
170.078
176.839
182.913
188.423
194.066
199.148
148.363
-654321
133.942
129.368
123.129
115.969
110.017
104.232
98.517
91.7684
145.874
151.814
158.496
163.961
171.131
176.554
182.645
187.877
193.486
140.081
-654321
128.753
121.235
117.035
110.086
104.664
97.7783
92.8709
140.792
146.189
152.583
158.707
165.352
171.614
177.147
182.485
188.563
134.839
-654321
122.037
117.177
110.844
104.585
97.2518
91.7749
134.626
140.238
146.674
153.506
159.05
164.547
171.628
175.648
181.693
128.172
-654321
116.425
109.802
104.554
100.152
92.2046
128.24
128.308
139.655
146.058
153.21
158.974
165.306
170.382
176.047
120.94
-654321
109.347
104.725
99.114
91.5569
123.03
128.122
134.047
140.958
146.107
153.043
158.796
165.337
170.422
116.186
-654321
105.596
99.4977
92.8983
117.142
121.27
126.707
134.833
140.943
146.499
152.103
158.633
164.894
111.058
-654321
99.3765
91.1605
111.725
116.041
122.687
129.375
134.43
138.329
147.228
152.178
158.716
103.941
-654321
93.5281
104.829
110.998
117.37
123.19
128.769
133.521
140.188
147.041
152.327
97.5118
-654321
97.7851
104.956
110.945
116.188
123.5
128.302
135.071
139.923
146.981
91.2984
-654321
166.071
177.967
191.574
208.016
221.422
229.621
229.734
233.354
230.705
151.323
-654321
180.258
192.151
209.969
214.652
222.889
223.28
231.314
231.834
222.825
149.705
164.639
-654321
192.64
211.654
224.3
227.14
225.394
229.169
232.064
223.568
226.907
161.931
150.478
177.824
-654321
211.626
226.559
227.011
233.034
232.952
234.321
231.887
226.648
219.911
179.092
166.646
149.858
194.276
-654321
216.474
221.632
224.17
231.944
229.945
225.086
223.201
219.002
215.686
193.181
182.561
164.616
149.918
207.149
-654321
226.616
231.311
231.977
228.229
229.472
223.904
221.206
214.089
208.761
208.931
194.915
180.54
165.506
149.465
218.624
-654321
230.096
229.594
230.072
224.759
223.543
221.161
215.949
208.885
202.872
217.128
202.039
189.608
177.125
164.255
149.84
230.965
-654321
230.443
228.802
226.844
222.62
220.604
215.925
210.277
203.344
198.961
227.886
222.068
208.19
188.68
176.001
166.184
149.874
230.812
-654321
229.868
228.965
224.812
219.971
213.137
209.839
203.989
198.786
193.259
225.937
225.494
220.382
205.766
194.517
180.209
163.471
150.135
230.637
-654321
228.057
224.996
222.021
215.735
209.629
205.332
199.262
193.046
188.062
226.414
228.996
228.243
217.185
210.287
194.173
179.265
165.358
150.273
231.1
-654321
222.221
220.506
215.255
209.657
205.711
199.906
192.843
187.4
182.132
224.604
229.384
230.674
223.878
217.746
208.087
191.597
177.562
164.631
223.096
-654321
220.807
214.917
208.939
204.967
199.364
194.467
188.439
181.555
176.086
224.759
233.068
230.591
220.151
231.406
216.227
212.534
193.134
182.816
225.521
-654321
213.526
211.172
206.006
198.094
194.04
186.297
181.643
176.065
170.635
221.098
225.824
231.361
230.57
228.987
231.797
218.4
206.964
192.355
221.659
-654321
211.293
204.381
199.473
193.021
187.465
182.7
175.174
169.881
163.972
218.366
225.913
228.304
228.769
229.185
229.184
222.687
225.714
205.746
215.149
-654321
203.414
198.861
193.418
187.379
181.951
175.739
169.332
164.038
157.876
210.565
218.781
224.517
228.268
227.59
230.407
227.498
234.914
220.735
208.906
-654321
199.325
193.257
187.759
181.084
175.672
170.252
164.24
158.223
152.182
207.945
214.482
220.834
221.13
227.995
232.339
226.225
231.17
220.502
200.043
-654321
194.204
187.842
181.264
175.657
169.509
164.826
157.604
151.757
146.509
203.883
210.389
215.759
215.438
222.892
225.941
230.939
234.059
227.708
198.28
-654321
187.795
180.949
175.868
169.62
164.165
158.803
152.36
146.173
139.802
198.968
205.072
211.39
217.179
218.792
226.571
228.528
230.955
232.243
193.57
-654321
181.552
176.025
170.123
163.586
157.495
152.002
146.067
139.886
133.615
193.414
199.263
204.104
208.049
213.58
221.551
226.76
226.274
229.876
187.971
-654321
175.03
169.118
164.897
157.282
152.325
145.698
139.27
134.819
127.42
187.557
193.823
199.15
205.731
209.475
212.98
216.056
222.972
230.53
181.186
-654321
169.616
163.185
158.477
151.887
145.969
139.575
133.322
128.258
122.371
181.837
186.449
191.937
198.952
206.092
211.67
215.057
213.992
223.882
176.091
-654321
162.638
158
151.043
147.08
138.895
134.002
127.612
122.092
175.547
160.181
188.392
194.056
196.563
204.708
211.071
215.021
218.99
169.868
-654321
156.824
150.961
146.237
140.286
133.925
126.988
122.27
170.178
175.364
182.715
189.154
192.471
200.133
204.98
208.224
216.366
162.772
-654321
152.498
145.583
139.268
133.046
127.699
122.065
164.587
169.717
176.994
181.16
188.073
189.935
199.717
205.932
210.571
157.358
-654321
145.179
139.634
132.676
128.472
121.636
159.556
162.874
170.352
176.156
182.684
187.382
193.907
199.656
204.624
152.87
-654321
140.834
132.419
127.844
122.493
150.489
157.51
163.583
169.86
175.142
182.557
187.733
192.309
199.172
145.481
-654321
134.802
128.966
121.248
146.053
152.041
158.282
163.998
170.345
175.446
180.716
188.088
193.5
138.602
-654321
124.118
122.43
139.449
145.327
151.35
158.911
164.703
170.407
175.766
180.747
186.156
134.439
-654321
123.232
132.269
139.048
137.05
151.558
158.613
164.486
168.689
176.075
181.252
128.921
-654321
127.682
133.736
140.243
144.836
152.961
156.977
165.088
169.443
176.256
121.414
-654321
164.448
176.222
194.147
204.299
230.595
227.847
236.878
248.708
241.287
151.219
-654321
174.67
188.895
215.606
221.765
231.52
237.711
250.286
251.268
251.629
150.149
164.58
-654321
193.806
211.537
217.578
230.465
235.364
246.53
248.218
247.007
242.757
165.35
149.68
181.186
-654321
205.136
224.782
231.441
243.437
247.457
248.318
249.424
243.654
247.055
177.343
166.06
149.802
199.161
-654321
214.879
234.089
243.818
244.72
251.506
244.17
242.938
244.352
238.279
192.226
182.053
165.598
150.211
211.096
-654321
237.17
246.936
247.219
245.432
244.45
248.116
242.568
240.563
235.32
198.392
193.98
174.479
164.298
149.228
199.031
-654321
238.96
243.094
242.932
249.757
246.171
245.743
241.077
235.583
231.3
216.706
207.585
191.671
176.722
167.173
151.086
225.439
-654321
248.615
248.884
248.948
245.287
245.506
242.318
237.012
231.902
226.928
239.928
218.386
205.727
189.509
179.287
166.891
149.384
236.723
-654321
247.718
246.655
246.721
242.005
236.632
236.824
228.321
224.637
221.795
246.404
227.954
220.749
203.396
194.881
176.766
164.903
149.224
246.892
-654321
247.266
247.095
246.095
241.341
233.649
230.953
226.266
220.381
215.241
250.545
240.308
234.518
216.128
209.168
192.669
181.268
164.38
150.491
247.781
-654321
246.881
242.157
239.216
237.852
232.536
225.538
221.141
215.422
210.654
247.398
241.747
245.341
236.841
221.878
208.11
193.1
179.488
164.049
250.611
-654321
245.248
241.279
236.906
228.904
226.199
220.618
216.012
209.977
204.855
242.453
247.374
243.827
237.648
239.998
220.37
205.293
194.12
180.971
243.948
-654321
241.94
233.84
230.171
226.137
221.807
216.268
209.728
204.621
197.862
247.849
240.896
249.224
244.426
240.169
235.255
217.782
206.924
190.845
247.033
-654321
237.448
231.019
225.15
222.262
215.277
209.787
203.459
198.177
192.114
245.254
247.069
247.152
249.934
243.419
243.037
236.63
218.016
215.227
240.42
-654321
229.776
225.703
219.195
215.088
210.341
202.795
198.672
192.488
186.559
242.486
239.4
246.626
249.339
251.347
235.911
241.812
237.664
219.893
233.294
-654321
226.817
221.455
215.121
210.494
203.847
198.403
192.513
187.133
180.727
231.246
237.421
243.663
246.854
245.836
250.675
245.505
243.064
228.003
228.141
-654321
220.019
214.394
211.105
203.219
198.057
192.974
186.033
180.801
174.003
232.311
232.462
238.3
243.248
249.553
250.021
247.323
246.155
237.244
225.112
-654321
216.169
210.7
202.79
198.982
191.809
186.972
180.594
175.106
168.59
225.556
233.101
237.019
241.187
239.39
254.868
252.011
248.031
250.533
221.468
-654321
211.009
204.038
198.326
192.467
186.664
181.027
174.588
168.478
162.674
221.017
227.473
229.944
237.576
240.487
243.163
238.297
245.213
247.675
212.652
-654321
204.506
197.949
192.854
186.921
180.767
175.233
167.963
162.529
156.36
215.382
219.367
224.534
232.785
238.554
239.65
246.298
249.521
249.036
210.767
-654321
197.697
193.327
186.021
181.028
174.883
168.734
162.794
156.417
150.792
210.048
215.742
220.723
221.539
228.119
238.666
242.142
240.306
245.064
204.309
-654321
192.485
186.606
181.463
174.631
168.366
163.972
156.635
149.942
204.734
210.582
216.295
222.938
223.006
233.109
233.636
230.847
245.142
198.052
-654321
186.618
180.164
175.169
168.869
161.969
157.413
150.755
195.284
204.807
209.556
217.412
222.968
226
229.423
228.919
240.492
193.33
-654321
179.978
174.436
168.183
161.903
156.819
151.173
192.688
198.241
204.832
206.846
215.625
221.653
226.279
229.93
232.562
186.618
-654321
174.344
168.086
162.272
155.95
150.436
186.937
192.672
198.6
205.137
210.308
212.973
220.469
225.87
231.467
181.093
-654321
169.1
162.327
156.262
150.128
180.886
185.617
193.943
197.689
203.873
208.741
211.987
220.679
226.454
175.176
-654321
163.55
156.987
150.092
172.467
180.758
186.363
193.076
197.521
204.757
209.957
215.608
218.708
169.32
-654321
156.903
148.963
168.088
175.256
180.575
186.767
191.481
198.273
205.058
210.807
214.319
162.038
-654321
150.007
162.218
168.279
173.483
179.948
185.967
193.124
199.348
203.823
209.938
156.175
-654321
156.859
162.14
168.489
175.815
181.016
185.713
192.124
198.619
201.965
150.549
-654321
163.031
178.393
194.081
213.431
211.501
223.76
230.53
254.907
262.275
151.17
-654321
173.695
195.557
200.546
214.569
226.781
241.923
257.39
257.676
270.849
151.962
162.406
-654321
195.17
209.798
214.577
230.988
251.421
256.471
259.528
266.8
270.14
165.102
152.52
177.694
-654321
204.5
228.37
240.886
254.414
255.094
260.54
261.619
268.741
269.812
174.836
164.268
151.196
195.534
-654321
215.46
230.251
251.87
256.604
259.313
266.384
258.613
262.119
259.989
197.043
180.093
165.039
149.164
207.946
-654321
237.299
248.306
249.357
261.979
261.512
269.422
266.066
265.735
258.901
207.437
193.847
177.765
160.497
151.134
215.011
-654321
257.578
248.684
262.731
258.487
270.95
264.506
262.928
264.416
262.903
218.373
213.5
195.501
176.082
164.705
149.705
243.005
-654321
258.619
259.313
267.702
268.55
259.698
258.22
260.975
257.066
253.75
236.123
218.503
205.468
196.926
181.881
163.774
149.766
245.116
-654321
261.3
264.426
266.351
267.544
265.211
256.161
256.442
255.375
248.948
248.955
236.825
223.777
204.897
199.676
184.4
163.059
149.194
260.5
-654321
259.92
268.368
267.452
260.358
261.777
253.642
250.026
250.071
244.597
263.067
245.287
239.202
213.884
207.812
193.456
176.523
163.679
150.436
267.427
-654321
269.189
266.82
266.867
264.496
256.424
254.937
252.264
245.724
241.603
255.279
252.221
244.402
233.265
218.854
211.19
193.922
178.171
163.421
264.855
-654321
263.852
262.081
258.711
256.501
253.461
249.818
246.006
241.796
234.397
262.95
261.565
253.825
243.172
230.177
225.716
209.346
192.923
177.372
255.394
-654321
262.318
263.453
255.744
256.122
249.086
243.415
238.745
235.413
229.497
264.317
259.821
265.991
262.264
246.225
232.812
217.578
202.543
191.356
263.159
-654321
264.296
258.315
252.151
243.831
244.211
238.1
233.677
228.708
224.201
264.155
266.067
263.585
263.79
266.452
246.276
226.896
226.161
202.857
261.78
-654321
259.768
253.082
251.854
244.473
239.691
233.302
229.977
222.565
218.64
264.093
265.728
268.051
267.566
266.744
257.54
245.669
231.907
220.664
261.14
-654321
253.885
250.75
240.732
239.12
232.944
229.685
223.527
218.337
212.025
256.758
257.739
266.779
262.048
265.719
260.218
242.816
243.28
235.785
263.432
-654321
250.003
243.117
235.899
235.519
229.763
222.385
216.743
211.218
205.839
261.548
262.718
262.978
266.476
265.634
264.672
257.365
267.921
255.208
251.994
-654321
243.928
239.798
228.853
227.667
221.31
217.769
212.079
205.74
199.579
252.817
256.692
263.018
262.258
261.364
271.796
268.999
261.37
248.14
245.646
-654321
240.185
234.653
226.066
224.313
217.738
211.617
206.272
199.79
194.483
250.558
258.143
259.361
263.355
262.577
265.135
266.479
275.621
262.873
243.597
-654321
234.249
229.164
224.565
217.446
211.69
206.718
200.574
193.656
188.558
242.631
251.072
252.421
250.929
260.522
271.75
268.796
266.827
264.092
238.721
-654321
229.733
222.889
217.762
211.305
206.683
200
194.181
188.872
181.928
239.529
242.782
250.379
255.623
252.257
259.907
262.864
270.84
270.739
234.597
-654321
224.298
217.769
212.409
205.88
200.279
194.441
187.943
181.809
236.34
241.486
243.338
246.632
257.078
252.197
262.636
267.076
221.745
230.707
-654321
217.35
212.276
207.099
201.077
193.54
188.392
182.071
229.478
231.912
239.793
245.47
248.223
254.109
259.856
264.829
264.766
220.345
-654321
212.276
206.532
200.302
194.476
188.915
181.896
222.864
229.554
232.718
239.375
243.266
251.929
254.061
256.973
263.83
215.706
-654321
205.978
200.054
195.52
188.343
182.21
217.819
222.049
228.622
234.637
237.911
241.05
245.041
250.758
260.018
212.441
-654321
200.792
194.818
188.809
182.398
212.129
218.324
224.287
229.096
235.995
236.989
247.09
248.252
255.772
207.172
-654321
194.429
188.502
182.354
207.09
212.631
217.942
223.082
226.788
232.449
235.683
244.682
250.963
199.457
-654321
188.383
182.79
199.529
206.374
212.587
217.458
223.443
229.573
234.334
238.124
245.925
193.982
-654321
183.076
193.85
200.191
205.987
211.939
218.615
222.563
230.348
235.093
239.447
188.217
-654321
187.101
194.24
199.592
206.546
211.26
215.682
221.986
225.755
233.099
182.23
-654321
163.214
174.105
192.174
209.663
225.138
232.696
264.517
267.355
280.939
148.695
-654321
175.946
195.183
204.523
215.084
242.226
249.087
255.73
266.453
281.201
150.826
164.669
-654321
195.913
208.078
222.453
235.949
240.714
271.054
251.47
275.628
259.659
163.531
150.954
180.352
-654321
209.522
220.391
238.963
249.945
262.624
261.406
275.303
285.552
276.798
174.464
168.755
149.785
189.964
-654321
224.157
228.685
237.969
261.843
269.623
267.079
279.837
277.484
284.914
198.815
179.991
168.386
150.21
205.284
-654321
237.776
247.661
247.534
271.347
285.877
279.318
282.312
284.659
280.526
208.548
191.637
177.452
163.981
149.394
218.231
-654321
245.097
265.227
266.959
279.807
270.513
284.478
278.582
288.274
281.077
228.314
209.718
201.393
179.25
162.668
152.541
234.333
-654321
260.575
270.675
280.073
278.57
286.255
284.646
290.259
273.936
280.696
234.942
225.011
205.883
190.722
177.662
162.895
149.412
247.107
-654321
274.52
284.339
285.932
275.91
281.94
281.362
276.608
281.997
272.021
250.062
243.821
223.527
208.168
191.808
175.124
163.906
151.241
248.829
-654321
275.338
283.04
279.212
274.855
288.684
278.652
273.653
269.737
272.903
265.618
254.362
233.611
225.919
205.974
192.245
178.295
164.307
150.734
266.339
-654321
274.855
283.959
285.579
284.526
278.071
268.535
274.976
273.569
268.951
278.501
270.466
248.609
238.874
219.882
208.299
196.475
180.414
165.608
274.539
-654321
283.581
283.461
282.833
280.49
279.949
279.908
264.99
265.976
260.478
273.629
263.521
256.375
253.262
235.384
218.861
205.365
193.04
179.727
288.463
-654321
283.254
283.924
280.246
281.15
272.089
273.278
268.232
262.256
254.97
281.221
282.8
270.767
253.525
251.022
238.582
216.65
210.176
195.809
281.673
-654321
277.122
284.191
275.956
278.217
269.743
265.527
257.09
253.055
249.069
287.659
284.744
272.581
267.485
257.199
245.518
234.74
222.311
204.186
288.299
-654321
282.536
276.591
275.612
270.417
265.058
259.116
253.161
250.267
246.198
282.016
281.458
279.638
276.176
271.749
260.422
249.069
237.028
225.533
283.509
-654321
276.195
279.996
271.414
263.607
261.42
252.849
251.191
243.861
238.779
283.704
287.741
287.667
284.717
268.615
269.535
248.082
237.41
239.342
282.385
-654321
274.571
268.376
267.552
261.329
257.564
250.979
245.779
241.5
234.022
280.438
279.106
285.312
278.92
279.889
286.469
264.124
258.756
247.411
278.533
-654321
265.98
267.497
262.235
255.593
250.352
245.28
240.159
234.415
229.276
266.425
278.645
284.204
282.868
287.563
281.391
277.96
269.474
242.899
273.011
-654321
262.642
259.029
256.535
252.499
246.692
241.553
232.382
228.801
220.87
269.785
280.677
276.14
283.355
282.549
290.798
271.509
276.868
274.857
261.477
-654321
257.31
257.881
251.513
243.191
241.135
235.626
226.502
222.73
216.811
272.576
277.188
274.856
280.162
276.034
276.15
278.914
284.192
276.424
267.095
-654321
254.583
250.011
245.764
240.717
233.033
229.048
224.1
216.61
211.056
263.885
272.824
271.299
276.725
283.191
285.273
280.998
280.98
276.352
263.558
-654321
252.815
245.851
240.686
232.151
229.117
221.15
218.043
211.974
261.75
263.998
268.571
271.972
279.893
282.192
286.808
269.465
279.958
256.886
-654321
244.943
241.651
233.134
229.705
223.106
218.113
210.956
255.135
262.899
254.007
269.1
274.481
276.233
279.739
283.952
283.429
249.315
-654321
241.064
231.212
229.735
222.746
217.003
211.462
248.939
258.792
263.104
260.991
274.03
275.504
264.535
281.848
286.255
247.047
-654321
234.221
228.154
223.664
217.11
211.935
246.485
251.2
251.49
259.316
264.466
273.86
274.331
276.52
275.965
240.578
-654321
229.854
222.748
217.787
211.29
240.273
246.194
253.326
258.269
258.909
265.444
265.168
277.147
276.905
234.855
-654321
223.814
217.635
212.168
235.093
240.832
246.348
252.697
258.826
263.697
266.135
271.337
273.746
229.122
-654321
217.173
210.196
226.896
235.914
236.411
244.967
252.939
257.979
262.553
264.111
270.746
222.168
-654321
211.774
221.598
229.476
233.783
240.996
246.892
251.758
258.17
260.202
267.517
217.781
-654321
217.182
223.802
229.059
232.453
239.981
247.709
247.305
252.236
262.075
211.737
-654321
154.132
166.24
174.618
182.176
188.089
211.008
206.655
213.133
228.856
145.712
-654321
163.571
174.383
181.182
197.875
208.065
210.244
221.989
219.368
233.459
144.418
154.775
-654321
170.061
178.554
194.804
206.222
216.96
219.155
236.192
228.342
243.713
153.01
145.811
164.905
-654321
178.701
194.172
206.565
219.952
227.081
226.884
229.181
234.678
245.637
162.41
155.929
145.937
175.843
-654321
187.755
187.346
208.541
213.479
223.325
228.126
241.735
231.662
239.691
171.889
163.24
154.808
145.6
176.658
-654321
204.04
215.765
223.361
226.438
230.744
239.546
249.193
246.216
243.703
179.796
173.736
161.163
155.68
144.709
187.646
-654321
213.736
223.669
234.388
225.234
237.861
240.741
244.674
242.082
245.188
195.927
184.593
177.661
164.246
153.99
145.04
201.194
-654321
220.7
230.786
244.619
237.706
235.786
241.625
238.79
246.035
240.07
207.557
192.071
186.449
172.22
162.888
153.649
145.197
213.809
-654321
245.47
237.481
228.89
244.919
241.813
241.648
239.808
243.349
250.235
209.202
198.122
192.048
188.98
171.888
162.196
155.907
146.578
221.712
-654321
230.147
231.558
249.039
237.424
244.16
238.972
246.238
240.137
241.337
219.452
207.08
198.728
185.783
180.431
173.07
162.836
154.163
146.693
220.75
-654321
247.473
241.936
242.669
246.216
243.934
258.353
239.669
240.571
238.465
222.569
227.051
208.189
199.564
192.03
178.125
174.901
163.561
155.004
226.901
-654321
243.122
238.442
244.186
240.319
243.469
241.846
241.934
238.809
234.547
229.867
225.764
224.077
205.457
198.589
196.203
183.695
176.865
166.841
237.186
-654321
242.758
244.172
243.069
240.982
243.723
239.535
238.604
234.582
230.018
232.748
226.948
224.988
225.177
215.673
201.89
188.522
187.3
177.693
242.621
-654321
245.804
244.111
243.05
243.646
238.616
235.359
232.459
226.202
226.902
236.717
234.445
231.475
227.136
227.937
211.814
202.187
193.819
182.352
243.684
-654321
244.421
240.592
239.283
237.225
232.387
232.961
230.184
226.773
222.057
237.995
270.471
240.951
233.073
223.1
217.428
210.525
203.493
194.267
244.65
-654321
240.183
240.843
239.988
236.766
232.508
230.721
227.321
224.655
219.943
242.666
241.302
239.953
239.105
239.146
231.538
226.704
212.782
207.391
243.734
-654321
242.758
239.335
237.145
233.039
230.136
227.764
223.553
219.21
215.714
245.128
242.832
243.923
243.259
240.33
232.855
228.303
222.149
212.138
243.539
-654321
239.185
237.646
233.112
231.345
227.738
224.347
220.981
217.411
213.465
240.371
245.593
231.277
241.708
241.517
239.375
237.364
236.98
219.722
240.091
-654321
233.965
234.103
231.596
226.684
221.957
219.537
217.02
211.916
209.485
241.516
244.079
243.282
246.652
240.247
239.505
241.407
241.828
242.913
239.224
-654321
235.304
231.212
226.954
221.144
220.636
217.181
213.381
209.278
205.542
239.36
243.689
242.281
245.952
232.518
238.845
237.685
244.21
231.531
238.471
-654321
230.863
226.198
221.97
220.049
217.324
213.253
209.525
205.57
201.98
235.998
239.082
235.995
243.481
245.079
244.23
247.488
240.965
232.509
233.064
-654321
228.975
221.834
221.321
217.293
213.227
209.399
205.325
201.468
232.361
233.523
240.559
239.666
242.729
241.434
243.132
244.028
241.655
232.533
-654321
223.411
218.906
217.57
212.883
209.495
205.78
201.903
231.738
231.02
240.195
241.489
243.419
240.973
243.36
243.702
244.566
226.995
-654321
220.392
217.682
211.554
209.542
205.643
201.866
227.774
230.796
235.447
239.272
240.968
242.092
242.584
245.257
248.01
223.062
-654321
216.692
213.419
209.527
205.906
202.437
225.146
222.558
229.567
234.151
235.13
239.927
239.062
244.142
242.605
220.583
-654321
213.249
209.814
205.752
201.928
220.767
224.283
229.45
230.5
231.489
238.51
238.229
240.392
241.099
217.764
-654321
209.578
205.029
202.112
217.868
221.155
225.078
228.003
230.772
234.823
233.572
237.208
240.967
212.985
-654321
205.893
200.773
213.346
217.338
219.501
224.486
226.946
227.529
232.966
237.327
237.238
209.422
-654321
201.725
210.501
210.552
217.573
219.881
222.835
225.81
226.285
234.854
237.284
205.728
-654321
204.276
207.194
213.414
216.377
217.587
222.036
227.171
230.046
235.274
201.869
-654321
