96.7905
77.5479
73.724
69.6195
65.681
133.566
57.5735
53.5565
49.6248
81.411
-654321
92.1311
73.7787
70.0635
65.8756
61.8523
57.806
53.8916
49.9002
45.8465
81.844
81.0109
-654321
73.7244
70.2013
66.1148
62.1652
58.1445
53.9357
50.1064
46.0523
42.3091
81.1499
81.4023
78.0123
-654321
69.6127
65.9217
61.4933
57.6659
53.7497
49.8606
45.8623
41.7545
37.4405
77.6421
81.4256
81.9958
73.6761
-654321
65.8574
61.8107
57.7765
53.8844
50.0846
45.7185
67.6895
37.6811
55.8873
74.1272
88.5794
87.0532
89.0684
69.7616
-654321
61.7256
57.98
53.7936
49.8626
45.7443
41.5897
37.7429
33.8612
29.5957
69.8623
73.7624
77.7567
81.4372
82.8915
65.7321
-654321
91.6621
53.5052
49.6736
45.9675
41.9218
37.3968
47.2322
29.8932
25.6325
66.0027
69.6026
73.2991
77.7953
80.8725
81.65
61.4304
-654321
53.6171
49.638
45.856
41.5061
37.5089
33.5828
29.6613
26.0382
21.7651
61.6884
65.7904
69.8499
73.7782
77.7684
81.3337
85.1117
57.7432
-654321
49.8345
46.4143
41.8291
37.9155
33.9008
29.7882
25.7058
21.6442
17.6268
57.6954
61.5228
65.9379
69.8268
73.749
77.4523
81.3637
81.0304
81.5678
-654321
45.6818
41.8031
37.7066
33.5565
29.829
25.4084
37.7435
17.6641
13.6012
53.8188
57.9121
61.7435
65.7882
69.7585
74.0715
77.8893
80.4058
81.4942
49.6657
-654321
41.6045
38.0172
33.8053
29.7243
26.0822
22.0217
17.493
13.533
9.94925
49.6752
53.5959
57.9035
61.9679
102.355
69.4789
73.9199
77.8466
81.4198
45.7929
-654321
38.0082
33.6273
29.7235
26.1516
21.6991
18.1335
13.8027
9.62178
46.0562
49.7128
54.0702
57.5151
61.9536
66.1299
69.9707
73.9067
77.7092
41.2543
-654321
33.6412
29.8045
25.9993
21.8531
17.3793
14.0293
9.71704
41.5624
45.3998
49.8437
53.888
57.7665
61.467
65.7129
70.0671
73.8854
37.9424
-654321
29.4626
26.0454
21.7663
17.342
13.6072
9.89614
37.6313
41.6135
46.0824
49.8953
53.774
57.7793
61.4986
65.5273
95.1311
33.8295
-654321
25.4836
21.4374
17.504
13.9765
9.72952
33.6795
37.2905
41.5751
45.7153
49.61
54.1456
57.2021
61.5481
65.6113
29.6897
-654321
21.7703
17.6494
14.0842
9.53437
29.8344
33.9667
37.6291
41.559
46.2971
49.9315
53.8868
57.6353
61.9752
25.679
-654321
17.7489
13.7656
9.81704
25.8835
29.7304
55.5688
37.609
41.4303
45.896
49.6413
53.6618
57.8086
21.3509
-654321
14.0181
10.2603
21.5923
26.116
29.1613
33.789
38.1308
42.0748
45.9561
49.4739
53.6817
18.2744
-654321
9.41618
17.7865
21.7045
25.8702
29.9635
33.8531
37.6399
41.5691
46.1769
49.7634
13.2098
-654321
13.6905
17.597
21.9239
26.2844
29.9344
34.5547
37.5881
41.3906
45.6527
9.74068
-654321
97.8464
97.9938
94.9489
89.9436
84.104
78.0982
71.9287
66.1196
60.3143
89.1259
-654321
98.9054
94.579
90.0512
84.5547
78.4037
72.6391
66.4991
60.573
54.6224
90.0277
98.1212
-654321
96.0719
90.2499
84.2586
78.887
72.7579
66.6641
60.6693
54.8603
48.836
98.1797
90.034
99.0952
-654321
90.1054
84.6406
79.119
72.7788
67.1752
61.2942
55.4772
49.6655
43.1044
100.267
98.3489
89.8429
95.7252
-654321
84.5818
78.5197
72.9994
66.5758
61.0707
55.1352
48.4098
42.4622
36.6339
95.0114
99.4095
98.0469
90.4614
89.5219
-654321
78.2686
72.5396
66.0225
60.5547
54.4002
48.2675
42.5859
36.5001
30.4963
90.2467
95.7799
98.9938
97.6443
91.1896
83.8262
-654321
72.4358
66.5826
60.5649
54.7819
48.9511
42.3851
36.3436
30.8278
24.4738
84.7823
90.0042
95.5368
99.4021
99.5334
88.4167
78.1337
-654321
66.6454
60.2276
54.6996
48.5344
43.1281
36.3459
31.2853
24.6825
18.8914
78.732
84.1569
90.7949
96.1051
97.3704
98.6912
89.9042
72.7885
-654321
60.4185
54.4672
48.4175
43.0269
37.1068
30.1072
24.3368
18.2686
12.2702
72.7358
78.6642
84.2006
90.1182
96.0108
99.3865
98.3645
90.988
66.5965
-654321
54.3825
48.3338
43.055
37.1039
29.9756
25.0814
19.0186
12.7693
6.5095
66.5611
72.1831
78.8919
84.3883
90.8518
94.383
98.9562
98.4515
89.7903
60.6783
-654321
48.6657
42.9926
36.663
31.2042
23.9155
18.6973
12.093
6.29129
0.947443
61.704
66.3374
73.1167
78.3498
84.8409
89.9353
95.1508
98.9981
98.4142
54.8447
-654321
42.1351
36.3469
30.8051
24.8881
18.6761
12.7506
6.36877
0.783321
54.5325
60.6371
66.7592
72.3521
78.5558
84.2833
90.5135
97.436
99.0341
49.1908
-654321
37.016
31.2998
24.8307
18.6639
12.9977
7.1041
0.618555
49.5213
55.0263
60.3147
66.4684
72.8203
78.4735
84.1529
88.8367
95.7983
42.531
-654321
30.3083
24.1101
18.8998
12.4572
6.48131
0.139025
42.3638
49.1575
54.5336
59.9492
66.2349
72.8686
79.2094
85.3471
90.1119
36.7819
-654321
24.3763
18.4582
12.4622
6.21304
0
36.8145
42.96
48.8725
54.6946
60.277
66.7885
72.715
78.5004
84.6466
31.471
-654321
18.6424
12.7006
6.57078
0.510759
30.2211
36.7035
42.6084
49.0032
54.5306
60.6739
67.4604
72.6624
78.6114
24.1777
-654321
12.5405
6.32419
0.292133
25.0793
30.8574
36.3942
42.7416
48.1515
55.0459
60.8458
66.6439
72.8985
17.6334
-654321
6.65686
0.394733
19.1802
24.4704
30.9909
36.8489
42.8582
48.0802
54.7338
60.636
66.7036
12.4093
-654321
1.06973
12.5539
18.9843
24.8716
30.3615
36.5639
42.4944
48.8245
54.9812
61.0866
7.17511
-654321
6.57108
12.7423
18.5109
24.6246
30.5017
36.2562
42.4133
48.3435
54.679
0.325924
-654321
105.391
113.791
117.691
116.195
113.001
107.81
102.735
96.6773
91.1
89.4929
-654321
113.582
116.773
117.808
111.911
108.554
102.508
96.9227
90.9886
84.6525
90.5574
105.405
-654321
117.168
117.093
113.098
108.506
102.538
96.0125
90.8638
84.5383
78.6867
104.398
90.3495
113.046
-654321
116.6
112.224
108.474
103.302
97.4559
91.5343
85.6752
79.669
73.9659
115.53
103.427
90.1766
117.064
-654321
112.4
108.942
103.08
97.6569
91.8767
85.4123
79.5817
73.8369
67.3578
118.589
116.026
100.849
90.7828
117.012
-654321
108.268
102.685
97.6631
91.2449
85.593
79.7024
73.3218
67.8347
61.5749
115.678
118.723
112.718
103.796
91.1386
114.315
-654321
103.313
97.6643
91.667
85.271
79.4184
73.3803
67.7125
61.3639
55.3678
114.073
117.254
117.714
115.613
102.283
89.0025
107.643
-654321
97.0511
91.346
85.7491
79.0939
73.5109
67.5785
61.6887
55.4022
49.3463
108.859
113.868
115.684
117.61
117.936
103.259
90.1877
101.456
-654321
91.3029
84.8859
79.8972
73.6208
67.1505
61.9032
55.4422
50.1229
43.1091
103.048
108.844
114.306
119.866
116.352
112.111
105.582
91.1618
97.1187
-654321
85.7953
79.0817
73.7721
66.9925
61.6656
55.1479
49.8106
43.634
37.4188
96.6073
103.284
109.574
114.113
115.493
116.996
114.526
103.006
89.7515
91.478
-654321
79.206
73.492
67.5849
61.3119
55.605
49.2534
43.2832
37.9265
32.1671
90.8931
97.3661
101.988
108.636
112.491
116.022
118.532
114.62
104.071
84.9482
-654321
73.9187
67.4925
61.3527
55.2615
49.0405
44.3949
36.8989
30.2854
86.2528
91.1046
98.0181
102.866
108.511
114.572
116.487
116.57
112.949
79.2875
-654321
67.7398
61.4159
55.6191
48.9604
43.4047
37.9358
30.8818
79.536
85.2081
91.7232
97.7445
102.144
109.084
113.372
117.794
118.457
73.308
-654321
60.7084
55.5436
49.9301
43.6095
37.9279
31.2294
72.901
78.5254
85.1743
91.3797
96.7664
102.111
109.451
113.661
117.212
67.4419
-654321
55.7675
49.5553
43.222
37.7405
32.1935
67.6866
73.1029
79.4404
85.5953
90.157
97.4587
102.926
109.065
113.994
61.9745
-654321
48.9376
43.6676
37.3052
31.1886
62.0077
66.9904
73.7989
79.4287
86.124
92.4503
96.4555
103.254
108.208
54.7194
-654321
43.8426
38.0349
30.9878
55.7243
61.3057
67.7639
73.6069
79.7925
84.9073
90.6645
96.719
103.334
49.491
-654321
37.2947
31.8655
49.6045
56.4822
60.9025
66.6389
73.9139
80.6177
85.2319
91.6086
97.0951
43.391
-654321
32.4837
43.9654
48.915
54.9942
62.1074
67.5269
73.7046
78.3583
86.1771
91.1442
37.5748
-654321
37.4395
43.6123
49.7585
55.9464
61.4007
67.4912
73.2367
79.1808
85.3265
31.4309
-654321
104.158
116.738
127.584
132.942
132.137
132.423
129.861
125.645
119.907
91.0432
-654321
118.525
129.919
131.155
134.307
131.838
129.648
124.911
117.719
113.532
89.8918
104.062
-654321
129.935
133.449
134.22
131.278
129.238
124.421
118.562
114.072
107.825
103.712
90.0287
121.44
-654321
134.246
137.129
132.525
129.984
124.177
117.438
113.913
108.382
102.12
117.005
104.361
90.1875
127.639
-654321
135.731
132.028
128.084
124.04
118.79
114.007
108.124
101.613
96.3227
130.05
117.712
105.271
90.5283
131.749
-654321
133.096
129.58
124.872
119.9
113.343
107.904
101.81
95.9511
90.323
134.053
129.505
120.996
102.802
89.9301
133.861
-654321
130.105
122.652
119.137
113.366
108.249
101.954
96.366
90.5214
83.8773
135.953
134.965
126.333
118.8
104.035
89.1602
133.12
-654321
121.1
119.277
114.402
107.913
101.458
97.3628
91.1047
84.4416
78.4829
128.696
135.647
139.063
128.633
113.1
103.272
89.3692
127.4
-654321
118.453
113.505
107.401
102.305
96.5424
89.5744
83.7817
77.9304
72.5985
126.678
135.373
135.551
137.069
127.722
114.057
103.343
88.1779
125.443
-654321
114.22
108.346
101.331
97.2684
90.7644
84.1499
78.1019
72.2706
65.8586
126.601
128.038
135.592
136.318
132.773
128.812
121.536
105.388
90.1785
119.828
-654321
107.83
102.21
96.0916
89.9076
84.1209
78.6596
72.3947
66.5627
60.6227
119.833
125.645
130.098
131.784
130.793
135.757
128.181
123.018
104.866
114.201
-654321
101.964
96.4822
90.5493
83.8612
78.1384
73.0446
66.1307
59.8819
114.501
120.151
126.198
129.719
131.534
136.652
134.955
132.477
121.621
107.402
-654321
95.7493
90.8168
83.8271
78.2312
72.6694
66.1257
59.9829
108.493
114.136
119.459
125.467
130.458
133.094
134.293
131.218
128.064
101.894
-654321
89.7712
84.7407
77.7789
71.6789
66.7112
60.1559
102.58
108.35
112.694
120.833
124.586
130.401
133.639
131.091
134.89
96.0784
-654321
84.2835
77.7882
71.8718
65.7395
60.2019
96.5647
101.823
106.639
112.941
118.573
124.739
130.91
131.156
133.596
90.7918
-654321
77.7154
72.5331
66.1615
60.6269
88.8409
97.173
101.566
107.166
113.815
119.513
124.389
130.279
132.584
84.1337
-654321
72.3054
65.706
59.3689
84.0762
90.241
95.6359
101.462
107.41
113.197
119.325
125.091
129.012
77.7081
-654321
66.0512
60.4611
77.6686
83.9057
90.1144
96.0013
101.159
107.069
113.754
120.676
124.504
72.0383
-654321
59.4156
70.8744
78.4992
84.2666
89.8855
96.3923
102.5
107.806
114.725
118.455
65.9361
-654321
66.6333
71.8254
78.3722
83.9941
90.3447
96.4279
101.855
107.984
113.214
59.9277
-654321
104.843
121.253
139.119
138.335
155.058
155.749
155.779
148.552
144.734
89.4861
-654321
120.726
134.265
140.581
145.927
155.038
155.106
149.255
142.369
144.03
91.4365
104.981
-654321
140.75
144.51
155.427
151.075
155.54
152.5
151.154
143.861
139.148
104.356
91.2219
119.087
-654321
137.909
153.94
153.639
153.01
152.472
148.27
143.006
138.641
133.465
121.843
106.281
90.1316
131.413
-654321
150.064
153.879
149.963
150.132
148.654
144.47
138.635
132.93
127.646
132.856
119.875
102.762
89.6787
144.312
-654321
152.623
153.016
146.758
147.265
143.231
138.918
133.535
127.799
121.714
146.088
129.393
119.36
106.629
90.2637
152.994
-654321
154.157
149.512
147.781
143.45
138.621
133.511
127.323
121.727
116.171
154.698
146.435
133.154
118.771
103.721
89.8191
153.99
-654321
148.191
148.467
143.647
138.832
132.732
128.563
122.481
116.229
110.165
153.046
148.989
143.575
134.738
119.257
105.898
89.7626
153.441
-654321
148.809
143.869
140.298
133.707
127.83
121.595
115.706
110.204
104.498
154.989
152.094
153.026
145.112
135.732
114.819
104.05
90.4717
154.451
-654321
143.437
139.608
133.549
128.359
121.203
115.006
110.59
104.511
98.222
149.719
153.35
153.077
152.967
144.921
134.492
120.617
101.809
90.6875
148.992
-654321
137.476
132.561
128.136
121.274
115.993
110.284
103.994
98.8968
92.5647
149.614
151.074
153.429
156.66
139.238
140.855
124.801
124.22
105.075
142.774
-654321
133.542
127.93
122.003
116.556
110.61
104.974
98.6418
92.4571
143.491
147.742
148.977
150.615
154.287
149.504
146.376
129.198
121.234
137.595
-654321
125.905
122.475
116.342
111.279
103.446
97.8023
92.2971
139.569
145.898
146.163
150.057
148.826
152.786
146.196
138.928
128.248
133.003
-654321
122.09
116.213
110.317
103.9
98.1594
92.3219
132.688
137.732
143.909
149.576
148.977
154.831
143.104
156.223
141.262
128.588
-654321
115.865
110.741
104.768
98.4914
92.1207
127.849
130.356
136.403
144.554
150.237
151.212
149.627
154.881
145.574
121.262
-654321
110.656
104.207
98.2596
92.4331
122.128
128.345
133.811
139.754
143.038
147.65
151.323
153.709
155.643
115.998
-654321
103.862
97.9718
92.9497
116.527
120.647
127.985
134.306
136.255
143.399
147.005
146.874
156.422
110.179
-654321
98.248
92.4534
110.172
115.57
122.358
129.011
132.437
138.035
144.082
148.005
150.985
104.988
-654321
93.4388
104.029
111.073
116.587
122.422
126.904
133.361
138.737
145.051
147.48
97.8705
-654321
98.6464
104.079
110.396
116.788
122.65
127.525
131.15
139.895
142.099
92.8126
-654321
106.766
118.675
133.155
145.013
161.972
169.769
172.563
170.86
173.991
90.9685
-654321
120.663
127.099
150.226
156.302
163.41
172.289
170.984
171.664
158.407
89.6733
101.889
-654321
134.579
150.095
163.043
165.97
159.613
170.95
168.041
164.931
165.088
102.656
91.2333
116.828
-654321
150.711
159.501
167.976
173.347
172.538
173.446
170.624
165.17
160.728
118.148
107.29
89.5018
135.548
-654321
160.686
170.581
162.582
168.478
168.861
166.039
164.231
159.995
155.976
130.673
116.459
107.483
89.8729
149.098
-654321
160.352
165.845
171.602
168.574
166.481
163.362
158.702
155.745
148.818
148.311
133.286
118.05
104.508
88.7374
164.305
-654321
172.331
172.153
169.874
168.257
165.902
160.292
155.705
146.721
145.373
158.057
133.94
136.075
115.724
105.401
90.5544
164.61
-654321
169.866
168.865
164.899
166.935
158.047
153.972
148.735
143.195
137.803
164.623
162.113
144.663
128.533
116.096
103.918
90.2524
169.651
-654321
170.796
168.342
164.138
157.966
153.317
149.973
144.914
139.345
132.565
166.961
165.234
155.125
149.627
135.795
117.367
105.076
89.0442
171.477
-654321
167.223
162.694
160.583
154.266
150.069
145.47
139.409
132.832
127.063
170.078
170.717
164.646
157.94
143.766
134.981
117.287
105.003
90.9818
168.054
-654321
164.829
160.911
156.212
149.98
144.085
139.939
132.22
127.515
121.986
169.975
168.8
168.939
169.992
155.862
150.53
134.255
120.027
105.264
166.742
-654321
159.855
155.642
150.863
145.314
139.198
134.151
127.244
122.133
169.095
169.992
168.471
168.311
164.141
155.883
153.217
130.248
117.255
166.298
-654321
156.895
151.019
144.831
138.743
133.282
127.739
121.541
167.7
160.834
167.692
173.913
165.117
170.455
151.453
152.872
130.401
161.254
-654321
151.354
142.564
139.32
131.961
127.413
121.025
161.873
165.912
163.181
167.504
169.049
171.613
167.651
160.977
147.184
155.202
-654321
144.985
138.408
132.926
127.006
121.433
157.463
158.058
163.771
171.644
165.129
169.132
176.281
167.848
161.267
150.663
-654321
140.304
132.711
127.663
121.531
147.908
153.664
157.409
159.809
168.872
166.377
170.188
172.116
164.707
145.051
-654321
133.68
127.516
120.405
146.196
149.814
155.328
161.788
164.123
169.463
171.085
172.875
170.635
138.264
-654321
126.307
121.343
139.025
144.547
150.862
154.352
161.479
163.757
168.917
170.982
161.544
132.416
-654321
121.098
133.572
138.898
145.678
151.489
152.937
161.817
166.404
165.153
169.875
127.397
-654321
127.108
133.438
137.742
143.748
146.835
156.19
162.372
163.033
170.314
120.717
-654321
108.046
115.077
134.69
149.59
164.983
164.906
169.597
192.226
190.62
90.9382
-654321
117.768
130.666
144.489
157.545
178.331
178.776
184.674
190.608
190.851
89.1029
104.028
-654321
134.378
146.545
161.085
165.425
169.876
186.685
179.729
189.824
174.899
104.516
88.6335
119.666
-654321
143.142
156.044
176.62
166.845
184.026
188.773
185.499
184.9
183.609
121.27
109.037
90.1247
135.431
-654321
154.631
182.692
180.892
183.389
190.055
177.524
188.988
188.596
179.677
130.981
120.296
103.611
91.1474
150.377
-654321
177.084
179.025
182.323
186.242
183.306
189.654
184.613
175.667
175.743
141.807
133.911
114.282
103.68
90.3738
153.441
-654321
174.659
188.952
192.573
183.471
176.253
188.216
178.392
178.776
170.548
158.666
144.557
135.442
118.067
102.036
89.9273
178.568
-654321
184.129
184.055
184.219
182.289
184.845
182.286
176.921
171.69
164.977
162.306
162.59
142.61
136.685
111.649
103.677
89.7639
186.165
-654321
186.875
188.208
187.021
185.052
178.391
175.321
169.805
165.81
162.178
186.402
165.026
157.96
144.254
133.777
121.834
104.513
90.3362
182.192
-654321
187.648
186.11
182.069
180.675
174.76
169.607
164.176
159.574
154.159
185.444
173.281
177.332
158.93
147.529
133.558
119.673
104.38
90.2846
188.943
-654321
184.793
182.095
179.326
177.328
169.396
165.725
160.825
155.296
150.139
188.984
182.248
183.567
172.748
157.002
152.239
131.702
115.658
104.833
189.921
-654321
182.763
179.472
172.085
169.493
166.222
160.319
155.317
149.509
183.79
182.29
181.299
181.035
169.815
156.325
151.329
136.493
121.01
183.872
-654321
182.144
175.41
169.729
166.576
160.927
155.674
150.629
188.829
190.33
187.541
188.748
176.287
163.916
164.006
150.761
133.644
181.918
-654321
178.894
169.964
165.516
160.452
156.307
149.756
187.328
183.012
193.077
187.886
188.892
175.544
172.626
163.534
143.065
179.643
-654321
172.341
167.565
161.07
155.442
148.145
178.934
187.433
182.195
181.829
189.003
176.301
186.509
174.23
160.036
175.968
-654321
167.095
160.965
155.271
148.922
175.258
175.181
188.37
188.84
188.593
189.513
193.898
183.097
175.939
166.811
-654321
159.133
151.804
148.865
173.267
176.007
179.552
183.915
187.418
189.276
187.102
185.069
175.267
164.448
-654321
155.602
148.417
167.251
168.203
171.213
180.759
188.165
187.206
194.299
186.165
180.968
160.791
-654321
150.329
161.133
168.237
169.421
176.096
182.273
185.051
186.913
186.974
188.369
155.515
-654321
155.549
159.648
160.619
170.273
169.761
178.236
183.819
184.814
186.821
150.374
-654321
101.636
117.499
135.171
148.085
160.14
182.031
193.727
202.439
199.618
91.1785
-654321
116.617
130.99
144.3
151.648
169.959
178.271
196.664
200.674
209.601
91.2734
104.907
-654321
135.211
142.946
162.162
172.636
182.592
195.279
190.928
203.862
208.534
104.639
91.499
120.008
-654321
152.271
161.125
175.8
191.466
188.964
195.992
208.347
204.573
212.169
115.607
100.913
89.9865
144.205
-654321
166.577
179.938
190.534
204.597
210.334
204.929
201.127
212.229
209.747
132.801
122.088
107.215
90.1773
149.262
-654321
180.762
189.452
199.593
192.418
203.007
201.578
206.653
206.265
198.481
155.454
131.157
122.786
104.823
92.2184
158.283
-654321
177.185
201.747
199.465
206.397
207.48
204.118
203.268
204.505
197.205
161.184
146.24
131.312
116.9
102.855
87.9582
179.214
-654321
194.189
200.714
201.046
205.738
198.414
194.198
202.574
198.721
194.176
175.206
157.919
145.809
133.058
119.348
105.987
89.1785
181.173
-654321
204.81
202.283
204.503
210.05
196.656
200.348
194.64
196.626
186.555
196.107
168.773
168.062
141.659
139.944
120.85
102.378
90.7937
197.478
-654321
209.128
208.589
207.031
190.804
199.659
191.617
193.314
187.549
185.525
201.386
180.091
171.949
156.766
142.768
132.858
117.783
103.994
90.3146
202.458
-654321
208.877
206.655
203.5
197.436
196.485
194.543
191.616
185.133
180.383
208.778
196.188
191.463
168.695
165.241
151.692
132.248
119.285
104.334
206.575
-654321
206.423
204.573
198.477
199.337
193.602
188.306
184.478
178.123
205.992
203.13
197.968
189.816
167.345
157.503
144.328
131.638
115.157
206.989
-654321
204.585
201.069
198.269
192.06
189.537
183.331
179.338
202.9
206.627
190.101
199.976
186.93
175.611
155.746
147.456
126.787
206.75
-654321
201.087
198.429
191.696
186.688
184.207
179.713
203.166
203.832
200.759
200.938
199.671
183.999
182.961
158.077
150.513
204.741
-654321
194.477
190.688
183.764
184.696
181.106
207.384
208.575
201.989
200.882
202.84
189.348
196.771
186.156
153.253
193.323
-654321
195.401
190.16
186.153
177.244
200.053
205.047
207.65
206.474
197.482
194.486
192.424
196.294
168.624
200.182
-654321
188.992
179.758
178.282
200.395
196.322
203.833
199.708
206.874
199.67
203.127
194.023
192.648
191.397
-654321
184.504
180.63
192.567
195.5
205.084
203.45
207.552
206.915
205.908
205.502
194.548
189.212
-654321
179.537
191.697
191.549
199.194
204.661
203.356
203.064
205.941
204.513
195.653
186.32
-654321
186.033
187.358
190.948
200.542
202.455
206.206
203.766
206.809
204.606
177.531
-654321
104.178
117.547
138.89
150.036
164.533
173.556
203.695
219.03
219.897
90.6166
-654321
117.508
132.185
138.195
160.767
195.353
192.032
201.346
198.63
218.414
89.0831
105.466
-654321
130.688
145.974
152.081
175.068
191.216
205.688
210.3
209.798
225.409
103.444
92.661
119.419
-654321
154.52
176.878
169.455
189.506
187.907
213.523
227.093
225.126
210.115
114.719
107.084
90.3021
123.582
-654321
152.961
180.492
177.849
204.022
198.376
208.446
215.048
213.139
224.889
133.782
114.478
103.532
89.0072
150.64
-654321
177.131
192.572
188.44
215.504
216.146
214.409
222.138
226.906
223.408
152.996
136.291
116.282
106.696
91.1082
157.481
-654321
199.549
197.286
218.338
216.439
224.451
229.964
228.597
225.304
218.884
151.347
149.616
130.475
121.496
104.632
90.4258
173.005
-654321
196.679
198.515
215.411
224.016
217.56
223.993
216.818
218.862
223.619
167.14
162.35
150.366
138.177
119.67
107.082
89.5199
184.537
-654321
198.378
220.273
218.008
224.547
224.812
214.342
209.123
218.45
213.736
190.705
176.928
157.834
151.82
130.376
114.485
106.783
90.611
197.806
-654321
214.45
219.077
224.228
217.638
226.367
219.151
216.947
213.166
212.73
192.76
188.182
180.102
159.927
147.468
130.081
120.381
104.306
91.1721
216.456
-654321
220.133
223.883
221.454
222.023
220.422
216.725
212.108
209.852
208.238
202.21
207.172
186.814
178.169
164.23
140.793
135.066
118.34
104.857
211.603
-654321
221.844
222.291
224.073
223.337
222.922
211.822
209.953
204.219
220.381
218.765
196.046
189.544
164.79
164.64
145.476
131.988
118.988
221.581
-654321
225.189
222.632
217.074
219.316
214.946
207.297
202.856
222.371
220.712
208.108
196.673
188.177
175.636
164.61
145.188
131.533
220.371
-654321
218.82
220.047
217.339
212.258
209.695
206.508
222.526
217.059
212.085
208.483
198.227
189.16
175.087
156.444
150.405
222.224
-654321
217.327
219.553
216.479
207.936
205.593
226.156
224.778
220.192
217.175
202.346
195.737
190.033
176.53
159.805
223.179
-654321
219.846
219.292
211.944
202.66
219.975
226.622
223.333
222.664
218.809
216.826
212.837
183.803
166.654
223.707
-654321
213.09
213.604
209.29
224.624
210.267
221.607
218.957
226.823
220.328
201.764
194.336
204.494
221.923
-654321
212.756
206.15
218.937
218.405
223.025
224.983
228.767
216.734
205.361
203.667
193.058
218.122
-654321
205.557
212.485
213.049
222.424
213.325
228.808
219.102
215.562
219.268
224.278
205.27
-654321
212.538
215.954
221.632
213.02
223.045
227.536
229.004
216.693
218.046
208.338
-654321
94.0064
105.927
116.001
128.964
132.838
131.652
159.243
162.84
163.241
85.746
-654321
100.422
111.524
122.251
136.137
143.25
140.19
157.857
163.894
171.305
84.9849
95.2345
-654321
115.59
121.887
130.825
148.072
128.726
158.827
168.362
172.445
177.698
95.7724
86.0272
102.876
-654321
117.635
130.405
144.447
151.202
171.207
195.823
180.511
170.379
180.946
105.283
94.4649
85.0139
113.588
-654321
131.521
139.405
158.841
159.475
150.961
169.028
173.181
178.058
178.55
114.745
105.912
95.6586
85.4782
123.039
-654321
148.101
154.531
162.667
165.754
171.759
168.601
178.574
182.473
182.779
122.026
118.618
101.841
95.3675
84.4679
129.905
-654321
147.686
164.505
176.061
169.891
172
180.13
186.838
185.557
188.199
130.671
124.785
110.815
103.884
94.4354
85.3587
143.76
-654321
154.903
156.056
177.281
179.027
178.699
182.827
176.666
174.761
182.804
142.682
129.051
118.474
113.378
106.887
96.0206
84.6814
147.89
-654321
178.052
172.797
170.963
185.054
179.911
187.883
187.999
184.996
181.754
144.998
147.184
139.212
122.214
112.11
104.385
96.1794
86.1507
156.882
-654321
186.186
178.52
173.668
175.53
184.617
182.429
181.34
183.357
178.097
154.603
146.85
137.818
128.484
117.654
114.18
103.68
95.1896
86.0587
170.768
-654321
183.079
188.614
188.373
183.422
181.829
182.457
178.715
180.051
176.065
163.585
164.278
147.884
148.831
131.287
123.002
112.984
103.006
94.2532
174.372
-654321
188.628
182.22
183.014
181.236
183.982
183.702
178.87
174.869
176.085
180.658
169.818
150.321
146.545
133.47
125.519
113.591
102.553
168.533
-654321
172.592
181.596
185.183
185.12
180.486
179.778
177.32
185.94
180.694
176.738
155.743
155.396
145.063
135.35
125.489
114.237
180.939
-654321
184.139
185.819
180.902
179.302
176.373
177.172
176.516
177.48
185.558
165.109
159.461
156.507
147.012
133.155
121.561
181.507
-654321
183.619
182.646
180.087
177.872
177.361
185.907
182.427
198.171
175.039
172.978
159.893
144.055
140.586
129.93
186.738
-654321
182.699
180.85
178.543
175.838
182.421
180.932
178.059
183.004
165.274
166.94
155.279
154.09
143.176
184.115
-654321
181.042
177.864
172.606
181.558
184.35
179.179
180.332
170.148
171.855
167.253
159.107
151.855
185.03
-654321
177.598
174.613
180.737
184.941
182.819
183.827
181.216
172.988
175.253
174.307
167.094
181.258
-654321
174.791
180.77
179.843
186.35
178.584
182.453
184.344
178.707
174.238
172.045
178.549
-654321
177.764
184.622
184.418
184.787
183.96
186.554
187.116
180.748
172.964
175.699
-654321
