0.959136 1
0.0400925 11
0.00077101 41
-123456
0.965385 2
0.0346154 12
-123456
0.951429 3
0.0485714 13
-123456
0.953788 4
0.0462121 14
-123456
0.957271 5
0.0427286 15
-123456
0.960311 6
0.0389105 16
0.00077821 56
-123456
0.94919 7
0.05081 17
-123456
0.958333 8
0.0416667 18
-123456
0.958998 9
0.0410023 19
-123456
0.958904 0
0.0410959 10
-123456
-654321
0.967593 2
0.0324074 12
-123456
0.967213 3
0.0327869 13
-123456
0.968586 4
0.0314136 14
-123456
0.9725 5
0.0275 15
-123456
0.973274 6
0.0267261 16
-123456
0.932692 7
0.0649038 17
0.00240385 47
-123456
0.959184 8
0.0408163 18
-123456
0.971154 9
0.0288462 19
-123456
0.964286 0
0.0357143 10
-123456
0.957944 1
0.0420561 11
-123456
-654321
0.978022 3
0.021978 13
-123456
0.970443 4
0.0295567 14
-123456
0.947368 5
0.0526316 15
-123456
0.955446 6
0.0445545 16
-123456
0.960199 7
0.0373134 17
0.00248756 47
-123456
0.965278 8
0.0347222 18
-123456
0.976684 9
0.0233161 19
-123456
0.96962 1
0.0303797 11
-123456
0.955526 0
0.0438005 10
0.000673854 50
-123456
0.961259 2
0.0387409 12
-123456
-654321
0.96817 4
0.0318302 14
-123456
0.965347 5
0.0346535 15
-123456
0.941953 6
0.0580475 16
-123456
0.968059 7
0.031941 17
-123456
0.969555 8
0.030445 18
-123456
0.96144 9
0.0385604 19
-123456
0.943005 2
0.0569948 12
-123456
0.970516 1
0.029484 11
-123456
0.959047 0
0.0409531 10
-123456
0.974719 3
0.0252809 13
-123456
-654321
0.968992 5
0.0310078 15
-123456
0.945946 6
0.0540541 16
-123456
0.950125 7
0.0498753 17
-123456
0.954198 8
0.0458015 18
-123456
0.953678 9
0.0435967 19
0.0027248 49
-123456
0.951482 3
0.0458221 13
0.00269542 53
-123456
0.956962 2
0.043038 12
-123456
0.964557 1
0.035443 11
-123456
0.957416 0
0.0425844 10
-123456
0.97389 4
0.0261097 14
-123456
-654321
0.952494 6
0.0475059 16
-123456
0.953317 7
0.046683 17
-123456
0.973046 8
0.0269542 18
-123456
0.956743 9
0.043257 19
-123456
0.974239 4
0.0257611 14
-123456
0.959016 3
0.0409836 13
-123456
0.951872 2
0.0481283 12
-123456
0.952267 1
0.0477327 11
-123456
0.946657 0
0.0533428 10
-123456
0.956164 5
0.0438356 15
-123456
-654321
0.9675 7
0.0325 17
-123456
0.964736 8
0.0352645 18
-123456
0.95756 9
0.0424403 19
-123456
0.942308 5
0.0576923 15
-123456
0.966921 4
0.0330789 14
-123456
0.962025 3
0.0379747 13
-123456
0.955556 2
0.0444444 12
-123456
0.963049 1
0.0369515 11
-123456
0.956003 0
0.043997 10
-123456
0.966921 6
0.0330789 16
-123456
-654321
0.95288 8
0.0471204 18
-123456
0.957447 9
0.0425532 19
-123456
0.956186 6
0.0438144 16
-123456
0.954976 5
0.042654 15
0.00236967 55
-123456
0.950617 4
0.0493827 14
-123456
0.957895 3
0.0421053 13
-123456
0.9525 2
0.0475 12
-123456
0.969152 1
0.0308483 11
-123456
0.960256 0
0.0397445 10
-123456
0.955614 7
0.0443864 17
-123456
-654321
0.957816 9
0.0421836 19
-123456
0.939547 7
0.0604534 17
-123456
0.970732 6
0.0292683 16
-123456
0.969484 5
0.0305164 15
-123456
0.944737 4
0.0552632 14
-123456
0.958838 3
0.0411622 13
-123456
0.959079 2
0.0409207 12
-123456
0.9447 1
0.0552995 11
-123456
0.961479 0
0.0385208 10
-123456
0.965596 8
0.0344037 18
-123456
-654321
0.953317 8
0.046683 18
-123456
0.94335 7
0.0566502 17
-123456
0.964865 6
0.0351351 16
-123456
0.943152 5
0.0568475 15
-123456
0.957105 4
0.0428954 14
-123456
0.953003 3
0.0469974 13
-123456
0.955381 2
0.0446194 12
-123456
0.940887 1
0.0591133 11
-123456
0.96 0
0.0392593 10
0.000740741 40
-123456
0.967005 9
0.0329949 19
-123456
-654321
0.0697674 1
0.849521 11
0.0807114 21
-123456
0.0887097 2
0.818548 12
0.0927419 22
-123456
0.0769231 3
0.859729 13
0.0633484 23
-123456
0.0820513 4
0.851282 14
0.0666667 24
-123456
0.0606061 5
0.873737 15
0.0656566 25
-123456
0.0628019 6
0.850242 16
0.0869565 26
-123456
0.0970874 7
0.820388 17
0.0825243 27
-123456
0.0772727 8
0.827273 18
0.0954545 28
-123456
0.07 9
0.835 19
0.095 29
-123456
0.0845771 0
0.840796 10
0.0746269 20
-123456
-654321
0.113636 2
0.792208 12
0.0941558 22
-123456
0.111111 3
0.77193 13
0.116959 23
-123456
0.11437 4
0.774194 14
0.111437 24
-123456
0.122807 5
0.783626 15
0.0935673 25
-123456
0.0872274 6
0.838006 16
0.0747664 26
-123456
0.107872 7
0.798834 17
0.0932945 27
-123456
0.106918 8
0.789308 18
0.103774 28
-123456
0.143293 9
0.756098 19
0.10061 29
-123456
0.0993976 0
0.78012 10
0.120482 20
-123456
0.101399 1
0.805944 11
0.0926573 21
-123456
-654321
0.0852941 3
0.8 13
0.114706 23
-123456
0.0971129 4
0.80315 14
0.0997375 24
-123456
0.0957447 5
0.776596 15
0.12766 25
-123456
0.105405 6
0.786487 16
0.108108 26
-123456
0.100575 7
0.784483 17
0.114943 27
-123456
0.100304 8
0.793313 18
0.106383 28
-123456
0.122396 9
0.760417 19
0.117188 29
-123456
0.0966797 1
0.78418 11
0.119141 21
-123456
0.107143 0
0.788961 10
0.103896 20
-123456
0.106 2
0.794 12
0.1 22
-123456
-654321
0.078125 4
0.838542 14
0.0833333 24
-123456
0.0660793 5
0.814978 15
0.118943 25
-123456
0.0765957 6
0.834043 16
0.0893617 26
-123456
0.0761421 7
0.852792 17
0.071066 27
-123456
0.0669643 8
0.857143 18
0.0758929 28
-123456
0.0558376 9
0.878173 19
0.0659898 29
-123456
0.0691928 2
0.85173 12
0.0790774 22
-123456
0.0705128 1
0.855769 11
0.073718 21
-123456
0.086758 0
0.840183 10
0.0730594 20
-123456
0.107623 3
0.816144 13
0.0762332 23
-123456
-654321
0.105263 5
0.795322 15
0.0994152 25
-123456
0.0847458 6
0.841808 16
0.0734463 26
-123456
0.105263 7
0.815789 17
0.0789474 27
-123456
0.112903 8
0.774194 18
0.112903 28
-123456
0.0710383 9
0.84153 19
0.0874317 29
-123456
0.116022 3
0.779006 13
0.104972 23
-123456
0.0810811 2
0.810811 12
0.108108 22
-123456
0.0973451 1
0.831858 11
0.0707965 21
-123456
0.103448 0
0.793103 10
0.103448 20
-123456
0.0849673 4
0.816993 14
0.0980392 24
-123456
-654321
0.121547 6
0.801105 16
0.0773481 26
-123456
0.115385 7
0.801282 17
0.0833333 27
-123456
0.0710059 8
0.804734 18
0.12426 28
-123456
0.0914286 9
0.811429 19
0.0971429 29
-123456
0.0941176 4
0.829412 14
0.0764706 24
-123456
0.0882353 3
0.77451 13
0.137255 23
-123456
0.0971993 2
0.810544 12
0.092257 22
-123456
0.0872093 1
0.848837 11
0.0639535 21
-123456
0.110526 0
0.836842 10
0.0526316 20
-123456
0.0738636 5
0.869318 15
0.0568182 25
-123456
-654321
0.0930233 7
0.860465 17
0.0465116 27
-123456
0.132184 8
0.787356 18
0.0804598 28
-123456
0.126582 9
0.803797 19
0.0696203 29
-123456
0.11236 5
0.797753 15
0.0898876 25
-123456
0.0864865 4
0.816216 14
0.0972973 24
-123456
0.0760234 3
0.824561 13
0.0994152 23
-123456
0.0846774 2
0.814516 12
0.100806 22
-123456
0.111765 1
0.803922 11
0.0843137 21
-123456
0.0986842 0
0.789474 10
0.111842 20
-123456
0.122222 6
0.772222 16
0.105556 26
-123456
-654321
0.0625 8
0.875 18
0.0625 28
-123456
0.105882 9
0.758824 19
0.135294 29
-123456
0.105263 6
0.710526 16
0.184211 26
-123456
0.0946746 5
0.798817 15
0.106509 25
-123456
0.109827 4
0.803468 14
0.0867052 24
-123456
0.114458 3
0.813253 13
0.0722892 23
-123456
0.145349 2
0.755814 12
0.0988372 22
-123456
0.0858086 1
0.811881 11
0.10231 21
-123456
0.11413 0
0.826087 10
0.0597826 20
-123456
0.0939597 7
0.818792 17
0.0872483 27
-123456
-654321
0.118483 9
0.763033 19
0.118483 29
-123456
0.0691824 7
0.823899 17
0.106918 27
-123456
0.0887574 6
0.846154 16
0.0650888 26
-123456
0.0872093 5
0.819767 15
0.0930233 25
-123456
0.0658683 4
0.844311 14
0.0898204 24
-123456
0.128834 3
0.791411 13
0.0797546 23
-123456
0.0867052 2
0.805395 12
0.1079 22
-123456
0.107759 1
0.818965 11
0.0732759 21
-123456
0.0594595 0
0.859459 10
0.0810811 20
-123456
0.0913462 8
0.822115 18
0.0865385 28
-123456
-654321
0.0898204 8
0.778443 18
0.131737 28
-123456
0.106918 7
0.81761 17
0.0754717 27
-123456
0.0748299 6
0.77551 16
0.14966 26
-123456
0.0730337 5
0.842697 15
0.0842697 25
-123456
0.122807 4
0.795322 14
0.0818713 24
-123456
0.100559 3
0.793296 13
0.106145 23
-123456
0.105072 2
0.797101 12
0.0978261 22
-123456
0.0862069 1
0.827586 11
0.0862069 21
-123456
0.0650888 0
0.840237 10
0.0946746 20
-123456
0.089172 9
0.840764 19
0.0700637 29
-123456
-654321
0.13986 11
0.811189 21
0.048951 31
-123456
0.1 12
0.8 22
0.1 32
-123456
0.118896 13
0.764331 23
0.116773 33
-123456
0.0970149 14
0.813433 24
0.0895522 34
-123456
0.111801 15
0.757764 25
0.130435 35
-123456
0.0588235 16
0.830065 26
0.111111 36
-123456
0.0719424 17
0.805755 27
0.122302 37
-123456
0.133333 18
0.746667 28
0.12 38
-123456
0.152318 19
0.728477 29
0.119205 39
-123456
0.0878378 10
0.783784 20
0.128378 30
-123456
-654321
0.114286 12
0.805714 22
0.08 32
-123456
0.100173 13
0.801382 23
0.0984456 33
-123456
0.122905 14
0.765363 24
0.111732 34
-123456
0.0842697 15
0.837079 25
0.0786517 35
-123456
0.109195 16
0.758621 26
0.132184 36
-123456
0.111111 17
0.791667 27
0.0972222 37
-123456
0.108434 18
0.795181 28
0.0963855 38
-123456
0.0843373 19
0.843373 29
0.0722892 39
-123456
0.101449 10
0.84058 20
0.057971 30
-123456
0.118421 11
0.763158 21
0.118421 31
-123456
-654321
0.111901 13
0.788632 23
0.0994671 33
-123456
0.0696517 14
0.835821 24
0.0945274 34
-123456
0.0833333 15
0.828431 25
0.0882353 35
-123456
0.121053 16
0.784211 26
0.0947368 36
-123456
0.0824176 17
0.802198 27
0.115385 37
-123456
0.105263 18
0.789474 28
0.105263 38
-123456
0.0941176 19
0.829412 29
0.0764706 39
-123456
0.101266 11
0.803797 21
0.0949367 31
-123456
0.0662983 10
0.823204 20
0.110497 30
-123456
0.11465 12
0.77707 22
0.10828 32
-123456
-654321
0.131367 14
0.747989 24
0.120643 34
-123456
0.146341 15
0.741463 25
0.112195 35
-123456
0.11054 16
0.732648 26
0.156812 36
-123456
0.171429 17
0.723077 27
0.105495 37
-123456
0.142132 18
0.746193 28
0.111675 38
-123456
0.151899 19
0.713924 29
0.134177 39
-123456
0.136069 12
0.721382 22
0.142549 32
-123456
0.126609 11
0.744635 21
0.128755 31
-123456
0.147368 10
0.694737 20
0.157895 30
-123456
0.130848 13
0.739035 23
0.130117 33
-123456
-654321
0.105882 15
0.764706 25
0.129412 35
-123456
0.100719 16
0.791367 26
0.107914 36
-123456
0.100671 17
0.758389 27
0.14094 37
-123456
0.142857 18
0.819876 28
0.0372671 38
-123456
0.111111 19
0.770833 29
0.118056 39
-123456
0.105647 13
0.786885 23
0.107468 33
-123456
0.0827068 12
0.81203 22
0.105263 32
-123456
0.102041 11
0.768707 21
0.129252 31
-123456
0.0920245 10
0.840491 20
0.0674847 30
-123456
0.14966 14
0.721088 24
0.129252 34
-123456
-654321
0.0618557 16
0.840206 26
0.0979381 36
-123456
0.0777202 17
0.823834 27
0.0984456 37
-123456
0.11399 18
0.772021 28
0.11399 38
-123456
0.0483871 19
0.860215 29
0.0913979 39
-123456
0.101942 14
0.786408 24
0.11165 34
-123456
0.0949914 13
0.811744 23
0.0932643 33
-123456
0.053719 12
0.834711 22
0.11157 32
-123456
0.0853659 11
0.835366 21
0.0792683 31
-123456
0.10929 10
0.797814 20
0.0928962 30
-123456
0.126316 15
0.810526 25
0.0631579 35
-123456
-654321
0.100629 17
0.748428 27
0.150943 37
-123456
0.139073 18
0.754967 28
0.10596 38
-123456
0.083871 19
0.76129 29
0.154839 39
-123456
0.111111 15
0.820988 25
0.0679012 35
-123456
0.118343 14
0.775148 24
0.106509 34
-123456
0.110187 13
0.773389 23
0.116424 33
-123456
0.10596 12
0.801324 22
0.0927152 32
-123456
0.0641026 11
0.858974 21
0.0769231 31
-123456
0.116564 10
0.785276 20
0.0981595 30
-123456
0.104575 16
0.777778 26
0.117647 36
-123456
-654321
0.12963 18
0.709877 28
0.160494 38
-123456
0.107914 19
0.798561 29
0.0935252 39
-123456
0.142857 16
0.772727 26
0.0844156 36
-123456
0.113208 15
0.761006 25
0.125786 35
-123456
0.113636 14
0.765152 24
0.121212 34
-123456
0.120253 13
0.78692 23
0.092827 33
-123456
0.148936 12
0.794326 22
0.0567376 32
-123456
0.0977444 11
0.714286 21
0.18797 31
-123456
0.0694444 10
0.833333 20
0.0972222 30
-123456
0.0833333 17
0.788462 27
0.128205 37
-123456
-654321
0.128571 19
0.735714 29
0.135714 39
-123456
0.100671 17
0.738255 27
0.161074 37
-123456
0.118881 16
0.783217 26
0.0979021 36
-123456
0.100671 15
0.798658 25
0.100671 35
-123456
0.0808824 14
0.838235 24
0.0808824 34
-123456
0.107759 13
0.765086 23
0.127155 33
-123456
0.107143 12
0.767857 22
0.125 32
-123456
0.0625 11
0.825 21
0.1125 31
-123456
0.13245 10
0.728477 20
0.139073 30
-123456
0.130081 18
0.723577 28
0.146341 38
-123456
-654321
0.118519 18
0.718518 28
0.162963 38
-123456
0.141844 17
0.716312 27
0.141844 37
-123456
0.163265 16
0.755102 26
0.0816327 36
-123456
0.0849673 15
0.79085 25
0.124183 35
-123456
0.0993789 14
0.801242 24
0.0993789 34
-123456
0.106426 13
0.777108 23
0.116466 33
-123456
0.0984849 12
0.795455 22
0.106061 32
-123456
0.0945946 11
0.77027 21
0.135135 31
-123456
0.0833333 10
0.847222 20
0.0694444 30
-123456
0.132812 19
0.804688 29
0.0625 39
-123456
-654321
0.100917 21
0.825688 31
0.0733945 41
-123456
0.118182 22
0.745455 32
0.136364 42
-123456
0.15625 23
0.710938 33
0.132812 43
-123456
0.140187 24
0.71028 34
0.149533 44
-123456
0.132768 25
0.728814 35
0.138418 45
-123456
0.134921 26
0.722222 36
0.142857 46
-123456
0.112782 27
0.766917 37
0.120301 47
-123456
0.12782 28
0.75188 38
0.120301 48
-123456
0.134752 29
0.716312 39
0.148936 49
-123456
0.14094 20
0.718121 30
0.14094 40
-123456
-654321
0.131783 22
0.767442 32
0.100775 42
-123456
0.118519 23
0.82963 33
0.0518519 43
-123456
0.0967742 24
0.798387 34
0.104839 44
-123456
0.132118 25
0.722096 35
0.145786 45
-123456
0.161074 26
0.731544 36
0.107383 46
-123456
0.145695 27
0.715232 37
0.139073 47
-123456
0.153846 28
0.717949 38
0.128205 48
-123456
0.134328 29
0.746269 39
0.119403 49
-123456
0.126126 20
0.792793 30
0.0810811 40
-123456
0.0733945 21
0.770642 31
0.155963 41
-123456
-654321
0.0944882 23
0.834646 33
0.0708661 43
-123456
0.159722 24
0.75 34
0.0902778 44
-123456
0.128415 25
0.754098 35
0.117486 45
-123456
0.110599 26
0.75576 36
0.133641 46
-123456
0.088 27
0.752 37
0.16 47
-123456
0.0882353 28
0.72549 38
0.186275 48
-123456
0.128 29
0.728 39
0.144 49
-123456
0.110294 21
0.727941 31
0.161765 41
-123456
0.12844 20
0.779817 30
0.0917431 40
-123456
0.177419 22
0.701613 32
0.120968 42
-123456
-654321
0.163158 24
0.768421 34
0.0684211 44
-123456
0.0904605 25
0.824013 35
0.0855263 45
-123456
0.0890052 26
0.811518 36
0.0994764 46
-123456
0.136842 27
0.784211 37
0.0789474 47
-123456
0.114865 28
0.797297 38
0.0878378 48
-123456
0.0751445 29
0.797688 39
0.127168 49
-123456
0.154639 22
0.742268 32
0.103093 42
-123456
0.0747126 21
0.810345 31
0.114943 41
-123456
0.10241 20
0.801205 30
0.0963855 40
-123456
0.103261 23
0.793478 33
0.103261 43
-123456
-654321
0.122622 25
0.733615 35
0.143763 45
-123456
0.15528 26
0.726708 36
0.118012 46
-123456
0.124088 27
0.671533 37
0.20438 47
-123456
0.114094 28
0.738255 38
0.147651 48
-123456
0.10596 29
0.774834 39
0.119205 49
-123456
0.126866 23
0.753731 33
0.119403 43
-123456
0.130435 22
0.775362 32
0.0942029 42
-123456
0.183099 21
0.711268 31
0.105634 41
-123456
0.136364 20
0.772727 30
0.0909091 40
-123456
0.129167 24
0.754167 34
0.116667 44
-123456
-654321
0.157685 26
0.678643 36
0.163673 46
-123456
0.106762 27
0.747331 37
0.145907 47
-123456
0.132132 28
0.696697 38
0.171171 48
-123456
0.150943 29
0.68239 39
0.166667 49
-123456
0.129477 24
0.710744 34
0.15978 44
-123456
0.155116 23
0.686469 33
0.158416 43
-123456
0.152318 22
0.678808 32
0.168874 42
-123456
0.148688 21
0.725947 31
0.125364 41
-123456
0.157051 20
0.663462 30
0.179487 40
-123456
0.137755 25
0.710459 35
0.151786 45
-123456
-654321
0.0879121 27
0.807692 37
0.104396 47
-123456
0.0882353 28
0.776471 38
0.135294 48
-123456
0.0972973 29
0.767568 39
0.135135 49
-123456
0.140598 25
0.746924 35
0.112478 45
-123456
0.110497 24
0.762431 34
0.127072 44
-123456
0.104972 23
0.78453 33
0.110497 43
-123456
0.111111 22
0.772487 32
0.116402 42
-123456
0.106509 21
0.769231 31
0.12426 41
-123456
0.146893 20
0.723164 30
0.129944 40
-123456
0.1 26
0.766667 36
0.133333 46
-123456
-654321
0.106383 28
0.780142 38
0.113475 48
-123456
0.0869565 29
0.811594 39
0.101449 49
-123456
0.09375 26
0.802083 36
0.104167 46
-123456
0.128 25
0.765333 35
0.106667 45
-123456
0.115646 24
0.782313 34
0.102041 44
-123456
0.101911 23
0.828025 33
0.0700637 43
-123456
0.135802 22
0.734568 32
0.12963 42
-123456
0.110345 21
0.786207 31
0.103448 41
-123456
0.0993377 20
0.807947 30
0.0927152 40
-123456
0.142857 27
0.726708 37
0.130435 47
-123456
-654321
0.161538 29
0.646154 39
0.192308 49
-123456
0.116279 27
0.751938 37
0.131783 47
-123456
0.130137 26
0.780822 36
0.0890411 46
-123456
0.175966 25
0.699571 35
0.124464 45
-123456
0.140351 24
0.747368 34
0.112281 44
-123456
0.10559 23
0.782609 33
0.111801 43
-123456
0.112903 22
0.709677 32
0.177419 42
-123456
0.182482 21
0.649635 31
0.167883 41
-123456
0.141844 20
0.758865 30
0.0992908 40
-123456
0.0793651 28
0.793651 38
0.126984 48
-123456
-654321
0.138462 28
0.784615 38
0.0769231 48
-123456
0.116279 27
0.767442 37
0.116279 47
-123456
0.133333 26
0.725 36
0.141667 46
-123456
0.145946 25
0.713513 35
0.140541 45
-123456
0.162602 24
0.731707 34
0.105691 44
-123456
0.12 23
0.77 33
0.11 43
-123456
0.155738 22
0.680328 32
0.163934 42
-123456
0.0797101 21
0.811594 31
0.108696 41
-123456
0.114504 20
0.801527 30
0.0839695 40
-123456
0.0952381 29
0.761905 39
0.142857 49
-123456
-654321
0.126126 31
0.756757 41
0.117117 51
-123456
0.0857143 32
0.75 42
0.164286 52
-123456
0.169231 33
0.715385 43
0.115385 53
-123456
0.107143 34
0.767857 44
0.125 54
-123456
0.116418 35
0.743284 45
0.140299 55
-123456
0.138728 36
0.757225 46
0.104046 56
-123456
0.124224 37
0.751553 47
0.124224 57
-123456
0.130435 38
0.76087 48
0.108696 58
-123456
0.152778 39
0.743056 49
0.104167 59
-123456
0.0827068 30
0.766917 40
0.150376 50
-123456
-654321
0.107143 32
0.757143 42
0.135714 52
-123456
0.0869565 33
0.808696 43
0.104348 53
-123456
0.09375 34
0.765625 44
0.140625 54
-123456
0.0935673 35
0.789474 45
0.116959 55
-123456
0.158333 36
0.725 46
0.116667 56
-123456
0.120603 37
0.768844 47
0.110553 57
-123456
0.153846 38
0.684615 48
0.161538 58
-123456
0.12069 39
0.724138 49
0.155172 59
-123456
0.10084 30
0.773109 40
0.12605 50
-123456
0.113208 31
0.745283 41
0.141509 51
-123456
-654321
0.185714 33
0.707143 43
0.107143 53
-123456
0.101695 34
0.788136 44
0.110169 54
-123456
0.078125 35
0.820312 45
0.101562 55
-123456
0.113636 36
0.753788 46
0.132576 56
-123456
0.134557 37
0.70948 47
0.155963 57
-123456
0.139706 38
0.772059 48
0.0882353 58
-123456
0.166667 39
0.706349 49
0.126984 59
-123456
0.120301 31
0.699248 41
0.180451 51
-123456
0.128571 30
0.728571 40
0.142857 50
-123456
0.166667 32
0.761905 42
0.0714286 52
-123456
-654321
0.118519 34
0.725926 44
0.155556 54
-123456
0.131783 35
0.775194 45
0.0930233 55
-123456
0.139394 36
0.721212 46
0.139394 56
-123456
0.136232 37
0.713043 47
0.150725 57
-123456
0.0883978 38
0.751381 48
0.160221 58
-123456
0.110236 39
0.787402 49
0.102362 59
-123456
0.12605 32
0.773109 42
0.10084 52
-123456
0.156716 31
0.701493 41
0.141791 51
-123456
0.142857 30
0.730159 40
0.126984 50
-123456
0.120805 33
0.758389 43
0.120805 53
-123456
-654321
0.113636 35
0.75 45
0.136364 55
-123456
0.132979 36
0.74734 46
0.119681 56
-123456
0.0714286 37
0.798701 47
0.12987 57
-123456
0.101266 38
0.78481 48
0.113924 58
-123456
0.13986 39
0.734266 49
0.125874 59
-123456
0.133858 33
0.732283 43
0.133858 53
-123456
0.0847458 32
0.788136 42
0.127119 52
-123456
0.138462 31
0.769231 41
0.0923077 51
-123456
0.0757576 30
0.787879 40
0.136364 50
-123456
0.156028 34
0.765957 44
0.0780142 54
-123456
-654321
0.0859649 36
0.796491 46
0.117544 56
-123456
0.105485 37
0.772152 47
0.122363 57
-123456
0.0923913 38
0.771739 48
0.13587 58
-123456
0.149171 39
0.685083 49
0.165746 59
-123456
0.0797101 34
0.811594 44
0.108696 54
-123456
0.140127 33
0.732484 43
0.127389 53
-123456
0.0895522 32
0.820895 42
0.0895522 52
-123456
0.0987654 31
0.796296 41
0.104938 51
-123456
0.123529 30
0.788235 40
0.0882353 50
-123456
0.126829 35
0.82439 45
0.0487805 55
-123456
-654321
0.135635 37
0.717633 47
0.146732 57
-123456
0.128114 38
0.729537 48
0.142349 58
-123456
0.129707 39
0.74477 49
0.125523 59
-123456
0.176923 35
0.684615 45
0.138462 55
-123456
0.151786 34
0.705357 44
0.142857 54
-123456
0.169884 33
0.718147 43
0.111969 53
-123456
0.12766 32
0.710638 42
0.161702 52
-123456
0.199095 31
0.651584 41
0.149321 51
-123456
0.169355 30
0.637097 40
0.193548 50
-123456
0.151515 36
0.745455 46
0.10303 56
-123456
-654321
0.144144 38
0.72973 48
0.126126 58
-123456
0.122363 39
0.759494 49
0.118143 59
-123456
0.140325 36
0.71935 46
0.140325 56
-123456
0.155844 35
0.748918 45
0.0952381 55
-123456
0.101266 34
0.751055 44
0.147679 54
-123456
0.142857 33
0.693878 43
0.163265 53
-123456
0.184549 32
0.708154 42
0.107296 52
-123456
0.141176 31
0.698039 41
0.160784 51
-123456
0.156951 30
0.663677 40
0.179372 50
-123456
0.149871 37
0.689922 47
0.160207 57
-123456
-654321
0.0774194 39
0.812903 49
0.109677 59
-123456
0.110482 37
0.78187 47
0.107649 57
-123456
0.106312 36
0.757475 46
0.136213 56
-123456
0.159236 35
0.719745 45
0.121019 55
-123456
0.131429 34
0.737143 44
0.131429 54
-123456
0.115854 33
0.780488 43
0.103659 53
-123456
0.125828 32
0.754967 42
0.119205 52
-123456
0.120482 31
0.76506 41
0.114458 51
-123456
0.0987654 30
0.814815 40
0.0864198 50
-123456
0.168675 38
0.759036 48
0.0722892 58
-123456
-654321
0.0909091 38
0.833333 48
0.0757576 58
-123456
0.144928 37
0.652174 47
0.202899 57
-123456
0.0969697 36
0.793939 46
0.109091 56
-123456
0.10828 35
0.738854 45
0.152866 55
-123456
0.10687 34
0.862595 44
0.0305344 54
-123456
0.0909091 33
0.811189 43
0.0979021 53
-123456
0.14 32
0.766667 42
0.0933333 52
-123456
0.165517 31
0.724138 41
0.110345 51
-123456
0.10559 30
0.763975 40
0.130435 50
-123456
0.0851064 39
0.794326 49
0.120567 59
-123456
-654321
0.129771 41
0.70229 51
0.167939 61
-123456
0.125 42
0.75 52
0.125 62
-123456
0.165414 43
0.729323 53
0.105263 63
-123456
0.139706 44
0.713235 54
0.147059 64
-123456
0.154545 45
0.618182 55
0.227273 65
-123456
0.12 46
0.776 56
0.104 66
-123456
0.166667 47
0.757576 57
0.0757576 67
-123456
0.103448 48
0.75 58
0.146552 68
-123456
0.128571 49
0.735714 59
0.135714 69
-123456
0.104895 40
0.769231 50
0.125874 60
-123456
-654321
0.12963 42
0.694444 52
0.175926 62
-123456
0.102041 43
0.761905 53
0.136054 63
-123456
0.176471 44
0.722689 54
0.10084 64
-123456
0.104839 45
0.774194 55
0.120968 65
-123456
0.143333 46
0.736667 56
0.12 66
-123456
0.115646 47
0.782313 57
0.102041 67
-123456
0.149606 48
0.748031 58
0.102362 68
-123456
0.128342 49
0.780749 59
0.0909091 69
-123456
0.121212 40
0.727273 50
0.151515 60
-123456
0.15 41
0.725 51
0.125 61
-123456
-654321
0.144144 43
0.738739 53
0.117117 63
-123456
0.112069 44
0.741379 54
0.146552 64
-123456
0.0820896 45
0.761194 55
0.156716 65
-123456
0.122951 46
0.745902 56
0.131148 66
-123456
0.180952 47
0.742857 57
0.0761905 67
-123456
0.110169 48
0.830508 58
0.059322 68
-123456
0.159314 49
0.678922 59
0.161765 69
-123456
0.0806452 41
0.774194 51
0.145161 61
-123456
0.165354 40
0.732283 50
0.102362 60
-123456
0.11811 42
0.771654 52
0.110236 62
-123456
-654321
0.092437 44
0.764706 54
0.142857 64
-123456
0.0775862 45
0.793103 55
0.12931 65
-123456
0.1 46
0.735714 56
0.164286 66
-123456
0.11236 47
0.741573 57
0.146067 67
-123456
0.153846 48
0.7151 58
0.131054 68
-123456
0.2 49
0.663636 59
0.136364 69
-123456
0.149123 42
0.684211 52
0.166667 62
-123456
0.135135 41
0.720721 51
0.144144 61
-123456
0.158333 40
0.725 50
0.116667 60
-123456
0.150794 43
0.698413 53
0.150794 63
-123456
-654321
0.173913 45
0.695652 55
0.130435 65
-123456
0.0901639 46
0.704918 56
0.204918 66
-123456
0.10241 47
0.740964 57
0.156627 67
-123456
0.123778 48
0.742671 58
0.13355 68
-123456
0.194631 49
0.704698 59
0.100671 69
-123456
0.166667 43
0.690476 53
0.142857 63
-123456
0.176 42
0.664 52
0.16 62
-123456
0.172932 41
0.699248 51
0.12782 61
-123456
0.162393 40
0.752137 50
0.0854701 60
-123456
0.163793 44
0.775862 54
0.0603448 64
-123456
-654321
0.131783 46
0.751938 56
0.116279 66
-123456
0.125333 47
0.770667 57
0.104 67
-123456
0.0671642 48
0.776119 58
0.156716 68
-123456
0.135714 49
0.721429 59
0.142857 69
-123456
0.120301 44
0.789474 54
0.0902256 64
-123456
0.108333 43
0.8 53
0.0916667 63
-123456
0.194915 42
0.694915 52
0.110169 62
-123456
0.133333 41
0.733333 51
0.133333 61
-123456
0.159091 40
0.69697 50
0.143939 60
-123456
0.125 45
0.764706 55
0.110294 65
-123456
-654321
0.148148 47
0.753086 57
0.0987654 67
-123456
0.119461 48
0.734104 58
0.146435 68
-123456
0.148148 49
0.765432 59
0.0864198 69
-123456
0.0784314 45
0.803922 55
0.117647 65
-123456
0.117647 44
0.794118 54
0.0882353 64
-123456
0.161765 43
0.691176 53
0.147059 63
-123456
0.0764331 42
0.764331 52
0.159236 62
-123456
0.156627 41
0.662651 51
0.180723 61
-123456
0.135484 40
0.722581 50
0.141935 60
-123456
0.115854 46
0.780488 56
0.103659 66
-123456
-654321
0.120408 48
0.759184 58
0.120408 68
-123456
0.116364 49
0.741818 59
0.141818 69
-123456
0.119171 46
0.73057 56
0.150259 66
-123456
0.108808 45
0.73057 55
0.160622 65
-123456
0.144385 44
0.700535 54
0.15508 64
-123456
0.153846 43
0.717949 53
0.128205 63
-123456
0.1 42
0.755556 52
0.144444 62
-123456
0.127778 41
0.711111 51
0.161111 61
-123456
0.106952 40
0.786096 50
0.106952 60
-123456
0.141079 47
0.709544 57
0.149378 67
-123456
-654321
0.141753 49
0.719072 59
0.139175 69
-123456
0.160164 47
0.675565 57
0.164271 67
-123456
0.132075 46
0.671698 56
0.196226 66
-123456
0.1625 45
0.633333 55
0.204167 65
-123456
0.152466 44
0.690583 54
0.156951 64
-123456
0.178261 43
0.695652 53
0.126087 63
-123456
0.165975 42
0.692946 52
0.141079 62
-123456
0.125561 41
0.681614 51
0.192825 61
-123456
0.144105 40
0.681223 50
0.174672 60
-123456
0.152866 48
0.696391 58
0.150743 68
-123456
-654321
0.156134 48
0.698885 58
0.144981 68
-123456
0.134615 47
0.745192 57
0.120192 67
-123456
0.137931 46
0.73399 56
0.128079 66
-123456
0.146465 45
0.767677 55
0.0858586 65
-123456
0.122222 44
0.761111 54
0.116667 64
-123456
0.1 43
0.761111 53
0.138889 63
-123456
0.144737 42
0.754386 52
0.100877 62
-123456
0.160804 41
0.733668 51
0.105528 61
-123456
0.0898876 40
0.730337 50
0.179775 60
-123456
0.157377 49
0.714754 59
0.127869 69
-123456
-654321
0.157143 51
0.685714 61
0.157143 71
-123456
0.124088 52
0.773723 62
0.10219 72
-123456
0.156716 53
0.738806 63
0.104478 73
-123456
0.130769 54
0.753846 64
0.115385 74
-123456
0.143939 55
0.772727 65
0.0833333 75
-123456
0.132353 56
0.75 66
0.117647 76
-123456
0.132075 57
0.735849 67
0.132075 77
-123456
0.105634 58
0.767606 68
0.126761 78
-123456
0.112179 59
0.775641 69
0.112179 79
-123456
0.0862069 50
0.758621 60
0.155172 70
-123456
-654321
0.121739 52
0.756522 62
0.121739 72
-123456
0.10084 53
0.798319 63
0.10084 73
-123456
0.080292 54
0.824818 64
0.0948905 74
-123456
0.107143 55
0.757143 65
0.135714 75
-123456
0.168067 56
0.680672 66
0.151261 76
-123456
0.173913 57
0.724638 67
0.101449 77
-123456
0.120192 58
0.752404 68
0.127404 78
-123456
0.0935252 59
0.769784 69
0.136691 79
-123456
0.130435 50
0.789855 60
0.0797101 70
-123456
0.0958904 51
0.794521 61
0.109589 71
-123456
-654321
0.0762712 53
0.813559 63
0.110169 73
-123456
0.100775 54
0.767442 64
0.131783 74
-123456
0.115942 55
0.724638 65
0.15942 75
-123456
0.122807 56
0.72807 66
0.149123 76
-123456
0.146154 57
0.715385 67
0.138462 77
-123456
0.151079 58
0.748201 68
0.100719 78
-123456
0.158879 59
0.696262 69
0.14486 79
-123456
0.12605 51
0.756303 61
0.117647 71
-123456
0.165354 50
0.716535 60
0.11811 70
-123456
0.120301 52
0.75188 62
0.12782 72
-123456
-654321
0.148936 54
0.723404 64
0.12766 74
-123456
0.163121 55
0.737589 65
0.0992908 75
-123456
0.0909091 56
0.781818 66
0.127273 76
-123456
0.157895 57
0.714286 67
0.12782 77
-123456
0.126582 58
0.731013 68
0.142405 78
-123456
0.121094 59
0.78125 69
0.0976562 79
-123456
0.0952381 52
0.761905 62
0.142857 72
-123456
0.169118 51
0.713235 61
0.117647 71
-123456
0.145161 50
0.725806 60
0.129032 70
-123456
0.0808824 53
0.816176 63
0.102941 73
-123456
-654321
0.0901639 55
0.786885 65
0.122951 75
-123456
0.0921986 56
0.808511 66
0.0992908 76
-123456
0.120968 57
0.814516 67
0.0645161 77
-123456
0.0976331 58
0.766272 68
0.136095 78
-123456
0.0970874 59
0.752427 69
0.150485 79
-123456
0.141732 53
0.732283 63
0.125984 73
-123456
0.155039 52
0.72093 62
0.124031 72
-123456
0.133333 51
0.703704 61
0.162963 71
-123456
0.115108 50
0.733813 60
0.151079 70
-123456
0.107692 54
0.776923 64
0.115385 74
-123456
-654321
0.114504 56
0.778626 66
0.10687 76
-123456
0.142857 57
0.744361 67
0.112782 77
-123456
0.107595 58
0.78481 68
0.107595 78
-123456
0.113971 59
0.768382 69
0.117647 79
-123456
0.118421 54
0.809211 64
0.0723684 74
-123456
0.0903226 53
0.767742 63
0.141935 73
-123456
0.147541 52
0.713115 62
0.139344 72
-123456
0.101449 51
0.811594 61
0.0869565 71
-123456
0.16129 50
0.701613 60
0.137097 70
-123456
0.128 55
0.76 65
0.112 75
-123456
-654321
0.139706 57
0.772059 67
0.0882353 77
-123456
0.137725 58
0.772455 68
0.0898204 78
-123456
0.115566 59
0.742925 69
0.141509 79
-123456
0.171429 55
0.692857 65
0.135714 75
-123456
0.104478 54
0.776119 64
0.119403 74
-123456
0.153846 53
0.761538 63
0.0846154 73
-123456
0.0984849 52
0.727273 62
0.174242 72
-123456
0.115942 51
0.695652 61
0.188406 71
-123456
0.0714286 50
0.778571 60
0.15 70
-123456
0.137931 56
0.772414 66
0.0896552 76
-123456
-654321
0.123288 58
0.760274 68
0.116438 78
-123456
0.110887 59
0.75 69
0.139113 79
-123456
0.101911 56
0.764331 66
0.133758 76
-123456
0.153285 55
0.693431 65
0.153285 75
-123456
0.202797 54
0.706294 64
0.0909091 74
-123456
0.163265 53
0.693878 63
0.142857 73
-123456
0.112 52
0.744 62
0.144 72
-123456
0.0774648 51
0.760563 61
0.161972 71
-123456
0.0985916 50
0.795775 60
0.105634 70
-123456
0.103448 57
0.751724 67
0.144828 77
-123456
-654321
0.173203 59
0.722222 69
0.104575 79
-123456
0.15415 57
0.73913 67
0.106719 77
-123456
0.142292 56
0.711462 66
0.146245 76
-123456
0.121864 55
0.731183 65
0.146953 75
-123456
0.12844 54
0.729358 64
0.142202 74
-123456
0.0794979 53
0.786611 63
0.133891 73
-123456
0.125984 52
0.76378 62
0.110236 72
-123456
0.150198 51
0.731225 61
0.118577 71
-123456
0.0982906 50
0.75641 60
0.145299 70
-123456
0.148649 58
0.710811 68
0.140541 78
-123456
-654321
0.104956 58
0.778426 68
0.116618 78
-123456
0.128205 57
0.723647 67
0.148148 77
-123456
0.0895522 56
0.776119 66
0.134328 76
-123456
0.135314 55
0.722772 65
0.141914 75
-123456
0.133106 54
0.74744 64
0.119454 74
-123456
0.146965 53
0.750799 63
0.102236 73
-123456
0.162712 52
0.681356 62
0.155932 72
-123456
0.15894 51
0.68543 61
0.155629 71
-123456
0.151515 50
0.73064 60
0.117845 70
-123456
0.123301 59
0.750485 69
0.126214 79
-123456
-654321
0.0604027 61
0.852349 71
0.0872483 81
-123456
0.104575 62
0.803922 72
0.0915033 82
-123456
0.108696 63
0.753623 73
0.137681 83
-123456
0.122302 64
0.784173 74
0.0935252 84
-123456
0.158824 65
0.717647 75
0.123529 85
-123456
0.107914 66
0.776978 76
0.115108 86
-123456
0.131387 67
0.773723 77
0.0948905 87
-123456
0.116418 68
0.791045 78
0.0925373 88
-123456
0.15942 69
0.731884 79
0.108696 89
-123456
0.115942 60
0.782609 70
0.101449 80
-123456
-654321
0.118421 62
0.736842 72
0.144737 82
-123456
0.101351 63
0.777027 73
0.121622 83
-123456
0.136905 64
0.744048 74
0.119048 84
-123456
0.105634 65
0.788732 75
0.105634 85
-123456
0.0814815 66
0.837037 76
0.0814815 86
-123456
0.111111 67
0.788889 77
0.1 87
-123456
0.137725 68
0.742515 78
0.11976 88
-123456
0.132231 69
0.754132 79
0.113636 89
-123456
0.0729927 60
0.80292 70
0.124088 80
-123456
0.0636943 61
0.808917 71
0.127389 81
-123456
-654321
0.126667 63
0.78 73
0.0933333 83
-123456
0.1 64
0.8 74
0.1 84
-123456
0.108974 65
0.737179 75
0.153846 85
-123456
0.14094 66
0.691275 76
0.167785 86
-123456
0.0952381 67
0.809524 77
0.0952381 87
-123456
0.120988 68
0.765432 78
0.11358 88
-123456
0.132616 69
0.734767 79
0.132616 89
-123456
0.115152 61
0.763636 71
0.121212 81
-123456
0.109677 60
0.787097 70
0.103226 80
-123456
0.114286 62
0.771429 72
0.114286 82
-123456
-654321
0.103175 64
0.809524 74
0.0873016 84
-123456
0.125786 65
0.742138 75
0.132075 85
-123456
0.111111 66
0.770833 76
0.118056 86
-123456
0.139535 67
0.775194 77
0.0852713 87
-123456
0.0772532 68
0.811159 78
0.111588 88
-123456
0.12297 69
0.758701 79
0.118329 89
-123456
0.0816327 62
0.802721 72
0.115646 82
-123456
0.0680272 61
0.823129 71
0.108844 81
-123456
0.111111 60
0.756944 70
0.131944 80
-123456
0.103226 63
0.76129 73
0.135484 83
-123456
-654321
0.116129 65
0.76129 75
0.122581 85
-123456
0.113636 66
0.848485 76
0.0378788 86
-123456
0.113208 67
0.81761 77
0.0691824 87
-123456
0.0580645 68
0.767742 78
0.174194 88
-123456
0.116883 69
0.755411 79
0.127706 89
-123456
0.115854 63
0.768293 73
0.115854 83
-123456
0.141791 62
0.776119 72
0.0820896 82
-123456
0.129032 61
0.758065 71
0.112903 81
-123456
0.096 60
0.824 70
0.08 80
-123456
0.0981595 64
0.785276 74
0.116564 84
-123456
-654321
0.109756 66
0.786585 76
0.103659 86
-123456
0.108696 67
0.847826 77
0.0434783 87
-123456
0.122449 68
0.77551 78
0.102041 88
-123456
0.126 69
0.76 79
0.114 89
-123456
0.0992908 64
0.758865 74
0.141844 84
-123456
0.1 63
0.7875 73
0.1125 83
-123456
0.117647 62
0.777778 72
0.104575 82
-123456
0.0851064 61
0.801418 71
0.113475 81
-123456
0.0729927 60
0.781022 70
0.145985 80
-123456
0.136646 65
0.770186 75
0.0931677 85
-123456
-654321
0.0985916 67
0.830986 77
0.0704225 87
-123456
0.105906 68
0.810591 78
0.0835031 88
-123456
0.0963855 69
0.777108 79
0.126506 89
-123456
0.121951 65
0.756098 75
0.121951 85
-123456
0.0769231 64
0.792308 74
0.130769 84
-123456
0.100629 63
0.798742 73
0.100629 83
-123456
0.124183 62
0.777778 72
0.0980392 82
-123456
0.0933333 61
0.78 71
0.126667 81
-123456
0.105634 60
0.788732 70
0.105634 80
-123456
0.125 66
0.729167 76
0.145833 86
-123456
-654321
0.0987654 68
0.790123 78
0.111111 88
-123456
0.131148 69
0.754098 79
0.114754 89
-123456
0.130137 66
0.80137 76
0.0684932 86
-123456
0.13986 65
0.734266 75
0.125874 85
-123456
0.11039 64
0.798701 74
0.0909091 84
-123456
0.126437 63
0.758621 73
0.114943 83
-123456
0.126506 62
0.777108 72
0.0963855 82
-123456
0.0540541 61
0.831081 71
0.114865 81
-123456
0.118012 60
0.795031 70
0.0869565 80
-123456
0.111111 67
0.822222 77
0.0666667 87
-123456
-654321
0.116037 69
0.783572 79
0.100391 89
-123456
0.108434 67
0.787149 77
0.104418 87
-123456
0.110169 66
0.733051 76
0.15678 86
-123456
0.103004 65
0.7897 75
0.107296 85
-123456
0.138889 64
0.712963 74
0.148148 84
-123456
0.104072 63
0.742081 73
0.153846 83
-123456
0.0973451 62
0.818584 72
0.0840708 82
-123456
0.109649 61
0.763158 71
0.127193 81
-123456
0.145 60
0.745 70
0.11 80
-123456
0.09375 68
0.75 78
0.15625 88
-123456
-654321
0.0783505 68
0.814433 78
0.107216 88
-123456
0.101896 67
0.791469 77
0.106635 87
-123456
0.0879397 66
0.771357 76
0.140704 86
-123456
0.119159 65
0.773364 75
0.107477 85
-123456
0.0933333 64
0.781333 74
0.125333 84
-123456
0.115663 63
0.754217 73
0.13012 83
-123456
0.0865604 62
0.8041 72
0.109339 82
-123456
0.124413 61
0.760563 71
0.115023 81
-123456
0.132701 60
0.770142 70
0.0971564 80
-123456
0.118763 69
0.777934 79
0.103303 89
-123456
-654321
0.113772 71
0.784431 81
0.101796 91
-123456
0.0382166 72
0.878981 82
0.0828025 92
-123456
0.110465 73
0.796512 83
0.0930233 93
-123456
0.107143 74
0.815476 84
0.077381 94
-123456
0.118012 75
0.813665 85
0.068323 95
-123456
0.0963855 76
0.777108 86
0.126506 96
-123456
0.10828 77
0.789809 87
0.101911 97
-123456
0.0915033 78
0.784314 88
0.124183 98
-123456
0.0954003 79
0.821124 89
0.0834753 99
-123456
0.125828 70
0.788079 80
0.0860927 90
-123456
-654321
0.0795455 72
0.818182 82
0.102273 92
-123456
0.105556 73
0.8 83
0.0944444 93
-123456
0.0813397 74
0.842105 84
0.076555 94
-123456
0.0714286 75
0.857143 85
0.0714286 95
-123456
0.106509 76
0.792899 86
0.100592 96
-123456
0.113772 77
0.784431 87
0.101796 97
-123456
0.107345 78
0.79096 88
0.101695 98
-123456
0.121795 79
0.793269 89
0.0849359 99
-123456
0.103896 70
0.785714 80
0.11039 90
-123456
0.0710059 71
0.846154 81
0.0828402 91
-123456
-654321
0.0567376 73
0.822695 83
0.120567 93
-123456
0.124224 74
0.782609 84
0.0931677 94
-123456
0.0774194 75
0.793548 85
0.129032 95
-123456
0.117318 76
0.810056 86
0.0726257 96
-123456
0.0595238 77
0.880952 87
0.0595238 97
-123456
0.12069 78
0.804598 88
0.0747126 98
-123456
0.0869565 79
0.809984 89
0.10306 99
-123456
0.0864865 71
0.8 81
0.113514 91
-123456
0.1 70
0.813333 80
0.0866667 90
-123456
0.124224 72
0.782609 82
0.0931677 92
-123456
-654321
0.107143 74
0.77551 84
0.117347 94
-123456
0.0983607 75
0.79235 85
0.10929 95
-123456
0.0955056 76
0.803371 86
0.101124 96
-123456
0.0740741 77
0.84127 87
0.0846561 97
-123456
0.118919 78
0.772973 88
0.108108 98
-123456
0.107317 79
0.796748 89
0.095935 99
-123456
0.0980392 72
0.803922 82
0.0980392 92
-123456
0.0884354 71
0.829932 81
0.0816327 91
-123456
0.0592105 70
0.842105 80
0.0986842 90
-123456
0.0786517 73
0.859551 83
0.0617978 93
-123456
-654321
0.091954 75
0.83908 85
0.0689655 95
-123456
0.0918367 76
0.811224 86
0.0969388 96
-123456
0.129032 77
0.768817 87
0.102151 97
-123456
0.0681818 78
0.863636 88
0.0681818 98
-123456
0.0932643 79
0.794473 89
0.112263 99
-123456
0.0904255 73
0.797872 83
0.111702 93
-123456
0.125749 72
0.784431 82
0.0898204 92
-123456
0.0890052 71
0.837696 81
0.0732984 91
-123456
0.0855263 70
0.809211 80
0.105263 90
-123456
0.0990099 74
0.79703 84
0.10396 94
-123456
-654321
0.0909091 76
0.789773 86
0.119318 96
-123456
0.0933333 77
0.833333 87
0.0733333 97
-123456
0.0934066 78
0.807692 88
0.0989011 98
-123456
0.0855263 79
0.824013 89
0.0904605 99
-123456
0.118919 74
0.810811 84
0.0702703 94
-123456
0.0867052 73
0.849711 83
0.0635838 93
-123456
0.0451613 72
0.851613 82
0.103226 92
-123456
0.0846561 71
0.830688 81
0.0846561 91
-123456
0.103448 70
0.778325 80
0.118227 90
-123456
0.106742 75
0.780899 85
0.11236 95
-123456
-654321
0.0809249 77
0.803468 87
0.115607 97
-123456
0.0879121 78
0.813187 88
0.0989011 98
-123456
0.0924092 79
0.825082 89
0.0825083 99
-123456
0.113772 75
0.802395 85
0.0838323 95
-123456
0.128834 74
0.779141 84
0.0920245 94
-123456
0.0965909 73
0.8125 83
0.0909091 93
-123456
0.13253 72
0.771084 82
0.0963855 92
-123456
0.100529 71
0.809524 81
0.0899471 91
-123456
0.133758 70
0.789809 80
0.0764331 90
-123456
0.114286 76
0.794286 86
0.0914286 96
-123456
-654321
0.0828025 78
0.808917 88
0.10828 98
-123456
0.083779 79
0.800357 89
0.115865 99
-123456
0.120805 76
0.785235 86
0.0939597 96
-123456
0.104396 75
0.818681 85
0.0769231 95
-123456
0.079096 74
0.785311 84
0.135593 94
-123456
0.0903614 73
0.849398 83
0.060241 93
-123456
0.0727273 72
0.836364 82
0.0909091 92
-123456
0.0718563 71
0.832335 81
0.0958084 91
-123456
0.0662983 70
0.839779 80
0.0939227 90
-123456
0.102151 77
0.795699 87
0.102151 97
-123456
-654321
0.0962199 79
0.812715 89
0.0910653 99
-123456
0.148936 77
0.803191 87
0.0478723 97
-123456
0.0662983 76
0.823204 86
0.110497 96
-123456
0.0682927 75
0.839024 85
0.0926829 95
-123456
0.092233 74
0.81068 84
0.0970874 94
-123456
0.0722892 73
0.843373 83
0.0843373 93
-123456
0.118919 72
0.745946 82
0.135135 92
-123456
0.0876289 71
0.840206 81
0.0721649 91
-123456
0.0993789 70
0.807453 80
0.0931677 90
-123456
0.0909091 78
0.824242 88
0.0848485 98
-123456
-654321
0.110721 78
0.783831 88
0.105448 98
-123456
0.083612 77
0.811037 87
0.105351 97
-123456
0.0984456 76
0.80829 86
0.0932643 96
-123456
0.087395 75
0.820168 85
0.092437 95
-123456
0.0910653 74
0.786942 84
0.121993 94
-123456
0.0904159 73
0.82821 83
0.0813743 93
-123456
0.0872483 72
0.830537 82
0.0822148 92
-123456
0.0919732 71
0.807692 81
0.100334 91
-123456
0.0950764 70
0.808149 80
0.0967742 90
-123456
0.0923379 79
0.810413 89
0.0972495 99
-123456
-654321
0.0240964 81
0.975904 91
-123456
0.0371287 82
0.962871 92
-123456
0.0385542 83
0.961446 93
-123456
0.0510949 84
0.948905 94
-123456
0.0314136 85
0.968586 95
-123456
0.0353535 86
0.964646 96
-123456
0.0226131 87
0.977387 97
-123456
0.039267 88
0.960733 98
-123456
0.0491174 89
0.950883 99
-123456
0.0507246 80
0.949275 90
-123456
-654321
0.0409091 82
0.959091 92
-123456
0.038961 83
0.961039 93
-123456
0.0441558 84
0.955844 94
-123456
0.0406091 85
0.959391 95
-123456
0.042328 86
0.957672 96
-123456
0.0515971 87
0.948403 97
-123456
0.040404 88
0.959596 98
-123456
0.0408006 89
0.959199 99
-123456
0.0284238 80
0.971576 90
-123456
0.0429594 81
0.957041 91
-123456
-654321
0.0363128 83
0.963687 93
-123456
0.0294906 84
0.970509 94
-123456
0.045 85
0.955 95
-123456
0.0512195 86
0.94878 96
-123456
0.0327869 87
0.967213 97
-123456
0.02657 88
0.97343 98
-123456
0.0375552 89
0.962445 99
-123456
0.0364963 81
0.963504 91
-123456
0.0475 80
0.9525 90
-123456
0.0384615 82
0.961538 92
-123456
-654321
0.0255102 84
0.97449 94
-123456
0.0461165 85
0.953883 95
-123456
0.0545455 86
0.945455 96
-123456
0.040107 87
0.959893 97
-123456
0.0328228 88
0.967177 98
-123456
0.0291635 89
0.970837 99
-123456
0.0432432 82
0.956757 92
-123456
0.0298507 81
0.970149 91
-123456
0.0411622 80
0.958838 90
-123456
0.0386598 83
0.96134 93
-123456
-654321
0.0453401 85
0.95466 95
-123456
0.0541176 86
0.945882 96
-123456
0.0455764 87
0.954424 97
-123456
0.0397022 88
0.960298 98
-123456
0.0393641 89
0.960636 99
-123456
0.0251256 83
0.974874 93
-123456
0.0568475 82
0.943152 92
-123456
0.0411311 81
0.958869 91
-123456
0.0229008 80
0.977099 90
-123456
0.0412088 84
0.958791 94
-123456
-654321
0.0248756 86
0.975124 96
-123456
0.0406091 87
0.959391 97
-123456
0.0588235 88
0.941176 98
-123456
0.0402588 89
0.959741 99
-123456
0.0347594 84
0.965241 94
-123456
0.0365854 83
0.963415 93
-123456
0.0491803 82
0.95082 92
-123456
0.028133 81
0.971867 91
-123456
0.0153453 80
0.984655 90
-123456
0.0434783 85
0.956522 95
-123456
-654321
0.0287206 87
0.971279 97
-123456
0.039261 88
0.960739 98
-123456
0.0501818 89
0.949818 99
-123456
0.0490463 85
0.950954 95
-123456
0.0282486 84
0.971751 94
-123456
0.0586797 83
0.94132 93
-123456
0.0439815 82
0.956019 92
-123456
0.0420792 81
0.957921 91
-123456
0.0413437 80
0.958656 90
-123456
0.0472637 86
0.952736 96
-123456
-654321
0.0352113 88
0.964789 98
-123456
0.0366906 89
0.963309 99
-123456
0.0458015 86
0.954198 96
-123456
0.0314961 85
0.968504 95
-123456
0.0572139 84
0.942786 94
-123456
0.0437158 83
0.956284 93
-123456
0.0302198 82
0.96978 92
-123456
0.0412371 81
0.958763 91
-123456
0.0478589 80
0.952141 90
-123456
0.0170316 87
0.982968 97
-123456
-654321
0.0330986 89
0.966901 99
-123456
0.0338164 87
0.966184 97
-123456
0.0462963 86
0.953704 96
-123456
0.0418719 85
0.958128 95
-123456
0.0386473 84
0.961353 94
-123456
0.0454545 83
0.954545 93
-123456
0.0403587 82
0.959641 92
-123456
0.0473815 81
0.952618 91
-123456
0.0440835 80
0.955916 90
-123456
0.0635697 88
0.93643 98
-123456
-654321
0.0431655 88
0.956835 98
-123456
0.04 87
0.96 97
-123456
0.0414469 86
0.958553 96
-123456
0.0364963 85
0.963504 95
-123456
0.000734754 54
0.0543718 84
0.944893 94
-123456
0.0512635 83
0.948736 93
-123456
0.0417957 82
0.958204 92
-123456
0.0447542 81
0.955246 91
-123456
0.0467075 80
0.953292 90
-123456
0.0468617 89
0.953138 99
-123456
-654321
