255.426
245.425
241.456
252.878
249.41
-654321
245.477
241.656
237.662
233.71
249.58
258.584
-654321
241.674
237.761
233.679
229.822
249.126
257.011
245.657
-654321
237.641
233.433
229.668
225.544
245.524
248.893
249.379
241.437
-654321
233.457
261.671
225.523
221.533
241.618
245.491
248.726
252.636
237.714
-654321
229.582
225.675
221.662
217.523
237.667
241.754
245.775
249.015
233.67
-654321
225.687
221.896
217.72
213.713
233.803
237.602
241.778
245.47
229.78
-654321
221.677
217.566
213.709
209.459
229.438
233.605
237.559
241.685
259.626
-654321
217.543
213.426
209.737
205.363
225.435
229.608
233.892
237.591
221.544
-654321
213.792
209.784
205.868
201.619
221.625
259.545
229.787
271.548
217.462
-654321
209.472
205.86
201.692
197.525
247.647
221.689
225.235
229.885
213.734
-654321
205.716
201.907
211.769
193.86
213.534
217.827
221.972
225.605
209.326
-654321
201.373
197.666
193.81
189.529
209.453
213.83
217.974
221.515
205.598
-654321
217.799
193.767
190.129
199.476
205.55
209.812
213.774
217.747
201.534
-654321
193.66
189.456
185.369
181.287
201.758
205.3
209.63
213.782
197.491
-654321
189.749
185.834
181.501
177.831
198.183
201.415
205.785
209.763
194.146
-654321
185.614
181.513
177.477
173.715
193.513
197.83
201.691
205.579
189.779
-654321
181.588
177.223
173.906
175.863
189.615
193.705
197.512
201.336
185.19
-654321
177.403
181.797
169.215
164.823
185.856
189.929
194.051
197.593
181.665
-654321
173.713
169.648
165.244
161.755
181.182
186.089
189
193.651
177.727
-654321
169.654
165.728
161.626
157.843
177.596
180.886
185.32
190.031
174.005
-654321
169.612
160.988
197.495
154.036
173.78
177.26
180.29
199.521
168.807
-654321
198.947
157.352
153.829
149.997
169.519
174.175
206.477
181.299
165.895
-654321
157.912
194.789
149.115
146.596
165.584
203.134
204.723
177.416
199.664
-654321
194.833
148.971
190.974
142.612
198.68
166.23
202.558
174.172
157.489
-654321
150.341
191.301
188.46
187.928
157.709
161.681
165.65
169.952
153.574
-654321
145.388
141.323
137.339
133.979
152.691
156.776
161.292
165.367
192.805
-654321
189.493
187.027
132.983
128.907
193.448
153.984
158.249
161.665
145.46
-654321
137.304
133.704
129.444
181.362
145.918
192.736
153.582
157.111
141.653
-654321
133.925
183.675
181.31
179.565
142.038
191.154
149.351
153.74
187.28
-654321
183.672
180.653
179.424
116.89
186.892
188.937
191.081
150.322
185.261
-654321
182.555
121.425
118.407
114.447
133.207
137.693
142.291
190.582
129.512
-654321
121.249
177.43
115.068
109.184
182.067
131.081
187.221
142.169
124.953
-654321
176.32
175.135
110.377
171.887
126.408
128.454
132.995
138.767
179.296
-654321
174.5
172.858
104.999
170.074
178.85
181.055
183.08
133.47
176.244
-654321
110.2
171.657
169.301
166.216
177.034
179.307
126.063
183.642
173.874
-654321
171.993
169.702
166.777
91.9075
175.019
177.168
179.614
125.641
109.003
-654321
103.569
167.971
165.339
89.3048
173.07
174.876
177.217
179.203
106.818
-654321
166.307
166.447
163.936
163.347
107.327
173.111
114.407
118.394
169.684
-654321
163.502
163.033
159.961
79.2571
169.169
170.745
110.828
175.357
165.161
-654321
163.182
85.5224
158.893
157.821
168.199
168.217
171.285
172.522
166.778
-654321
160.02
160.397
157.643
154.903
166.398
165.909
169.262
171.158
163.406
-654321
81.9204
76.1029
154.532
152.733
164.35
91.8526
168.706
169.217
161.779
-654321
158.547
152.937
153.198
149.405
161.965
163.689
164.336
168.066
156.884
-654321
156.003
153.399
149.2
147.665
162.638
160.435
162.91
165.789
157.022
-654321
152.642
149.144
150.443
144.914
157.56
160.591
162.02
162.751
156.038
-654321
152.423
148.683
146.23
152.76
77.2526
160.098
161.418
150.692
-654321
148.12
147.897
151.159
152.563
157.659
158.677
150.785
-654321
143.921
148.959
153.347
152.378
155.806
148.411
-654321
147.721
152.053
150.232
156.113
145.697
-654321
266.659
266.372
263.489
257.911
258.004
-654321
266.916
263.158
258.019
252.217
258.187
266.228
-654321
263.149
258.023
252.282
246.355
266.532
257.642
266.836
-654321
258.069
252.556
247.012
240.574
267.231
266.556
257.337
263.685
-654321
252.605
246.254
240.548
234.752
263.295
266.931
265.725
258.177
257.889
-654321
246.269
240.435
234.547
228.631
257.914
263.164
266.692
267.056
252.406
-654321
240.589
234.522
228.597
222.439
252.123
258.126
263.253
266.979
246.382
-654321
234.503
228.308
222.623
216.633
246.418
252.561
258.485
263.272
240.589
-654321
228.281
222.477
216.405
210.049
240.614
246.137
252.35
258.335
233.889
-654321
222.332
216.064
210.972
204.158
234.358
240.313
246.691
252.562
228.758
-654321
216.753
210.277
204.755
198.3
228.75
234.179
240.45
246.333
222.768
-654321
210.9
204.037
198.738
192.542
222.521
228.202
234.85
240.413
216.036
-654321
204.305
197.814
191.706
186.529
217.025
222.533
228.503
234.49
210.563
-654321
198.514
192.01
186.197
179.707
210.583
217.239
222.67
228.29
204.565
-654321
192.63
187.011
180.538
174.964
203.864
210.345
215.997
222.236
198.264
-654321
186.415
180.131
173.83
168.687
198.193
204.345
210.44
216.687
192.915
-654321
180.488
174.16
168.502
162.257
192.579
198.378
203.751
210.166
186.332
-654321
174.028
167.899
161.225
155.997
185.838
192.261
197.179
204.035
180.192
-654321
168.907
162.03
157.018
150.133
195.382
186.095
193.035
198.416
174.059
-654321
162.381
155.517
150.213
143.746
174.61
207.195
199.984
192.555
167.9
-654321
156.164
151.344
145.2
137.338
168.326
192.155
179.898
186.639
161.634
-654321
150.769
143.978
138.216
163.684
161.505
168.607
173.234
181.069
155.142
-654321
182.669
137.973
132.846
172.326
155.724
183.001
167.598
174.986
150.724
-654321
167.688
131.675
125.763
120.049
151.089
154.853
163.198
168.996
145.464
-654321
162.869
126.352
119.619
115.221
143.392
175.552
190.901
161.974
137.965
-654321
126.192
119.935
114.003
147.232
138.602
145.613
150.313
155.953
163.186
-654321
165.451
114.051
158.971
101.889
176.354
178.554
143.079
150.528
127.72
-654321
151.57
146.661
142.502
141.26
161.446
163.658
207.968
144.415
155.246
-654321
109.156
142.46
140.118
146.023
155.67
125.664
132.259
137.406
112.706
-654321
101.817
139.852
90.6827
142.416
200.787
119.739
127.046
131.619
198.487
-654321
95.1093
135.123
83.1993
187.303
200.483
114.144
155.779
159.447
102.632
-654321
191.148
191.397
77.8418
186.072
102.808
158.863
151.867
120.799
96.5661
-654321
190.929
127.42
124.893
65.4081
138.381
145.723
157.885
151.308
145.851
-654321
137.912
186.374
119.489
116.216
135.105
97.934
141.171
108.875
131.877
-654321
135.597
184.441
182.546
56.2423
83.9558
192.529
138.599
141.536
128.66
-654321
120.381
114.322
180.28
179.435
138.132
85.3422
135.666
96.652
122.826
-654321
114.199
110.475
178.394
113.468
185.972
126.48
84.0348
146.195
185.948
-654321
111.842
119.005
105.439
177.156
129.998
186.813
127.101
142.321
114.995
-654321
119.186
105.235
109.374
105.853
62.095
184.361
71.877
189.189
112.427
-654321
179.024
174.088
176.862
102.693
111.51
117.053
184.443
187.338
175.875
-654321
173.715
108.283
100.811
165.626
110.168
113.476
183.873
121.029
172.519
-654321
171.466
103.723
169.187
81.3712
177.525
181.78
181.845
114.278
171.181
-654321
102.222
168.688
13.024
164.618
174.26
177.692
115.222
180.821
168.953
-654321
87.6395
164.967
79.6978
161.712
175.261
175.075
177.624
181.257
169.51
-654321
167.584
159.675
162.15
161.692
171.331
172.967
174.367
101.159
171.43
-654321
159.675
164.048
161.318
157.051
165.876
171.308
94.9177
175.127
166.196
-654321
161.628
81.572
157.44
166.457
165.404
172.992
173.712
165.955
-654321
161.119
157.89
165.187
89.7236
169.241
89.9834
157.675
-654321
68.7129
0
162.773
167.722
88.9291
159.854
-654321
158.823
161.29
80.4512
161.268
157.711
-654321
272.11
283.046
285.61
284.39
258.1
-654321
283.13
285.968
283.93
279.696
257.752
272.171
-654321
287.36
284.531
281.248
275.871
269.755
257.489
283.425
-654321
284.415
281.109
276.543
271.134
280.037
271.823
257.759
286.299
-654321
280.006
275.579
271.04
265.094
286.414
282.053
271.503
258.283
285.806
-654321
276.567
270.932
265.112
259.447
282.888
285.081
280.718
272.252
281.124
-654321
270.912
264.719
259.317
253.326
281.276
284.875
286.186
282.743
275.419
-654321
265.184
258.806
253.272
247.297
275.92
280.561
284.382
286.821
271.14
-654321
258.955
253.153
247.255
241.778
270.563
275.784
280.551
283.948
265.056
-654321
252.784
247.1
240.957
235.163
265.198
271.045
276.808
281.275
258.447
-654321
247.568
241.584
235.247
229.034
258.648
264.602
270.654
275.566
252.709
-654321
241.137
235.148
229.876
223.206
252.947
258.455
264.541
271.03
247.112
-654321
235.628
229.177
223.543
216.405
247.056
252.852
258.781
264.215
241.322
-654321
229.485
223.704
217.214
210.749
241.138
246.737
252.963
259.05
235.289
-654321
222.992
217.656
210.615
204.618
235.072
240.696
247.056
252.628
228.828
-654321
216.801
210.675
205.027
199.064
228.514
235.086
240.955
246.886
223.182
-654321
211.044
205.537
198.954
193.141
222.463
228.605
235.064
241.39
217.177
-654321
204.657
199.237
192.483
185.919
217.063
222.862
228.735
235.018
210.72
-654321
199.011
203.196
186.943
180.578
210.144
216.534
222.818
228.672
203.993
-654321
194.476
187.428
180.518
174.9
205.153
210.27
217.303
222.769
198.304
-654321
185.694
182.178
176.332
168.427
199.682
211.232
211.328
216.988
191.361
-654321
181.063
191.581
168.863
182.58
192.954
199.228
206.003
210.977
187.985
-654321
174.058
169.983
163.176
155.78
187.749
192.235
199.604
205.199
179.975
-654321
169.345
162.463
157.99
150.528
195.121
186.593
194.138
198.813
175.107
-654321
162.995
179.632
150.627
172.367
173.683
195.07
187.177
193.466
169.02
-654321
157.604
148.804
145.037
138.915
169.527
176.212
182.695
199.477
164.484
-654321
151.46
143.22
166.889
132.958
183.433
199.664
191.053
180.988
179.155
-654321
170.681
168.549
162.364
205.043
157.731
162.896
187.305
190.715
186.596
-654321
168.093
162.332
126.609
120.213
150.365
155.542
183.472
168.838
184.207
-654321
164.017
158.8
122.956
151.552
142.019
150.44
181.402
161.783
167.108
-654321
160.061
118.964
150.966
149.074
140.482
146.78
186.884
155.831
174.896
-654321
202.667
202.706
149.176
142.929
206.878
137.455
184.672
174.504
203.68
-654321
114.348
158.273
142.266
139.285
203.616
165.489
166.209
144.803
122.184
-654321
108.002
197.178
151.195
89.6455
154.422
170.509
166.798
178.726
166.017
-654321
144.622
195.283
135.723
131.511
200.566
201.721
171.893
132.378
110.605
-654321
150.075
135.547
131.511
187.566
159.604
113.764
203.533
159.943
196.275
-654321
90.0168
131.624
140.667
124.883
193.671
150.166
149.954
154.397
139.297
-654321
189.453
186.068
185.665
184.225
195.556
103.414
147.745
153.939
89.7915
-654321
188.655
121.459
117.233
181.637
149.291
138.538
196.876
144.617
190.661
-654321
134.271
181.682
113.329
179.107
131.711
135.078
138.579
142.918
186.841
-654321
183.877
128.512
108.593
179.222
137.041
131.621
134.919
193.78
186.967
-654321
183.832
109.822
179.042
175.012
187.987
186.653
83.3182
191.457
184.48
-654321
179.134
47.8627
103.362
102.557
185.49
123.336
128.113
191.893
115.534
-654321
176.887
110.359
101.497
168.96
123.477
180.53
186.261
76.7919
179.129
-654321
177.523
114.355
171.424
168.871
180.839
116.754
183.623
72.1614
178.633
-654321
173.763
107.586
175.583
168.423
110.262
117.075
180.876
184.361
178.448
-654321
173.55
104.476
166.834
118.011
179.993
177.671
183.566
176.446
-654321
169.658
169.273
174.618
177.841
180.191
112.922
166.865
-654321
99.0252
171.424
172.65
175.426
108.222
90.4321
-654321
91.336
172.65
37.791
179.688
172.635
-654321
273.483
282.01
298.847
299.63
258.972
-654321
285.02
297.5
299.992
303.095
257.634
271.265
-654321
294.894
301.941
302.188
300.856
272.216
258.61
285.986
-654321
300.331
304.664
301.295
297.191
287.992
272.312
257.824
295.767
-654321
302.969
300.135
298.194
292.976
294.005
287.675
271.299
258.908
302.122
-654321
301.068
297.09
292.673
287.284
302.077
296.709
286.779
271.435
302.793
-654321
297.488
292.819
287.408
281.883
303.365
302.398
297.483
283.946
300.988
-654321
292.151
287.983
281.68
276.179
301.508
301.889
300.463
299.531
297.818
-654321
287.747
281.596
275.637
269.672
298.425
298.79
303.13
302.937
292.166
-654321
281.66
275.767
269.923
263.812
292.107
297.786
299.966
302.654
287.147
-654321
275.015
269.957
264.075
257.68
285.454
293.683
298.338
300.956
281.503
-654321
269.78
263.685
258.526
252.086
280.608
287.547
292.225
296.792
275.769
-654321
263.255
257.925
252.227
246.056
275.528
281.367
287.046
291.446
269.579
-654321
258.112
250.788
245.941
239.435
269.705
275.445
280.596
286.904
263.52
-654321
252.174
245.365
239.813
233.452
264.178
270.744
276.164
281.033
257.931
-654321
244.958
240.473
233.014
228.06
257.001
264.551
269.099
275.313
250.863
-654321
239.948
233.951
227.953
221.234
251.029
257.703
264.102
269.289
245.611
-654321
233.491
228.492
221.295
215.068
246.091
251.53
257.523
263.604
239.729
-654321
228.99
221.356
215.954
210.147
239.806
239.498
251.087
257.547
233.844
-654321
220.956
215.129
209.874
203.639
232.367
238.821
245.626
251.379
227.994
-654321
218.555
209.848
202.405
196.962
228.516
233.494
239.344
245.12
222.551
-654321
209.274
202.179
197.538
193.172
221.738
228.204
231.057
239.639
216.995
-654321
203.542
198.14
192.933
184.641
216.542
222.438
226.761
233.537
214.583
-654321
196.711
190.796
185.815
181.347
208.563
216.488
222.137
226.647
203.829
-654321
202.493
184.983
195.646
172.852
211.352
209.505
219.81
220.654
207.684
-654321
186.275
179.964
173.768
168.6
207.535
203.379
210.711
215.699
204.072
-654321
179.766
172.656
187.444
162.462
190.576
198.273
203.723
209.133
198.682
-654321
171.789
187.248
161.234
157.137
184.374
215.402
198.912
203.208
194.306
-654321
166.972
182.261
179.554
173.652
181.46
185.92
201.573
198.108
172.741
-654321
162.543
177.104
174.911
182.22
171.557
179.679
184.44
202.404
219.218
-654321
216.823
151.122
172.731
207.871
218.374
193.304
179.373
199.087
160.607
-654321
149.327
168.165
139.35
164.01
182.195
217.155
191.624
178.29
179.182
-654321
169.444
165.176
174.957
204.165
179.132
180.869
167.001
191.894
174.705
-654321
208.581
162.541
158.365
155.391
149.709
178.851
181.764
187.019
172.578
-654321
131.859
204.324
156.346
151.869
172.41
211.476
154.432
185.165
207.274
-654321
205.029
165.563
201.803
158.236
163.25
210.192
174.606
154.982
204.175
-654321
154.503
153.676
148.18
143.533
205.042
210.399
209.342
212.049
159.83
-654321
162.425
199.811
194.015
138.843
204.166
130.642
166.73
170.657
200.384
-654321
197.314
195.491
140.356
134.8
169.142
166.608
207.266
168.495
198.836
-654321
152.337
138.964
191.348
143.548
147.948
167.756
200.222
164.35
199.331
-654321
193.336
134.349
190.33
187.483
192.107
153.837
153.246
158.088
151.884
-654321
192.676
191.83
127.173
182.653
194.512
202.502
199.147
201.104
191.513
-654321
143.107
137.414
188.818
185.137
193.984
144.495
199.49
152.59
134.504
-654321
186.841
186.164
115.25
184.149
138.182
194.137
197.472
108.529
83.3365
-654321
70.1408
184.137
183.254
110.531
132.987
191.825
92.8502
197.695
187.18
-654321
186.81
184.138
109.961
177.706
188.84
188.818
131.895
95.6262
184.164
-654321
119.869
180.822
107.834
187.152
190.138
192.813
192.156
178.947
-654321
107.932
182.842
185.469
135.541
194.208
190.596
126.173
-654321
175.849
116.858
183.823
188.81
182.947
124.447
-654321
107.932
59.1254
183.509
137.098
106.526
-654321
269.792
286.726
299.582
312.302
257.529
-654321
282.201
299.711
309.745
318.943
257.515
270.634
-654321
300.127
312.591
315.498
323.386
272.498
256.535
287.345
-654321
310.956
315.902
321.084
322.049
285.498
272.841
258.078
301.181
-654321
319.702
322.555
321.575
320.658
302.159
285.278
271.276
257.142
310.552
-654321
320.975
321.471
319.448
316.008
314.625
299.204
288.84
271.461
315.007
-654321
322.377
319.185
316.218
312.253
318.241
313.523
302.679
286.707
321.003
-654321
319.042
316.925
312.286
305.678
321.744
317.046
313.367
300.87
322.732
-654321
313.911
311.813
305.837
301.011
321.628
321.075
319.362
310.532
321.852
-654321
308.847
305.199
300.519
295.318
318.747
322.211
322.146
317.551
314.84
-654321
304.73
301.554
295.613
289.394
315.229
318.846
321.644
322.577
310.56
-654321
300.258
295.104
289.956
283.376
309.923
314.241
317.918
322.595
305.66
-654321
295.267
289.556
283.423
278.092
304.209
311.37
316.452
317.95
300.436
-654321
288.521
283.74
277.77
273.02
300.143
305.14
311.972
315.008
294.592
-654321
283.39
277.052
271.254
265.396
294.865
300.649
304.586
309.092
289.404
-654321
278.383
271.617
266.097
260.293
289.577
295.749
300.208
306.94
283.557
-654321
271.492
265.569
258.864
253.057
283.112
288.788
295.827
299.062
277.767
-654321
265.205
259.372
253.725
248.166
278.024
283.429
289.185
296.001
271.31
-654321
259.428
253.744
248.705
241.317
271.28
276.07
282.989
288.851
265.83
-654321
243.267
246.77
240.558
235.782
266.258
271.542
277.555
283.672
258.948
-654321
246.573
242.237
235.365
230.438
259.702
265.4
272.343
277.325
253.044
-654321
242.251
231.46
229.783
223.188
253.505
260.283
265.073
270.938
239.387
-654321
234.922
226.297
222.911
217.76
248.811
254.473
258.25
266.191
240.337
-654321
229.601
222.529
217.224
211.756
241.6
247.619
254.032
259.79
234.339
-654321
222.578
217.34
212.988
204.548
234.689
240.987
239.53
253.45
229.287
-654321
220.514
215.407
203.921
207.065
227.529
235.658
234.437
248.513
223.573
-654321
215.609
211.194
206.61
193.046
224.321
226.905
232.22
240.953
217.514
-654321
225.767
208.79
203.919
199.394
219.227
223.5
228.094
236.692
227.852
-654321
200.758
194.957
186.785
195.955
213.557
219.954
222.624
230.398
205.265
-654321
203.756
216.347
197.172
191.68
230.005
216.021
216.784
221.146
199.043
-654321
198.657
195.605
193.1
169.02
207.561
222.621
216.7
217.01
203.954
-654321
195.148
191.079
199.057
215.572
216.445
207.414
212.405
213.659
214.649
-654321
192.334
185.76
181.879
213.658
224.124
203.263
200.281
211.547
180.539
-654321
186.578
184.68
159.138
176.476
194.869
198.106
193.755
206.816
219.653
-654321
164.398
190.704
211.83
167.136
172.327
181.613
187.769
203.425
216.967
-654321
179.135
212.525
207.123
180.159
216.967
189.888
207.285
199.27
186.036
-654321
191.222
168.102
166.824
204.27
184.646
191.78
188.978
182.28
213.653
-654321
208.961
141.281
163.727
206.783
214.818
216.694
190.391
202.741
187.054
-654321
165.727
208.088
204.348
120.323
215.129
209.524
164.745
186.107
211.969
-654321
176.966
126.887
118.582
150.803
171.637
188.267
214.361
184.185
206.27
-654321
207.479
157.575
152.646
146.565
209.055
211.514
212.587
216.665
166.386
-654321
173.316
154.039
196.617
106.827
207.566
208.078
171.463
213.219
199.524
-654321
199.308
148.932
198.432
195.736
173.31
203.811
211.826
209.653
210.71
-654321
197.655
195.424
196.786
149.132
201.653
201.583
203.581
213.919
197.581
-654321
154.916
138.079
193.393
192.609
156.128
168.857
200.894
208.432
198.346
-654321
196.432
147.054
191.512
128.42
200.433
199.311
156.652
207.477
197.736
-654321
197.919
191.737
187.437
157.132
201.128
207.316
200.961
139.979
-654321
143.979
243.919
151.742
197.216
199.278
205.919
193.736
-654321
190.782
148.908
196.44
197.737
198.354
192.084
-654321
138.953
195.365
137.875
149.524
186.27
-654321
271.077
286.435
301.263
312.418
256.534
-654321
287.705
297.299
316.469
323.761
257.576
272.485
-654321
296.947
318.389
330.721
335.166
270.005
255.45
285.018
-654321
309.051
329.88
337.079
342.992
283.439
271.536
257.569
297.957
-654321
324.493
326.504
337.897
340.15
297.38
285.493
272.397
257.857
314.37
-654321
330.22
339.173
339.996
336.654
316.346
300.436
285.636
271.386
325.685
-654321
339.721
336.678
337.547
333.69
322.793
312.846
297.082
284.956
332.275
-654321
339.104
340.087
335.401
332.315
333.4
326.448
315.812
300.782
335.992
-654321
339.46
332.927
331.519
327.403
338.005
334.421
322.127
312.729
339.376
-654321
336.528
330.765
326.991
322.903
338.556
335.805
329.614
330.23
334.533
-654321
331.152
328.281
323.305
318.699
339.031
337.302
339.787
336.035
336.061
-654321
326.249
324.077
317.614
312.231
333.233
337.161
338.397
337.693
332.711
-654321
321.119
317.592
313.048
306.82
331.504
336.803
337.397
339.254
327.572
-654321
317.806
307.874
306.143
300.456
326.579
333.458
335.812
339.914
321.916
-654321
312.099
305.667
300.162
294.824
324.398
326.878
331.273
335.524
318.007
-654321
305.17
299.542
294.256
288.736
316.395
323.281
327.332
330.678
311.374
-654321
300.858
294.359
288.473
283.049
310.462
317.456
321.06
329.108
306.121
-654321
294.309
288.666
282.583
276.847
306.902
310.937
318.549
321.533
300.281
-654321
288.431
282.601
276.193
270.226
300.401
306.838
312.406
316.128
295.341
-654321
282.598
277.742
271.65
264.856
295.095
300.144
306.079
312.53
288.206
-654321
275.874
270.927
263.202
247.134
287.995
295.316
300.782
306.979
282.315
-654321
271.068
264.534
259.149
252.425
282.995
289.746
294.941
299.302
276.306
-654321
265.257
247.217
243.814
245.821
277.623
284.054
288.777
294.119
269.81
-654321
247.231
253.669
240.095
239.267
254.119
276.028
282.824
287.971
264.906
-654321
252.761
247.486
239.574
233.875
266.632
269.282
277.69
281.252
257.615
-654321
247.859
235.267
231.663
228.74
247.314
264.708
273.202
276.771
243.373
-654321
241.323
235.638
229.173
222.483
252.217
247.188
263.765
269.601
238.761
-654321
229.797
227.536
221.617
217.956
238.474
242.077
246.267
250.958
239.981
-654321
230.413
222.209
220.524
208.641
240.922
244.736
253.666
257.897
230.306
-654321
223.897
220.444
209.656
204.904
232.445
246.483
237.108
252.063
227.396
-654321
218.77
211.837
229.789
206.357
227.461
243.038
239.506
247.292
222.427
-654321
228.267
213.431
219
203.045
237.254
238.309
229.448
234.633
231.573
-654321
210.066
228.217
203.671
186.18
219.739
223.228
229.303
233.389
215.961
-654321
206.289
203.539
210.945
195.633
216.089
220.096
235.057
228.108
207.92
-654321
192.012
225.946
223.285
191.048
211.171
233.023
218.985
222.185
230.872
-654321
224.795
223.822
194.171
170.084
228.679
212.375
214.006
217.903
227.316
-654321
222.093
222.409
196.741
182.011
204.098
205.78
222.479
231.577
225.833
-654321
221.311
187.575
218.878
157.174
200.794
201.484
198.475
204.993
224.186
-654321
171.683
159.695
216.185
213.493
222.103
226.408
225.543
219
176.082
-654321
184.101
190.136
182.299
208.36
175.17
223.493
200.791
227.489
219.249
-654321
212.708
212.971
210.791
210.186
216.71
224.258
218.618
227.794
187.215
-654321
212.102
212.184
208.621
166.64
183.394
220.878
220.451
225.569
214.799
-654321
208.711
209.487
204.245
203.407
210.618
179.92
200.564
192.295
186.483
-654321
169.487
207.145
204.099
153.315
210.012
215.493
215.402
218.093
209.407
-654321
167.56
202.013
168.299
202.878
208.943
212.446
213.402
195.526
208.797
-654321
202.711
205.107
153.257
159.181
210.641
209.755
179.554
215.493
204.711
-654321
205.568
206.997
196.013
163.405
164.847
206.618
210.362
175.313
-654321
148.617
163.563
202.477
177.944
180.219
171.399
207.631
-654321
199.491
197.221
207.215
243.919
208.795
200.799
-654321
196.618
243.919
207.562
208.646
204.997
-654321
272.391
289.938
295.62
311.98
257.342
-654321
287.206
292.958
310.312
327.283
256.718
272.487
-654321
302.354
316.201
324.958
335.351
271.097
257.864
281.181
-654321
313.488
320.07
345.968
346.752
285.129
273.928
257.39
303.348
-654321
323.159
342.787
344.295
351.168
303.538
287.364
270.935
256.227
312.481
-654321
340.534
350.697
354.847
357.658
312.383
302.559
287.122
273.953
322.402
-654321
348.904
355.994
353.757
352.343
329.474
313.921
297.762
285.789
338.041
-654321
351.609
356.26
357.257
354.636
338.83
325.875
311.723
302.343
352.959
-654321
357.275
358.082
353.89
355.575
350.521
339.787
329.045
312.95
355.181
-654321
355.543
350.357
350.63
347.458
349.524
349.696
337.071
328.771
354.697
-654321
354.338
350.06
348.029
341.2
352.375
353.953
347.393
341.002
353.977
-654321
355.321
347.003
343.774
340.153
354.052
354.617
349.888
351.093
353.159
-654321
345.081
343
338.399
334.261
354.547
358.051
354.202
354.926
353.384
-654321
342.572
338.485
333.965
328.48
351.826
354.117
356.869
353.065
348.108
-654321
335.415
333.798
327.806
322.378
346.789
348.371
352.224
360.292
342.957
-654321
334.502
327.521
322.49
317.444
342.818
350.774
349.469
351.769
335.878
-654321
328.661
319.857
315.868
311.132
335.988
345.696
350.346
353.226
333.642
-654321
321.566
317.269
311.799
305.422
334.483
336.461
341.59
348.946
327.806
-654321
318.429
309.622
305.934
296.851
327.945
334.965
339.104
341.545
323.616
-654321
312.736
305.578
300.516
293.784
322.691
329.6
328.562
339.262
317.294
-654321
305.631
300.275
293.112
287.309
317.208
323.647
328.548
332.308
311.222
-654321
298.736
293.537
288.034
280.466
312.358
317.864
322.988
328.368
306.685
-654321
293.066
287.101
280.793
274.75
305.105
311.125
317.25
323.538
299.386
-654321
288.213
281.5
259.63
270.938
300.522
278.426
311.799
317.118
293.547
-654321
282.37
275.031
269.245
263.664
294.78
273.915
278.778
311.16
287.054
-654321
274.935
268.28
265.812
257.209
287.794
292.454
299.322
305.43
262.405
-654321
254.913
262.38
258.223
252.21
262.895
280.108
270.349
299.711
273.929
-654321
264.687
245.131
251.977
246.976
258.624
280.924
264.782
292.853
269.077
-654321
244.618
252.762
239.468
240.266
267.306
257.8
256.773
287.968
263.947
-654321
251.25
245.18
234.631
235.296
249.406
253.288
258.288
282.701
246.969
-654321
237.67
242.356
228.007
225.604
248.128
250.81
254.731
275.577
244.401
-654321
238.778
239.988
227.227
221.444
251.358
246.502
251.567
270.394
238.008
-654321
240.171
228.041
223.374
233.448
243.9
244.345
247.684
264.909
233.53
-654321
226.884
224.279
219.402
215.693
234.947
247.085
250.536
257.432
232.323
-654321
236.233
219.49
233.038
229.668
230.946
236.491
246.29
239.341
237.194
-654321
222.26
215.043
208.888
228.017
228.99
233.367
242.758
239.062
222.036
-654321
226.969
232.792
205.766
226.03
221.21
227.153
230.388
234.524
234.108
-654321
231.255
243.919
226.521
199.586
233.852
235.041
240.791
230.122
220.328
-654321
228.37
201.348
202.701
182.383
228.315
235.025
222.239
226.726
230.371
-654321
203.391
199.397
220.354
192.05
225.356
211.992
219.002
221.343
226.111
-654321
225.029
223.018
173.653
221.014
217.366
226.315
218.248
232.634
225.863
-654321
204.691
203.112
216.354
213.677
203.397
222.945
230.356
232.566
228.973
-654321
221.498
217.363
215.701
216.672
202.701
227.032
222.945
230.036
221.679
-654321
191.999
197.356
215.282
171.316
224.14
225.696
218.006
226.768
219.701
-654321
210.945
243.919
213.038
213.675
203.191
223.702
225.519
226.349
217.701
-654321
220.256
214.356
213.02
179.375
219.038
222.014
222.358
195.341
213.677
-654321
154.336
213.006
179.375
220.973
219.455
217.677
221.357
214.036
-654321
204.945
207.919
217.675
215.029
220.363
206.005
150.678
-654321
214.256
216.973
215.702
196.843
217.029
214.973
-654321
209.701
213.239
214.855
215.701
207.363
-654321
270.556
284.688
297.796
315.444
258.539
-654321
284.735
293.529
312.549
330.472
257.784
273.948
-654321
293.579
309.471
331.872
340.022
273.475
257.919
287.553
-654321
314.881
324.223
343.021
355.486
279.142
269.725
257.815
302.228
-654321
316.337
343.271
362.496
365.351
302.222
288.225
271.125
257.679
316.352
-654321
345.05
359.485
363.501
371.726
310.099
300.407
283.854
275.238
334.354
-654321
355.376
363.67
366.342
373.74
324.671
316.534
298.737
282.027
338.676
-654321
366.032
363.974
371.492
376.483
350.435
326.95
319.299
305.749
350.845
-654321
374.091
375.289
373.833
372.893
356.234
344.837
333.247
314.179
359.389
-654321
369.429
377.555
370.985
367.794
366.921
359.42
344.269
327.62
368.573
-654321
371.771
371.134
368.743
369.457
368.216
363.867
352.328
336.785
374.308
-654321
373.958
372.075
369.017
365.245
372.792
366.754
357.439
355.106
372.409
-654321
372.647
369.671
367.97
361.444
373.086
370.428
368.412
365.381
372.841
-654321
370.423
368.346
360.041
357.897
373.003
375.368
372.544
364.907
373.889
-654321
369.527
363.661
356.866
351.516
370.808
372.165
370.991
368.921
368.556
-654321
363.759
358.696
352.632
348.606
367.844
373.714
369.995
373.026
369.157
-654321
358.001
349.631
348.14
340.083
370.573
368.774
371.756
376.791
357.411
-654321
353.011
347.92
342.389
336.682
358.946
364.302
368.095
367.647
355.099
-654321
347.456
343.105
337.591
330.764
351.934
362.761
363.629
368.359
353.279
-654321
342.746
337.533
331.712
324.075
354.259
358.921
360.188
367.03
347.616
-654321
337.613
330.744
325.407
317.601
343.5
351.451
357.274
360.57
341.526
-654321
332.316
324.789
319.433
312.96
343.522
348.492
347.54
358.383
336.834
-654321
325.006
318.946
284.103
308.728
336.065
342.209
349.499
353.275
331.405
-654321
318.775
283.277
305.918
300.734
331.464
337.708
302.077
347.932
321.981
-654321
282.921
280.466
300.376
295.241
324.303
330.402
336.78
343.676
318.551
-654321
308.542
300.489
295.095
289.486
287.622
291.367
330.903
336.322
312.494
-654321
300.743
295.481
287.93
264.753
282.813
287.571
325.884
330.899
307.516
-654321
295.319
267.239
263.022
276.661
280.462
312.167
286.396
324.371
299.928
-654321
268.632
282.943
260.53
272.621
276.09
279.843
312.355
315.8
295.794
-654321
264.154
259.035
269.609
264.837
295.196
275.063
280.635
313.53
289.963
-654321
259.955
255.286
263.277
249.552
268.24
295.168
301.126
306.578
282.313
-654321
252.195
252.619
259.423
253.98
282.451
286.906
271.557
300.919
259.212
-654321
264.379
258.054
243.236
241.811
276.418
255.938
268.548
295.244
255.585
-654321
247.432
253.096
247.552
234.644
255.457
277.456
262.872
268.302
253.033
-654321
245.654
240.584
242.966
241.018
251.357
268.505
260.356
264.574
260.54
-654321
244.564
247.045
241.21
236.754
249.773
263.518
256.135
277.037
247.467
-654321
246.241
242.441
229.017
223.876
245.713
249.491
252.939
257.143
251.971
-654321
237.522
239.352
235.116
237.136
238.355
246.147
247.683
251.225
234.257
-654321
233.617
233.524
236.067
228.892
234.984
238.453
245.744
245.848
240.751
-654321
223.054
223.263
233.313
222.407
233.666
241.356
242.085
245.393
238.468
-654321
229.827
232.007
217.568
225.524
225.178
245.001
242.002
238.472
236.156
-654321
211.976
232.075
243.919
217.736
237.757
238.992
242.353
247.234
238.741
-654321
230.671
233.871
243.919
224.387
237.589
234.151
228.729
243.919
232.614
-654321
206.608
218.634
226.405
220.774
233.182
234.925
238.604
239.316
233.005
-654321
224.774
226.415
205.209
195.286
231.613
236.741
232.774
238.413
226.774
-654321
229.871
207.006
221.471
218.007
208.597
228.972
243.919
231.065
201.848
-654321
226.741
221.633
221.589
225.97
220.279
224.269
230.774
229.871
-654321
221.821
213.617
223.237
224.143
225.524
232.971
225.005
-654321
197.507
222.617
227.005
227.381
236.059
222.632
-654321
224.741
222.155
203.275
225.97
219.221
-654321
271.654
285.1
304.136
310.216
257.099
-654321
286.807
293.989
308.548
332.034
257.835
272.846
-654321
292.539
302.427
322.365
341.338
273.577
255.56
282.895
-654321
318.575
327.803
347.033
355.468
297.266
272.409
258.514
297.905
-654321
329.851
344.166
364.105
374.511
300.985
287.698
269.365
258.825
313.985
-654321
342.465
350.013
365.637
373.987
308.303
301.953
283.725
271.533
327.75
-654321
342.739
374.886
376.29
387.943
320.553
317.174
301.482
285.828
347.053
-654321
371.363
368.193
380.589
392.274
341.377
324.842
317.106
304.273
351.886
-654321
391.822
389.66
389.461
387.384
360.075
348.12
329.595
314.308
369.11
-654321
376.264
386.458
393.209
391.968
365
353.099
347.039
328.136
374.275
-654321
390.112
392.465
390.486
389.837
378.529
365.303
353.57
333.838
386.009
-654321
386.91
390.018
392.73
387.942
389.267
369.694
373.989
354.93
388.263
-654321
393.581
389.974
387.831
385.822
382.179
389.772
380.364
367.816
389.977
-654321
388.777
390.732
382.421
380.979
391.059
389.69
385.703
372.017
391.276
-654321
391.002
385.751
383.678
378.663
383.431
390.069
389.249
384.205
390.977
-654321
389.931
381.107
379.505
374.909
390.199
393.057
392.49
388.751
391.879
-654321
383.298
378.56
374.768
367.146
389.701
392.688
389.939
392.195
389.503
-654321
374.262
373.017
369.46
363.081
386.824
389.237
391.391
388.059
382.423
-654321
372.846
372.103
361.836
359.693
382.822
388.635
385.072
387.971
378.66
-654321
365.232
364.436
357.417
351.5
373.701
377.814
386.74
390.029
367.523
-654321
361.72
354.95
352.294
340.322
374.297
379.696
385.416
385.102
365.773
-654321
358.94
350.5
347.438
340.913
369.107
377.478
377.64
382.435
365.179
-654321
349.701
344.107
341.755
334.307
366.178
371.087
370.577
375.427
360.321
-654321
346.146
342.252
328.624
330.557
360.336
363.745
370.877
368.722
353.324
-654321
341.607
336.819
330.336
325.62
353.708
359.407
361.326
369.678
348.588
-654321
331.988
329.47
324.075
318.017
341.564
351.223
359.632
364.532
341.742
-654321
330.252
325.182
318.314
283.975
343
348.081
352.819
358.391
335.796
-654321
292.734
319.102
312.885
305.872
300.462
343.022
347.712
352.732
330.926
-654321
317.483
313.883
307.458
301.03
330.25
299.074
341.431
306.525
303.445
-654321
282.444
306.348
299.662
295.028
324.648
330.769
328.398
302.322
287.581
-654321
307.841
300.41
294.606
268.602
318.236
290.824
312.645
336.287
311.011
-654321
275.915
271.755
266.623
283.787
313.104
318.904
324.283
331.493
281.129
-654321
295.408
267.067
261.536
275.606
264.785
284.069
318.117
323.415
301.015
-654321
268.248
263.339
259.927
255.973
262.811
306.647
312.664
318.816
270.967
-654321
261.938
272.062
268.469
252.035
259.129
300.597
264.733
311.379
268.692
-654321
260.028
265.948
265.052
247.681
285.656
271.179
278.661
306.336
274.242
-654321
270.831
249.319
250.017
246.78
273.942
261.287
295.475
300.639
253.729
-654321
252.119
248.044
247.886
236.632
261.105
258.227
257.729
270.471
271.815
-654321
259.547
247.886
247.168
243.801
250.944
275.197
254.752
289.895
251.798
-654321
243.919
243.57
243.919
247.541
256.276
255.53
272.937
264.248
243.309
-654321
246.367
241.116
244.445
232.823
248.759
250.091
253.643
276.482
247.451
-654321
240.591
242.36
240.128
223.851
245.116
250.466
250.574
255.407
247.287
-654321
233.16
238.942
243.919
233.116
238.375
251.746
264.401
251.073
243.919
-654321
236.059
238.3
234.147
234.606
245.01
243.919
245.789
249.12
239.494
-654321
239.077
217.624
230.059
231.612
238.591
243.722
250.574
258.195
242.176
-654321
232.059
227.556
231.397
221.732
243.919
243.919
246.953
240.427
236.147
-654321
232.339
233.982
229.458
233.521
243.919
241.096
243.919
236.425
-654321
222.788
207.861
233.116
238.606
228.537
242.769
233.72
-654321
232.886
234.549
237.217
239.449
240.722
225.717
-654321
232.953
235.265
233.945
236.834
219.786
-654321
261.378
272.235
279.206
291.922
253.63
-654321
273.094
282.555
289.396
301.428
252.908
264.837
-654321
287.034
289.435
298.166
310.658
261.808
253.572
272.737
-654321
276.945
299.401
307.836
316.864
266.352
264.123
250.872
283.137
-654321
296.111
303.033
310.763
328.2
279.718
269.69
264.865
253.903
286.529
-654321
313.336
319.616
326.554
345.965
287.558
280.853
269.692
258.371
301.172
-654321
312.049
322.074
325.199
347.723
299.709
292.846
281.02
271.808
310.681
-654321
333.702
338.128
350.659
344.6
309.916
295.393
290.916
284.108
314.858
-654321
339.561
337.806
347.249
350.655
324.072
309.602
299.913
293.629
323.967
-654321
346.047
364.28
351.431
353.486
328.446
323.314
309.881
293.499
342.051
-654321
344.184
352.145
352.743
349.948
337.965
327.351
316.726
308.514
339.441
-654321
346.287
347.527
348.597
351.412
342.754
330.114
336.177
317.009
348.143
-654321
374.025
351.659
350.739
349.617
348.32
337.503
333.291
327.245
352.051
-654321
351.142
349.447
350.414
349.561
350.992
347.976
343.843
335.379
351.994
-654321
348.554
349.958
349.672
344.722
355.658
350.925
349.505
344.127
352.887
-654321
350.147
348.208
347.176
345.115
352.15
352.767
346.825
345.478
350.87
-654321
347.601
346.48
353.542
339.852
367.315
354.583
350.64
350.302
351.081
-654321
346.72
345.701
339.294
337.314
349.994
352.659
353.096
352.045
351.513
-654321
342.05
340.876
336.273
334.292
349.594
349.58
350.186
350.408
345.111
-654321
340.967
337.694
334.529
332.043
344.433
346.586
343.829
350.754
341.437
-654321
338.388
334.827
329.387
328.362
342.378
345.717
347.077
350.102
341.193
-654321
332.503
331.282
328.063
323.91
340.96
340.291
347.908
349.35
335.264
-654321
331.424
328.397
324.227
320.113
339.447
342.557
344.079
345.016
335.078
-654321
328.95
323.775
321.189
315.488
335.809
340.412
341.366
341.76
331.185
-654321
324.829
320.905
317.469
313.077
332.283
336.229
333.377
341.5
328.285
-654321
321.348
315.121
312.587
309.713
326.52
328.892
334.876
334.93
287.313
-654321
317.557
312.748
309.578
306.156
324.137
329.406
332.352
335.103
320.496
-654321
313.238
309.385
306.554
301.299
321.158
325.104
328.739
332.433
317.483
-654321
309.256
305.667
301.046
298.255
317.255
321.176
319.992
324.535
312.729
-654321
304.941
276.445
274.394
294.218
312.102
317.033
320.286
322.328
308.797
-654321
301.697
297.921
293.632
289.969
310.633
313.581
317.645
321.477
306.128
-654321
296.926
273.492
289.872
284.594
305.064
309.472
312.546
316.838
299.602
-654321
292.81
289.798
285.802
266.405
301.19
305.078
279.37
313.081
296.456
-654321
270.536
268.555
281.081
276.907
297.375
277.641
305.115
310.205
293.75
-654321
286.449
281.571
265.047
262.277
271.882
298.173
276.041
306.025
269.69
-654321
265.967
278.227
262.898
269.041
289.592
294.251
298.135
302.253
286.339
-654321
264.029
273.065
270.549
256.704
285.268
271.041
272.09
297.081
281.698
-654321
262.083
270.711
259.72
256.7
279.716
269.611
290.049
292.883
263.379
-654321
270.034
258.401
257.863
253.609
265.926
266.226
266.993
290.122
275.049
-654321
260.636
262.328
252.198
253.734
263.154
264.036
263.879
286.222
262.719
-654321
257.665
257.86
251.983
248.132
260.674
263.654
264.635
265.684
259.833
-654321
255.805
254.43
253.604
247.346
258.076
260.097
272.027
266.011
257.497
-654321
252.504
249.325
251.86
243.623
255.103
266.236
259.682
272.226
254.532
-654321
251.436
248.284
246.168
243.425
253.307
258.022
257.447
268.841
252.391
-654321
248.178
247.942
239.929
243.022
251.86
255.005
262.403
257.743
250.769
-654321
249.306
245.011
244.108
240.829
250.447
251.074
252.21
261.589
243.919
-654321
244.113
244.505
240.68
249.151
246.136
251.675
243.919
249.268
-654321
230.087
242.801
244.772
250.71
252.868
252.66
245.403
-654321
235.865
244.211
247.454
246.422
250.692
240.336
-654321
231.871
245.841
247.042
248.357
240.632
-654321
