87.3557
77.9278
73.7499
69.8319
81.5859
-654321
77.7353
74.0664
70.2307
66.132
81.9101
88.3067
-654321
74.051
70.1066
66.161
62.3521
81.3843
89.3222
78.1404
-654321
85.8407
65.9756
61.7794
57.8073
78.0403
81.6838
81.7218
73.7534
-654321
65.8215
61.8755
57.9382
53.8556
74.0997
78.0652
81.3446
82.0832
70.2664
-654321
61.9551
58.028
54.1518
79.9458
70.0566
73.7928
77.7801
81.6217
66.2103
-654321
58.3008
54.0114
49.9449
45.9812
66.3543
70.4115
73.999
77.8063
61.9425
-654321
54.2113
49.69
46.0762
41.9917
61.9422
66.1509
70.0973
74.0461
57.9101
-654321
50.1056
45.6807
42.3575
37.7514
81.3199
61.6962
65.9441
70.1508
54.2369
-654321
45.8462
41.6954
37.7598
33.9068
85.7173
57.8554
62.3046
65.9352
49.7287
-654321
41.4393
38.2467
33.6278
30.0854
49.6436
54.0873
57.804
62.166
45.9485
-654321
37.6472
34.1995
29.7694
25.6448
45.4107
49.2295
54.3247
58.265
41.4557
-654321
34.167
30.0899
26.4814
22.1835
42.1023
46.0331
50.3061
54.0149
37.856
-654321
30.1215
25.9916
22.3234
17.8556
38.1869
42.0042
45.745
50.0596
33.7125
-654321
26.848
22.3206
18.1117
13.9026
33.8905
37.5093
68.0864
46.1139
30.2102
-654321
22.1992
18.3838
14.5332
10.0739
30.4745
33.7966
37.5443
41.7702
26.7858
-654321
18.1311
14.5614
10.4167
26.2783
29.7141
34.2652
38.297
45.6427
-654321
14.4009
10.5437
22.037
25.861
49.4695
33.9635
18.5106
-654321
9.61454
17.361
21.2726
26.167
30.2968
13.7164
-654321
14.4075
18.0151
21.7175
25.9826
10.5513
-654321
100.204
96.4746
95.3132
89.8301
90.3595
-654321
99.4331
95.4988
90.7874
84.7304
90.0508
99.1534
-654321
95.5735
90.5997
84.8689
78.7339
99.5618
90.0338
99.1289
-654321
90.4576
85.1473
79.3371
73.3754
99.3321
97.7564
89.9452
96.8628
-654321
84.8286
78.9013
73.0009
67.3472
94.7297
98.9836
98.3833
90.8194
90.145
-654321
78.8058
73.0931
66.6326
60.7868
90.2004
96.1379
98.6669
99.9258
84.3836
-654321
73.211
66.7657
60.7919
54.5927
84.8372
90.5583
95.3707
98.6755
78.9767
-654321
67.0758
61.1253
54.7602
48.6472
79.0156
85.0513
90.1021
95.4731
72.5138
-654321
60.8533
54.1713
49.1606
42.8089
72.7619
78.3002
84.485
90.762
66.5899
-654321
54.9242
48.7233
43.3601
36.7232
66.9294
72.8255
79.5107
85.3897
60.4571
-654321
48.7175
42.4272
36.9899
30.7972
60.6122
67.0543
72.7698
78.9494
54.841
-654321
42.3119
36.4167
30.968
24.7862
54.1527
61.0101
67.247
72.9493
48.813
-654321
37.3789
29.0787
23.7033
18.9245
48.842
53.8725
61.0296
66.9455
43.8013
-654321
31.672
25.5414
20.2443
12.5347
42.2185
48.955
54.7224
60.7
37.3944
-654321
25.0751
18.247
12.7613
6.44141
36.3722
42.7638
49.6011
54.8175
30.9977
-654321
19.1006
11.7776
7.9523
0
30.1908
35.9014
42.6976
48.9519
25.0172
-654321
12.5711
7.13174
0.801767
25.3077
31.6748
35.9051
42.4743
19.5622
-654321
25.5431
0.222794
31.9396
24.8606
40.5333
36.2094
12.5792
-654321
2.03679
13.263
32.8009
25.2224
31.2018
7.76745
-654321
24.2339
12.0664
32.4079
24.8565
30.5049
-654321
103.102
116.96
118.445
115.18
89.7516
-654321
114.398
118.874
118.125
113.21
89.9337
105.36
-654321
119.678
118.703
113.59
108.216
101.777
89.5703
116.097
-654321
115.66
114.219
109.539
103.429
112.609
104.521
90.0239
118.417
-654321
112.938
108.122
103.83
97.2308
116.531
116.169
105.99
89.7378
117.332
-654321
108.005
103.201
97.6124
91.5533
116.239
117.567
114.386
104.714
113.539
-654321
102.717
97.2279
91.6669
85.7952
115.006
116.43
118.373
115.144
108.703
-654321
98.1513
91.0166
85.8199
79.9165
108.9
114.598
115.818
118.158
103.789
-654321
91.6196
85.6338
79.1633
73.7261
102.912
108.223
113.499
116.684
97.3086
-654321
85.7867
79.2326
73.1965
67.9899
97.6741
102.643
109.37
113.726
92.1145
-654321
80.4422
74.3243
67.4906
60.5603
91.5803
97.9067
103.036
108.062
84.9192
-654321
74.1787
67.4844
61.2039
55.3997
85.5734
90.6952
98.2819
103.639
78.7453
-654321
67.5214
61.7012
54.896
49.4397
78.8263
85.0421
91.7235
97.2747
72.8885
-654321
61.3241
55.8476
49.7974
42.7578
73.8779
80.002
85.3754
91.2252
67.0407
-654321
54.2795
50.7439
43.3361
37.0885
66.6318
72.2928
78.7812
85.2491
61.8868
-654321
48.8361
42.6633
37.0381
30.6472
61.536
64.1523
73.4832
79.3388
54.6807
-654321
43.407
38.1997
60.7834
55.8216
61.2131
67.153
74.0156
49.5938
-654321
44.0334
30.0487
49.6415
56.3045
61.6664
66.8472
42.0639
-654321
31.0375
47.8895
48.9395
55.2697
62.0761
37.0952
-654321
37.3922
41.9407
49.0742
54.765
30.4824
-654321
103.409
115.388
129.096
133.744
89.6691
-654321
115.458
128.007
137.465
136.138
89.3696
102.188
-654321
129.005
134.944
135.587
131.86
103.234
90.3747
119.976
-654321
132.574
135.755
134.454
129.846
121.294
103.343
90.425
126.31
-654321
134.409
130.874
131.034
125.58
127.56
118.871
102.9
90.95
135.492
-654321
134.779
130.369
124.67
119.325
134.469
130.257
116.052
104.467
136.062
-654321
129.253
124.949
120.496
114.522
136.588
135.125
128.613
117.299
133.109
-654321
125.579
120.651
114.621
108.506
132.235
134.8
133.4
131.175
128.527
-654321
120.441
114.776
108.253
102.584
128.595
131.256
134.813
133.279
124.204
-654321
114.215
108.044
102.681
96.074
123.711
128.162
132.836
134.159
119.46
-654321
108.009
102.231
96.8202
90.7557
118.085
125.934
126.273
134.625
113.211
-654321
102.307
96.2329
90.8363
84.1853
95.3783
119.598
123.4
128.195
107.544
-654321
95.2975
90.5429
84.0094
78.7329
107.359
114.043
117.533
122.172
101.308
-654321
90.292
84.0817
78.4279
71.787
101.913
107.953
113.884
119.856
95.9664
-654321
85.5126
77.7154
73.2062
65.8223
96.5605
103.462
109.37
112.592
90.2103
-654321
78.9874
73.32
65.7513
59.5628
90.9242
95.8929
101.764
107.161
83.0862
-654321
71.7729
66.9227
59.5092
84.6836
90.5493
95.9711
102.075
78.9066
-654321
63.142
60.419
79.8502
84.2872
90.011
95.7011
65.9777
-654321
58.8073
71.395
77.2583
84.7269
89.7067
65.9054
-654321
64.237
71.5848
78.5241
84.231
59.3282
-654321
104.893
123.242
134.099
145.805
89.0336
-654321
126.777
134.437
145.391
146.355
88.9837
104.102
-654321
129.185
141.377
145.227
152.944
106.431
90.3796
122.126
-654321
140.775
150.742
154.879
152.926
118.11
101.551
91.5307
134.981
-654321
157.285
154.024
153.997
151.706
133.124
112.562
103.933
91.4866
144.53
-654321
153.4
152.683
151.447
148.649
149.387
131.949
117.64
102.421
144.014
-654321
155.425
152.021
148.998
142.802
150.14
140.767
130.46
116.647
153.936
-654321
151.726
146.872
142.353
139.185
153.66
149.652
150.373
129.769
149.272
-654321
147.611
141.665
138.453
134.256
153.406
154.511
151.642
139.563
149.717
-654321
145.614
139.577
134.208
127.804
151.521
148.874
147.427
156.623
148.653
-654321
136.674
133.91
126.732
122.515
147.829
152.262
156.3
154.506
142.685
-654321
133.49
127.43
121.903
115.748
143.476
147.903
153.778
152.951
138.93
-654321
126.029
121.878
115.331
110.642
136.444
145.517
151.373
153.155
132.999
-654321
122.464
116.722
110.494
103.44
133.854
137.552
142.828
150.684
126.917
-654321
116.173
109.824
104.002
98.517
127.124
132.852
140.098
142.419
122.272
-654321
110.419
103.184
98.4177
91.2813
121.833
127.752
133.509
138.19
114.905
-654321
104.026
97.5496
92.4483
116.238
122.85
128.308
132.981
110.735
-654321
96.9996
79.3497
109.264
114.37
122.163
129.318
103.478
-654321
91.7576
104.656
110.338
115.127
123.126
98.4546
-654321
97.9854
104.309
111.461
114.099
80.2806
-654321
105.291
117.486
138.106
142.794
88.6387
-654321
119.315
133.482
150.696
156.488
89.236
103.118
-654321
129.636
151.35
162.282
171.957
101.729
90.2459
122.977
-654321
142.693
152.856
173.053
169.156
116.817
102.379
92.639
127.976
-654321
158.294
164.266
163.72
173.526
138.789
120.617
104.407
90.0175
150.047
-654321
164.118
171.021
176.042
169.344
143.192
135.802
117.36
103.316
163.05
-654321
171.775
169.819
170.014
166.081
153.858
150.905
130.455
119.863
167.803
-654321
170.277
172.966
164.728
163.287
161.585
161.905
145.497
133.152
167.583
-654321
173.534
168.786
163.292
161.059
170.299
163.476
159.158
143.838
172.273
-654321
163.762
165.079
162.756
154.889
172.584
170.456
167.205
154.985
171.828
-654321
160.77
158.873
155.072
150.031
166.63
169.411
169.995
163.965
168.279
-654321
154.337
153.879
150.58
145.289
168.006
175.131
172.703
166.565
160.062
-654321
153.806
150.617
145.117
138.801
165.652
170.836
171.606
170.078
163.152
-654321
146.631
138.033
136.68
133.392
160.355
165.963
170.475
167.179
156.865
-654321
140.684
138.073
133.157
126.929
157.473
159.268
165.028
166.466
150.762
-654321
139.659
133.886
127.601
122.052
151.686
156.286
161.988
163.861
143.947
-654321
133.762
127.618
120.247
146.565
146.764
155.625
161.277
137.73
-654321
128.019
120.945
112.272
144.873
150.82
154.715
135.05
-654321
100.01
133.007
138.606
145.714
149.912
128.118
-654321
127.701
131.472
138.525
145.007
120.364
-654321
104.954
105.031
131.71
145.719
91.5391
-654321
116.291
125.364
152.056
153.862
90.3778
102.448
-654321
137.338
138.71
167.159
176.23
105.026
92.2945
111.597
-654321
140.15
152.91
169.76
172.429
119.314
101.383
90.1493
133.781
-654321
170.468
162.705
185.879
185.357
134.962
111.252
94.9586
89.6307
142.171
-654321
174.011
189.804
188.045
181.687
144.297
134.851
113.94
105.434
160.533
-654321
189.103
192.647
191.725
191.514
158.955
153.292
130.812
124.022
182.138
-654321
184.171
188.691
191.808
183.838
182.359
164.441
144.616
132.198
183.139
-654321
189.949
182.596
184.98
182.731
184.373
172.813
162.086
145.647
187.148
-654321
187.931
179.739
183.581
179.709
186.97
186.918
176.346
159.159
192.181
-654321
184.493
184.437
182.14
173.501
182.363
186.358
176.563
171.439
188.902
-654321
179.013
181.523
176.985
171.668
184.119
180.546
193.905
174.85
188.263
-654321
182.674
174.648
171.659
166.556
191.427
183.646
180.786
188.281
185.076
-654321
173.176
173.21
167.668
161.763
177.446
190.481
186.017
188.643
180.909
-654321
167.239
164.383
161.979
155.03
183.523
179.755
184.833
190.24
174.593
-654321
165.302
159.988
155.549
150.458
176.993
179.264
182.32
188.268
170.389
-654321
159.964
156.871
149.259
173.623
176.806
182.195
186.772
167.481
-654321
155.83
149.868
168.004
165.739
175.597
175.325
161.286
-654321
150.456
156.036
166.98
171.586
171.537
156.949
-654321
123.531
161.741
165.01
170.408
150.577
-654321
100.254
98.3708
123.598
142.191
88.2587
-654321
115.769
132.186
148.181
171.13
91.4312
103.385
-654321
122.58
141.646
159.427
172.888
107.7
90.0086
121.613
-654321
155.666
147.023
179.91
191.889
109.286
101.286
90.6105
136.594
-654321
148.014
176.886
200.588
196.109
117.434
109.538
106.194
89.8308
158.113
-654321
185.588
174.243
192.653
205.813
130.944
134.853
117.155
107.079
161.925
-654321
184.032
204.285
197.014
198.317
158.698
155.978
129.86
120.033
159.331
-654321
194.369
200.091
203.776
200.37
176.231
162.353
151.502
131.227
189.904
-654321
205.693
206.357
205.156
208.038
179.428
177.134
168.45
145.229
199.668
-654321
207.619
202.05
206.578
202.921
204.894
186.305
181.817
167.24
200.087
-654321
205.226
204.328
207.223
200.227
197.599
203.766
190.953
174.786
203.179
-654321
203.582
207.775
203.401
198.331
207.222
203.966
193.348
184.314
207.215
-654321
203.378
204.367
200.588
194.831
206.053
205.526
202.986
192.393
205.023
-654321
202.118
202.368
193.121
187.317
205.489
205.881
198.336
194.05
204.864
-654321
192.798
190.47
188.556
183.603
206.593
193.021
211.166
206.343
203.516
-654321
197.742
188.364
185.959
176.632
201.843
200.382
207.593
210.957
196.73
-654321
192.624
186.57
178.183
197.114
205.478
210.656
209.898
193.089
-654321
180.303
181.949
198.665
200.47
199.733
201.868
192.058
-654321
180.583
180.91
196.569
201.147
202.817
184.275
-654321
188.985
193.159
197.617
202.395
181.115
-654321
105.765
117.39
140.635
148.123
85.023
-654321
123.798
136.5
146.868
159.398
89.6776
107.622
-654321
133.689
141.908
152.384
174.127
106.445
88.3573
120.204
-654321
140.04
160.357
187.427
181.862
118.708
107.71
85.339
135
-654321
157.192
171.914
208.409
194.822
124.242
117.956
100.184
89.6892
131.259
-654321
162.11
197.523
200.079
205.405
153.359
128.38
119.149
109.431
158.462
-654321
176.634
199.365
191.535
217.782
155.211
146.384
134.849
117.157
165.715
-654321
201.414
213.471
220.441
226.882
167.142
153.938
147.023
139.609
185.232
-654321
198.441
218.389
222.371
223.627
198.728
171.028
165.655
146.43
211.519
-654321
206.16
220.306
224.506
220.744
203.877
191.491
186.231
158.036
200.83
-654321
226.364
226.035
216.418
212.461
207.335
213.407
181.106
169.522
220.507
-654321
222.325
222.603
224.662
216.05
215.263
207.953
211.547
187.663
218.663
-654321
220.044
224.385
224.583
217.784
216.916
215.365
205.298
205.132
224.271
-654321
225.281
224.102
217.796
214.782
220.517
227.063
216.624
207.811
227.463
-654321
220.53
217.653
215.992
209.531
226.202
224.188
215.004
213.789
211.477
-654321
218.746
214.331
212.129
206.919
222.16
221.482
229.529
225.043
223.619
-654321
216.707
212.842
206.439
225.814
222.259
223.614
219.848
221.394
-654321
208.437
209.664
212.795
228.165
222.554
229.712
209.298
-654321
204.105
215.228
220.762
221.349
222.757
211.585
-654321
207.325
216.433
222.241
222.375
208.667
-654321
97.1923
101.895
94.7145
123.911
80.8414
-654321
105.433
112.793
127.367
142.761
88.1449
96.311
-654321
110.006
119.924
133.461
137.127
100.549
86.681
100.928
-654321
115.58
129.928
153.73
138.006
106.583
91.9853
84.4632
111.748
-654321
137.401
136.667
151.127
165.648
104.696
99.6772
94.7972
85.3051
121.273
-654321
139.382
152.18
149.385
177.273
128.703
116.514
107.157
94.692
130.629
-654321
150.422
156.646
164.072
172.313
129.809
122.766
119.924
110.281
141.425
-654321
158.126
161.187
176.831
174.99
153.142
137.339
120.533
109.041
156.696
-654321
172.829
163.334
175.292
182.718
159.088
147.025
133.242
124.735
162.359
-654321
183.27
170.827
188.821
186.144
157.246
152.973
144.117
131.768
170.55
-654321
177.786
208.038
182.764
183.909
169.489
172.686
161.62
141.562
181.442
-654321
183.18
182.398
182.715
182.772
165.96
168.89
159.094
149.793
192.524
-654321
174.319
182.025
184.146
184.208
187.17
184.731
168.512
165.674
182.388
-654321
184.882
181.79
183.344
179.744
179.731
178.356
174.012
153.513
185.951
-654321
180.292
181.607
180.126
178.836
184.619
182.641
172.921
174.995
183.409
-654321
183.954
184.421
190.28
176.435
184.006
188.032
178.186
173.39
181.538
-654321
180.256
181.763
173.195
181.074
186.141
184.636
177.795
176.874
-654321
180.178
176.658
182.591
184.776
186.841
181.559
178.85
-654321
177.692
181.321
184.296
180.97
185.039
179.114
-654321
179.213
182.326
185.288
180.764
175.771
-654321
