203.283
193.356
189.387
200.774
200.729
-654321
193.234
189.622
185.522
181.56
197.432
196.877
-654321
189.601
185.698
181.578
177.742
197.03
204.931
193.597
-654321
185.456
181.346
177.417
173.427
193.56
196.8
197.103
189.375
-654321
181.377
177.339
173.426
169.461
189.414
193.361
196.793
203.826
185.663
-654321
177.462
173.635
169.623
165.522
185.616
189.602
193.424
196.933
181.615
-654321
173.584
169.779
165.578
161.669
181.742
185.546
189.501
193.395
177.539
-654321
169.624
165.375
161.555
157.447
177.472
181.499
185.519
189.63
207.36
-654321
165.396
161.307
157.57
153.317
173.493
177.496
181.884
185.518
169.379
-654321
161.467
157.563
153.797
149.215
169.369
173.677
177.846
181.488
165.523
-654321
157.505
153.72
149.533
145.311
195.512
201.625
173.391
177.8
161.596
-654321
153.716
150.066
145.449
159.56
161.731
165.719
169.708
173.536
157.137
-654321
171.226
145.868
141.465
137.44
157.345
161.852
165.61
169.464
153.423
-654321
145.541
141.277
137.891
133.784
153.627
157.478
161.479
165.539
149.289
-654321
141.561
137.508
147.404
129.185
149.647
153.095
157.344
161.641
145.317
-654321
136.892
133.444
129.566
125.757
145.59
148.991
153.297
157.83
142.053
-654321
133.809
129.377
125.38
121.397
141.596
145.444
148.983
153.395
137.507
-654321
129.459
125.617
121.863
118.456
137.306
142.084
145.448
149.471
134.074
-654321
125.727
153.171
117.388
113.151
133.608
160.73
141.721
145.459
129.392
-654321
121.758
117.9
113.102
109.912
128.342
133.643
137.329
141.697
125.534
-654321
117.803
113.575
109.896
105.37
125.633
128.652
133.307
137.353
122.575
-654321
149.835
109.295
145.037
101.778
121.438
125.447
129.321
146.957
117.037
-654321
108.554
144.707
101.939
140.938
150.874
121.044
164.618
129.796
113.435
-654321
106.959
101.849
97.3619
93.3699
113.278
117.507
121.243
125.289
109.953
-654321
100.951
140.624
138.896
89.5904
146.896
113.503
151.143
121.746
105.023
-654321
98.0052
139.14
136.462
85.5823
105.55
108.38
113.917
117.433
101.9
-654321
92.725
89.1896
134.05
133.522
100.73
106.19
109.048
113.98
97.4693
-654321
136.862
134.464
81.0434
77.2849
140.985
102.672
144.792
147.29
139.626
-654321
135.193
81.5216
77.5521
72.4758
93.217
140.454
99.6579
105.252
137.116
-654321
132.483
79.1488
128.184
125.951
136.394
139.335
141.636
101.121
133.829
-654321
131.35
129.095
126.997
65.0191
134.571
137.793
92.689
98.6634
80.7764
-654321
74.4964
69.186
125.51
62.1529
81.6414
135.532
136.364
94.19
131.968
-654321
126.056
124.391
123.512
120.595
130.734
80.7776
85.7162
136.626
127.979
-654321
126.456
123.728
121.538
119.067
129.288
130.927
132.926
85.8554
127.459
-654321
123.71
120.669
117.848
115.8
128.082
129.074
79.073
81.976
65.6977
-654321
121.518
53.322
117.572
45.6127
66.8332
69.5359
127.031
131.541
123.504
-654321
119.582
116.746
114.812
125.936
64.5797
127.903
72.4637
56.6682
-654321
115.316
113.91
56.4984
121.945
125.793
126.808
117.83
-654321
113.881
118.959
121.627
122.986
124.582
116.428
-654321
116.042
51.8711
120.79
122.73
114.522
-654321
214.736
213.407
211.187
205.542
205.696
-654321
214.764
211.222
205.613
200.032
205.67
213.832
-654321
211
205.97
200.138
194.314
214.4
205.478
214.791
-654321
205.914
200.468
194.887
188.557
214.979
214.363
205.445
211.024
-654321
200.516
194.158
188.631
182.691
211.13
214.793
213.585
205.527
205.814
-654321
194.238
188.438
182.106
176.694
205.846
211.367
214.588
214.515
200.645
-654321
188.612
182.324
176.536
170.613
200.256
205.862
211.386
214.99
194.509
-654321
182.275
176.541
170.777
164.571
193.972
200.436
206.064
210.96
188.155
-654321
176.569
170.289
164.512
158.2
188.341
193.857
199.824
206.132
182.209
-654321
170.296
164.031
158.596
151.997
182.176
188.536
194.674
200.497
176.47
-654321
164.211
157.784
152.747
146.246
176.466
182.17
188.528
194.237
170.639
-654321
159.15
152.056
146.583
140.029
170.26
176.341
182.729
188.557
164.129
-654321
152.021
145.982
139.745
134.385
164.716
170.67
175.941
182.453
158.248
-654321
146.431
140.213
134.526
128.045
158.848
164.998
170.509
176.206
152.086
-654321
140.804
134.472
128.088
122.737
151.737
158.128
163.961
170.154
146.52
-654321
135.089
128.278
122.126
116.141
146.155
152.264
158.058
164.752
140.655
-654321
128.105
121.704
116.496
132.255
140.637
146.272
151.84
158.509
135.125
-654321
121.754
115.772
110.713
103.655
134.1
140.502
155.595
151.884
127.724
-654321
116.362
109.784
103.953
97.854
127.306
133.909
140.84
146.165
139.62
-654321
109.428
104.528
98.3709
91.2484
121.737
127.965
133.985
141.485
116.574
-654321
104.387
98.3783
91.2544
86.8768
115.631
139.777
128.535
134.461
131.359
-654321
99.9601
91.5542
86.6137
79.7575
110.274
135.706
121.517
128.495
138.828
-654321
92.1286
86.1584
80.5928
74.6932
104.479
110.525
146.102
122.283
135.576
-654321
127.581
80.0721
73.6411
104.154
98.1735
102.679
110.018
116.898
91.8807
-654321
111.754
74.506
102.819
62.631
158.562
133.571
127.2
111.077
115.656
-654321
73.4889
103.254
63.0222
95.7929
116.419
92.3924
98.6911
103.123
111.725
-654321
67.9296
149.45
95.4496
91.179
80.9081
85.1346
92.7881
97.3713
73.5261
-654321
147.32
55.4966
90.7175
43.565
76.2201
80.6397
85.3273
93.1711
102.989
-654321
56.5968
144.081
86.162
94.0174
103.065
107.99
154.019
86.107
61.7458
-654321
91.8655
86.4822
38.8045
139.521
102.041
112.575
152.164
111.551
55.608
-654321
42.5628
140.486
79.5319
136.677
97.3804
63.8635
65.8586
106.752
50.8479
-654321
140.715
32.732
26.7379
18.3752
92.2644
145.669
97.888
68.2052
99.4625
-654321
137.317
24.6082
20.4416
13.6632
44.2141
91.4007
97.9008
99.7928
37.8503
-654321
26.7252
133.225
80.2615
63.6789
139.443
144.54
52.9034
56.2693
138.643
-654321
69.6238
65.6616
133.151
3.00862
139.496
141.654
86.1805
101.325
74.7952
-654321
68.3475
130.322
127.444
67.7736
134.106
31.6856
83.2371
86.8686
133.255
-654321
132.419
59.75
125.351
134.282
85.7331
80.3374
139.495
132.153
-654321
128.905
127.443
14.3478
81.4771
134.991
80.8861
130.168
-654321
55.7476
74.1474
69.6095
20.6128
77.098
127.88
-654321
0
127.746
78.0047
134.374
126.659
-654321
219.547
231.883
233.466
232.284
206.117
-654321
231.35
233.067
230.836
228.028
205.373
220.102
-654321
235.291
231.461
229.428
223.596
218.302
205.552
232.475
-654321
232.434
229.476
224.832
218.813
227.522
220.175
205.731
233.763
-654321
228.034
223.537
218.903
212.988
234.466
229.755
218.967
205.709
234.544
-654321
224.673
219.029
213.054
207.336
231.367
233.204
228.227
218.609
229.593
-654321
218.755
212.649
207.173
201.509
228.701
231.185
233.889
231.976
223.232
-654321
213.384
206.951
201.211
195.396
224.454
227.944
231.956
234.32
218.7
-654321
206.813
201.308
194.826
189.377
218.271
223.391
228.72
232.117
213.137
-654321
200.608
194.831
188.694
183.387
213.017
218.923
224.5
229.114
206.696
-654321
195.855
189.442
183.269
176.925
206.665
213.137
218.75
223.875
200.642
-654321
189.012
182.986
178.021
171.264
201.034
206.753
212.795
218.59
195.47
-654321
183.644
177.056
170.881
164.293
194.535
200.833
206.842
213.268
188.64
-654321
177.449
171.712
165.119
158.695
189.305
195.637
200.638
206.917
182.786
-654321
170.974
166.061
158.984
152.172
183.967
189.219
194.469
200.542
176.655
-654321
164.946
157.941
152.187
146.571
176.5
182.053
189.984
195.023
171.096
-654321
159.157
153.285
147.15
140.015
170.062
177.177
182.835
188.798
164.076
-654321
152.571
146.403
141.046
134.448
164.424
170.703
176.974
183.017
158.53
-654321
146.213
151.234
133.567
128.756
159.208
164.012
171.436
177.116
151.322
-654321
152.304
134.911
128.828
122.748
152.395
158.849
164.601
170.145
146.468
-654321
147.533
143.856
124.148
117.352
155.368
153.074
159.105
164.411
140.209
-654321
127.96
124.149
117.422
131.692
141.576
155.102
159.561
159.527
146.378
-654321
122.539
116.168
110.392
127.245
134.942
140.675
147.669
153.534
127.202
-654321
135.988
131.367
104.992
99.5778
129.543
145.841
142.553
146.698
122.913
-654321
110.045
102.852
98.7567
118.997
121.611
140.568
134.642
140.728
135.664
-654321
105.095
98.0949
92.7764
86.2621
115.987
122.399
130.769
133.638
144.015
-654321
99.2677
92.6336
87.7367
81.8893
130.178
118.183
167.495
129.352
162.95
-654321
93.1801
86.5964
80.1292
107.563
103.929
131.15
136.078
122.594
98.4247
-654321
114.91
113.469
73.1023
103.649
98.0619
125.216
131.615
115.266
159.244
-654321
82.6231
106.371
70.8738
98.4247
118.195
99.6477
127.279
112.693
87.655
-654321
152.871
102.728
149.348
107.087
88.2452
91.7658
161.286
127.799
153.949
-654321
103.505
98.9619
95.22
144.302
156.378
156.499
119.085
122.802
119.257
-654321
149.265
53.7186
49.7064
99.6068
120.227
81.3766
115.48
91.3899
69.0799
-654321
106.009
143.537
88.5063
138.323
149.978
107.325
153.62
126.671
59.2212
-654321
91.9705
44.4933
84.8171
140.144
146.92
103.181
107.529
111.327
107.24
-654321
44.5053
38.6262
81.1908
74.9456
108.366
100.614
68.7907
73.1576
93.2831
-654321
139.639
93.3009
134.269
145.021
97.0499
145.57
102.469
87.8858
-654321
93.1379
74.8595
141.945
92.9255
107.981
97.8615
84.9581
-654321
89.7177
141.611
141.645
92.5819
144.635
138.025
-654321
79.7282
139.011
101.292
90.6469
138.983
-654321
219.557
232.123
246.818
247.884
206.499
-654321
234.77
244.918
249.75
251.337
205.101
219.723
-654321
242.368
250.642
250.572
248.2
220
206.838
234.074
-654321
250.042
252.006
247.309
246.164
234.646
219.151
206.116
243.332
-654321
250.438
247.21
245.879
241.711
242.201
235.337
219.23
206.348
250.744
-654321
249.395
244.857
240.848
235.09
249.401
245.624
234.494
219.5
250.619
-654321
245.537
240.925
235.109
230.046
251.277
249.406
244.402
232.115
249.045
-654321
240.407
235.882
229.541
223.601
248.639
249.642
248.094
247.793
245.087
-654321
235.266
229.732
224.067
218.063
245.3
248.587
248.912
252.081
240.155
-654321
229.524
224.049
217.619
211.368
239.933
246.276
249.327
249.773
234.077
-654321
223.351
217.553
211.71
206.006
234.544
241.637
246.721
250.866
229.527
-654321
217.436
211.276
206.339
199.494
229.791
235.694
239.064
244.682
223.77
-654321
212.177
206.49
199.914
193.434
223.493
229.002
234.268
239.459
217.853
-654321
206.089
198.824
193.715
187.282
217.838
223.622
228.38
234.764
211.193
-654321
199.799
193.087
188.013
181.63
211.216
218.451
224.762
228.618
206.065
-654321
193.572
188.514
181.938
176.571
206.387
211.982
217.021
222.882
199.4
-654321
187.742
181.377
175.211
169.031
199.748
204.978
210.766
217.301
192.332
-654321
181.406
175.79
169.414
163.942
193.9
199.875
205.513
211.398
186.887
-654321
176.641
169.4
163.993
158.535
187.84
193.504
199.278
206.08
182.893
-654321
169.015
164.189
157.561
151.911
180.929
187.885
193.177
199.034
174.845
-654321
167.046
158.24
150.993
144.216
177.152
181.443
186.994
193.507
169.865
-654321
157.589
149.877
146.254
163.927
168.305
176.046
178.58
187.143
164.343
-654321
157.634
144.564
140.696
133.608
165.074
170.443
175.981
181.747
161.223
-654321
143.941
140.128
133.806
143.457
156.961
166.769
169.396
175.24
157.641
-654321
139.443
132.117
142.493
139.942
152.431
162.322
166.56
168.531
147.23
-654321
171.809
126.427
150.955
115.56
144.595
151.301
163.284
164.036
151.269
-654321
128.4
136.692
135.655
107.238
150.86
166.918
151.417
156.169
145.998
-654321
120.151
135.46
110.469
105.897
147.604
150.825
145.055
152.081
141.935
-654321
134.548
162.724
105.781
97.5991
141.458
145.39
173.725
146.49
120.075
-654321
131.849
126.947
122.873
131.244
121.115
153.98
146.337
139.079
135.678
-654321
162.928
158.179
158.277
115.341
165.346
168.617
128.572
144.058
130.107
-654321
136.012
129.774
84.8456
111.308
164.606
115.535
137.942
126.681
126.543
-654321
129.9
85.1393
121.074
106.22
162.635
164.27
134.829
138.768
122.086
-654321
157.007
153.267
105.839
66.0844
120.824
126.203
128.101
167.576
157.261
-654321
110.205
107.805
149.827
101.075
91.041
122.189
161.262
109.706
114.643
-654321
151.78
150.432
100.11
106.855
127.322
92.4121
97.3583
127.668
156.717
-654321
99.7982
112.826
56.6978
155.391
124.145
121.382
96.7472
104.709
-654321
97.5452
107.668
107.491
110.104
157.395
118.772
100.369
-654321
145.314
150.7
151.709
124.218
114.044
111.503
-654321
148.4
150.42
106.497
111.442
107.536
-654321
218.976
236.617
249.933
258.833
204.781
-654321
234.6
246.191
258.631
269.399
205.604
218.727
-654321
245.673
258.109
263.967
269.993
219.183
204.704
238.322
-654321
258.046
266.653
266.698
266.373
235.082
219.562
205.568
246.411
-654321
268.717
269.706
268.954
269.428
246.712
231.544
221.335
204.74
257.209
-654321
268.883
265.945
266.779
263.824
261.237
249.055
234.682
218.524
264.954
-654321
271.092
268.551
265.215
260.156
265.545
258.981
249.427
234.786
267.168
-654321
266.741
263.502
259.187
253.986
270.689
267.389
260.843
246.234
270.302
-654321
260.706
258.702
254.522
248.682
270.323
269.315
266.244
256.9
269.494
-654321
259.418
253.623
248.808
242.315
266.128
269.344
267.868
264.908
264.609
-654321
253.334
249.274
243.173
238.071
263.117
266.508
266.577
270.672
257.973
-654321
248.985
242.53
237.648
231.464
257.816
263.134
269.025
267.364
252.448
-654321
241.658
237.338
231.535
225.955
252.586
256.609
266.763
267.923
247.796
-654321
236.999
231.966
225.597
220.002
247.186
253.963
260.025
264.783
242.832
-654321
231.15
225.731
220.55
213.593
243.736
249.523
252.793
257.788
237.604
-654321
225.731
219.081
213.894
207.226
236.542
243.621
249.229
254.568
231.289
-654321
220.434
214.203
206.405
202.066
230.781
237.308
243.007
246.548
224.698
-654321
212.946
207.33
201.778
196.292
226.494
211.539
238.1
241.176
219.37
-654321
207.325
201.698
195.469
188.532
218.953
224.47
230.346
237.711
213.066
-654321
200.948
194.537
189.101
183.927
213.947
218.565
225.932
231.421
206.928
-654321
195.214
189.625
184.194
177.949
206.567
213.745
220.386
225.465
190.427
-654321
189.479
179.304
176.082
171.055
201.946
208.79
213.937
218.33
187.438
-654321
183.499
178.23
171.97
165.656
195.452
201.53
194.692
213.743
188.535
-654321
178.373
169.842
167.81
160.455
189.26
196.107
202.926
207.812
182.89
-654321
170.664
165.069
159.553
153.119
179.856
181.338
187.585
201.893
177.708
-654321
165.616
164.274
159.81
145.728
177.159
182.352
182.495
194.783
171.223
-654321
160.164
154.147
154.629
150.591
171.58
176.448
182.744
189.526
167.517
-654321
153.142
147.278
140.355
148.036
167.532
170.342
176.094
183.252
162.09
-654321
168.244
150.847
134.331
143.501
180.023
168.299
171.919
175.484
154.944
-654321
151.161
148.843
157.263
139.173
159.61
164.375
167.739
171.213
154.244
-654321
148.602
143.563
141.379
116.731
155.293
158.884
158.144
168.076
140.696
-654321
143.708
138.146
115.173
129.782
144.211
175.855
154.315
160.433
137.436
-654321
167.714
163.022
129.554
124.069
161.04
175.082
176.739
151.888
154.491
-654321
134.723
129.789
129.243
160.245
143.853
172.769
152.452
148.362
152.344
-654321
131.738
138.121
122.469
160.891
168.608
129.214
143.38
141.445
136.548
-654321
125.801
122.779
118.077
157.306
137.271
123.486
170.683
149.014
164.712
-654321
136.339
159.296
116.08
140.189
137.271
168.944
169.552
163.983
-654321
156.86
114.005
164.334
132.199
166.486
153.727
155.423
-654321
116.575
99.2587
165.203
165.12
147.762
119.704
-654321
158.485
100.525
107.34
160.793
157.179
-654321
219.629
238.685
250.223
258.254
203.956
-654321
234.929
245.393
264.032
271.21
204.941
217.368
-654321
243.954
260.986
275.401
284.886
216.25
206.317
233.891
-654321
262.583
270.045
281.348
286.522
233.751
218.298
204.544
250.661
-654321
272.57
279.034
285.177
288.516
247.051
236.593
219.126
206.081
260.45
-654321
277.792
285.158
287.56
282.604
261.691
243.85
232.594
219.78
271.854
-654321
287.228
286.629
284.906
282.081
271.569
258.988
248.394
231.952
284.099
-654321
286.38
286.297
282.563
278.794
279.23
274.722
259.509
248.18
287.245
-654321
287.497
282.38
279.596
275.781
285.148
284.144
272.285
262.01
284.101
-654321
285.451
279.97
274.954
270.677
288.401
286.347
280.603
275.224
284.395
-654321
279.479
273.424
270.444
266.759
287.163
285.568
286.386
282.871
283.522
-654321
275.291
272.881
265.946
259.097
282.211
285.404
287.709
287.778
280.167
-654321
269.55
266.059
260.594
255.293
278.121
281.917
285.238
282.267
278.047
-654321
264.253
258.494
253.933
249.336
273.918
281.323
283.506
286.81
269.046
-654321
260.62
253.48
247.742
241.928
271.954
276.199
282.322
283.392
266.426
-654321
253.566
246.887
242.402
236.693
264.575
267.31
275.93
278.462
259.367
-654321
248.3
242.389
236.358
231.213
257.697
265.481
271.732
274.649
254.209
-654321
241.642
237.074
230.218
224.58
254.723
259.327
266.458
271.479
248.174
-654321
236.647
230.715
224.868
217.673
248.974
256.394
260.049
263.279
242.717
-654321
231.021
224.901
218.158
212.539
243.239
247.325
254.396
260.426
236.844
-654321
222.952
219.675
211.76
206.622
235.642
243.333
248.964
254.82
229.589
-654321
218.953
213.749
206.248
200.052
230.523
236.941
243.036
247.759
224.652
-654321
211.268
205.807
191.035
193.757
223.766
210.935
235.781
241.972
217.659
-654321
207.917
200.496
186.986
188.16
219.353
224.948
230.21
237.053
213.543
-654321
200.525
195.811
187.914
178.861
213.823
217.448
225.333
230.211
207.843
-654321
193.361
189.4
182.631
176.212
195.615
213.305
219.489
224.308
189.856
-654321
189.639
179.157
177.134
170.66
191.797
204.886
213.537
202.17
192.488
-654321
182.078
176.54
170.637
166.265
186.507
190.487
195.507
213.001
189.307
-654321
175.124
169.926
179.075
158.706
187.072
192.057
200.649
205.833
180.243
-654321
171.298
165.508
162.141
155.636
187.675
189.4
185.731
201.014
175.741
-654321
165.632
177.159
160.226
152.305
175.298
181.971
186.983
192.837
182.743
-654321
157.438
154.98
148.098
151.235
169.673
173.473
179.124
181.675
181.714
-654321
177.48
156.29
148.746
148.489
166.37
184.231
185.995
181.913
162.371
-654321
175.305
175.804
171.997
171.668
163.58
167.224
170.046
187.041
178.895
-654321
174.862
146.608
158.085
139.652
179.043
180.556
167.44
168.639
175.538
-654321
170.743
174.157
150.032
147.775
156.214
156.516
164.694
179.394
176.777
-654321
151.594
139.461
168.086
149.907
174.958
150.984
176.982
174.308
-654321
167.993
120.537
171.999
175.525
177.85
172.287
174.844
-654321
137.618
165.121
172.69
152.684
153.556
150.384
-654321
168.698
170.696
177.531
155.459
165.305
-654321
218.977
230.844
242.857
259.445
204.964
-654321
232.261
249.892
261.539
274.067
206.118
218.958
-654321
250.494
255.986
273.048
281.056
221.01
205.029
227.531
-654321
260.197
268.375
295.208
294.598
232.172
220.347
205.77
250.883
-654321
278.703
282.185
294.951
298.699
253.653
231.102
219.154
204.55
262.424
-654321
284.026
301.128
301.472
299.423
261.882
250.475
232.35
219.71
281.264
-654321
297.554
302.636
305.474
304.433
276.644
260.935
247.231
234.556
285.427
-654321
300.864
303.544
305.183
304.658
283.183
280.477
257.371
251.522
298.864
-654321
301.376
304.192
302.78
300.436
296.356
291.19
273.628
258.848
300.813
-654321
304.04
301.846
297.25
295.666
305.717
295.701
286.317
277.629
304.098
-654321
301.163
295.955
296.659
290.939
301.748
304.203
295.855
290.862
301.78
-654321
304.078
296.889
291.681
286.863
303.624
304.016
302.956
296.776
301.341
-654321
294.688
291.479
287.831
283.018
303.106
301.988
301.836
303.197
298.908
-654321
289.32
286.923
280.574
277.346
298.497
302.882
303.436
304.854
298.06
-654321
283.573
281.535
275.682
269.818
295.988
299.965
299.117
304.212
291.705
-654321
280.392
276.76
271.425
265.371
291.275
292.586
300.507
302.803
280.729
-654321
275.743
267.388
265.394
258.56
285.035
292.387
298.147
300.66
281.122
-654321
271.637
265.443
258.67
253.822
282.658
287.242
287.831
295.789
277.113
-654321
265.572
257.785
254.867
246.669
276.463
282.824
287.223
287.862
270.54
-654321
260.271
253.606
247.256
241.544
270.685
275.385
282.073
286.294
265.424
-654321
254.103
246.604
242.05
236.233
265.205
270.464
276.67
281.96
258.891
-654321
247.297
241.729
236.575
228.665
259.401
264.229
271.156
277.461
253.641
-654321
241.611
234.87
229.27
223.082
253.176
259.32
265.659
270.972
246.561
-654321
214.79
229.41
222.839
218.36
248.526
255.002
259.718
265.488
243.355
-654321
230.535
222.247
218.622
211.103
242.793
221.689
225.915
258.918
235.991
-654321
222.832
201.827
199.69
205.125
235.535
217.387
235.862
253.447
209.564
-654321
202.301
198.317
206.301
200.757
211.626
235.358
242.066
247.634
223.24
-654321
212.057
204.888
189.328
186.86
206.89
211.559
214.491
241.521
201.571
-654321
204.443
199.105
187.55
187.222
218.414
204.895
210.115
234.925
212.424
-654321
200.83
187.227
182.802
182.481
196.846
201.419
207.126
211.325
197.056
-654321
185.412
187.616
182.984
176.529
196.671
199.389
201.863
206.263
203.993
-654321
186.709
181.348
175.582
167.745
192.877
194.847
199.346
202.632
185.895
-654321
190.251
185.596
183.47
176.723
187.579
190.586
205.755
197.688
181.52
-654321
185.459
170.173
182.156
174.729
183.665
185.465
190.559
194.549
180.517
-654321
185.601
182.75
174.845
159.933
191.042
182.38
193.063
194.422
184.02
-654321
179.938
180.722
179.269
176.507
175.937
179.447
182.379
186.773
183.184
-654321
164.617
175.576
158.522
184.148
173.773
180.492
181.585
166.143
-654321
180.675
176.264
181.583
166.487
188.581
188.911
175.49
-654321
174.253
181.789
164.952
183.601
177.606
178.684
-654321
160.958
181.913
182.423
182.437
155.575
-654321
219.707
228.684
246.297
260.756
205.763
-654321
232.038
242.878
252.151
276.782
205.067
217.917
-654321
239.143
252.368
285.266
291.906
219.493
205.085
238.397
-654321
254.543
272.022
283.556
305.455
225.641
218.593
204.447
251.86
-654321
272.951
298.12
305.575
305.213
247.236
236.764
216.984
203.841
267.478
-654321
306.073
306.146
313.677
317.777
253.653
246.885
233.472
218.918
276.13
-654321
304.022
313.393
318.34
326.404
270.62
260.96
252.521
234.414
283.152
-654321
301.43
319.827
322.299
324.701
292.541
272.232
265.967
245.38
297.652
-654321
321.803
317.999
321.903
323.328
307.377
286.559
271.938
265.938
310.687
-654321
321.326
322.946
321.771
319.024
313.906
300.162
296.754
277.455
318.218
-654321
314.519
321.686
314.492
318.372
312.553
314.147
300.769
289.346
319.698
-654321
316.28
319.464
315.219
313.025
319.868
320.415
311.338
298.883
323.535
-654321
322.484
315.536
317.498
308.201
322.684
320.53
310.573
311.667
320.007
-654321
315.655
315.097
310.333
305.77
328.231
322.832
323.662
317.358
319.3
-654321
316.987
313.188
304.874
302.041
322.56
319.796
324.512
322.547
320.633
-654321
310.76
301.772
302.647
294.902
314.943
319.154
317.482
320.783
314.042
-654321
305.964
302.177
295.515
288.511
318.234
319.578
321.004
322.451
310.361
-654321
301.978
296.294
290.346
285.378
311.299
316.538
310.189
320.774
304.533
-654321
295.138
290.209
284.813
278.671
300.684
310.353
314.991
315.751
301.437
-654321
290.833
285.051
279.855
272.877
300.053
307.233
306.376
313.57
295.136
-654321
284.924
278.831
273.804
267.28
297.093
300.47
305.614
311.522
290.2
-654321
279.864
273.164
267.275
260.475
290.841
289.893
258.896
307.39
283.863
-654321
273.092
267.641
259.416
254.915
284.677
290.08
296.091
297.843
279.628
-654321
266.45
260.594
255.634
249.015
279.702
285.051
291.038
295.701
271.265
-654321
259.909
254.805
223.444
243.201
272.997
242.695
284.708
289.324
267.438
-654321
255.363
248.56
219.717
238.044
265.898
275.212
278.344
285.796
259.827
-654321
249.361
242.059
227.143
211.569
260.238
235.613
239.435
278.224
256.05
-654321
219.858
214.715
211.077
207.438
229.11
231.206
266.902
272.166
223.335
-654321
215.634
231.022
225.454
220.514
224.049
227.843
261.838
261.52
241.897
-654321
212.017
208.016
203.147
200.217
243.652
248.378
228.631
231.908
226.921
-654321
201.38
201.326
213.58
206.46
216.357
230.754
235.027
255.047
204.238
-654321
201.912
213.976
207.364
201.992
229.81
215.129
243.099
248.275
207.528
-654321
198.415
194.948
202.995
192.36
207.375
210.055
206.021
243.71
204.203
-654321
207.366
204.251
187.312
191.987
204.663
225.887
212.031
215.071
200.551
-654321
190.046
187.447
190.333
179.691
200.359
200.453
201.876
213.28
195.183
-654321
185.916
195.619
180.073
187.405
195.599
197.577
220.777
225.844
191.385
-654321
183.545
188.965
185.722
193.872
196.04
201.946
202.661
185.375
-654321
193.085
176
192.472
190.761
195.167
200.661
184.179
-654321
175.449
192.687
187.505
196.69
208.471
189.945
-654321
190.292
183.355
193.558
194.965
188.017
-654321
217.738
237.511
250.757
259.461
201.181
-654321
234.908
245.044
254.892
268.793
205.546
221.015
-654321
247.231
251.674
268.422
298.518
221.284
204.803
234.766
-654321
261.398
278.174
282.042
305.29
241.479
223.261
205.158
252.036
-654321
268.807
285.045
330.233
312.783
246.958
234.182
217.918
206.109
249.991
-654321
296.777
303.465
315.347
326.534
262.05
255.117
227.076
219.863
268.492
-654321
305.11
312.916
321.939
333.747
280.371
261.863
248.686
233.67
284.113
-654321
316.152
327.246
329.716
338.457
268.276
270.638
264.092
253.117
311.386
-654321
330.945
329.053
341.37
333.245
299.895
298.288
272.691
259.115
316.923
-654321
338.481
330.631
341.64
338.042
319.147
305.129
290.403
271.091
329.137
-654321
333.901
337.717
334.328
339.285
322.586
314.883
304.3
291.627
330.915
-654321
334.614
339.571
340.217
329.801
331.207
329.941
323.63
302.896
336.814
-654321
340.724
336.821
336.431
333.962
338.401
331.735
327.068
312.827
340.177
-654321
335.887
338.814
336.264
329.745
332.41
341.534
328.454
320.628
340.704
-654321
340.887
331.378
329.977
326.726
339.943
340.072
334.378
335.518
341.139
-654321
336.906
330.524
322.223
322.981
339.352
338.329
338.657
334.325
339.535
-654321
329.996
328.502
320.317
316.863
341.965
335.961
337.033
339.097
336.248
-654321
324.513
322.565
315.605
310.436
333.13
338.814
343.714
340.022
331.331
-654321
318.297
315.511
311.772
304.048
330.084
338.68
332.247
339.001
324.232
-654321
313.99
309.993
307.775
301.155
327.003
333.443
333.72
331.614
315.111
-654321
302.335
302.085
300.422
293.403
313.202
330.172
331.694
331.293
316.965
-654321
304.922
302.509
295.538
290.587
318.778
322.573
325.522
332.279
308.448
-654321
301.43
295.653
289.778
281.205
312.62
316.997
322.309
325.596
306.504
-654321
293.664
289.166
285.153
276.627
307.368
314.247
318.581
322.744
301.624
-654321
290.738
285.093
277.294
272.739
299.108
307.352
311.569
317.551
255.266
-654321
284.522
278.897
272.566
235.658
292.377
300.572
307.78
312.369
292.278
-654321
278.635
272.045
267.104
261.074
291.216
255.568
283.862
304.914
283.396
-654321
238.476
235.489
231.644
253.78
247.312
290.344
284.986
300.429
242.363
-654321
235.69
260.702
255.076
223.936
278.722
247.801
290.922
295.239
271.628
-654321
232.564
228.025
236.12
242.487
273.123
242.2
265.164
288.289
266.743
-654321
254.852
209.417
218.929
237.394
266.892
239.692
243.512
283.648
231.946
-654321
247.664
210.402
215.02
230.598
258.923
266.152
272.935
277.834
255.296
-654321
220.827
215.183
229.878
217.085
228.898
259.979
266.991
238.765
249.423
-654321
214.276
211.521
223.295
215.828
210.76
210.876
234.772
266.8
218.922
-654321
204.74
207.956
214.427
200.57
242.88
223.498
224.239
259.224
213.566
-654321
223.565
198.457
197.613
196.258
205.747
208.407
223.839
212.976
205.386
-654321
205.878
199.269
195.456
204.372
216.713
206.477
224.403
205.212
-654321
196.9
195.557
206.131
212.63
208.046
208.815
202.979
-654321
207.335
198.574
202.033
191.819
207.649
199.965
-654321
197.015
206.947
202.363
209.498
206.543
-654321
212.046
221.15
230.976
238.799
202.882
-654321
215.015
230.308
230.883
245.067
203.244
209.336
-654321
234.49
234.921
246.979
259.591
207.796
202.655
217.759
-654321
237.043
255.129
259.925
261.693
217.91
210.168
198.397
224.572
-654321
245.121
249.852
243.755
276.301
227.612
225.723
208.343
198.572
243.4
-654321
263.357
268.728
275.776
297.007
232.355
230.674
220.283
212.415
250.489
-654321
265.111
274.444
291.182
290.671
245.164
240.106
227.278
222.29
253.455
-654321
276.334
279.026
292.083
296.182
257.486
245.838
243.196
231.675
261.195
-654321
291.838
285.68
293.764
296.624
268.372
257.386
248.617
242.366
277.282
-654321
297.801
322.719
301.105
295.58
274.684
270.093
255.255
250.359
275.526
-654321
293.579
289.32
301.308
300.829
284.318
266.475
271.847
247.971
292.591
-654321
300.686
294.638
302.458
298.237
292.289
280.837
279.331
266.868
293.992
-654321
295.109
298.318
298.654
297.241
293.837
288.224
282.663
275.388
300.509
-654321
319.231
299.598
297.916
297.444
297.848
292.411
289.468
283.407
299.726
-654321
298.991
298.285
296.195
294.002
301.572
299.213
294.799
291.758
299.103
-654321
299.366
299.021
293.641
290.862
300.478
299.002
300.646
290.519
296.699
-654321
296.56
294.191
301.764
289.314
301.746
301.3
295.105
298.751
298.454
-654321
292.41
293.921
288.754
284.779
313.211
300.225
298.809
298.452
294.476
-654321
289.78
289.18
285.219
281.97
298.299
298.856
299.167
294.853
296.63
-654321
289.248
284.535
283.503
278.398
294.781
298.66
297.29
298.029
290.553
-654321
285.225
283.125
277.383
276.31
289.641
292.09
297.356
297.998
288.376
-654321
283.7
278.182
276.032
272.059
286.23
292.164
292.026
297.148
284.317
-654321
281.19
276.065
271.942
268.379
286.113
284.68
288.269
296.271
283.554
-654321
275.12
271.954
268.283
265.121
283.851
286.948
290.179
290.128
280.751
-654321
270.272
268.633
265.475
260.668
278.13
284.541
282.409
281.975
271.479
-654321
269.493
263.522
261.089
257.015
275.412
281.149
282.144
285.986
271.347
-654321
266.124
261.656
257.18
253.31
271.478
276.127
279.187
282.446
267.869
-654321
261.25
256.99
253.253
249.92
268.7
273.1
275.505
279.796
265.009
-654321
257.007
253.214
249.28
246.046
264.335
267.905
272.415
275.437
261.309
-654321
253.737
250.072
245.696
242.188
261.3
265.032
266.271
270.673
256.07
-654321
248.854
246.016
221.031
238.089
255.632
261.209
231.367
268.077
254.588
-654321
245.661
242.147
236.329
232.677
226.399
256.286
230.125
264.908
248.345
-654321
220.738
219.087
233.02
215.037
248.505
254.369
228.415
261.5
244.576
-654321
218.699
235.228
230.797
213.196
244.993
249.847
253.367
257.355
241.948
-654321
233.057
229.6
226.098
219.485
241.784
223.531
248.813
253.89
218.887
-654321
229.21
213.31
210.565
207.194
236.691
242.145
244.765
249.705
216.963
-654321
213.1
220.809
208.992
233.044
236.643
220.086
246.186
230.034
-654321
210.017
209.76
212.752
216.796
237.884
220.598
225.96
-654321
217.916
212.609
227.325
217.26
236.777
210.188
-654321
210.448
212.449
214.423
215.214
210.942
-654321
