145.148
138.089
134.15
130.039
145.514
-654321
138.125
134.336
130.406
126.461
142.101
141.789
-654321
134.308
130.412
126.281
122.446
141.622
149.438
138.224
-654321
130.14
126.066
122.076
118.25
147.234
141.598
141.742
134.276
-654321
126.18
122.116
118.243
114.132
134.251
138.27
141.511
142.286
130.536
-654321
122.235
118.164
114.345
110.195
130.43
134.181
138.196
141.814
126.363
-654321
118.365
114.303
110.302
106.308
126.384
130.611
134.264
138.049
121.972
-654321
114.105
110.231
106.399
102.202
122.3
126.509
130.279
134.244
152.155
-654321
110.179
106.13
102.379
98.1937
118.156
122.016
126.463
130.254
114.202
-654321
106.001
102.111
98.4028
115.734
145.947
152.454
122.602
126.2
110.377
-654321
101.982
98.3598
94.2962
90.3448
110.446
114.218
118.005
122.483
106.328
-654321
98.0152
94.8042
89.7239
85.9951
106.463
110.359
114.637
118.32
101.822
-654321
116.501
90.3646
101.959
81.8834
102.295
106.367
110.384
114.36
97.9425
-654321
89.8959
86.1471
82.8609
92.2787
98.0599
102.14
106.228
110.138
93.6661
-654321
87.0034
82.2159
78.4889
74.2244
94.2754
97.5416
102.736
106.049
90.2643
-654321
82.4548
78.5445
74.0679
70.8288
90.6055
93.6178
98.0427
102.382
86.814
-654321
78.8135
73.6846
70.7657
65.8706
85.9032
90.7917
93.4561
98.2656
81.5831
-654321
101.383
70.1629
66.6408
62.2437
82.0134
86.2419
90.1873
94.4372
78.7226
-654321
70.6507
65.9817
62.6186
57.1577
78.8892
81.5856
86.0619
90.0671
74.1828
-654321
66.5748
62.5444
57.6464
54.5215
74.742
78.9075
81.7846
86.4405
70.5099
-654321
95.7655
58.3987
54.1813
50.8342
99.9727
73.5193
78.1262
82.0255
67.0447
-654321
58.1554
54.4396
50.0911
47.0237
97.1884
70.2419
113.297
77.7152
61.6573
-654321
53.6724
50.3303
46.6873
41.3349
94.7776
66.2024
99.5371
73.8511
92.9362
-654321
89.8835
46.1515
86.0317
37.9681
93.545
61.8222
97.8773
70.9335
54.3404
-654321
87.7414
85.6041
83.3608
82.4714
93.359
57.3143
61.6356
67.1771
50.7385
-654321
86.5059
38.8273
81.683
30.2151
89.9921
92.3591
58.0089
62.6786
88.084
-654321
83.4988
34.2743
29.2161
47.4364
51.1135
52.9743
58.1715
44.6268
-654321
81.0195
79.6254
86.1177
46.6993
90.0696
53.8695
38.1103
-654321
29.6989
83.0925
42.8352
46.1678
49.6729
34.8424
-654321
81.5293
83.5914
85.2249
87.2779
30.524
-654321
159.624
158.292
155.984
150.226
150.309
-654321
159.591
156.125
150.792
144.901
150.802
158.873
-654321
155.419
150.835
144.862
138.899
159.197
149.708
159.571
-654321
150.584
145.225
139.599
133.733
159.846
158.321
150.061
156.383
-654321
145.118
139.021
133.199
127.638
155.678
159.592
158.167
150.703
150.507
-654321
139.267
133.18
126.995
121.31
150.535
156.551
159.464
160.769
145.303
-654321
133.516
126.983
121.425
114.765
145.042
150.391
156.009
159.364
138.935
-654321
127.125
120.933
115.585
109.133
138.579
145.13
151.118
155.645
132.848
-654321
121.341
115.053
109.406
103.097
132.919
138.824
144.918
150.869
126.83
-654321
114.595
109.261
103.54
97.1208
127.518
133.065
139.78
145.681
121.312
-654321
109.338
102.54
97.2654
90.9242
120.83
127.183
132.751
138.77
114.951
-654321
103.075
96.3953
91.2742
84.7738
114.455
120.879
127.113
133.495
109.287
-654321
97.0176
90.3915
84.0626
78.9534
108.926
115.785
121.247
127.051
102.7
-654321
91.7367
85.3836
79.5579
72.5744
103.736
109.695
115.355
120.897
97.2097
-654321
85.1706
78.5542
72.9635
67.4963
96.4365
102.097
109.005
115.057
91.2579
-654321
80.0869
72.7181
66.0245
60.9009
91.8806
96.821
103.065
109.377
85.3416
-654321
71.7789
66.029
61.601
56.1705
84.5339
90.8402
96.2654
102.607
78.9714
-654321
67.4766
60.6941
55.7123
72.4134
79.1785
84.9501
92.0302
96.719
71.916
-654321
60.1513
54.2738
49.4598
42.4217
71.9928
92.8386
107.937
90.7576
67.5937
-654321
76.3617
48.929
69.4452
63.4973
66.6793
99.4621
91.7854
85.3996
60.8069
-654321
48.3861
42.8966
64.2227
29.3796
91.7124
84.348
73.0663
79.0524
76.3016
-654321
44.4915
36.8741
32.2931
25.136
55.7386
80.8869
66.5158
74.4814
72.9929
-654321
37.1993
30.593
57.2388
19.2966
50.2521
75.2906
60.9343
67.9101
44.3486
-654321
59.6724
24.7942
52.7258
12.7973
42.8254
49.1294
55.2249
60.3789
38.9953
-654321
24.8154
18.4143
47.766
6.48711
102.912
105.522
47.2144
53.8587
99.512
-654321
17.4378
48.4392
5.49494
91.4582
30.6669
35.9447
68.1989
49.1336
24.0862
-654321
12.8192
6.74469
40.3445
67.7087
100.669
63.6369
42.7391
52.2669
-654321
6.7298
39.4126
17.4343
56.1086
30.5464
64.1339
59.1616
-654321
52.4192
13.8208
51.2539
57.7183
60.7476
93.2832
-654321
55.4751
12.5611
19.0765
24.532
0
-654321
165.44
178.069
178.435
176.643
150.124
-654321
175.472
178.529
177.181
172.454
150.225
165.41
-654321
180.172
177.613
174.13
168.882
161.792
149.749
175.395
-654321
176.171
174.705
169.429
163.482
172.795
164.867
150.146
178.736
-654321
173.351
168.957
164.203
157.371
179.071
174.577
164.807
150.926
178.039
-654321
168.228
163.814
157.962
151.901
174.663
177.407
173.204
163.922
173.042
-654321
163.924
157.439
152.297
146.296
174.678
177.869
178.282
175.212
169.024
-654321
158.368
151.585
145.981
140.087
168.797
172.758
178.279
178.047
163.598
-654321
151.195
145.504
139.374
134.035
163.081
168.084
173.038
178.428
157.498
-654321
145.725
139.858
133.609
128.192
157.767
163.612
169.309
173.402
151.864
-654321
140.499
134.06
127.504
121.544
151.493
157.638
163.259
168.836
146.054
-654321
134.913
127.721
121.766
115.82
145.375
151.79
157.818
163.464
139.768
-654321
127.498
121.843
115.717
109.429
139.448
145.325
152.261
157.014
133.223
-654321
121.885
116.279
109.611
103.495
134.349
139.479
145.001
152.136
128.146
-654321
115.65
110.212
103.4
97.3489
126.254
133.475
138.944
145.723
121.433
-654321
110.205
102.585
103.226
91.6691
122.242
128.269
134.416
139.614
115.321
-654321
102.685
97.4996
91.8148
85.6496
116.373
119.703
128.146
133.757
108.608
-654321
97.5054
92.0372
86.218
79.0622
109.049
114.763
121.866
127.676
103.308
-654321
99.8081
83.7562
79.0211
72.0597
103.733
109.554
115.684
121.084
96.3388
-654321
84.9992
80.4925
72.8544
67.2631
95.6549
104.955
111.444
116.181
91.8754
-654321
79.6473
73.1942
68.8709
93.2832
92.4745
98.6258
104.85
109.154
86.0196
-654321
72.4258
68.1773
61.2866
108.242
86.5786
99.7633
103.319
104.812
91.6779
-654321
83.9991
62.132
75.5182
48.2345
79.5506
84.8478
100.137
96.9717
71.9403
-654321
61.8352
55.1649
50.7964
82.0864
88.3897
91.1439
96.6435
90.5441
84.4071
-654321
76.1102
49.2005
42.1192
38.2328
66.6908
115.434
80.0402
85.4276
80.3136
-654321
71.1588
42.572
37.1517
32.2708
59.9336
83.0112
73.8751
90.5097
88.2061
-654321
66.9368
63.8498
60.8681
109.713
80.6858
65.7822
72.0564
49.8146
-654321
37.9698
31.2031
106.43
89.5965
79.122
67.3017
44.4683
-654321
32.9223
104.687
48.6505
57.0722
59.9766
39.1838
-654321
38.5188
44.5196
49.6609
54.8727
72.6656
-654321
164.62
174.805
190.952
194.173
151.111
-654321
177.914
193.215
193.754
195.731
150.181
163.546
-654321
191.389
196.153
195.307
193.943
165.038
150.753
178.729
-654321
192.962
196.918
193.026
190.886
182.237
163.362
150.042
188.73
-654321
195.315
192.898
190.621
186.499
185.983
180.996
163.691
150.425
194.461
-654321
193.345
189.391
184.716
179.482
196.702
189.801
176.545
165.774
195.277
-654321
189.755
186.263
180.165
174.697
195.75
193.382
189.187
176.952
192.304
-654321
184.724
180.542
175.157
168.61
194.424
194.914
195.285
192.634
189.394
-654321
179.907
175.083
168.148
162.62
190.022
191.905
193.897
194.394
184.493
-654321
174.236
168.64
162.713
156.412
183.867
189.239
192.921
195.532
180.734
-654321
168.737
161.626
157.275
150.536
177.822
186.178
191.371
195.422
174.117
-654321
162.51
155.797
150.95
144.33
173.983
180.174
184.051
187.861
167.816
-654321
156.31
151.056
144.945
138.391
167.918
172.4
178.29
184.152
162.998
-654321
151.216
144.012
138.483
131.716
161.797
168.763
173.761
178.614
155.831
-654321
144.988
139.011
133.374
126.866
157.095
163.4
169.197
173.921
150.409
-654321
138.024
132
125.156
120.575
149.952
156.554
162.092
167.85
144.827
-654321
132.089
125.598
118.887
114.21
135.351
150.418
157.359
161.614
137.014
-654321
126.735
121.137
115.891
108.281
138.503
145.51
149.813
155.749
131.873
-654321
120.674
113.946
109.702
107.329
131.861
137.219
143.347
150.71
126.241
-654321
112.562
106.948
101.885
97.4535
125.489
131.813
138.3
144.236
120.36
-654321
110.184
103.328
95.8172
90.3462
121.445
126.301
133.49
138.767
114.291
-654321
102.316
95.0802
90.0407
94.0723
116.257
118.926
123.561
131.827
107.982
-654321
97.2477
88.3701
96.5586
92.5
107.728
115.285
121.824
126.067
107.608
-654321
121.978
83.4207
77.9201
70.7802
102.9
106.142
114.525
119.457
97.2658
-654321
95.1237
76.8212
89.0529
67.1809
96.9484
102.906
110.119
114.757
121.454
-654321
91.382
88.3775
84.0236
80.423
87.7599
114.615
107.654
108.454
82.6446
-654321
87.2522
65.0408
91.3862
94.7401
112.983
103.838
102.516
76.9956
-654321
95.0905
78.3175
92.1995
97.1203
91.1509
104.397
86.1581
-654321
90.6132
88.5606
79.5301
96.1936
98.8721
65.8886
-654321
81.5844
89.3203
77.5515
94.5798
90.3736
-654321
164.434
180.686
196.696
202.097
150.955
-654321
180.938
187.217
201.919
211.059
149.81
164.027
-654321
191.166
204.116
204.783
216.51
164.12
150.245
176.235
-654321
204.464
211.968
215.121
215.592
179.202
164.228
150.813
194.853
-654321
211.858
214.229
213.966
211.855
193.307
174.249
165.769
150.301
202.269
-654321
215.591
214.661
213.631
208.787
205.441
192.032
179.612
167.076
206.93
-654321
214.676
212.983
209.146
203.905
213.303
206.377
190.095
178.331
210.866
-654321
213.23
207.201
205.263
199.566
213.165
209.503
211.086
190.746
215.224
-654321
205.86
202.92
199.184
192.836
212.872
216.201
209.864
200.14
212.007
-654321
204.419
199.192
191.449
188.395
210.806
213.366
211.331
211.09
210.48
-654321
198.415
194.543
188.771
181.478
207.356
212.317
215.82
212.946
201.567
-654321
193.588
187.277
182.168
176.888
202.449
207.045
214.449
215.125
198.335
-654321
186.016
182.088
175.5
170.312
198.695
202.714
209.351
211.102
192.499
-654321
182.319
176.655
169.413
164.517
192.269
197.901
205.573
209.91
185.972
-654321
176.18
169.303
164.715
158.031
188.605
192.944
198.298
203.428
182.78
-654321
171.041
164.043
158.142
152.651
181.247
188.489
193.664
198.759
175.788
-654321
165.488
157.531
151.779
147.086
175.961
181.13
188.357
191.703
169.498
-654321
158.534
153.199
147.377
139.877
171.135
177.108
182.521
187.481
164.719
-654321
151.637
147.499
140.362
134.215
163.799
169.427
175.645
181.959
157.61
-654321
146.098
139.731
133.701
127.335
158.596
163.545
170.563
176.644
151.55
-654321
130.675
135.459
129.177
122.471
151.67
158.185
163.909
170.654
136.198
-654321
134.005
123.349
122.014
116.856
147.006
152.08
158.727
164.035
131.171
-654321
127.952
120.354
117.543
112.444
141.359
136.228
138.795
158.675
133.888
-654321
120.272
116.099
111.618
105.007
128.882
141.102
135.48
153.163
129.545
-654321
114.783
108.456
104.111
124.439
127.148
133.038
139.536
135.622
121.464
-654321
112.986
106.584
101.97
112.797
121.313
127.329
128.071
139.869
114.172
-654321
105.244
105.084
99.8721
115.084
132.484
123.029
133.816
108.777
-654321
116.045
98.1445
110.722
128.422
121.471
124.604
126.386
-654321
121.974
104.369
110.864
117.296
131.63
106.219
-654321
104.968
103.873
113.888
116.958
100.223
-654321
164.265
181.676
197.931
207.998
149.077
-654321
180.886
187.191
204.493
220.058
149.12
169.369
-654321
187.321
206.569
221.451
227.308
161.448
150.04
179.829
-654321
206.38
220.493
230.732
230.875
178.464
164.014
149.247
191.463
-654321
216.707
228.078
233.232
231.181
194.196
182.236
162.438
150.834
207.699
-654321
225.59
231.928
230.249
233.239
208.113
191.482
178.421
164.773
222.224
-654321
229.541
231.998
227.73
225.507
217.34
208.414
192.657
179.605
231.308
-654321
230.256
233.897
226.455
227.218
226.659
223.017
203.986
192.527
222.918
-654321
232.185
226.798
226.04
220.122
231.848
227.259
217.524
207.303
232.094
-654321
229.458
224.304
220.447
215.24
233.912
229.008
223.512
220.151
228.698
-654321
222.175
218.386
214.93
211.087
227.922
230.395
231.439
229.023
230.519
-654321
221.747
214.694
210.808
205.257
231.807
230.344
230.952
232.886
225.792
-654321
211.643
211.914
204.832
199.626
223.914
228.362
232.539
229.618
219.629
-654321
210.842
201.053
196.574
191.495
217.965
226.794
229.204
231.316
212.973
-654321
204.652
199.083
193.719
186.985
216.498
221.117
227.589
228.537
210.757
-654321
199.048
192.382
186.803
181.716
208.752
216.113
221.488
224.502
203.637
-654321
187.884
187.72
181.984
176.049
205.247
210.054
212.75
217.43
198.278
-654321
187.297
181.84
175.49
168.82
199.572
204.956
211.589
210.592
193.542
-654321
158.852
175.219
169.002
162.859
193.68
199.642
204.19
209.11
187.532
-654321
174.295
170.373
163.283
156.824
186.717
166.443
199.199
204.773
181.428
-654321
168.188
147.347
157.798
150.49
180.707
188.721
194.421
200.147
174.837
-654321
164.246
158.463
139.417
146.541
174.931
181.79
186.725
190.996
168.573
-654321
143.081
152.189
135.446
131.2
170.356
175.748
180.613
187.107
162.374
-654321
139.758
145.969
131.672
141.236
164.256
169.1
177.05
180.242
144.985
-654321
136.652
141.247
132.806
124.742
156.74
161.4
170.285
175.79
138.304
-654321
133.53
138.779
127.704
121.89
141.225
157.03
162.689
168.805
147.574
-654321
134.972
127.754
121.821
136.973
149.524
157.511
162.718
129.541
-654321
128.009
120.632
136.049
143.626
153.129
157.817
127.545
-654321
120.571
136.311
138.69
135.351
151.386
126.6
-654321
126.483
132.428
130.264
135.501
120.666
-654321
161.102
172.591
185.094
204.639
148.77
-654321
179.262
195.187
203.788
217.561
149.717
161.457
-654321
194.973
209.692
223.142
238.714
160.119
152.634
176.25
-654321
209.455
208.922
231.925
240.216
179.308
166.039
151.515
196.24
-654321
223.081
238.87
239.389
243.685
199.61
177.573
162.878
148.995
207.057
-654321
237.027
240.463
242.998
248.461
207.439
194.024
177.896
166.034
223.327
-654321
239.149
248.818
251.496
253.266
221.271
212.937
190.326
178.767
239.992
-654321
247.458
251.689
245.409
243.392
238.192
220.302
202.356
194.391
246.615
-654321
248.703
248.994
246.004
245.365
239.581
232.064
216.777
205.323
247.347
-654321
246.703
246.27
244.895
241.011
247.011
244.885
235.252
223.769
247.948
-654321
250.042
241.667
240.879
234.517
245.113
249.875
241.86
240.642
247.412
-654321
245.457
240.079
234.122
230.131
245.926
249.169
245.557
241.046
245.697
-654321
236.832
237.343
233.466
227.153
249.785
244.895
249.415
243.703
242.303
-654321
232.629
231.43
228.014
223.041
245.41
242.836
242.669
249.752
244.315
-654321
231.704
226.46
221.184
215.257
240.47
244.492
248.771
247.121
236.234
-654321
223.087
221.24
215.827
208.606
237.432
243.859
241.696
245.481
224.034
-654321
222.058
210.966
210.023
203.75
230.741
232.21
244.522
244.191
225.869
-654321
216.358
208.577
204.198
197.741
227.445
230.307
236.781
239.634
222.056
-654321
211.019
204.53
198.237
190.943
219.954
227.267
226.918
235.146
216.002
-654321
204.274
193.624
193.42
185.675
215.924
221.522
226.459
232.637
209.511
-654321
198.349
192.466
186.242
180.042
209.214
214.922
222.124
227.286
205.578
-654321
194.049
186.202
181.003
174.225
203.73
210.918
215.477
220.781
198.055
-654321
185.933
157.909
173.978
168.884
198.663
202.926
211.027
215.163
190.733
-654321
180.585
155.106
151.359
146.517
192.88
171.144
204.858
178.927
162.12
-654321
174.21
167.228
163.118
157.421
163.241
166.139
199.754
202.874
150.773
-654321
168.324
162.383
155.54
149.119
180.542
163.742
166.625
198.18
173.97
-654321
145.888
143.979
151.333
155.387
180.259
163.688
192.534
151.128
-654321
142.485
140.388
150.858
155.467
158.41
185.537
162.445
-654321
151.514
147.151
168.312
155.578
180.881
143.173
-654321
141.314
147.281
163.864
173
140.067
-654321
163.226
173.609
191.586
207.747
149.696
-654321
181.175
188.985
207.539
219.974
150.063
164.949
-654321
188.546
200.703
209.452
235.622
163.818
151.215
178.619
-654321
197.649
219.411
250.325
250.271
172.618
160.619
149.333
189.533
-654321
208.095
231.988
257.869
259.698
191.62
178.074
164.227
150.051
199.853
-654321
241.109
240.47
254.804
262.981
202.905
192.334
177.118
161.501
233.478
-654321
250.007
251.868
255.832
268.467
216.037
207.955
197.419
177.043
237.04
-654321
261.06
266.116
262.13
264.261
233.704
223.048
214.335
190.12
246.99
-654321
257.638
270.658
258.576
267.745
256.324
234.305
224.183
205.7
255.929
-654321
269.488
266.758
263.44
264.165
245.202
250.972
236.55
229.656
261.211
-654321
264.256
263.47
264.532
257.975
263.248
253.152
248.935
235.767
267.789
-654321
262.056
264.431
261.655
257.372
263.585
265.412
258.055
246.683
266.762
-654321
265.929
261.012
260.414
257.03
268.858
269.201
262.544
258.474
267.876
-654321
265.155
262.657
254.591
249.51
268.94
266.148
268.771
258.425
261.761
-654321
258.541
251.534
248.86
242.506
261.553
268.824
266.023
260.403
260.982
-654321
254.504
252.471
244.158
241
261.451
259.946
263.569
268.78
258.908
-654321
251.318
243.558
239.341
234.668
260.59
259.838
266.319
268.425
253.693
-654321
245.926
241.312
233.713
228.681
257.705
264.506
263.189
266.332
253.071
-654321
239.484
235.912
229.64
223.744
247.891
250.056
259.898
258.575
244.817
-654321
236.065
228.816
224.13
217.443
243.126
252.434
254.938
257.783
240.838
-654321
229.749
223.539
218.536
211.347
242.07
245.109
243.625
256.784
232.558
-654321
189.484
184.182
211.992
205.278
234.573
238.258
245.165
250.571
190.677
-654321
217.451
213.425
206.965
200.702
228.799
234.654
240.784
246.181
224.039
-654321
212.203
205.233
199.758
193.924
223.664
228.825
229.055
241.229
216.396
-654321
206.112
172.726
168.846
189.355
217.613
222.987
191.319
235.342
212.455
-654321
172.827
194.727
163.956
180.633
210.3
185.186
223.733
230.076
205.577
-654321
168.223
187.465
181.237
204.537
213.63
216.229
222.763
171.728
-654321
188.05
161.122
171.296
175.972
180.493
184.964
193.802
-654321
150.321
194.574
172.406
175.746
212.474
187.341
-654321
186.441
168.767
173.206
205.739
159.35
-654321
162.343
178.581
186.761
203.315
148.207
-654321
178.685
189.222
209.328
225.464
147.716
167.924
-654321
186.747
205.321
218.209
236.04
168.402
151.326
176.452
-654321
212.214
228.274
233.858
238.584
176.096
164.632
148.817
203.256
-654321
214.216
241.387
279.664
262.058
198.583
171.716
159.128
150.213
202.481
-654321
239.779
242.553
262.164
280.152
204.776
196.478
179.762
166.074
222.411
-654321
236.436
249.171
275.717
275.829
214.59
205.779
188.601
182.639
232.237
-654321
257.464
266.937
263.676
282.404
233.353
224.78
206.279
189.791
246.901
-654321
282.065
270.345
283.382
285.592
246.564
233.194
220.07
203.978
257.339
-654321
274.674
285.048
284.066
276.9
265.47
251.664
238.181
219.403
265.933
-654321
280.075
288.229
284.611
283.08
274.58
263.979
258.526
229.82
281.639
-654321
281.857
274.026
282.446
274.113
274.84
273.237
272.053
245.077
284.772
-654321
288.472
287.673
281.72
278.224
279.145
284.904
271.147
260.633
282.716
-654321
279.621
280.69
278.539
277.536
286.374
281.362
272.679
271.673
282.855
-654321
281.583
280.11
272.661
271.234
281.264
284.251
278.595
275.547
283.527
-654321
277.984
270.761
271.659
266.384
283.065
282.283
286.494
278.715
283.101
-654321
278.824
274.052
265.151
262.417
282.051
285.768
283.383
281.574
276.249
-654321
269.898
268.021
260.987
257.607
282.125
284.073
284.671
285.651
276.841
-654321
265.549
264.79
257.055
247.822
277.714
280.382
281.859
282.999
265.647
-654321
258.631
257.267
248.442
239.149
275.087
280.136
277.651
270.063
265.354
-654321
254.268
242.753
246.727
238.832
267.29
267.969
274.508
282.314
263.173
-654321
247.701
244.423
240.439
229.054
263.193
265.524
272.274
277.912
257.355
-654321
242.152
240.024
234.835
223.742
255.729
262.721
217.618
273.758
244.08
-654321
241.357
235.021
228.607
223
252.198
258.499
257.5
267.092
246.475
-654321
235.498
228.596
221.502
183.83
240.025
251.716
257.538
263.143
240.471
-654321
228.284
222.904
217.308
211.283
242.012
203.756
252.207
257.669
196.645
-654321
188.427
183.571
211.434
195.866
199.446
204.902
246.116
228.139
-654321
184.694
211.524
166.845
235.669
239.739
245.057
223.588
-654321
210.471
188.06
192.687
234.85
240.267
215.688
-654321
183.783
188.226
229.716
212.683
211.171
-654321
161.692
162.51
162.79
180.119
148.72
-654321
167.172
176.665
177.297
190.753
147.539
156.089
-654321
173.008
173.259
182.161
203.951
145.896
147.431
161.043
-654321
175.097
204.182
207.164
206.854
162.977
154.657
146.974
175.566
-654321
195.912
189.924
221.487
221.027
174.578
159.96
154.276
143.384
181.25
-654321
206.714
219.094
211.581
226.128
177.457
169.949
165.475
154.686
196.089
-654321
216.01
225.304
221.465
237.12
192.342
183.856
169.533
165.161
199.977
-654321
214.979
211.671
241.13
240.173
202.975
193.871
187.36
177.847
208.883
-654321
234.07
236.837
247.395
246.099
214.206
206.09
193.359
183.013
216.172
-654321
237.351
231.688
241.713
247.927
220.237
212.75
206.009
199.248
233.559
-654321
248.98
241.05
243.57
243.467
233.583
223.974
209.402
191.595
235.056
-654321
262.524
242.74
244.878
243.406
233.618
227.398
226.998
210.288
236.378
-654321
244.781
262.195
243.945
243.004
241.412
242.011
229.007
216.435
244.992
-654321
245.592
240.301
242.952
241.946
240.761
234.622
231.726
233.059
245.485
-654321
240.165
243.127
254.801
240.025
242.48
243.944
242.926
231.725
246.508
-654321
242.371
241.507
235.013
233.408
245.238
245.571
241.609
236.143
242.971
-654321
243.676
242.346
237.976
235.032
247.664
245.017
243.309
243.688
242.828
-654321
237.859
236.736
233.991
229.596
242.695
247.099
245.647
239.571
234.91
-654321
233.859
234.829
228.847
227.34
237.714
244.754
246.165
238.969
240.431
-654321
232.906
231.646
226.689
224.522
237.571
241.833
243.193
242.907
234.225
-654321
230.053
225.803
221.261
220.881
237.65
235.367
237.304
238.437
235.715
-654321
226.697
222.059
219.977
217.785
235.187
236.393
241.567
242.917
230.894
-654321
224.542
219.676
217.126
213.356
231.878
231.144
233.761
237.446
228.566
-654321
220.891
217.451
213.158
208.226
226.043
230.704
233.831
237.91
224.247
-654321
218.295
214.464
210.208
205.898
220.333
227.994
231.861
231.824
221.718
-654321
213.114
210.338
206.206
202.106
220.466
225.711
226.831
230.132
217.155
-654321
210.259
206.294
202.207
217.024
217.518
224.425
226.144
213.156
-654321
205.78
202.822
212.506
217.926
219.648
224.756
209.56
-654321
201.882
209.492
213.694
217.041
220.932
205.435
-654321
206.206
209.526
211.799
216.206
198.569
-654321
