37.6425
45.1614
24.0819
20.2505
31.7805
-654321
27.9005
24.2229
20.4094
16.2606
32.0949
31.5237
-654321
24.3955
20.1802
16.886
12.3745
31.4099
37.6584
28.6789
-654321
20.1575
16.2417
11.959
8.16546
28.3739
31.967
31.9233
24.3141
-654321
15.9435
12.1068
8.26705
4.26373
24.3233
28.405
31.9565
32.1645
20.2178
-654321
12.3426
8.17703
4.35558
0.318105
19.673
24.1635
28.4658
31.4591
16.1519
-654321
8.3691
4.70263
0.724277
15.8359
20.007
24.4734
27.8678
11.7021
-654321
4.3535
0.183476
12.0236
16.0211
20.4231
24.2777
8.27294
-654321
0.275618
8.16473
12.0641
34.1707
20.1933
4.14451
-654321
4.79893
8.56228
12.0029
16.2314
0
-654321
48.7792
51.6596
46.1673
39.8411
41.1718
-654321
50.0901
46.2576
40.9914
35.1545
40.8706
48.5959
-654321
45.5057
40.837
34.8968
29.0859
50.7276
40.6869
49.4219
-654321
41.4201
35.3183
29.553
23.4381
49.9707
48.4574
40.5359
46.4252
-654321
34.9193
29.6372
23.9062
17.0868
46.7233
49.0611
48.8498
40.0652
40.8253
-654321
28.7187
22.9766
17.7088
10.6608
40.5604
45.7337
49.1555
47.6694
34.8701
-654321
22.9308
17.3829
11.7701
35.3379
40.4478
46.1403
49.5159
29.4734
-654321
16.7689
11.4575
29.7891
34.6049
41.2259
44.1853
23.4078
-654321
10.4687
23.4402
29.1519
34.9126
41.3289
17.5902
-654321
17.5324
22.7793
29.0687
35.3289
11.648
-654321
56.1953
65.7656
70.6624
64.3308
40.8638
-654321
64.3927
68.6074
67.9035
63.5445
41.1265
55.8175
-654321
67.589
67.5418
64.0405
59.1149
52.3995
40.9918
62.298
-654321
66.0079
62.7884
59.8261
53.5762
63.3269
55.5665
40.6947
67.6405
-654321
63.7205
58.0681
54.0003
47.398
67.3477
66.1251
52.4621
40.3181
64.2042
-654321
58.504
54.5752
47.8103
41.7142
68.8752
68.2279
64.4682
57.1894
62.5581
-654321
54.4799
47.1107
42.4109
64.3209
65.9964
68.2279
66.7267
60.3991
-654321
47.0588
41.2106
60.3211
63.2432
67.5069
69.6102
53.2577
-654321
41.7368
53.537
58.3192
65.7277
66.3047
47.8209
-654321
47.1775
53.6019
57.7184
64.3347
41.0911
-654321
52.8727
69.319
82.0118
85.0751
38.5552
-654321
63.9821
78.8128
84.5124
84.5703
38.1102
56.8632
-654321
77.0861
87.3829
87.3958
83.5241
53.3906
40.5937
70.4194
-654321
82.1363
83.9484
85.006
77.8451
69.2071
53.9574
41.9157
83.0957
-654321
84.3473
83.1657
79.6024
75.8782
79.8062
66.2246
53.4958
40.9814
84.7679
-654321
82.321
81.6598
74.1083
70.6748
84.3701
79.7279
67.4679
53.8954
88.2771
-654321
79.4375
75.7877
69.9542
85.1722
83.8761
75.7043
70.012
82.1008
-654321
77.7716
70.3903
86.5271
84.5258
86.0473
82.1582
79.7027
-654321
70.2596
79.823
80.9213
85.5936
81.4292
74.0015
-654321
75.4929
80.5354
82.956
86.7141
70.123
-654321
52.1184
71.0549
88.8455
95.5408
41.5654
-654321
60.5705
83.6676
91.0185
97.525
39.9028
54.3013
-654321
89.9315
91.5261
102.492
106.455
53.0924
41.0667
67.5707
-654321
93.9043
101.671
107.123
104.664
68.1218
55.4143
38.9803
81.358
-654321
105.565
102.034
106.64
101.994
92.2049
67.8772
54.0884
41.5426
100.645
-654321
105.006
103.24
102.658
99.6107
95.7245
80.9507
65.8105
53.9362
105.468
-654321
103.922
104.101
98.1308
100.08
97.9137
85.2915
67.9725
96.9726
-654321
101.835
98.8785
102.84
103.623
92.2067
82.2482
101.256
-654321
99.0254
105.482
107.491
99.1373
96.0937
102.632
-654321
102.451
103.833
100.235
100.029
101.038
-654321
54.3192
71.5668
77.3796
96.3403
40.7252
-654321
64.3475
76.8296
98.104
106.195
39.7728
55.1365
-654321
77.9398
96.4944
107.048
117.178
53.7321
42.3939
73.9039
-654321
91.1584
103.906
119.507
120.114
72.4594
52.9525
40.5177
80.3063
-654321
100.655
115.603
123.346
124.689
85.8759
70.9825
51.4769
40.2258
93.2925
-654321
116.03
117.223
120.653
122.362
98.1603
77.3225
67.0649
53.9469
113.788
-654321
117.532
123.526
120.017
112.494
97.0488
81.7888
68.9288
117.498
-654321
117.903
116.436
114.776
106.829
101.928
85.5636
121.622
-654321
121.896
120.527
116.735
109.962
99.2118
122.317
-654321
126.571
118.287
115.893
109.719
122.859
-654321
53.237
70.0859
78.9488
92.8419
42.0722
-654321
60.1602
86.3423
93.5309
106.36
39.8778
53.4033
-654321
88.4324
99.6898
115.59
127.595
56.4007
41.0037
71.8029
-654321
84.0173
110.671
127.449
130.612
72.0566
55.5875
39.9373
91.3275
-654321
106.685
113.993
133.017
128.571
84.6992
69.506
57.7024
39.6803
99.2709
-654321
129.761
137.456
138.7
132.056
92.8753
81.9666
64.3352
54.9149
102.887
-654321
129.499
134.397
138.034
114.244
96.4597
86.6631
68.8521
128.053
-654321
134.133
141.935
127.968
102.91
99.489
79.8108
134.454
-654321
138.536
124.919
133.082
111.352
94.872
135.794
-654321
135.417
129.613
117.935
109.719
138.105
-654321
51.424
65.0308
74.719
98.2887
40.5746
-654321
69.9416
79.2078
89.7775
121.397
42.0678
55.1692
-654321
80.4115
102.846
110.15
115.286
55.0991
40.9148
68.4597
-654321
95.8877
113.128
131.473
139.597
66.5196
57.0205
40.273
80.6913
-654321
105.783
110.944
129.013
150.186
83.7725
68.5722
56.2988
38.6863
102.883
-654321
120.743
137.214
142.557
151.115
92.173
92.0032
70.4016
55.2315
111.973
-654321
141.924
153.832
146.86
108.909
95.2372
83.072
71.8995
116.071
-654321
144.691
151.474
128.698
110.448
104.51
82.7397
140.744
-654321
146.378
140.522
133.202
113.022
95.1987
145.101
-654321
148.878
135.065
123.933
115.941
153.172
-654321
50.1884
66.5761
85.8523
94.9523
39.5273
-654321
71.9285
84.4087
101.102
108.244
39.5361
59.5826
-654321
79.4214
95.7005
114.74
128.022
55.247
42.0617
68.4525
-654321
96.2535
114.6
130.115
124.73
65.5774
55.079
41.0662
74.2727
-654321
107.509
129.017
127.508
152.84
87.25
70.6272
56.4062
39.9294
101.266
-654321
128.511
130.983
151.22
161.261
102.615
84.9235
66.7984
55.063
119.453
-654321
140.573
163.871
159.32
111.1
91.5428
84.281
71.3679
118.63
-654321
153.885
165.939
107.401
105.735
98.1015
80.0393
130.385
-654321
170.28
144.914
115.373
115.021
102.528
156.749
-654321
151.373
141.892
124.858
112.028
159.507
-654321
44.3485
53.5015
64.9087
72.679
35.7123
-654321
56.8872
63.5592
80.9098
85.6218
38.271
47.6601
-654321
64.8023
69.2305
79.2984
90.8249
46.2288
35.6302
56.0181
-654321
76.1224
75.9469
99.3374
92.3985
56.55
47.0966
34.9579
60.9225
-654321
84.8193
89.0998
104.038
115.592
64.2259
55.1294
44.5461
33.7957
71.9782
-654321
96.0137
102.638
110.021
123.108
70.0906
64.9742
55.6511
44.0779
87.0868
-654321
97.2952
110.144
117.465
86.6688
74.218
66.2705
53.6341
94.7464
-654321
116.623
116.143
92.6322
85.3564
71.419
68.206
96.2397
-654321
121.133
105.513
89.6365
79.6023
75.6624
110.959
-654321
142.494
100.106
91.064
81.7097
117.475
-654321
