128.95
129.464
-654321
125.576
129.461
135.851
-654321
121.762
129.27
125.632
-654321
117.604
148.081
121.691
-654321
113.834
121.621
117.653
-654321
109.698
117.787
113.724
-654321
105.651
113.582
109.586
-654321
101.572
109.68
105.834
-654321
97.9086
173.641
101.786
-654321
93.5734
101.726
97.6358
-654321
89.469
97.8352
93.6525
-654321
85.4624
94.0496
89.5627
-654321
104.218
89.6996
85.8614
-654321
77.772
86.2109
81.4221
-654321
73.6725
81.7226
77.8538
-654321
70.1099
77.4389
73.4383
-654321
65.8717
73.4453
69.3042
-654321
61.8786
69.3154
66.3192
-654321
57.6043
65.5074
62.1826
-654321
84.8756
61.8145
57.4408
-654321
83.1551
86.7372
53.08
-654321
44.8568
53.5599
83.4789
-654321
41.0761
50.2763
82.3697
-654321
76.6278
81.7476
41.8199
-654321
75.0092
79.0023
77.2886
-654321
28.8574
37.2842
34.3879
-654321
71.6152
75.2529
74.3432
-654321
69.9749
73.26
23.1093
-654321
68.9466
70.46
68.2829
-654321
14.1933
69.1039
67.8439
-654321
62.6724
65.7117
63.329
-654321
62.9576
63.7087
64.7123
-654321
60.0593
64.1885
5.2361
-654321
57.6537
62.5833
59.3967
-654321
59.1026
3.10373
61.8335
-654321
57.1695
62.0703
124.013
-654321
52.1948
60.3679
54.7715
-654321
49.1488
57.7965
53.6951
-654321
46.6804
53.7027
51.0732
-654321
44.249
50.4787
124.013
-654321
41.0485
47.9198
45.3967
-654321
38.6509
43.4838
40.3933
-654321
36.2868
40.9223
39.3544
-654321
124.013
38.0726
36.1603
-654321
124.013
124.013
124.013
-654321
124.013
124.013
124.013
-654321
124.013
124.013
124.013
-654321
124.013
124.013
124.013
-654321
124.013
124.013
124.013
-654321
124.013
124.013
-654321
146.443
138.873
-654321
147.404
137.638
146.317
-654321
143.438
146.961
147.384
-654321
138.402
147.237
144.267
-654321
132.39
143.466
138.178
-654321
126.407
137.871
132.256
-654321
120.756
132.518
126.728
-654321
114.459
126.444
120.381
-654321
108.562
120.536
114.305
-654321
102.545
114.555
108.076
-654321
96.455
108.599
102.669
-654321
90.4836
102.095
96.3154
-654321
84.5512
96.2372
90.9065
-654321
78.9846
90.3535
84.8797
-654321
72.3171
84.0255
78.553
-654321
66.0928
77.9595
73.2245
-654321
60.0481
72.0226
66.1405
-654321
54.4406
66.1425
61.0507
-654321
49.3602
59.9745
54.6373
-654321
42.4656
53.8762
68.8878
-654321
36.6821
68.0947
41.7836
-654321
30.1808
74.3303
59.6254
-654321
52.1189
94.4028
55.0611
-654321
48.3252
92.1171
50.2437
-654321
44.4522
53.1657
59.8049
-654321
50.2952
48.5911
85.8834
-654321
0
85.5898
40.184
-654321
78.4432
84.8626
79.7889
-654321
32.1668
83.3223
81.7855
-654321
78.5413
82.3504
26.2152
-654321
75.3646
40.1273
77.7889
-654321
74.8684
78.3132
78.4114
-654321
69.3655
74.7949
23.0948
-654321
11.8978
70.8846
72.8166
-654321
67.9649
66.6124
68.854
-654321
64.2893
19.0535
124.013
-654321
61.3264
8.16675
124.013
-654321
58.3922
60.6124
124.013
-654321
124.013
59.4872
124.013
-654321
124.013
124.013
124.013
-654321
124.013
124.013
124.013
-654321
124.013
124.013
124.013
-654321
124.013
124.013
124.013
-654321
124.013
124.013
124.013
-654321
124.013
124.013
124.013
-654321
124.013
124.013
124.013
-654321
124.013
124.013
124.013
-654321
124.013
124.013
124.013
-654321
124.013
124.013
124.013
-654321
124.013
124.013
-654321
153.453
137.943
-654321
162.161
138.351
153.24
-654321
164.826
151.087
163.569
-654321
165.37
162.294
166.781
-654321
161.901
165.84
166.051
-654321
156.162
163.792
161.135
-654321
151.04
161.731
156.189
-654321
144.807
156.012
150.891
-654321
138.724
150.627
144.498
-654321
133.487
144.855
138.582
-654321
126.655
138.54
132.855
-654321
120.46
133.04
126.996
-654321
114.793
126.67
120.859
-654321
108.966
121.036
114.665
-654321
103.165
114.701
108.715
-654321
99.9113
109.192
102.249
-654321
90.6621
102.434
97.831
-654321
84.6774
97.056
90.3922
-654321
88.8422
91.0831
84.2465
-654321
84.006
84.6967
87.8126
-654321
66.0275
78.8262
71.8946
-654321
75.4057
82.6435
80.1039
-654321
72.2947
67.641
73.8215
-654321
48.1603
102.409
101.97
-654321
62.0959
53.5193
99.0397
-654321
97.3281
67.3345
62.5022
-654321
91.3997
95.9804
70.9872
-654321
50.4229
35.5774
71.3551
-654321
91.1936
93.4083
91.9346
-654321
59.0978
90.5634
83.5056
-654321
82.9275
87.5697
87.3222
-654321
83.9464
84.9381
36.1164
-654321
30.4361
84.1321
82.7537
-654321
79.7411
81.5324
78.3433
-654321
78.5599
79.8653
81.158
-654321
77.0041
124.013
78.5416
-654321
69.7646
35.058
36.6226
-654321
73.7811
20.8086
68.6236
-654321
124.013
74.5393
124.013
-654321
124.013
124.013
124.013
-654321
124.013
124.013
124.013
-654321
124.013
124.013
124.013
-654321
124.013
124.013
124.013
-654321
124.013
124.013
124.013
-654321
124.013
124.013
124.013
-654321
124.013
124.013
124.013
-654321
124.013
124.013
124.013
-654321
124.013
124.013
124.013
-654321
124.013
124.013
124.013
-654321
124.013
124.013
-654321
158.543
133.166
-654321
165.761
137.552
141.845
-654321
179.085
152.049
168.391
-654321
181.055
163.023
177.796
-654321
184.116
174.213
181.469
-654321
181.398
182.561
182.796
-654321
178.179
182.689
180.752
-654321
172.879
180.367
177.49
-654321
166.848
177.589
173.105
-654321
161.011
171.872
167.268
-654321
155.613
165.127
160.936
-654321
149.406
161.308
154.684
-654321
144.419
155.169
150.099
-654321
137.274
149.062
142.953
-654321
131.864
143.469
137.821
-654321
125.626
137.235
131.777
-654321
119.763
131.299
126.944
-654321
114.135
126.764
120.889
-654321
108.571
114.3
111.858
-654321
101.987
113.51
107.58
-654321
114.043
107.651
102.434
-654321
95.4874
101.013
99.6579
-654321
90.0721
110.147
95.4176
-654321
107.751
91.517
90.331
-654321
86.104
90.097
104.316
-654321
92.3973
107.947
105.919
-654321
105.811
93.6966
106.903
-654321
82.9056
69.5715
108.301
-654321
98.5654
102.626
99.8073
-654321
95.5772
103.917
93.0403
-654321
92.6051
97.1529
102.301
-654321
91.6096
96.5925
59.2855
-654321
92.9086
93.5712
57.2598
-654321
90.9086
94.2431
65.1917
-654321
86.2469
55.9629
124.013
-654321
81.8284
57.8903
86.8959
-654321
33.285
87.5911
85.5684
-654321
124.013
84.8944
81.5696
-654321
124.013
124.013
124.013
-654321
124.013
124.013
124.013
-654321
124.013
124.013
124.013
-654321
124.013
124.013
124.013
-654321
124.013
124.013
124.013
-654321
124.013
124.013
124.013
-654321
124.013
124.013
124.013
-654321
124.013
124.013
124.013
-654321
124.013
124.013
124.013
-654321
124.013
124.013
124.013
-654321
124.013
124.013
124.013
-654321
124.013
124.013
-654321
143.383
136.345
-654321
162.201
138.41
142.83
-654321
177.547
152.95
171.631
-654321
188.774
165.769
182.337
-654321
199.083
178.876
191.399
-654321
203.391
189.52
202.313
-654321
203.172
199.177
201.864
-654321
198.051
201.458
202.076
-654321
196.199
200.783
196.923
-654321
192.026
196.807
197.17
-654321
186.487
197.068
189.411
-654321
180.695
190.17
184.981
-654321
175.364
185.48
181.336
-654321
169.92
179.26
174.951
-654321
164.021
175.816
169.12
-654321
158.52
170.052
163.916
-654321
151.865
164.222
157.366
-654321
131.11
157.197
151.795
-654321
127.521
151.034
131.215
-654321
123.56
144.062
128.475
-654321
128.069
139.597
123.76
-654321
114.945
124.798
117.994
-654321
113.692
119.282
116.126
-654321
119.7
121.332
112.61
-654321
115.746
124.101
108.057
-654321
113.929
121.577
116.674
-654321
95.5879
118.827
114.444
-654321
111.836
113.055
111.752
-654321
99.5043
115.226
116.013
-654321
108.526
110.793
90.8265
-654321
80.5699
107.746
104.366
-654321
103.144
106.44
105.598
-654321
51.9874
107.571
89.4635
-654321
98.7968
78.4785
68.5914
-654321
76.3613
99.4015
99.6045
-654321
124.013
99.6585
124.013
-654321
124.013
124.013
124.013
-654321
124.013
124.013
124.013
-654321
124.013
124.013
124.013
-654321
124.013
124.013
124.013
-654321
124.013
124.013
124.013
-654321
124.013
124.013
124.013
-654321
124.013
124.013
124.013
-654321
124.013
124.013
124.013
-654321
124.013
124.013
124.013
-654321
124.013
124.013
124.013
-654321
124.013
124.013
124.013
-654321
124.013
124.013
124.013
-654321
124.013
124.013
124.013
-654321
124.013
124.013
-654321
148.417
135.937
-654321
168.626
133.646
141.804
-654321
172.896
153.824
166.794
-654321
193.764
169.52
162.482
-654321
205.454
184.174
198.674
-654321
213.522
195.7
204.014
-654321
219.925
207.981
216.026
-654321
220.577
215.809
215.548
-654321
217.477
221.09
216.555
-654321
216.888
216.228
220.188
-654321
207.27
218.668
214.734
-654321
207.202
217.73
214.476
-654321
203.075
207.334
173.892
-654321
198.108
205.296
203.091
-654321
191.861
203.2
197.995
-654321
187.246
198.26
192.463
-654321
181.217
193.009
158.722
-654321
175.879
185.917
179.642
-654321
167.676
154.711
150.685
-654321
143.433
175
147.288
-654321
139.303
167.631
163.028
-654321
132.365
163.265
135.792
-654321
131.185
156.515
150.153
-654321
127.32
137.986
131.148
-654321
126.197
131.058
126.802
-654321
124.333
126.107
126.423
-654321
121.544
135.969
119.315
-654321
122.622
126.437
124.966
-654321
119.619
124.28
126.387
-654321
102.803
122.451
105.128
-654321
116.28
116.107
124.447
-654321
111.498
120.35
112.107
-654321
89.7572
115.236
111.501
-654321
106.454
112.197
124.013
-654321
98.0472
105.315
108.892
-654321
108.351
110.5
124.013
-654321
124.013
124.013
96.802
-654321
124.013
124.013
124.013
-654321
124.013
124.013
124.013
-654321
124.013
124.013
124.013
-654321
124.013
124.013
124.013
-654321
124.013
124.013
124.013
-654321
124.013
124.013
124.013
-654321
124.013
124.013
124.013
-654321
124.013
124.013
124.013
-654321
124.013
124.013
124.013
-654321
124.013
124.013
124.013
-654321
124.013
124.013
124.013
-654321
124.013
124.013
124.013
-654321
124.013
124.013
-654321
151.874
133.573
-654321
161.931
136.811
150.997
-654321
185.045
156.547
151.986
-654321
189.747
165.737
182.997
-654321
208.358
180.299
193.431
-654321
220.056
194.707
201.517
-654321
226.908
208.625
223.188
-654321
234.05
220.348
231.22
-654321
234.86
227.846
233.564
-654321
235.321
234.141
234.669
-654321
233.606
235.265
235.874
-654321
231.664
236.696
239.084
-654321
231.8
233.973
226.794
-654321
219.73
233.944
227.517
-654321
219.708
230.48
224.51
-654321
215.175
224.78
219.797
-654321
208.486
218.759
212.842
-654321
204.296
214.271
209.586
-654321
166.903
209.648
203.513
-654321
193.456
171.212
197.947
-654321
158.947
192.292
146.4
-654321
154.133
163.411
144.452
-654321
139.298
158.804
155.401
-654321
146.774
157.29
150.94
-654321
165.782
141.532
140.456
-654321
134.464
139.131
136.788
-654321
132.657
124.013
132.446
-654321
132.635
136.785
136.419
-654321
138.674
146.8
144.767
-654321
124.936
131.622
125.77
-654321
122.14
127.136
126.326
-654321
124.013
129.107
119.039
-654321
120.464
120.408
123.775
-654321
124.013
121.122
124.013
-654321
115.795
126.35
124.013
-654321
124.013
119.757
118.452
-654321
110.447
124.013
124.013
-654321
111.131
124.013
111.795
-654321
110.456
124.013
124.013
-654321
109.768
124.013
124.013
-654321
124.013
124.013
99.4032
-654321
124.013
124.013
124.013
-654321
124.013
124.013
124.013
-654321
124.013
124.013
124.013
-654321
124.013
124.013
124.013
-654321
124.013
124.013
124.013
-654321
124.013
124.013
124.013
-654321
124.013
124.013
124.013
-654321
124.013
124.013
124.013
-654321
124.013
124.013
-654321
152.078
139.908
-654321
165.124
137.547
152.119
-654321
179.893
155.054
172.936
-654321
197.169
158.694
180.642
-654321
215.582
177.288
194.826
-654321
225.16
190.876
211.294
-654321
239.275
210.672
212.885
-654321
243.021
224.206
242.253
-654321
245.053
233.388
245.43
-654321
253.626
251.03
247.902
-654321
252.383
243.652
251.6
-654321
256.035
251.55
253.503
-654321
253.274
252.298
251.699
-654321
251.612
252.169
253.673
-654321
242.248
256.67
253.247
-654321
241.106
255.481
247.967
-654321
234.283
249.294
242.957
-654321
190.402
215.531
239.4
-654321
229.438
195.479
235.189
-654321
181.101
191.643
227.958
-654321
180.028
187.424
223.433
-654321
210.827
183.408
180.483
-654321
172.21
179.562
176.049
-654321
167.864
152.839
171.878
-654321
148.93
205.331
166.768
-654321
169.302
149.847
175.626
-654321
161.661
151.964
146.1
-654321
143.385
173.128
142.91
-654321
145.628
143.871
141.302
-654321
124.013
138.995
138.101
-654321
124.013
124.013
124.013
-654321
139.38
143.07
138.943
-654321
132.69
134.938
134.778
-654321
124.013
132.23
129.673
-654321
124.013
124.013
124.013
-654321
124.013
124.013
124.013
-654321
124.013
124.013
124.013
-654321
124.013
124.013
124.013
-654321
119.315
129.07
125.964
-654321
118.509
122.468
116.868
-654321
124.013
118.65
124.013
-654321
124.013
124.013
124.013
-654321
124.013
124.013
124.013
-654321
124.013
124.013
124.013
-654321
124.013
124.013
124.013
-654321
124.013
124.013
124.013
-654321
124.013
124.013
124.013
-654321
124.013
124.013
124.013
-654321
124.013
124.013
124.013
-654321
124.013
124.013
-654321
154.765
139.006
-654321
167.459
140.382
157.852
-654321
184.911
152.474
166.4
-654321
191.099
168.764
180.936
-654321
206.095
180.81
194.182
-654321
222.121
199.138
211.721
-654321
234.523
203.247
227.224
-654321
253.139
222.866
236.605
-654321
267.614
239.74
245.051
-654321
262.944
239.927
254.469
-654321
265.838
261.216
262.429
-654321
269.067
266.163
269.39
-654321
269.299
271.913
273.913
-654321
270.561
266.872
270.79
-654321
265.146
271.94
266.846
-654321
254.818
273.402
274.3
-654321
266.317
274.207
269.462
-654321
259.034
259.265
262.455
-654321
242.792
210.259
210.547
-654321
250.266
210.716
196.28
-654321
163.631
256.886
250.377
-654321
195.33
203.364
199.587
-654321
233.266
199.022
195.891
-654321
189.779
195.998
157.589
-654321
194.472
162.375
225.807
-654321
192.053
187.589
156.872
-654321
174.598
195.513
153.509
-654321
152.081
156.418
153.716
-654321
147.728
154.966
154.539
-654321
144.684
124.013
124.013
-654321
143.004
124.013
124.013
-654321
155.842
174.895
145.251
-654321
140.529
147.395
142.392
-654321
124.013
159.023
124.013
-654321
140.965
124.013
124.013
-654321
124.013
142.075
142.668
-654321
124.013
138.221
135.245
-654321
128.152
134.24
124.013
-654321
124.013
131.209
124.013
-654321
124.013
124.013
124.013
-654321
124.013
124.013
124.013
-654321
124.013
124.013
124.013
-654321
124.013
124.013
124.013
-654321
124.013
124.013
124.013
-654321
124.013
124.013
124.013
-654321
124.013
124.013
124.013
-654321
124.013
124.013
124.013
-654321
124.013
124.013
124.013
-654321
124.013
124.013
124.013
-654321
124.013
124.013
-654321
143.179
130.13
-654321
151.664
134.78
143.342
-654321
163.366
142.423
150.387
-654321
179.225
149.651
160.869
-654321
178.575
163.02
171.524
-654321
192.982
177.142
176.294
-654321
197.338
182.881
198.389
-654321
207.956
193.002
196.005
-654321
215.519
199.128
201.256
-654321
225.041
205.623
216.145
-654321
224.734
218.078
226.347
-654321
227.611
225.329
222.634
-654321
229.956
224.849
225.982
-654321
252.313
230.206
232.687
-654321
250.705
253.185
251.026
-654321
230
232.311
231.701
-654321
226.732
230.285
226.156
-654321
226.573
226.838
221.487
-654321
223.127
225.441
225.262
-654321
221.847
224.723
224.176
-654321
220.726
225.361
224.474
-654321
215.915
224.012
220.572
-654321
212.411
213.642
217.54
-654321
169.718
173.045
169.479
-654321
203.545
213.991
189.74
-654321
166.272
165.829
160.9
-654321
162.305
166.576
167.318
-654321
194.041
163.679
164.164
-654321
161.566
164.337
162.501
-654321
161.168
164.988
124.013
-654321
156.981
163.587
161.39
-654321
155.629
161.371
155.945
-654321
152.268
159.256
178.696
-654321
152.299
154.005
149.973
-654321
148.351
153.237
150.744
-654321
124.013
149.815
124.013
-654321
124.013
124.013
124.013
-654321
124.013
124.013
124.013
-654321
124.013
124.013
124.013
-654321
124.013
124.013
124.013
-654321
124.013
124.013
124.013
-654321
124.013
124.013
124.013
-654321
124.013
124.013
124.013
-654321
124.013
124.013
124.013
-654321
124.013
124.013
124.013
-654321
124.013
124.013
124.013
-654321
124.013
124.013
124.013
-654321
124.013
124.013
124.013
-654321
124.013
124.013
124.013
-654321
124.013
124.013
-654321
