0.967105 1
0.0319549 11
0.00093985 41
-123456
0.959964 2
0.0391265 12
0.000909918 52
-123456
0.967362 3
0.0326383 13
-123456
0.959927 4
0.0400729 14
-123456
0.960097 0
0.0399033 10
-123456
-654321
0.941558 2
0.0584416 12
-123456
0.960699 3
0.0393013 13
-123456
0.963265 4
0.0367347 14
-123456
0.964135 5
0.035865 15
-123456
0.966292 0
0.0337079 10
-123456
0.950538 1
0.0494624 11
-123456
-654321
0.944862 3
0.0551378 13
-123456
0.969484 4
0.0305164 14
-123456
0.961995 5
0.0380048 15
-123456
0.963592 6
0.0364078 16
-123456
0.961165 1
0.038835 11
-123456
0.960379 0
0.0387597 10
0.000861326 40
-123456
0.960396 2
0.039604 12
-123456
-654321
0.956403 4
0.0435967 14
-123456
0.958537 5
0.0414634 15
-123456
0.965969 6
0.0340314 16
-123456
0.955679 7
0.0443213 17
-123456
0.950139 2
0.0498615 12
-123456
0.963585 1
0.0364146 11
-123456
0.957078 0
0.0429224 10
-123456
0.967828 3
0.0321716 13
-123456
-654321
0.962264 5
0.0377358 15
-123456
0.960606 6
0.0393939 16
-123456
0.9729 7
0.0271003 17
-123456
0.950292 8
0.0497076 18
-123456
0.962963 3
0.037037 13
-123456
0.973451 2
0.0265487 12
-123456
0.982301 1
0.0176991 11
-123456
0.958407 0
0.0415929 10
-123456
0.972222 4
0.0277778 14
-123456
-654321
0.935849 6
0.0641509 16
-123456
0.95539 7
0.0446097 17
-123456
0.950617 8
0.0493827 18
-123456
0.962963 9
0.037037 19
-123456
0.980315 4
0.019685 14
-123456
0.951613 3
0.0483871 13
-123456
0.963265 2
0.0367347 12
-123456
0.958231 1
0.041769 11
-123456
0.959677 5
0.0403226 15
-123456
-654321
0.980861 7
0.0191388 17
-123456
0.972477 8
0.0275229 18
-123456
0.960784 9
0.0392157 19
-123456
0.951542 5
0.0484582 15
-123456
0.976077 4
0.0239234 14
-123456
0.981308 3
0.0186916 13
-123456
0.971831 2
0.028169 12
-123456
0.956938 6
0.0430622 16
-123456
-654321
0.958974 8
0.0410256 18
-123456
0.961165 9
0.038835 19
-123456
0.945946 6
0.0540541 16
-123456
0.957547 5
0.0424528 15
-123456
0.931217 4
0.0687831 14
-123456
0.956835 3
0.0431655 13
-123456
0.949772 7
0.0502283 17
-123456
-654321
0.950276 9
0.0497238 19
-123456
0.975904 7
0.0240964 17
-123456
0.925287 6
0.0747126 16
-123456
0.95977 5
0.0344828 15
0.00574713 45
-123456
0.961039 4
0.038961 14
-123456
0.959064 8
0.0409357 18
-123456
-654321
0.953488 8
0.0465116 18
-123456
0.951515 7
0.0484848 17
-123456
0.981818 6
0.0181818 16
-123456
0.957447 5
0.0425532 15
-123456
0.939597 9
0.0604027 19
-123456
-654321
0.0631313 1
0.835859 11
0.10101 21
-123456
0.0758929 2
0.892857 12
0.03125 22
-123456
0.115183 3
0.801047 13
0.0837696 23
-123456
0.0794393 4
0.836449 14
0.0841122 24
-123456
0.112745 0
0.848039 10
0.0392157 20
-123456
-654321
0.125373 2
0.797015 12
0.0776119 22
-123456
0.0772201 3
0.841699 13
0.0810811 23
-123456
0.116541 4
0.774436 14
0.109023 24
-123456
0.0912698 5
0.833333 15
0.0753968 25
-123456
0.103175 0
0.797619 10
0.0992064 20
-123456
0.0984127 1
0.812698 11
0.0888889 21
-123456
-654321
0.111111 3
0.813492 13
0.0753968 23
-123456
0.118577 4
0.762846 14
0.118577 24
-123456
0.0996441 5
0.772242 15
0.128114 25
-123456
0.106897 6
0.768966 16
0.124138 26
-123456
0.0979592 1
0.816327 11
0.0857143 21
-123456
0.101961 0
0.803922 10
0.0941176 20
-123456
0.0849195 2
0.803807 12
0.111274 22
-123456
-654321
0.142857 4
0.77381 14
0.0833333 24
-123456
0.0828729 5
0.845304 15
0.0718232 25
-123456
0.0491803 6
0.846995 16
0.103825 26
-123456
0.0722892 7
0.86747 17
0.060241 27
-123456
0.0772358 2
0.849594 12
0.0731707 22
-123456
0.0827741 1
0.852349 11
0.064877 21
-123456
0.0666667 0
0.827778 10
0.105556 20
-123456
0.138889 3
0.766667 13
0.0944444 23
-123456
-654321
0.0629371 5
0.881119 15
0.0559441 25
-123456
0.0965517 6
0.841379 16
0.062069 26
-123456
0.0839695 7
0.877863 17
0.0381679 27
-123456
0.0656934 8
0.817518 18
0.116788 28
-123456
0.0465116 3
0.837209 13
0.116279 23
-123456
0.0725624 2
0.84127 12
0.0861678 22
-123456
0.0487805 1
0.865854 11
0.0853659 21
-123456
0.0736196 0
0.840491 10
0.0858896 20
-123456
0.0873016 4
0.801587 14
0.111111 24
-123456
-654321
0.0916031 6
0.847328 16
0.0610687 26
-123456
0.103704 7
0.82963 17
0.0666667 27
-123456
0.0630631 8
0.855856 18
0.0810811 28
-123456
0.0514706 9
0.838235 19
0.110294 29
-123456
0.125926 4
0.711111 14
0.162963 24
-123456
0.0634921 3
0.84127 13
0.0952381 23
-123456
0.120332 2
0.780083 12
0.0995851 22
-123456
0.0992366 1
0.801527 11
0.0992366 21
-123456
0.0827068 5
0.842105 15
0.075188 25
-123456
-654321
0.0849057 7
0.830189 17
0.0849057 27
-123456
0.11 8
0.83 18
0.06 28
-123456
0.126316 9
0.810526 19
0.0631579 29
-123456
0.0869565 5
0.817391 15
0.0956522 25
-123456
0.0900901 4
0.783784 14
0.126126 24
-123456
0.0666667 3
0.877778 13
0.0555556 23
-123456
0.111524 2
0.780669 12
0.107807 22
-123456
0.125 6
0.826923 16
0.0480769 26
-123456
-654321
0.0549451 8
0.846154 18
0.0989011 28
-123456
0.116279 9
0.767442 19
0.116279 29
-123456
0.0833333 6
0.821429 16
0.0952381 26
-123456
0.145299 5
0.752137 15
0.102564 25
-123456
0.0894309 4
0.821138 14
0.0894309 24
-123456
0.0843882 3
0.852321 13
0.0632911 23
-123456
0.0363636 7
0.809091 17
0.154545 27
-123456
-654321
0.0493827 9
0.851852 19
0.0987654 29
-123456
0.113402 7
0.804124 17
0.0824742 27
-123456
0.0869565 6
0.826087 16
0.0869565 26
-123456
0.0795455 5
0.852273 15
0.0681818 25
-123456
0.0729167 4
0.854167 14
0.0729167 24
-123456
0.0594059 8
0.80198 18
0.138614 28
-123456
-654321
0.0933333 8
0.786667 18
0.12 28
-123456
0.112676 7
0.774648 17
0.112676 27
-123456
0.102564 6
0.769231 16
0.128205 26
-123456
0.0520231 5
0.872832 15
0.0751445 25
-123456
0.0853659 9
0.804878 19
0.109756 29
-123456
-654321
0.105691 11
0.821138 21
0.0731707 31
-123456
0.0877193 12
0.798246 22
0.114035 32
-123456
0.132743 13
0.738938 23
0.128319 33
-123456
0.119403 14
0.80597 24
0.0746269 34
-123456
0.146341 10
0.780488 20
0.0731707 30
-123456
-654321
0.109375 12
0.78125 22
0.109375 32
-123456
0.0643777 13
0.841202 23
0.0944206 33
-123456
0.0962343 14
0.782427 24
0.121339 34
-123456
0.0901639 15
0.795082 25
0.114754 35
-123456
0.0672269 10
0.823529 20
0.109244 30
-123456
0.130081 11
0.731707 21
0.138211 31
-123456
-654321
0.0877193 13
0.784461 23
0.12782 33
-123456
0.141844 14
0.751773 24
0.106383 34
-123456
0.0754717 15
0.811321 25
0.113208 35
-123456
0.0875912 16
0.773723 26
0.138686 36
-123456
0.0714286 11
0.849206 21
0.0793651 31
-123456
0.0987654 10
0.783951 20
0.117284 30
-123456
0.0902778 12
0.805556 22
0.104167 32
-123456
-654321
0.0909091 14
0.780564 24
0.128527 34
-123456
0.144681 15
0.73617 25
0.119149 35
-123456
0.123288 16
0.767123 26
0.109589 36
-123456
0.118483 17
0.767772 27
0.113744 37
-123456
0.118644 12
0.75 22
0.131356 32
-123456
0.153846 11
0.722222 21
0.123932 31
-123456
0.143541 10
0.717703 20
0.138756 30
-123456
0.135225 13
0.72621 23
0.138564 33
-123456
-654321
0.126582 15
0.753165 25
0.120253 35
-123456
0.115108 16
0.81295 26
0.0719424 36
-123456
0.0941176 17
0.752941 27
0.152941 37
-123456
0.0451613 18
0.812903 28
0.141935 38
-123456
0.0903226 13
0.829032 23
0.0806452 33
-123456
0.103125 12
0.775 22
0.121875 32
-123456
0.0583942 11
0.883212 21
0.0583942 31
-123456
0.109489 10
0.788321 20
0.10219 30
-123456
0.198529 14
0.720588 24
0.0808824 34
-123456
-654321
0.0785714 16
0.842857 26
0.0785714 36
-123456
0.100917 17
0.807339 27
0.0917431 37
-123456
0.153846 18
0.761538 28
0.0846154 38
-123456
0.0631579 19
0.831579 29
0.105263 39
-123456
0.0988372 14
0.80814 24
0.0930233 34
-123456
0.108197 13
0.793443 23
0.0983607 33
-123456
0.0887097 12
0.814516 22
0.0967742 32
-123456
0.0787402 11
0.834646 21
0.0866142 31
-123456
0.0598291 15
0.871795 25
0.0683761 35
-123456
-654321
0.137405 17
0.770992 27
0.0916031 37
-123456
0.10101 18
0.777778 28
0.121212 38
-123456
0.0416667 19
0.854167 29
0.104167 39
-123456
0.1 15
0.808333 25
0.0916667 35
-123456
0.0808081 14
0.848485 24
0.0707071 34
-123456
0.0930233 13
0.803987 23
0.10299 33
-123456
0.108108 12
0.831081 22
0.0608108 32
-123456
0.10101 16
0.818182 26
0.0808081 36
-123456
-654321
0.113402 18
0.793814 28
0.0927835 38
-123456
0.130435 19
0.73913 29
0.130435 39
-123456
0.126214 16
0.728155 26
0.145631 36
-123456
0.148148 15
0.716049 25
0.135802 35
-123456
0.111111 14
0.816993 24
0.0718954 34
-123456
0.0940594 13
0.826733 23
0.0792079 33
-123456
0.135922 17
0.699029 27
0.165049 37
-123456
-654321
0.1 19
0.822222 29
0.0777778 39
-123456
0.0769231 17
0.835165 27
0.0879121 37
-123456
0.0909091 16
0.806818 26
0.102273 36
-123456
0.115789 15
0.810526 25
0.0736842 35
-123456
0.105991 14
0.824885 24
0.0691244 34
-123456
0.0873786 18
0.834951 28
0.0776699 38
-123456
-654321
0.084507 18
0.84507 28
0.0704225 38
-123456
0.146667 17
0.8 27
0.0533333 37
-123456
0.0736842 16
0.831579 26
0.0947368 36
-123456
0.0903955 15
0.813559 25
0.0960452 35
-123456
0.12987 19
0.792208 29
0.0779221 39
-123456
-654321
0.113636 21
0.784091 31
0.102273 41
-123456
0.111111 22
0.802469 32
0.0864198 42
-123456
0.0534351 23
0.801527 33
0.145038 43
-123456
0.0992908 24
0.77305 34
0.12766 44
-123456
0.0972222 20
0.791667 30
0.111111 40
-123456
-654321
0.130435 22
0.782609 32
0.0869565 42
-123456
0.191176 23
0.632353 33
0.176471 43
-123456
0.128319 24
0.738938 34
0.132743 44
-123456
0.10101 25
0.767677 35
0.131313 45
-123456
0.0777778 20
0.844444 30
0.0777778 40
-123456
0.126316 21
0.8 31
0.0736842 41
-123456
-654321
0.137615 23
0.752294 33
0.110092 43
-123456
0.152174 24
0.717391 34
0.130435 44
-123456
0.0875576 25
0.78341 35
0.129032 45
-123456
0.132812 26
0.765625 36
0.101562 46
-123456
0.186667 21
0.733333 31
0.08 41
-123456
0.116883 20
0.675325 30
0.207792 40
-123456
0.157895 22
0.723684 32
0.118421 42
-123456
-654321
0.075 24
0.783333 34
0.141667 44
-123456
0.13253 25
0.746988 35
0.120482 45
-123456
0.0909091 26
0.800699 36
0.108392 46
-123456
0.168067 27
0.722689 37
0.109244 47
-123456
0.135135 22
0.738739 32
0.126126 42
-123456
0.11811 21
0.818898 31
0.0629921 41
-123456
0.117647 20
0.789916 30
0.092437 40
-123456
0.048 23
0.896 33
0.056 43
-123456
-654321
0.163866 25
0.722689 35
0.113445 45
-123456
0.138365 26
0.685535 36
0.176101 46
-123456
0.117647 27
0.747059 37
0.135294 47
-123456
0.135593 28
0.745763 38
0.118644 48
-123456
0.144385 23
0.695187 33
0.160428 43
-123456
0.101266 22
0.740506 32
0.158228 42
-123456
0.108844 21
0.727891 31
0.163265 41
-123456
0.0972222 20
0.743056 30
0.159722 40
-123456
0.120219 24
0.745902 34
0.13388 44
-123456
-654321
0.121875 26
0.7 36
0.178125 46
-123456
0.0930233 27
0.790698 37
0.116279 47
-123456
0.124031 28
0.767442 38
0.108527 48
-123456
0.105769 29
0.798077 39
0.0961538 49
-123456
0.11399 24
0.735751 34
0.150259 44
-123456
0.133333 23
0.766667 33
0.1 43
-123456
0.0991736 22
0.818182 32
0.0826446 42
-123456
0.145299 21
0.709402 31
0.145299 41
-123456
0.146341 25
0.764228 35
0.0894309 45
-123456
-654321
0.112583 27
0.774834 37
0.112583 47
-123456
0.0743243 28
0.824324 38
0.101351 48
-123456
0.0559441 29
0.839161 39
0.104895 49
-123456
0.12426 25
0.810651 35
0.0650888 45
-123456
0.118785 24
0.751381 34
0.129834 44
-123456
0.10219 23
0.759124 33
0.138686 43
-123456
0.168 22
0.752 32
0.08 42
-123456
0.143836 26
0.726027 36
0.130137 46
-123456
-654321
0.110092 28
0.816514 38
0.0733945 48
-123456
0.121739 29
0.773913 39
0.104348 49
-123456
0.109489 26
0.810219 36
0.080292 46
-123456
0.198113 25
0.735849 35
0.0660377 45
-123456
0.0858209 24
0.828358 34
0.0858209 44
-123456
0.078125 23
0.765625 33
0.15625 43
-123456
0.128205 27
0.760684 37
0.111111 47
-123456
-654321
0.122807 29
0.754386 39
0.122807 49
-123456
0.0927835 27
0.773196 37
0.134021 47
-123456
0.154472 26
0.699187 36
0.146341 46
-123456
0.125 25
0.775 35
0.1 45
-123456
0.148387 24
0.709677 34
0.141935 44
-123456
0.162162 28
0.693694 38
0.144144 48
-123456
-654321
0.137615 28
0.761468 38
0.100917 48
-123456
0.0909091 27
0.818182 37
0.0909091 47
-123456
0.134969 26
0.730061 36
0.134969 46
-123456
0.152672 25
0.725191 35
0.122137 45
-123456
0.19 29
0.72 39
0.09 49
-123456
-654321
0.15493 31
0.676056 41
0.169014 51
-123456
0.188406 32
0.695652 42
0.115942 52
-123456
0.0746269 33
0.850746 43
0.0746269 53
-123456
0.105556 34
0.744444 44
0.15 54
-123456
0.0958904 30
0.780822 40
0.123288 50
-123456
-654321
0.134615 32
0.807692 42
0.0576923 52
-123456
0.155844 33
0.701299 43
0.142857 53
-123456
0.09375 34
0.8125 44
0.09375 54
-123456
0.0765306 35
0.795918 45
0.127551 55
-123456
0.0810811 30
0.810811 40
0.108108 50
-123456
0.151515 31
0.80303 41
0.0454545 51
-123456
-654321
0.0666667 33
0.706667 43
0.226667 53
-123456
0.130952 34
0.785714 44
0.0833333 54
-123456
0.170213 35
0.776596 45
0.0531915 55
-123456
0.145 36
0.745 46
0.11 56
-123456
0.15 31
0.6875 41
0.1625 51
-123456
0.111111 30
0.777778 40
0.111111 50
-123456
0.102941 32
0.705882 42
0.191176 52
-123456
-654321
0.115385 34
0.792308 44
0.0923077 54
-123456
0.112676 35
0.78169 45
0.105634 55
-123456
0.136364 36
0.763636 46
0.1 56
-123456
0.128788 37
0.734848 47
0.136364 57
-123456
0.0568182 32
0.840909 42
0.102273 52
-123456
0.0714286 31
0.765306 41
0.163265 51
-123456
0.0873786 30
0.76699 40
0.145631 50
-123456
0.185185 33
0.62963 43
0.185185 53
-123456
-654321
0.109375 35
0.8125 45
0.078125 55
-123456
0.09375 36
0.75625 46
0.15 56
-123456
0.0833333 37
0.809524 47
0.107143 57
-123456
0.148148 38
0.703704 48
0.148148 58
-123456
0.0731707 33
0.861789 43
0.0650406 53
-123456
0.115385 32
0.792308 42
0.0923077 52
-123456
0.121212 31
0.767677 41
0.111111 51
-123456
0.105263 30
0.798246 40
0.0964912 50
-123456
0.1 34
0.775 44
0.125 54
-123456
-654321
0.116279 36
0.786047 46
0.0976744 56
-123456
0.130112 37
0.724907 47
0.144981 57
-123456
0.116959 38
0.748538 48
0.134503 58
-123456
0.15873 39
0.714286 49
0.126984 59
-123456
0.127451 34
0.77451 44
0.0980392 54
-123456
0.0970149 33
0.791045 43
0.11194 53
-123456
0.0894309 32
0.747967 42
0.162602 52
-123456
0.144068 31
0.737288 41
0.118644 51
-123456
0.134921 35
0.746032 45
0.119048 55
-123456
-654321
0.129114 37
0.724051 47
0.146835 57
-123456
0.139785 38
0.77957 48
0.0806452 58
-123456
0.128492 39
0.759777 49
0.111732 59
-123456
0.107345 35
0.751412 45
0.141243 55
-123456
0.120805 34
0.771812 44
0.107383 54
-123456
0.114094 33
0.785235 43
0.100671 53
-123456
0.114094 32
0.758389 42
0.127517 52
-123456
0.181818 36
0.706294 46
0.111888 56
-123456
-654321
0.158416 38
0.707921 48
0.133663 58
-123456
0.12426 39
0.727811 49
0.147929 59
-123456
0.125843 36
0.746067 46
0.12809 56
-123456
0.11165 35
0.752427 45
0.135922 55
-123456
0.131868 34
0.752747 44
0.115385 54
-123456
0.123529 33
0.729412 43
0.147059 53
-123456
0.152174 37
0.75 47
0.0978261 57
-123456
-654321
0.147826 39
0.730435 49
0.121739 59
-123456
0.127036 37
0.765472 47
0.107492 57
-123456
0.0903614 36
0.813253 46
0.0963855 56
-123456
0.12987 35
0.714286 45
0.155844 55
-123456
0.134328 34
0.783582 44
0.0820896 54
-123456
0.105263 38
0.719298 48
0.175439 58
-123456
-654321
0.117978 38
0.803371 48
0.0786517 58
-123456
0.126582 37
0.78481 47
0.0886076 57
-123456
0.115044 36
0.79646 46
0.0884956 56
-123456
0.0727273 35
0.781818 45
0.145455 55
-123456
0.117647 39
0.77451 49
0.107843 59
-123456
-654321
0.135593 41
0.694915 51
0.169492 61
-123456
0.0588235 42
0.843137 52
0.0980392 62
-123456
0.075 43
0.85 53
0.075 63
-123456
0.15873 44
0.753968 54
0.0873016 64
-123456
0.16 40
0.7 50
0.14 60
-123456
-654321
0.181818 42
0.763636 52
0.0545455 62
-123456
0.131148 43
0.721311 53
0.147541 63
-123456
0.111111 44
0.814815 54
0.0740741 64
-123456
0.126667 45
0.733333 55
0.14 65
-123456
0.113208 40
0.716981 50
0.169811 60
-123456
0.121212 41
0.80303 51
0.0757576 61
-123456
-654321
0.116667 43
0.733333 53
0.15 63
-123456
0.114754 44
0.754098 54
0.131148 64
-123456
0.119048 45
0.809524 55
0.0714286 65
-123456
0.126761 46
0.746479 56
0.126761 66
-123456
0.161765 41
0.720588 51
0.117647 61
-123456
0.078125 40
0.734375 50
0.1875 60
-123456
0.180556 42
0.694444 52
0.125 62
-123456
-654321
0.16092 44
0.747126 54
0.091954 64
-123456
0.0895522 45
0.746269 55
0.164179 65
-123456
0.103448 46
0.793103 56
0.103448 66
-123456
0.103448 47
0.758621 57
0.137931 67
-123456
0.114754 42
0.770492 52
0.114754 62
-123456
0.15493 41
0.746479 51
0.0985916 61
-123456
0.15493 40
0.704225 50
0.140845 60
-123456
0.109589 43
0.739726 53
0.150685 63
-123456
-654321
0.105263 45
0.736842 55
0.157895 65
-123456
0.059322 46
0.838983 56
0.101695 66
-123456
0.155914 47
0.704301 57
0.139785 67
-123456
0.151042 48
0.75 58
0.0989583 68
-123456
0.162791 43
0.732558 53
0.104651 63
-123456
0.183908 42
0.666667 52
0.149425 62
-123456
0.127907 41
0.697674 51
0.174419 61
-123456
0.181818 40
0.688312 50
0.12987 60
-123456
0.0813954 44
0.813953 54
0.104651 64
-123456
-654321
0.1 46
0.783333 56
0.116667 66
-123456
0.204301 47
0.688172 57
0.107527 67
-123456
0.09375 48
0.8125 58
0.09375 68
-123456
0.0761589 49
0.768212 59
0.155629 69
-123456
0.109091 44
0.827273 54
0.0636364 64
-123456
0.12963 43
0.787037 53
0.0833333 63
-123456
0.148515 42
0.742574 52
0.108911 62
-123456
0.164706 41
0.717647 51
0.117647 61
-123456
0.176991 45
0.734513 55
0.0884956 65
-123456
-654321
0.150685 47
0.684932 57
0.164384 67
-123456
0.159836 48
0.737705 58
0.102459 68
-123456
0.150862 49
0.663793 59
0.185345 69
-123456
0.120567 45
0.758865 55
0.120567 65
-123456
0.14 44
0.76 54
0.1 64
-123456
0.118056 43
0.729167 53
0.152778 63
-123456
0.136 42
0.752 52
0.112 62
-123456
0.144654 46
0.716981 56
0.138365 66
-123456
-654321
0.144509 48
0.722543 58
0.132948 68
-123456
0.0684932 49
0.794521 59
0.136986 69
-123456
0.0973451 46
0.774336 56
0.128319 66
-123456
0.189542 45
0.640523 55
0.169935 65
-123456
0.124183 44
0.764706 54
0.111111 64
-123456
0.0785714 43
0.771429 53
0.15 63
-123456
0.114458 47
0.743976 57
0.141566 67
-123456
-654321
0.147541 49
0.659016 59
0.193443 69
-123456
0.130631 47
0.693694 57
0.175676 67
-123456
0.127551 46
0.744898 56
0.127551 66
-123456
0.131429 45
0.76 55
0.108571 65
-123456
0.138728 44
0.716763 54
0.144509 64
-123456
0.113122 48
0.773756 58
0.113122 68
-123456
-654321
0.107345 48
0.79661 58
0.0960452 68
-123456
0.142132 47
0.751269 57
0.106599 67
-123456
0.115789 46
0.778947 56
0.105263 66
-123456
0.156566 45
0.681818 55
0.161616 65
-123456
0.128099 49
0.727273 59
0.144628 69
-123456
-654321
0.0925926 51
0.777778 61
0.12963 71
-123456
0.06 52
0.86 62
0.08 72
-123456
0.0892857 53
0.785714 63
0.125 73
-123456
0.150794 54
0.706349 64
0.142857 74
-123456
0.218182 50
0.654545 60
0.127273 70
-123456
-654321
0.0851064 52
0.87234 62
0.0425532 72
-123456
0.145161 53
0.693548 63
0.16129 73
-123456
0.166667 54
0.740741 64
0.0925926 74
-123456
0.125828 55
0.701987 65
0.172185 75
-123456
0.153846 50
0.692308 60
0.153846 70
-123456
0.106061 51
0.772727 61
0.121212 71
-123456
-654321
0.0555556 53
0.819444 63
0.125 73
-123456
0.140625 54
0.75 64
0.109375 74
-123456
0.0923077 55
0.815385 65
0.0923077 75
-123456
0.127907 56
0.744186 66
0.127907 76
-123456
0.084507 51
0.788732 61
0.126761 71
-123456
0.15 50
0.733333 60
0.116667 70
-123456
0.078125 52
0.796875 62
0.125 72
-123456
-654321
0.118421 54
0.776316 64
0.105263 74
-123456
0.0634921 55
0.825397 65
0.111111 75
-123456
0.0957447 56
0.691489 66
0.212766 76
-123456
0.13198 57
0.751269 67
0.116751 77
-123456
0.152778 52
0.666667 62
0.180556 72
-123456
0.155844 51
0.623377 61
0.220779 71
-123456
0.120482 50
0.783133 60
0.0963855 70
-123456
0.0625 53
0.8125 63
0.125 73
-123456
-654321
0.15 55
0.73 65
0.12 75
-123456
0.131579 56
0.789474 66
0.0789474 76
-123456
0.112403 57
0.775194 67
0.112403 77
-123456
0.114943 58
0.758621 68
0.126437 78
-123456
0.0989011 53
0.736264 63
0.164835 73
-123456
0.0963855 52
0.807229 62
0.0963855 72
-123456
0.15625 51
0.770833 61
0.0729167 71
-123456
0.109589 50
0.794521 60
0.0958904 70
-123456
0.146067 54
0.730337 64
0.123596 74
-123456
-654321
0.175573 56
0.687023 66
0.137405 76
-123456
0.190909 57
0.709091 67
0.1 77
-123456
0.122137 58
0.765903 68
0.111959 78
-123456
0.126126 59
0.738739 69
0.135135 79
-123456
0.0693069 54
0.831683 64
0.0990099 74
-123456
0.105263 53
0.763158 63
0.131579 73
-123456
0.108333 52
0.733333 62
0.158333 72
-123456
0.0792079 51
0.831683 61
0.0891089 71
-123456
0.0754717 55
0.783019 65
0.141509 75
-123456
-654321
0.112676 57
0.816901 67
0.0704225 77
-123456
0.1 58
0.771429 68
0.128571 78
-123456
0.155844 59
0.727273 69
0.116883 79
-123456
0.0821918 55
0.773973 65
0.143836 75
-123456
0.102564 54
0.794872 64
0.102564 74
-123456
0.0887097 53
0.798387 63
0.112903 73
-123456
0.101562 52
0.820312 62
0.078125 72
-123456
0.0944882 56
0.76378 66
0.141732 76
-123456
-654321
0.135484 58
0.748387 68
0.116129 78
-123456
0.141753 59
0.747423 69
0.110825 79
-123456
0.0902778 56
0.798611 66
0.111111 76
-123456
0.08 55
0.826667 65
0.0933333 75
-123456
0.140127 54
0.713376 64
0.146497 74
-123456
0.10828 53
0.738854 63
0.152866 73
-123456
0.184524 57
0.732143 67
0.0833333 77
-123456
-654321
0.131285 59
0.726257 69
0.142458 79
-123456
0.139175 57
0.71134 67
0.149485 77
-123456
0.126374 56
0.769231 66
0.104396 76
-123456
0.129032 55
0.784946 65
0.0860215 75
-123456
0.115183 54
0.73822 64
0.146597 74
-123456
0.101307 58
0.767974 68
0.130719 78
-123456
-654321
0.118785 58
0.803867 68
0.0773481 78
-123456
0.126394 57
0.750929 67
0.122677 77
-123456
0.109966 56
0.780069 66
0.109966 76
-123456
0.119454 55
0.757679 65
0.122867 75
-123456
0.107884 59
0.773859 69
0.118257 79
-123456
-654321
0.0789474 61
0.881579 71
0.0394737 81
-123456
0.112676 62
0.788732 72
0.0985916 82
-123456
0.0925926 63
0.87037 73
0.037037 83
-123456
0.0863309 64
0.791367 74
0.122302 84
-123456
0.102273 60
0.806818 70
0.0909091 80
-123456
-654321
0.0684932 62
0.808219 72
0.123288 82
-123456
0.0704225 63
0.816901 73
0.112676 83
-123456
0.0864198 64
0.790123 74
0.123457 84
-123456
0.118012 65
0.776398 75
0.10559 85
-123456
0.0897436 60
0.794872 70
0.115385 80
-123456
0.108108 61
0.797297 71
0.0945946 81
-123456
-654321
0.128205 63
0.730769 73
0.141026 83
-123456
0.121622 64
0.797297 74
0.0810811 84
-123456
0.14433 65
0.716495 75
0.139175 85
-123456
0.153061 66
0.765306 76
0.0816327 86
-123456
0.121622 61
0.797297 71
0.0810811 81
-123456
0.0615385 60
0.846154 70
0.0923077 80
-123456
0.0952381 62
0.833333 72
0.0714286 82
-123456
-654321
0.136364 64
0.715909 74
0.147727 84
-123456
0.0392157 65
0.833333 75
0.127451 85
-123456
0.191781 66
0.726027 76
0.0821918 86
-123456
0.0896226 67
0.816038 77
0.0943396 87
-123456
0.1 62
0.785714 72
0.114286 82
-123456
0.0724638 61
0.855072 71
0.0724638 81
-123456
0.0543478 60
0.836957 70
0.108696 80
-123456
0.0512821 63
0.833333 73
0.115385 83
-123456
-654321
0.0930233 65
0.790698 75
0.116279 85
-123456
0.107843 66
0.784314 76
0.107843 86
-123456
0.108696 67
0.826087 77
0.0652174 87
-123456
0.0980392 68
0.79085 78
0.111111 88
-123456
0.0918367 63
0.795918 73
0.112245 83
-123456
0.0636364 62
0.854545 72
0.0818182 82
-123456
0.0786517 61
0.741573 71
0.179775 81
-123456
0.119565 60
0.782609 70
0.0978261 80
-123456
0.0808081 64
0.838384 74
0.0808081 84
-123456
-654321
0.152672 66
0.816794 76
0.0305344 86
-123456
0.124088 67
0.773723 77
0.10219 87
-123456
0.111765 68
0.8 78
0.0882353 88
-123456
0.117333 69
0.781333 79
0.101333 89
-123456
0.108333 64
0.758333 74
0.133333 84
-123456
0.0550459 63
0.853211 73
0.0917431 83
-123456
0.104839 62
0.766129 72
0.129032 82
-123456
0.083871 61
0.793548 71
0.122581 81
-123456
0.137931 65
0.741379 75
0.12069 85
-123456
-654321
0.108333 67
0.791667 77
0.1 87
-123456
0.132948 68
0.797688 78
0.0693642 88
-123456
0.0722892 69
0.837349 79
0.0903614 89
-123456
0.0940171 65
0.777778 75
0.128205 85
-123456
0.0746269 64
0.850746 74
0.0746269 84
-123456
0.0902256 63
0.736842 73
0.172932 83
-123456
0.116279 62
0.806202 72
0.0775194 82
-123456
0.0888889 66
0.807407 76
0.103704 86
-123456
-654321
0.125828 68
0.721854 78
0.152318 88
-123456
0.113537 69
0.781659 79
0.104803 89
-123456
0.115942 66
0.775362 76
0.108696 86
-123456
0.131387 65
0.759124 75
0.109489 85
-123456
0.144828 64
0.765517 74
0.0896552 84
-123456
0.124138 63
0.737931 73
0.137931 83
-123456
0.079096 67
0.841808 77
0.079096 87
-123456
-654321
0.0976744 69
0.795349 79
0.106977 89
-123456
0.0687831 67
0.846561 77
0.0846561 87
-123456
0.107317 66
0.804878 76
0.0878049 86
-123456
0.0934066 65
0.796703 75
0.10989 85
-123456
0.127451 64
0.764706 74
0.107843 84
-123456
0.170213 68
0.739362 78
0.0904255 88
-123456
-654321
0.0992366 68
0.796438 78
0.104326 88
-123456
0.117188 67
0.776042 77
0.106771 87
-123456
0.110236 66
0.75853 76
0.131234 86
-123456
0.0929648 65
0.806533 75
0.100503 85
-123456
0.121429 69
0.752381 79
0.12619 89
-123456
-654321
0.103896 71
0.818182 81
0.0779221 91
-123456
0.168831 72
0.753247 82
0.0779221 92
-123456
0.0724638 73
0.84058 83
0.0869565 93
-123456
0.0878378 74
0.824324 84
0.0878378 94
-123456
0.0789474 70
0.789474 80
0.131579 90
-123456
-654321
0.0909091 72
0.766234 82
0.142857 92
-123456
0.0428571 73
0.914286 83
0.0428571 93
-123456
0.0813954 74
0.813953 84
0.104651 94
-123456
0.0702703 75
0.875676 85
0.0540541 95
-123456
0.159091 70
0.715909 80
0.125 90
-123456
0.0441176 71
0.911765 81
0.0441176 91
-123456
-654321
0.1125 73
0.8125 83
0.075 93
-123456
0.0934579 74
0.850467 84
0.0560748 94
-123456
0.0581395 75
0.872093 85
0.0697674 95
-123456
0.0810811 76
0.815315 86
0.103604 96
-123456
0.0729167 71
0.822917 81
0.104167 91
-123456
0.135135 70
0.743243 80
0.121622 90
-123456
0.0618557 72
0.845361 82
0.0927835 92
-123456
-654321
0.09375 74
0.8125 84
0.09375 94
-123456
0.0879121 75
0.769231 85
0.142857 95
-123456
0.0526316 76
0.848684 86
0.0986842 96
-123456
0.120603 77
0.78392 87
0.0954774 97
-123456
0.0941176 72
0.847059 82
0.0588235 92
-123456
0.0930233 71
0.848837 81
0.0581395 91
-123456
0.103093 70
0.793814 80
0.103093 90
-123456
0.0769231 73
0.817308 83
0.105769 93
-123456
-654321
0.059322 75
0.889831 85
0.0508475 95
-123456
0.0970874 76
0.834951 86
0.0679612 96
-123456
0.072 77
0.824 87
0.104 97
-123456
0.102102 78
0.792793 88
0.105105 98
-123456
0.116505 73
0.76699 83
0.116505 93
-123456
0.102564 72
0.803419 82
0.0940171 92
-123456
0.07 71
0.84 81
0.09 91
-123456
0.0735294 70
0.838235 80
0.0882353 90
-123456
0.104167 74
0.791667 84
0.104167 94
-123456
-654321
0.0952381 76
0.825397 86
0.0793651 96
-123456
0.0897436 77
0.826923 87
0.0833333 97
-123456
0.106742 78
0.842697 88
0.0505618 98
-123456
0.0927419 79
0.808468 89
0.0987903 99
-123456
0.0714286 74
0.844156 84
0.0844156 94
-123456
0.104895 73
0.825175 83
0.0699301 93
-123456
0.0769231 72
0.83432 82
0.0887574 92
-123456
0.110294 71
0.830882 81
0.0588235 91
-123456
0.0718954 75
0.849673 85
0.0784314 95
-123456
-654321
0.111801 77
0.807453 87
0.0807453 97
-123456
0.119497 78
0.779874 88
0.100629 98
-123456
0.0693642 79
0.843931 89
0.0867052 99
-123456
0.0930233 75
0.802326 85
0.104651 95
-123456
0.10241 74
0.753012 84
0.144578 94
-123456
0.0855263 73
0.782895 83
0.131579 93
-123456
0.0852713 72
0.829457 82
0.0852713 92
-123456
0.060241 76
0.861446 86
0.0783133 96
-123456
-654321
0.145349 78
0.773256 88
0.0813954 98
-123456
0.100642 79
0.794433 89
0.104925 99
-123456
0.0696517 76
0.865672 86
0.0646766 96
-123456
0.0792683 75
0.804878 85
0.115854 95
-123456
0.0909091 74
0.824242 84
0.0848485 94
-123456
0.0655738 73
0.825137 83
0.10929 93
-123456
0.0769231 77
0.824176 87
0.0989011 97
-123456
-654321
0.0916335 79
0.826693 89
0.0816733 99
-123456
0.0808081 77
0.873737 87
0.0454545 97
-123456
0.0846561 76
0.84127 86
0.0740741 96
-123456
0.0648148 75
0.861111 85
0.0740741 95
-123456
0.0434783 74
0.869565 84
0.0869565 94
-123456
0.108491 78
0.783019 88
0.108491 98
-123456
-654321
0.0853659 78
0.823171 88
0.0914634 98
-123456
0.0965251 77
0.822394 87
0.0810811 97
-123456
0.107692 76
0.804396 86
0.0879121 96
-123456
0.0700637 75
0.849257 85
0.0806794 95
-123456
0.105743 79
0.793072 89
0.101185 99
-123456
-654321
0.0222222 81
0.977778 91
-123456
0.0536913 82
0.946309 92
-123456
0.0469799 83
0.95302 93
-123456
0.0385757 84
0.961424 94
-123456
0.0748299 80
0.92517 90
-123456
-654321
0.0568182 82
0.943182 92
-123456
0.0181818 83
0.981818 93
-123456
0.0437158 84
0.956284 94
-123456
0.0391645 85
0.960836 95
-123456
0.0131579 80
0.986842 90
-123456
0.047619 81
0.952381 91
-123456
-654321
0.0315789 83
0.968421 93
-123456
0.042328 84
0.957672 94
-123456
0.0131579 85
0.986842 95
-123456
0.0522244 86
0.947776 96
-123456
0.03125 81
0.96875 91
-123456
0.048913 80
0.951087 90
-123456
0.0360825 82
0.963918 92
-123456
-654321
0.0394737 84
0.960526 94
-123456
0.0298507 85
0.970149 95
-123456
0.026087 86
0.973913 96
-123456
0.0286169 87
0.971383 97
-123456
0.0679612 82
0.932039 92
-123456
0.0353535 81
0.964646 91
-123456
0.0366492 80
0.963351 90
-123456
0.0208333 83
0.979167 93
-123456
-654321
0.0524345 85
0.947566 95
-123456
0.0300752 86
0.969925 96
-123456
0.0307692 87
0.969231 97
-123456
0.0356265 88
0.964373 98
-123456
0.0497925 83
0.950207 93
-123456
0.0329218 82
0.967078 92
-123456
0.0506912 81
0.949309 91
-123456
0.030837 80
0.969163 90
-123456
0.0221239 84
0.977876 94
-123456
-654321
0.0477612 86
0.952239 96
-123456
0.0266272 87
0.973373 97
-123456
0.02849 88
0.97151 98
-123456
0.0366636 89
0.963336 99
-123456
0.0421348 84
0.957865 94
-123456
0.0348837 83
0.965116 93
-123456
0.0395778 82
0.960422 92
-123456
0.028125 81
0.971875 91
-123456
0.0369318 85
0.963068 95
-123456
-654321
0.0508021 87
0.949198 97
-123456
0.0382653 88
0.961735 98
-123456
0.0394511 89
0.960549 99
-123456
0.0291777 85
0.970822 95
-123456
0.0580111 84
0.941989 94
-123456
0.0465753 83
0.953425 93
-123456
0.0606061 82
0.939394 92
-123456
0.0443038 86
0.955696 96
-123456
-654321
0.0367816 88
0.963218 98
-123456
0.0352622 89
0.964738 99
-123456
0.0408163 86
0.959184 96
-123456
0.0481928 85
0.951807 95
-123456
0.0263852 84
0.973615 94
-123456
0.0382775 83
0.961722 93
-123456
0.0458015 87
0.954198 97
-123456
-654321
0.0429498 89
0.95705 99
-123456
0.043659 87
0.956341 97
-123456
0.0364807 86
0.963519 96
-123456
0.0403846 85
0.959615 95
-123456
0.0385396 84
0.96146 94
-123456
0.037702 88
0.962298 98
-123456
-654321
0.000832639 48
0.0407993 88
0.958368 98
-123456
0.0451727 87
0.954827 97
-123456
0.0429185 86
0.957082 96
-123456
0.0346051 85
0.965395 95
-123456
0.0366826 89
0.963317 99
-123456
-654321
