0.957396 1
0.0420118 21
0.000591716 81
-123456
0.964473 2
0.0355271 22
-123456
0.962338 3
0.0376616 23
-123456
0.95979 4
0.0402098 24
-123456
0.956731 0
0.0432692 20
-123456
-654321
0.955645 2
0.0443548 22
-123456
0.971686 3
0.028314 23
-123456
0.959545 4
0.0404551 24
-123456
0.963684 5
0.0363165 25
-123456
0.963045 0
0.0369553 20
-123456
0.960526 1
0.0381579 21
0.00131579 101
-123456
-654321
0.947598 3
0.0524017 23
-123456
0.951219 4
0.0487805 24
-123456
0.953891 5
0.0461095 25
-123456
0.95339 6
0.0466102 26
-123456
0.963691 1
0.0363086 21
-123456
0.966809 0
0.0326552 20
0.000535332 80
-123456
0.948949 2
0.0510511 22
-123456
-654321
0.951846 4
0.046549 24
0.00160514 84
-123456
0.957997 5
0.0420032 25
-123456
0.954614 6
0.0453858 26
-123456
0.952537 7
0.0474632 27
-123456
0.963415 2
0.0365854 22
-123456
0.958199 1
0.0418006 21
-123456
0.960474 0
0.0395257 20
-123456
0.970228 3
0.0297723 23
-123456
-654321
0.936131 5
0.0638686 25
-123456
0.97227 6
0.0277296 26
-123456
0.977444 7
0.0225564 27
-123456
0.957295 8
0.0427046 28
-123456
0.967128 3
0.032872 23
-123456
0.962049 2
0.0379507 22
-123456
0.968198 1
0.0318021 21
-123456
0.960159 0
0.0398406 20
-123456
0.968641 4
0.0313589 24
-123456
-654321
0.938338 6
0.0616622 26
-123456
0.956019 7
0.0439815 27
-123456
0.949153 8
0.0508475 28
-123456
0.963446 9
0.0339426 29
0.00261097 109
-123456
0.971084 4
0.0289157 24
-123456
0.944828 3
0.0551724 23
-123456
0.957393 2
0.0426065 22
-123456
0.962963 1
0.037037 21
-123456
0.966234 5
0.0337662 25
-123456
-654321
0.947977 7
0.0520231 27
-123456
0.939655 8
0.0603448 28
-123456
0.967568 9
0.0324324 29
-123456
0.972892 10
0.0271084 30
-123456
0.94026 5
0.0597403 25
-123456
0.973373 4
0.0266272 24
-123456
0.982143 3
0.0178571 23
-123456
0.955611 2
0.0443886 22
-123456
0.968481 6
0.0315186 26
-123456
-654321
0.955975 8
0.0440252 28
-123456
0.967532 9
0.0324675 29
-123456
0.96 10
0.04 30
-123456
0.94964 11
0.0503597 31
-123456
0.95098 6
0.0490196 26
-123456
0.959184 5
0.0408163 25
-123456
0.964744 4
0.0352564 24
-123456
0.964563 3
0.0354374 23
-123456
0.969136 7
0.0308642 27
-123456
-654321
0.967871 9
0.0321285 29
-123456
0.939759 10
0.060241 30
-123456
0.971429 11
0.0285714 31
-123456
0.964706 12
0.0352941 32
-123456
0.952569 7
0.0434783 27
0.00395257 107
-123456
0.954545 6
0.0454545 26
-123456
0.970339 5
0.029661 25
-123456
0.963636 4
0.0363636 24
-123456
0.979079 8
0.0209205 28
-123456
-654321
0.972222 10
0.0277778 30
-123456
0.972603 11
0.0273973 31
-123456
0.97449 12
0.0255102 32
-123456
0.965854 13
0.0341463 33
-123456
0.955224 8
0.039801 28
0.00497512 108
-123456
0.980861 7
0.0191388 27
-123456
0.979381 6
0.0206186 26
-123456
0.955453 5
0.0445469 25
-123456
0.945148 9
0.0548523 29
-123456
-654321
0.934211 11
0.0657895 31
-123456
0.940476 12
0.0595238 32
-123456
0.959732 13
0.0402685 33
-123456
0.971264 14
0.0287356 34
-123456
0.962733 9
0.0372671 29
-123456
0.95 8
0.05 28
-123456
0.964912 7
0.0350877 27
-123456
0.961326 6
0.038674 26
-123456
0.966851 10
0.0331492 30
-123456
-654321
0.992958 12
0.00704225 32
-123456
0.985401 13
0.0145985 33
-123456
0.992908 14
0.0070922 34
-123456
0.941176 15
0.0588235 35
-123456
0.968254 10
0.031746 30
-123456
0.969466 9
0.0305344 29
-123456
0.934307 8
0.0656934 28
-123456
0.962472 7
0.0375276 27
-123456
0.961832 11
0.0381679 31
-123456
-654321
0.982906 13
0.017094 33
-123456
0.9375 14
0.0625 34
-123456
0.980952 15
0.0190476 35
-123456
0.967742 16
0.0322581 36
-123456
0.946903 11
0.0530973 31
-123456
0.962406 10
0.037594 30
-123456
0.981651 9
0.0183486 29
-123456
0.979112 8
0.0208877 28
-123456
0.947368 12
0.0526316 32
-123456
-654321
0.959184 14
0.0408163 34
-123456
0.979381 15
0.0206186 35
-123456
0.981132 16
0.0188679 36
-123456
0.972222 17
0.0277778 37
-123456
0.943182 12
0.0568182 32
-123456
0.932039 11
0.0679612 31
-123456
0.969388 10
0.0306122 30
-123456
0.974922 9
0.0250784 29
-123456
0.969072 13
0.0309278 33
-123456
-654321
0.989796 15
0.0102041 35
-123456
0.955556 16
0.0444444 36
-123456
0.935897 17
0.0641026 37
-123456
0.970874 18
0.0291262 38
-123456
0.973684 13
0.0263158 33
-123456
0.987013 12
0.012987 32
-123456
0.954545 11
0.0340909 31
0.0113636 111
-123456
0.976471 10
0.0235294 30
-123456
0.955056 14
0.0449438 34
-123456
-654321
0.970588 16
0.0294118 36
-123456
0.977528 17
0.0224719 37
-123456
0.973684 18
0.0263158 38
-123456
0.925 19
0.075 39
-123456
0.957143 14
0.0428571 34
-123456
0.955224 13
0.0447761 33
-123456
0.927536 12
0.0724638 32
-123456
0.959091 11
0.0409091 31
-123456
0.975 15
0.025 35
-123456
-654321
0.95082 17
0.0491803 37
-123456
0.984615 18
0.0153846 38
-123456
0.923077 19
0.0769231 39
-123456
0.961538 15
0.0384615 35
-123456
0.982759 14
0.0172414 34
-123456
0.986111 13
0.0138889 33
-123456
0.951613 12
0.0483871 32
-123456
1 16
-123456
-654321
0.980392 18
0.0196078 38
-123456
0.971429 19
0.0285714 39
-123456
0.967742 16
0.0322581 36
-123456
0.929825 15
0.0701754 35
-123456
1 14
-123456
0.951515 13
0.0484848 33
-123456
0.985294 17
0.0147059 37
-123456
-654321
0.923077 19
0.0769231 39
-123456
0.936508 17
0.0634921 37
-123456
0.945455 16
0.0545455 36
-123456
0.982456 15
0.0175439 35
-123456
0.930769 14
0.0692308 34
-123456
0.95 18
0.05 38
-123456
-654321
0.983051 18
0.0169492 38
-123456
0.982759 17
0.0172414 37
-123456
0.978261 16
0.0217391 36
-123456
0.972222 15
0.0277778 35
-123456
0.925 19
0.075 39
-123456
-654321
0.0705521 1
0.846626 21
0.0828221 41
-123456
0.089701 2
0.887043 22
0.0232558 42
-123456
0.0865385 3
0.830128 23
0.0833333 43
-123456
0.0924658 4
0.804795 24
0.10274 44
-123456
0.0653595 0
0.859477 20
0.0751634 40
-123456
-654321
0.0849754 2
0.818965 22
0.0960591 42
-123456
0.0867052 3
0.83237 23
0.0809249 43
-123456
0.0798898 4
0.848485 24
0.0716253 44
-123456
0.101744 5
0.825581 25
0.0726744 45
-123456
0.0898551 0
0.82029 20
0.0898551 40
-123456
0.110553 1
0.811558 21
0.0778894 41
-123456
-654321
0.0973631 3
0.780933 23
0.121704 43
-123456
0.0801603 4
0.801603 24
0.118236 44
-123456
0.0813705 5
0.794433 25
0.124197 45
-123456
0.101594 6
0.772908 26
0.125498 46
-123456
0.0828729 1
0.802947 21
0.11418 41
-123456
0.0918803 0
0.788462 20
0.119658 40
-123456
0.0814442 2
0.804366 22
0.11419 42
-123456
-654321
0.0754717 4
0.841509 24
0.0830189 44
-123456
0.0836364 5
0.814545 25
0.101818 45
-123456
0.0688406 6
0.855072 26
0.076087 46
-123456
0.092 7
0.816 27
0.092 47
-123456
0.080292 2
0.830657 22
0.0890511 42
-123456
0.0772834 1
0.840749 21
0.0819672 41
-123456
0.0948905 0
0.813869 20
0.0912409 40
-123456
0.093633 3
0.827715 23
0.0786517 43
-123456
-654321
0.0958904 5
0.789954 25
0.114155 45
-123456
0.126904 6
0.807107 26
0.0659898 46
-123456
0.0744186 7
0.865116 27
0.0604651 47
-123456
0.0794979 8
0.799163 28
0.121339 48
-123456
0.0526316 3
0.855263 23
0.0921053 43
-123456
0.0974026 2
0.805195 22
0.0974026 42
-123456
0.0888889 1
0.834343 21
0.0767677 41
-123456
0.0628019 0
0.84058 20
0.0966184 40
-123456
0.0913043 4
0.826087 24
0.0826087 44
-123456
-654321
0.123223 6
0.810427 26
0.0663507 46
-123456
0.114679 7
0.802752 27
0.0825688 47
-123456
0.0810811 8
0.859459 28
0.0594595 48
-123456
0.0714286 9
0.819048 29
0.109524 49
-123456
0.0815217 4
0.788043 24
0.130435 44
-123456
0.0793651 3
0.804233 23
0.116402 43
-123456
0.0882852 2
0.797963 22
0.113752 42
-123456
0.0724638 1
0.850242 21
0.0772947 41
-123456
0.0871795 5
0.794872 25
0.117949 45
-123456
-654321
0.112426 7
0.828402 27
0.0591716 47
-123456
0.0714286 8
0.827381 28
0.10119 48
-123456
0.104167 9
0.777778 29
0.118056 49
-123456
0.0487805 10
0.853659 30
0.097561 50
-123456
0.0641711 5
0.786096 25
0.149733 45
-123456
0.122995 4
0.759358 24
0.117647 44
-123456
0.0972222 3
0.8125 23
0.0902778 43
-123456
0.0987203 2
0.808044 22
0.0932358 42
-123456
0.157303 6
0.797753 26
0.0449438 46
-123456
-654321
0.056338 8
0.84507 28
0.0985916 48
-123456
0.102362 9
0.826772 29
0.0708661 49
-123456
0.0992366 10
0.816794 30
0.0839695 50
-123456
0.0687023 11
0.832061 31
0.0992366 51
-123456
0.117284 6
0.796296 26
0.0864198 46
-123456
0.109375 5
0.78125 25
0.109375 45
-123456
0.106383 4
0.808511 24
0.0851064 44
-123456
0.0761523 3
0.811623 23
0.112224 43
-123456
0.088 7
0.824 27
0.088 47
-123456
-654321
0.0403226 9
0.862903 29
0.0967742 49
-123456
0.101562 10
0.804688 30
0.09375 50
-123456
0.0793651 11
0.809524 31
0.111111 51
-123456
0.0841122 12
0.775701 32
0.140187 52
-123456
0.0731707 7
0.869919 27
0.0569106 47
-123456
0.0761905 6
0.819048 26
0.104762 46
-123456
0.126126 5
0.783784 25
0.0900901 45
-123456
0.101333 4
0.821333 24
0.0773333 44
-123456
0.0540541 8
0.882883 28
0.0630631 48
-123456
-654321
0.0458716 10
0.899083 30
0.0550459 50
-123456
0.104167 11
0.8125 31
0.0833333 51
-123456
0.0957447 12
0.829787 32
0.0744681 52
-123456
0.114583 13
0.770833 33
0.114583 53
-123456
0.0714286 8
0.77551 28
0.153061 48
-123456
0.0851064 7
0.851064 27
0.0638298 47
-123456
0.0918367 6
0.846939 26
0.0612245 46
-123456
0.109635 5
0.830565 25
0.0598007 45
-123456
0.107527 9
0.784946 29
0.107527 49
-123456
-654321
0.0736842 11
0.884211 31
0.0421053 51
-123456
0.118812 12
0.841584 32
0.039604 52
-123456
0.121951 13
0.804878 33
0.0731707 53
-123456
0.157303 14
0.764045 34
0.0786517 54
-123456
0.091954 9
0.804598 29
0.103448 49
-123456
0.0879121 8
0.835165 28
0.0769231 48
-123456
0.0762712 7
0.847458 27
0.0762712 47
-123456
0.118812 6
0.79703 26
0.0841584 46
-123456
0.0909091 10
0.828283 30
0.0808081 50
-123456
-654321
0.171053 12
0.723684 32
0.105263 52
-123456
0.108108 13
0.837838 33
0.0540541 53
-123456
0.0869565 14
0.826087 34
0.0869565 54
-123456
0.0886076 15
0.860759 35
0.0506329 55
-123456
0.0357143 10
0.875 30
0.0892857 50
-123456
0.0757576 9
0.878788 29
0.0454545 49
-123456
0.0752688 8
0.83871 28
0.0860215 48
-123456
0.0826087 7
0.843478 27
0.073913 47
-123456
0.125 11
0.805556 31
0.0694444 51
-123456
-654321
0.153846 13
0.753846 33
0.0923077 53
-123456
0.137931 14
0.827586 34
0.0344828 54
-123456
0.0980392 15
0.862745 35
0.0392157 55
-123456
0.150943 16
0.811321 36
0.0377358 56
-123456
0.114286 11
0.8 31
0.0857143 51
-123456
0.0754717 10
0.90566 30
0.0188679 50
-123456
0.166667 9
0.757576 29
0.0757576 49
-123456
0.0786517 8
0.820225 28
0.101124 48
-123456
0.0545455 12
0.909091 32
0.0363636 52
-123456
-654321
0.175 14
0.75 34
0.075 54
-123456
0.0833333 15
0.875 35
0.0416667 55
-123456
0.102041 16
0.877551 36
0.0204082 56
-123456
0.142857 17
0.833333 37
0.0238095 57
-123456
0.113208 12
0.754717 32
0.132075 52
-123456
0.0980392 11
0.882353 31
0.0196078 51
-123456
0.0566038 10
0.90566 30
0.0377358 50
-123456
0.11976 9
0.832335 29
0.0479042 49
-123456
0.150943 13
0.735849 33
0.113208 53
-123456
-654321
0.0930233 15
0.813953 35
0.0930233 55
-123456
0.236842 16
0.736842 36
0.0263158 56
-123456
0.15 17
0.775 37
0.075 57
-123456
0.147059 18
0.735294 38
0.117647 58
-123456
0.111111 13
0.8 33
0.0888889 53
-123456
0.0769231 12
0.846154 32
0.0769231 52
-123456
0.153846 11
0.820513 31
0.025641 51
-123456
0.1 10
0.838462 30
0.0615385 50
-123456
0.152174 14
0.76087 34
0.0869565 54
-123456
-654321
0.0714286 16
0.857143 36
0.0714286 56
-123456
0.2 17
0.725 37
0.075 57
-123456
0.0666667 18
0.9 38
0.0333333 58
-123456
0.05 19
0.875 39
0.075 59
-123456
0.0238095 14
0.880952 34
0.0952381 54
-123456
0.027027 13
0.891892 33
0.0810811 53
-123456
0.0869565 12
0.847826 32
0.0652174 52
-123456
0.0508475 11
0.864407 31
0.0847458 51
-123456
0.0851064 15
0.87234 35
0.0425532 55
-123456
-654321
0.107143 17
0.785714 37
0.107143 57
-123456
0.0285714 18
0.857143 38
0.114286 58
-123456
0.130435 19
0.826087 39
0.0434783 59
-123456
0.0769231 15
0.846154 35
0.0769231 55
-123456
0.075 14
0.85 34
0.075 54
-123456
0.111111 13
0.814815 33
0.0740741 53
-123456
0.0704225 12
0.802817 32
0.126761 52
-123456
0.148148 16
0.777778 36
0.0740741 56
-123456
-654321
0.0909091 18
0.909091 38
-123456
0.142857 19
0.828571 39
0.0285714 59
-123456
0.16 16
0.84 36
-123456
0.0666667 15
0.866667 35
0.0666667 55
-123456
0.0769231 14
0.923077 34
-123456
0.102941 13
0.867647 33
0.0294118 53
-123456
0.0833333 17
0.833333 37
0.0833333 57
-123456
-654321
0.117647 19
0.764706 39
0.117647 59
-123456
0.0740741 17
0.814815 37
0.111111 57
-123456
0.08 16
0.92 36
-123456
0.142857 15
0.785714 35
0.0714286 55
-123456
0.0925926 14
0.851852 34
0.0555556 54
-123456
0.0740741 18
0.814815 38
0.111111 58
-123456
-654321
0.0416667 18
0.958333 38
-123456
0.111111 17
0.814815 37
0.0740741 57
-123456
0.153846 16
0.846154 36
-123456
0.0847458 15
0.864407 35
0.0508475 55
-123456
0.941176 39
0.0588235 59
-123456
-654321
0.0972973 21
0.751351 41
0.151351 61
-123456
0.136364 22
0.747475 42
0.116162 62
-123456
0.127321 23
0.721485 43
0.151194 63
-123456
0.087156 24
0.788991 44
0.123853 64
-123456
0.10582 20
0.793651 40
0.100529 60
-123456
-654321
0.08 22
0.83 42
0.09 62
-123456
0.0751073 23
0.830472 43
0.0944206 63
-123456
0.1 24
0.7875 44
0.1125 64
-123456
0.0967742 25
0.817204 45
0.0860215 65
-123456
0.0765027 20
0.803279 40
0.120219 60
-123456
0.0924855 21
0.809249 41
0.0982659 61
-123456
-654321
0.0769231 23
0.826514 43
0.096563 63
-123456
0.0904977 24
0.819005 44
0.0904977 64
-123456
0.0714286 25
0.814286 45
0.114286 65
-123456
0.0779817 26
0.825688 46
0.0963303 66
-123456
0.0871795 21
0.820513 41
0.0923077 61
-123456
0.0833333 20
0.791667 40
0.125 60
-123456
0.10084 22
0.781513 42
0.117647 62
-123456
-654321
0.0767386 24
0.808153 44
0.115108 64
-123456
0.115288 25
0.77193 45
0.112782 65
-123456
0.111675 26
0.746193 46
0.142132 66
-123456
0.103093 27
0.757732 47
0.139175 67
-123456
0.121212 22
0.734266 42
0.144522 62
-123456
0.140884 21
0.712707 41
0.146409 61
-123456
0.111922 20
0.746959 40
0.141119 60
-123456
0.114407 23
0.744915 43
0.140678 63
-123456
-654321
0.0618557 25
0.835052 45
0.103093 65
-123456
0.12 26
0.76 46
0.12 66
-123456
0.085 27
0.8 47
0.115 67
-123456
0.0824176 28
0.791209 48
0.126374 68
-123456
0.0943739 23
0.787659 43
0.117967 63
-123456
0.0956938 22
0.799043 42
0.105263 62
-123456
0.0611111 21
0.855556 41
0.0833333 61
-123456
0.0655738 20
0.814208 40
0.120219 60
-123456
0.0930233 24
0.80814 44
0.0988372 64
-123456
-654321
0.0648649 26
0.832432 46
0.102703 66
-123456
0.102273 27
0.772727 47
0.125 67
-123456
0.0735294 28
0.803922 48
0.122549 68
-123456
0.0945274 29
0.800995 49
0.104478 69
-123456
0.0738916 24
0.82266 44
0.103448 64
-123456
0.103279 23
0.8 43
0.0967213 63
-123456
0.0883721 22
0.8 42
0.111628 62
-123456
0.0895522 21
0.820895 41
0.0895522 61
-123456
0.122905 25
0.787709 45
0.0893855 65
-123456
-654321
0.14 27
0.76 47
0.1 67
-123456
0.0390625 28
0.8125 48
0.148438 68
-123456
0.111111 29
0.762963 49
0.125926 69
-123456
0.0986842 30
0.835526 50
0.0657895 70
-123456
0.0844156 25
0.844156 45
0.0714286 65
-123456
0.120482 24
0.825301 44
0.0542169 64
-123456
0.120879 23
0.725275 43
0.153846 63
-123456
0.0864662 22
0.823308 42
0.0902256 62
-123456
0.110429 26
0.785276 46
0.104294 66
-123456
-654321
0.128571 28
0.75 48
0.121429 68
-123456
0.0970149 29
0.746269 49
0.156716 69
-123456
0.174825 30
0.734266 50
0.0909091 70
-123456
0.115108 31
0.776978 51
0.107914 71
-123456
0.101562 26
0.742188 46
0.15625 66
-123456
0.0821918 25
0.80137 45
0.116438 65
-123456
0.107143 24
0.821429 44
0.0714286 64
-123456
0.110375 23
0.781457 43
0.108168 63
-123456
0.0984849 27
0.757576 47
0.143939 67
-123456
-654321
0.1 29
0.825 49
0.075 69
-123456
0.0901639 30
0.811475 50
0.0983607 70
-123456
0.0707965 31
0.867257 51
0.0619469 71
-123456
0.13 32
0.77 52
0.1 72
-123456
0.125 27
0.776786 47
0.0982143 67
-123456
0.0956522 26
0.8 46
0.104348 66
-123456
0.0958333 25
0.8125 45
0.0916667 65
-123456
0.156863 24
0.769608 44
0.0735294 64
-123456
0.108108 28
0.774775 48
0.117117 68
-123456
-654321
0.105263 30
0.780702 50
0.114035 70
-123456
0.103093 31
0.814433 51
0.0824742 71
-123456
0.11236 32
0.820225 52
0.0674157 72
-123456
0.14 33
0.72 53
0.14 73
-123456
0.107527 28
0.827957 48
0.0645161 68
-123456
0.0917431 27
0.825688 47
0.0825688 67
-123456
0.0666667 26
0.877778 46
0.0555556 66
-123456
0.109541 25
0.805654 45
0.0848057 65
-123456
0.159091 29
0.772727 49
0.0681818 69
-123456
-654321
0.0945946 31
0.797297 51
0.108108 71
-123456
0.0789474 32
0.789474 52
0.131579 72
-123456
0.138614 33
0.782178 53
0.0792079 73
-123456
0.125 34
0.763889 54
0.111111 74
-123456
0.144737 29
0.789474 49
0.0657895 69
-123456
0.136986 28
0.780822 48
0.0821918 68
-123456
0.10101 27
0.848485 47
0.050505 67
-123456
0.120536 26
0.794643 46
0.0848214 66
-123456
0.15 30
0.7375 50
0.1125 70
-123456
-654321
0.116667 32
0.766667 52
0.116667 72
-123456
0.133333 33
0.816667 53
0.05 73
-123456
0.109375 34
0.828125 54
0.0625 74
-123456
0.0493827 35
0.851852 55
0.0987654 75
-123456
0.149254 30
0.761194 50
0.0895522 70
-123456
0.151899 29
0.797468 49
0.0506329 69
-123456
0.0454545 28
0.909091 48
0.0454545 68
-123456
0.123894 27
0.792035 47
0.0840708 67
-123456
0.146667 31
0.8 51
0.0533333 71
-123456
-654321
0.222222 33
0.666667 53
0.111111 73
-123456
0.111111 34
0.793651 54
0.0952381 74
-123456
0.106383 35
0.787234 55
0.106383 75
-123456
0.130435 36
0.76087 56
0.108696 76
-123456
0.0697674 31
0.860465 51
0.0697674 71
-123456
0.109091 30
0.727273 50
0.163636 70
-123456
0.117647 29
0.823529 49
0.0588235 69
-123456
0.10929 28
0.79235 48
0.0983607 68
-123456
0.113636 32
0.795455 52
0.0909091 72
-123456
-654321
0.113208 34
0.830189 54
0.0566038 74
-123456
0.169811 35
0.660377 55
0.169811 75
-123456
0.137255 36
0.803922 56
0.0588235 76
-123456
0.075 37
0.775 57
0.15 77
-123456
0.148148 32
0.796296 52
0.0555556 72
-123456
0.114754 31
0.786885 51
0.0983607 71
-123456
0.0535714 30
0.892857 50
0.0535714 70
-123456
0.106383 29
0.829787 49
0.0638298 69
-123456
0.166667 33
0.8125 53
0.0208333 73
-123456
-654321
0.2 35
0.742857 55
0.0571429 75
-123456
0.146341 36
0.780488 56
0.0731707 76
-123456
0.153846 37
0.769231 57
0.0769231 77
-123456
0.0606061 38
0.878788 58
0.0606061 78
-123456
0.204082 33
0.77551 53
0.0204082 73
-123456
0.0882353 32
0.882353 52
0.0294118 72
-123456
0.0857143 31
0.842857 51
0.0714286 71
-123456
0.228261 30
0.695652 50
0.076087 70
-123456
0.142857 34
0.771429 54
0.0857143 74
-123456
-654321
0.16129 36
0.806452 56
0.0322581 76
-123456
0.111111 37
0.703704 57
0.185185 77
-123456
0.121212 38
0.818182 58
0.0606061 78
-123456
0.15 39
0.775 59
0.075 79
-123456
0.185185 34
0.666667 54
0.148148 74
-123456
0.130435 33
0.869565 53
-123456
0.121951 32
0.829268 52
0.0487805 72
-123456
0.133333 31
0.819048 51
0.047619 71
-123456
0.194444 35
0.75 55
0.0555556 75
-123456
-654321
0.0909091 37
0.878788 57
0.030303 77
-123456
0.114286 38
0.857143 58
0.0285714 78
-123456
1 59
-123456
0.125 35
0.708333 55
0.166667 75
-123456
0.0833333 34
0.777778 54
0.138889 74
-123456
0.0882353 33
0.823529 53
0.0882353 73
-123456
0.164179 32
0.731343 52
0.104478 72
-123456
0.0357143 36
0.821429 56
0.142857 76
-123456
-654321
0.210526 38
0.789474 58
-123456
0.172414 39
0.793103 59
0.0344828 79
-123456
0.0909091 36
0.772727 56
0.136364 76
-123456
0.214286 35
0.75 55
0.0357143 75
-123456
0.259259 34
0.703704 54
0.037037 74
-123456
0.151515 33
0.772727 53
0.0757576 73
-123456
0.166667 37
0.708333 57
0.125 77
-123456
-654321
0.0645161 39
0.83871 59
0.0967742 79
-123456
0.172414 37
0.827586 57
-123456
0.142857 36
0.785714 56
0.0714286 76
-123456
0.181818 35
0.772727 55
0.0454545 75
-123456
0.0943396 34
0.867925 54
0.0377358 74
-123456
0.115385 38
0.807692 58
0.0769231 78
-123456
-654321
0.148148 38
0.740741 58
0.111111 78
-123456
0.272727 37
0.681818 57
0.0454545 77
-123456
0.142857 36
0.821429 56
0.0357143 76
-123456
0.204545 35
0.75 55
0.0454545 75
-123456
0.291667 39
0.583333 59
0.125 79
-123456
-654321
0.0629921 41
0.740157 61
0.19685 81
-123456
0.126214 42
0.718447 62
0.15534 82
-123456
0.0748299 43
0.768707 63
0.156463 83
-123456
0.116183 44
0.726141 64
0.157676 84
-123456
0.0866142 40
0.755906 60
0.15748 80
-123456
-654321
0.105769 42
0.826923 62
0.0673077 82
-123456
0.115789 43
0.684211 63
0.2 83
-123456
0.109091 44
0.751515 64
0.139394 84
-123456
0.0972763 45
0.731517 65
0.171206 85
-123456
0.0857143 40
0.807143 60
0.107143 80
-123456
0.166667 41
0.657407 61
0.175926 81
-123456
-654321
0.13913 43
0.747826 63
0.113043 83
-123456
0.126761 44
0.7277 64
0.14554 84
-123456
0.0901639 45
0.79918 65
0.110656 85
-123456
0.0787402 46
0.779528 66
0.141732 86
-123456
0.127119 41
0.711864 61
0.161017 81
-123456
0.0873016 40
0.714286 60
0.198413 80
-123456
0.0787402 42
0.834646 62
0.0866142 82
-123456
-654321
0.0923913 44
0.782609 64
0.125 84
-123456
0.0935961 45
0.783251 65
0.123153 85
-123456
0.0612245 46
0.846939 66
0.0918367 86
-123456
0.113208 47
0.761006 67
0.125786 87
-123456
0.0774194 42
0.832258 62
0.0903226 82
-123456
0.0965909 41
0.801136 61
0.102273 81
-123456
0.0747126 40
0.804598 60
0.12069 80
-123456
0.0711462 43
0.822134 63
0.106719 83
-123456
-654321
0.115174 45
0.696527 65
0.1883 85
-123456
0.161111 46
0.627778 66
0.211111 86
-123456
0.108108 47
0.724324 67
0.167568 87
-123456
0.0846561 48
0.751323 68
0.164021 88
-123456
0.13587 43
0.701087 63
0.163043 83
-123456
0.151515 42
0.624242 62
0.224242 82
-123456
0.130682 41
0.710227 61
0.159091 81
-123456
0.129412 40
0.647059 60
0.223529 80
-123456
0.157233 44
0.72327 64
0.119497 84
-123456
-654321
0.125 46
0.772059 66
0.102941 86
-123456
0.168033 47
0.672131 67
0.159836 87
-123456
0.122137 48
0.744275 68
0.133588 88
-123456
0.152893 49
0.698347 69
0.14876 89
-123456
0.123145 44
0.716617 64
0.160237 84
-123456
0.121212 43
0.720539 63
0.158249 83
-123456
0.115385 42
0.753846 62
0.130769 82
-123456
0.150862 41
0.676724 61
0.172414 81
-123456
0.109091 45
0.763636 65
0.127273 85
-123456
-654321
0.142857 47
0.753247 67
0.103896 87
-123456
0.0598802 48
0.826347 68
0.113772 88
-123456
0.111842 49
0.802632 69
0.0855263 89
-123456
0.100671 50
0.771812 70
0.127517 90
-123456
0.106776 45
0.786448 65
0.106776 85
-123456
0.10119 44
0.803571 64
0.0952381 84
-123456
0.137681 43
0.753623 63
0.108696 83
-123456
0.100719 42
0.76259 62
0.136691 82
-123456
0.101351 46
0.75 66
0.148649 86
-123456
-654321
0.105263 48
0.81203 68
0.0827068 88
-123456
0.0915493 49
0.774648 69
0.133803 89
-123456
0.0620155 50
0.837209 70
0.100775 90
-123456
0.133333 51
0.733333 71
0.133333 91
-123456
0.0984849 46
0.80303 66
0.0984849 86
-123456
0.0942623 45
0.819672 65
0.0860656 85
-123456
0.122302 44
0.769784 64
0.107914 84
-123456
0.0985916 43
0.795775 63
0.105634 83
-123456
0.120805 47
0.818792 67
0.0604027 87
-123456
-654321
0.103704 49
0.807407 69
0.0888889 89
-123456
0.137097 50
0.75 70
0.112903 90
-123456
0.0748299 51
0.809524 71
0.115646 91
-123456
0.12381 52
0.733333 72
0.142857 92
-123456
0.171429 47
0.714286 67
0.114286 87
-123456
0.114286 46
0.792857 66
0.0928571 86
-123456
0.113924 45
0.762025 65
0.124051 85
-123456
0.161972 44
0.71831 64
0.119718 84
-123456
0.144 48
0.76 68
0.096 88
-123456
-654321
0.148148 50
0.759259 70
0.0925926 90
-123456
0.114286 51
0.72381 71
0.161905 91
-123456
0.109091 52
0.809091 72
0.0818182 92
-123456
0.181034 53
0.672414 73
0.146552 93
-123456
0.0808081 48
0.838384 68
0.0808081 88
-123456
0.0934579 47
0.803738 67
0.102804 87
-123456
0.135135 46
0.756757 66
0.108108 86
-123456
0.142384 45
0.738411 65
0.119205 85
-123456
0.144231 49
0.730769 69
0.125 89
-123456
-654321
0.0722892 51
0.771084 71
0.156627 91
-123456
0.141176 52
0.8 72
0.0588235 92
-123456
0.125 53
0.7875 73
0.0875 93
-123456
0.122222 54
0.833333 74
0.0444444 94
-123456
0.151163 49
0.767442 69
0.0813954 89
-123456
0.117647 48
0.813725 68
0.0686275 88
-123456
0.0888889 47
0.855556 67
0.0555556 87
-123456
0.118467 46
0.801394 66
0.0801394 86
-123456
0.125 50
0.791667 70
0.0833333 90
-123456
-654321
0.0930233 52
0.825581 72
0.0813954 92
-123456
0.202532 53
0.696203 73
0.101266 93
-123456
0.0779221 54
0.857143 74
0.0649351 94
-123456
0.0684932 55
0.835616 75
0.0958904 95
-123456
0.202703 50
0.797297 70
-123456
0.107527 49
0.741935 69
0.150538 89
-123456
0.142857 48
0.747899 68
0.109244 88
-123456
0.176471 47
0.715686 67
0.107843 87
-123456
0.146667 51
0.733333 71
0.12 91
-123456
-654321
0.160714 53
0.803571 73
0.0357143 93
-123456
0.127273 54
0.763636 74
0.109091 94
-123456
0.0833333 55
0.816667 75
0.1 95
-123456
0.147541 56
0.737705 76
0.114754 96
-123456
0.137931 51
0.775862 71
0.0862069 91
-123456
0.0857143 50
0.8 70
0.114286 90
-123456
0.0657895 49
0.842105 69
0.0921053 89
-123456
0.116402 48
0.809524 68
0.0740741 88
-123456
0.156863 52
0.784314 72
0.0588235 92
-123456
-654321
0.145455 54
0.8 74
0.0545455 94
-123456
0.0925926 55
0.851852 75
0.0555556 95
-123456
0.156863 56
0.745098 76
0.0980392 96
-123456
0.125 57
0.767857 77
0.107143 97
-123456
0.111111 52
0.759259 72
0.12963 92
-123456
0.148148 51
0.833333 71
0.0185185 91
-123456
0.22449 50
0.714286 70
0.0612245 90
-123456
0.178571 49
0.744048 69
0.077381 89
-123456
0.226415 53
0.698113 73
0.0754717 93
-123456
-654321
0.225 55
0.75 75
0.025 95
-123456
0.173913 56
0.782609 76
0.0434783 96
-123456
0.195122 57
0.780488 77
0.0243902 97
-123456
0.08 58
0.8 78
0.12 98
-123456
0.160714 53
0.75 73
0.0892857 93
-123456
0.0731707 52
0.829268 72
0.097561 92
-123456
0.132075 51
0.811321 71
0.0566038 91
-123456
0.147651 50
0.751678 70
0.100671 90
-123456
0.14 54
0.72 74
0.14 94
-123456
-654321
0.236842 56
0.736842 76
0.0263158 96
-123456
0.0666667 57
0.766667 77
0.166667 97
-123456
0.146341 58
0.780488 78
0.0731707 98
-123456
0.146341 59
0.756098 79
0.097561 99
-123456
0.111111 54
0.805556 74
0.0833333 94
-123456
0.181818 53
0.795455 73
0.0227273 93
-123456
0.0697674 52
0.860465 72
0.0697674 92
-123456
0.157025 51
0.77686 71
0.0661157 91
-123456
0.122449 55
0.836735 75
0.0408163 95
-123456
-654321
0.135135 57
0.72973 77
0.135135 97
-123456
0.128205 58
0.846154 78
0.025641 98
-123456
0.136364 59
0.863636 79
-123456
0.170732 55
0.731707 75
0.097561 95
-123456
0.0333333 54
0.833333 74
0.133333 94
-123456
0.115385 53
0.846154 73
0.0384615 93
-123456
0.170455 52
0.75 72
0.0795455 92
-123456
0.09375 56
0.78125 76
0.125 96
-123456
-654321
0.08 58
0.92 78
-123456
0.1 59
0.8 79
0.1 99
-123456
0.125 56
0.75 76
0.125 96
-123456
0.181818 55
0.757576 75
0.0606061 95
-123456
0.0625 54
0.84375 74
0.09375 94
-123456
0.147059 53
0.794118 73
0.0588235 93
-123456
0.208333 57
0.791667 77
-123456
-654321
0.136364 59
0.818182 79
0.0454545 99
-123456
0.08 57
0.8 77
0.12 97
-123456
0.216216 56
0.702703 76
0.0810811 96
-123456
0.129032 55
0.741935 75
0.129032 95
-123456
0.172414 54
0.810345 74
0.0172414 94
-123456
0.352941 58
0.5 78
0.147059 98
-123456
-654321
0.214286 58
0.75 78
0.0357143 98
-123456
0.210526 57
0.736842 77
0.0526316 97
-123456
0.166667 56
0.714286 76
0.119048 96
-123456
0.3125 55
0.65625 75
0.03125 95
-123456
0.1 59
0.8 79
0.1 99
-123456
-654321
0.0632911 61
0.708861 81
0.227848 101
-123456
0.0823529 62
0.764706 82
0.152941 102
-123456
0.109756 63
0.817073 83
0.0731707 103
-123456
0.0728155 64
0.76699 84
0.160194 104
-123456
0.0804598 60
0.758621 80
0.16092 100
-123456
-654321
0.0588235 62
0.847059 82
0.0941176 102
-123456
0.125 63
0.772727 83
0.102273 103
-123456
0.0819672 64
0.803279 84
0.114754 104
-123456
0.0703518 65
0.839196 85
0.0904523 105
-123456
0.08 60
0.79 80
0.13 100
-123456
0.0434783 61
0.847826 81
0.108696 101
-123456
-654321
0.149533 63
0.663551 83
0.186916 103
-123456
0.104167 64
0.760417 84
0.135417 104
-123456
0.0740741 65
0.861111 85
0.0648148 105
-123456
0.114504 66
0.744275 86
0.141221 106
-123456
0.0543478 61
0.76087 81
0.184783 101
-123456
0.11 60
0.76 80
0.13 100
-123456
0.116279 62
0.767442 82
0.116279 102
-123456
-654321
0.0964912 64
0.736842 84
0.166667 104
-123456
0.108108 65
0.756757 85
0.135135 105
-123456
0.095092 66
0.779141 86
0.125767 106
-123456
0.100917 67
0.733945 87
0.165138 107
-123456
0.0917431 62
0.761468 82
0.146789 102
-123456
0.0952381 61
0.704762 81
0.2 101
-123456
0.0967742 60
0.795699 80
0.107527 100
-123456
0.114583 63
0.708333 83
0.177083 103
-123456
-654321
0.104167 65
0.777778 85
0.118056 105
-123456
0.0894309 66
0.747967 86
0.162602 106
-123456
0.0831461 67
0.795506 87
0.121348 107
-123456
0.0610687 68
0.832061 88
0.10687 108
-123456
0.100719 63
0.769784 83
0.129496 103
-123456
0.0687023 62
0.770992 82
0.160305 102
-123456
0.0403226 61
0.806452 81
0.153226 101
-123456
0.0833333 60
0.791667 80
0.125 100
-123456
0.0529801 64
0.821192 84
0.125828 104
-123456
-654321
0.102804 66
0.806075 86
0.0911215 106
-123456
0.0591716 67
0.786982 87
0.153846 107
-123456
0.0979381 68
0.819588 88
0.0824742 108
-123456
0.136986 69
0.69863 89
0.164384 109
-123456
0.05 64
0.864286 84
0.0857143 104
-123456
0.0818713 63
0.795322 83
0.122807 103
-123456
0.0946746 62
0.798817 82
0.106509 102
-123456
0.126667 61
0.746667 81
0.126667 101
-123456
0.0794702 65
0.821192 85
0.0993377 105
-123456
-654321
0.109434 67
0.709434 87
0.181132 107
-123456
0.114796 68
0.719388 88
0.165816 108
-123456
0.100529 69
0.730159 89
0.169312 109
-123456
0.132653 70
0.714286 90
0.153061 110
-123456
0.117904 65
0.716157 85
0.165939 105
-123456
0.108108 64
0.751351 84
0.140541 104
-123456
0.0913462 63
0.774038 83
0.134615 103
-123456
0.0666667 62
0.772222 82
0.161111 102
-123456
0.136508 66
0.704762 86
0.15873 106
-123456
-654321
0.126582 68
0.749367 88
0.124051 108
-123456
0.10119 69
0.803571 89
0.0952381 109
-123456
0.140909 70
0.736364 90
0.122727 110
-123456
0.119658 71
0.717949 91
0.162393 111
-123456
0.128329 66
0.760291 86
0.11138 106
-123456
0.165829 65
0.718593 85
0.115578 105
-123456
0.10628 64
0.73913 84
0.154589 104
-123456
0.127168 63
0.728324 83
0.144509 103
-123456
0.172414 67
0.712644 87
0.114943 107
-123456
-654321
0.141463 69
0.746341 89
0.112195 109
-123456
0.171717 70
0.69697 90
0.131313 110
-123456
0.107317 71
0.765854 91
0.126829 111
-123456
0.107143 72
0.779762 92
0.113095 112
-123456
0.0935252 67
0.767986 87
0.138489 107
-123456
0.103448 66
0.784483 86
0.112069 106
-123456
0.109948 65
0.780105 85
0.109948 105
-123456
0.11236 64
0.769663 84
0.117978 104
-123456
0.152542 68
0.723164 88
0.124294 108
-123456
-654321
0.116279 70
0.837209 90
0.0465116 110
-123456
0.142857 71
0.769841 91
0.0873016 111
-123456
0.146341 72
0.723577 92
0.130081 112
-123456
0.175258 73
0.690722 93
0.134021 113
-123456
0.12963 68
0.722222 88
0.148148 108
-123456
0.142857 67
0.734694 87
0.122449 107
-123456
0.124402 66
0.76555 86
0.110048 106
-123456
0.118919 65
0.751351 85
0.12973 105
-123456
0.121739 69
0.730435 89
0.147826 109
-123456
-654321
0.17094 71
0.74359 91
0.0854701 111
-123456
0.102804 72
0.785047 92
0.11215 112
-123456
0.0819672 73
0.786885 93
0.131148 113
-123456
0.152672 74
0.770992 94
0.0763359 114
-123456
0.0952381 69
0.797619 89
0.107143 109
-123456
0.10559 68
0.782609 88
0.111801 108
-123456
0.153595 67
0.75817 87
0.0882353 107
-123456
0.194175 66
0.708738 86
0.0970874 106
-123456
0.205882 70
0.656863 90
0.137255 110
-123456
-654321
0.113636 72
0.784091 92
0.102273 112
-123456
0.129412 73
0.788235 93
0.0823529 113
-123456
0.16129 74
0.731183 94
0.107527 114
-123456
0.221053 75
0.715789 95
0.0631579 115
-123456
0.0964912 70
0.789474 90
0.114035 110
-123456
0.122137 69
0.778626 89
0.0992366 109
-123456
0.10929 68
0.781421 88
0.10929 108
-123456
0.153153 67
0.734234 87
0.112613 107
-123456
0.148148 71
0.753086 91
0.0987654 111
-123456
-654321
0.171053 73
0.75 93
0.0789474 113
-123456
0.153846 74
0.753846 94
0.0923077 114
-123456
0.176471 75
0.764706 95
0.0588235 115
-123456
0.188235 76
0.741176 96
0.0705882 116
-123456
0.166667 71
0.738095 91
0.0952381 111
-123456
0.0769231 70
0.830769 90
0.0923077 110
-123456
0.150685 69
0.767123 89
0.0821918 109
-123456
0.138095 68
0.757143 88
0.104762 108
-123456
0.132353 72
0.735294 92
0.132353 112
-123456
-654321
0.112903 74
0.774194 94
0.112903 114
-123456
0.0655738 75
0.852459 95
0.0819672 115
-123456
0.2 76
0.692308 96
0.107692 116
-123456
0.101695 77
0.864407 97
0.0338983 117
-123456
0.172414 72
0.706897 92
0.12069 112
-123456
0.118644 71
0.830508 91
0.0508475 111
-123456
0.13253 70
0.807229 90
0.060241 110
-123456
0.149351 69
0.74026 89
0.11039 109
-123456
0.240741 73
0.611111 93
0.148148 113
-123456
-654321
0.132075 75
0.792453 95
0.0754717 115
-123456
0.142857 76
0.693878 96
0.163265 116
-123456
0.14 77
0.82 97
0.04 117
-123456
0.0961538 78
0.807692 98
0.0961538 118
-123456
0.0925926 73
0.814815 93
0.0925926 113
-123456
0.152174 72
0.782609 92
0.0652174 112
-123456
0.12069 71
0.775862 91
0.103448 111
-123456
0.16875 70
0.71875 90
0.1125 110
-123456
0.1875 74
0.703125 94
0.109375 114
-123456
-654321
0.166667 76
0.714286 96
0.119048 116
-123456
0.214286 77
0.714286 97
0.0714286 117
-123456
0.175 78
0.7 98
0.125 118
-123456
0.0666667 79
0.866667 99
0.0666667 119
-123456
0.212766 74
0.723404 94
0.0638298 114
-123456
0.2 73
0.64 93
0.16 113
-123456
0.217391 72
0.73913 92
0.0434783 112
-123456
0.223077 71
0.692308 91
0.0846154 111
-123456
0.25 75
0.729167 95
0.0208333 115
-123456
-654321
0.263158 77
0.657895 97
0.0789474 117
-123456
0.103448 78
0.827586 98
0.0689655 118
-123456
0.0967742 79
0.806452 99
0.0967742 119
-123456
0.257143 75
0.6 95
0.142857 115
-123456
0.216216 74
0.702703 94
0.0810811 114
-123456
0.133333 73
0.733333 93
0.133333 113
-123456
0.126582 72
0.810127 92
0.0632911 112
-123456
0.214286 76
0.714286 96
0.0714286 116
-123456
-654321
0.15625 78
0.75 98
0.09375 118
-123456
0.205128 79
0.794872 99
-123456
0.206897 76
0.724138 96
0.0689655 116
-123456
0.0625 75
0.8125 95
0.125 115
-123456
0.0952381 74
0.809524 94
0.0952381 114
-123456
0.156627 73
0.807229 93
0.0361446 113
-123456
0.0789474 77
0.868421 97
0.0526316 117
-123456
-654321
0.0833333 79
0.875 99
0.0416667 119
-123456
0.228571 77
0.685714 97
0.0857143 117
-123456
0.24 76
0.72 96
0.04 116
-123456
0.225806 75
0.580645 95
0.193548 115
-123456
0.183099 74
0.732394 94
0.084507 114
-123456
0.0909091 78
0.772727 98
0.136364 118
-123456
-654321
0.346154 78
0.615385 98
0.0384615 118
-123456
0.189189 77
0.756757 97
0.0540541 117
-123456
0.230769 76
0.692308 96
0.0769231 116
-123456
0.134328 75
0.80597 95
0.0597015 115
-123456
0.189189 79
0.810811 99
-123456
-654321
0.0819672 81
0.721311 101
0.196721 121
-123456
0.0526316 82
0.789474 102
0.157895 122
-123456
0.0819672 83
0.737705 103
0.180328 123
-123456
0.0854701 84
0.717949 104
0.196581 124
-123456
0.152174 80
0.782609 100
0.0652174 120
-123456
-654321
0.0634921 82
0.809524 102
0.126984 122
-123456
0.03125 83
0.8125 103
0.15625 123
-123456
0.0666667 84
0.75 104
0.183333 124
-123456
0.116129 85
0.709677 105
0.174194 125
-123456
0.031746 80
0.793651 100
0.174603 120
-123456
0.112903 81
0.709677 101
0.177419 121
-123456
-654321
0.084507 83
0.788732 103
0.126761 123
-123456
0.075 84
0.8 104
0.125 124
-123456
0.0481928 85
0.795181 105
0.156627 125
-123456
0.08125 86
0.78125 106
0.1375 126
-123456
0.131579 81
0.710526 101
0.157895 121
-123456
0.0322581 80
0.854839 100
0.112903 120
-123456
0.0933333 82
0.826667 102
0.08 122
-123456
-654321
0.0989011 84
0.736264 104
0.164835 124
-123456
0.0958904 85
0.753425 105
0.150685 125
-123456
0.092233 86
0.747573 106
0.160194 126
-123456
0.0923077 87
0.761538 107
0.146154 127
-123456
0.136364 82
0.727273 102
0.136364 122
-123456
0.0632911 81
0.78481 101
0.151899 121
-123456
0.142857 80
0.742857 100
0.114286 120
-123456
0.120879 83
0.725275 103
0.153846 123
-123456
-654321
0.195122 85
0.634146 105
0.170732 125
-123456
0.108434 86
0.722892 106
0.168675 126
-123456
0.0909091 87
0.760331 107
0.14876 127
-123456
0.131757 88
0.689189 108
0.179054 128
-123456
0.06 83
0.83 103
0.11 123
-123456
0.152941 82
0.764706 102
0.0823529 122
-123456
0.119048 81
0.75 101
0.130952 121
-123456
0.0952381 80
0.714286 100
0.190476 120
-123456
0.0606061 84
0.79798 104
0.141414 124
-123456
-654321
0.0956522 86
0.756522 106
0.147826 126
-123456
0.130841 87
0.747664 107
0.121495 127
-123456
0.151899 88
0.71519 108
0.132911 128
-123456
0.141593 89
0.734513 109
0.123894 129
-123456
0.141509 84
0.754717 104
0.103774 124
-123456
0.0909091 83
0.79798 103
0.111111 123
-123456
0.0686275 82
0.77451 102
0.156863 122
-123456
0.0978261 81
0.76087 101
0.141304 121
-123456
0.0927835 85
0.773196 105
0.134021 125
-123456
-654321
0.137725 87
0.676647 107
0.185629 127
-123456
0.106771 88
0.729167 108
0.164062 128
-123456
0.166667 89
0.708333 109
0.125 129
-123456
0.0839695 90
0.854962 110
0.0610687 130
-123456
0.0839695 85
0.78626 105
0.129771 125
-123456
0.0857143 84
0.790476 104
0.12381 124
-123456
0.0887097 83
0.806452 103
0.104839 123
-123456
0.0756303 82
0.773109 102
0.151261 122
-123456
0.0634921 86
0.833333 106
0.103175 126
-123456
-654321
0.126984 88
0.769841 108
0.103175 128
-123456
0.145 89
0.73 109
0.125 129
-123456
0.111732 90
0.73743 110
0.150838 130
-123456
0.140244 91
0.756098 111
0.103659 131
-123456
0.10274 86
0.787671 106
0.109589 126
-123456
0.134228 85
0.724832 105
0.14094 125
-123456
0.128378 84
0.722973 104
0.148649 124
-123456
0.125786 83
0.748428 103
0.125786 123
-123456
0.110345 87
0.786207 107
0.103448 127
-123456
-654321
0.152091 89
0.680608 109
0.1673 129
-123456
0.179592 90
0.702041 110
0.118367 130
-123456
0.144068 91
0.724576 111
0.131356 131
-123456
0.12782 92
0.703008 112
0.169173 132
-123456
0.168142 87
0.650442 107
0.181416 127
-123456
0.134387 86
0.735178 106
0.130435 126
-123456
0.102362 85
0.76378 105
0.133858 125
-123456
0.159483 84
0.668103 104
0.172414 124
-123456
0.132927 88
0.695122 108
0.171951 128
-123456
-654321
0.0828402 90
0.792899 110
0.12426 130
-123456
0.0892857 91
0.75 111
0.160714 131
-123456
0.124031 92
0.728682 112
0.147287 132
-123456
0.125 93
0.741071 113
0.133929 133
-123456
0.174194 88
0.741935 108
0.083871 128
-123456
0.118421 87
0.753289 107
0.128289 127
-123456
0.0810811 86
0.774775 106
0.144144 126
-123456
0.12605 85
0.731092 105
0.142857 125
-123456
0.17931 89
0.703448 109
0.117241 129
-123456
-654321
0.0840336 91
0.840336 111
0.0756303 131
-123456
0.104478 92
0.80597 112
0.0895522 132
-123456
0.0740741 93
0.814815 113
0.111111 133
-123456
0.096 94
0.784 114
0.12 134
-123456
0.119266 89
0.798165 109
0.0825688 129
-123456
0.149485 88
0.742268 108
0.108247 128
-123456
0.11215 87
0.778816 107
0.109034 127
-123456
0.157025 86
0.702479 106
0.140496 126
-123456
0.150685 90
0.732877 110
0.116438 130
-123456
-654321
0.176471 92
0.696078 112
0.127451 132
-123456
0.117117 93
0.738739 113
0.144144 133
-123456
0.148148 94
0.703704 114
0.148148 134
-123456
0.121739 95
0.765217 115
0.113043 135
-123456
0.143885 90
0.726619 110
0.129496 130
-123456
0.119658 89
0.760684 109
0.119658 129
-123456
0.172515 88
0.695906 108
0.131579 128
-123456
0.157025 87
0.710744 107
0.132231 127
-123456
0.168224 91
0.738318 111
0.0934579 131
-123456
-654321
0.0857143 93
0.828571 113
0.0857143 133
-123456
0.210526 94
0.694737 114
0.0947368 134
-123456
0.129412 95
0.776471 115
0.0941176 135
-123456
0.120879 96
0.725275 116
0.153846 136
-123456
0.113924 91
0.78481 111
0.101266 131
-123456
0.142857 90
0.752381 110
0.104762 130
-123456
0.184466 89
0.737864 109
0.0776699 129
-123456
0.14539 88
0.719858 108
0.134752 128
-123456
0.0744681 92
0.829787 112
0.0957447 132
-123456
-654321
0.0895522 94
0.791045 114
0.119403 134
-123456
0.238095 95
0.68254 115
0.0793651 135
-123456
0.128205 96
0.75641 116
0.115385 136
-123456
0.115942 97
0.782609 117
0.101449 137
-123456
0.1 92
0.766667 112
0.133333 132
-123456
0.186047 91
0.674419 111
0.139535 131
-123456
0.195122 90
0.756098 110
0.0487805 130
-123456
0.182432 89
0.709459 109
0.108108 129
-123456
0.130435 93
0.797101 113
0.0724638 133
-123456
-654321
0.145833 95
0.770833 115
0.0833333 135
-123456
0.118644 96
0.813559 116
0.0677966 136
-123456
0.138462 97
0.753846 117
0.107692 137
-123456
0.129032 98
0.758065 118
0.112903 138
-123456
0.163934 93
0.704918 113
0.131148 133
-123456
0.144737 92
0.789474 112
0.0657895 132
-123456
0.18 91
0.72 111
0.1 131
-123456
0.229885 90
0.62069 110
0.149425 130
-123456
0.140625 94
0.6875 114
0.171875 134
-123456
-654321
0.0980392 96
0.843137 116
0.0588235 136
-123456
0.144928 97
0.753623 117
0.101449 137
-123456
0.177778 98
0.711111 118
0.111111 138
-123456
0.225 99
0.7 119
0.075 139
-123456
0.133333 94
0.816667 114
0.05 134
-123456
0.169492 93
0.745763 113
0.0847458 133
-123456
0.1875 92
0.6875 112
0.125 132
-123456
0.164634 91
0.731707 111
0.103659 131
-123456
0.0444444 95
0.844444 115
0.111111 135
-123456
-654321
0.204545 97
0.772727 117
0.0227273 137
-123456
0.195122 98
0.731707 118
0.0731707 138
-123456
0.18 99
0.78 119
0.04 139
-123456
0.12 95
0.82 115
0.06 135
-123456
0.205128 94
0.692308 114
0.102564 134
-123456
0.170213 93
0.765957 113
0.0638298 133
-123456
0.147826 92
0.73913 112
0.113043 132
-123456
0.131579 96
0.763158 116
0.105263 136
-123456
-654321
0.135135 98
0.783784 118
0.0810811 138
-123456
0.159091 99
0.681818 119
0.159091 139
-123456
0.135135 96
0.864865 116
-123456
0.162791 95
0.767442 115
0.0697674 135
-123456
0.125 94
0.8 114
0.075 134
-123456
0.141667 93
0.766667 113
0.0916667 133
-123456
0.190476 97
0.738095 117
0.0714286 137
-123456
-654321
0.178571 99
0.821429 119
-123456
0.09375 97
0.71875 117
0.1875 137
-123456
0.212121 96
0.69697 116
0.0909091 136
-123456
0.176471 95
0.764706 115
0.0588235 135
-123456
0.0967742 94
0.784946 114
0.11828 134
-123456
0.181818 98
0.757576 118
0.0606061 138
-123456
-654321
0.178571 98
0.785714 118
0.0357143 138
-123456
0.2 97
0.6 117
0.2 137
-123456
0.241379 96
0.655172 116
0.103448 136
-123456
0.142857 95
0.8 115
0.0571429 135
-123456
0.159091 99
0.772727 119
0.0681818 139
-123456
-654321
0.0454545 101
0.795455 121
0.159091 141
-123456
0.744681 122
0.255319 142
-123456
0.104167 103
0.708333 123
0.1875 143
-123456
0.103093 104
0.670103 124
0.226804 144
-123456
0.0714286 100
0.732143 120
0.196429 140
-123456
-654321
0.0655738 102
0.836066 122
0.0983607 142
-123456
0.0731707 103
0.829268 123
0.097561 143
-123456
0.0681818 104
0.772727 124
0.159091 144
-123456
0.0882353 105
0.696078 125
0.215686 145
-123456
0.0816327 100
0.77551 120
0.142857 140
-123456
0.133333 101
0.733333 121
0.133333 141
-123456
-654321
0.0612245 103
0.77551 123
0.163265 143
-123456
0.108696 104
0.695652 124
0.195652 144
-123456
0.119048 105
0.761905 125
0.119048 145
-123456
0.14966 106
0.721088 126
0.129252 146
-123456
0.0535714 101
0.714286 121
0.232143 141
-123456
0.0943396 100
0.754717 120
0.150943 140
-123456
0.104167 102
0.729167 122
0.166667 142
-123456
-654321
0.134615 104
0.769231 124
0.0961538 144
-123456
0.155172 105
0.672414 125
0.172414 145
-123456
0.0972222 106
0.763889 126
0.138889 146
-123456
0.147368 107
0.747368 127
0.105263 147
-123456
0.2 102
0.569231 122
0.230769 142
-123456
0.06 101
0.78 121
0.16 141
-123456
0.0625 100
0.71875 120
0.21875 140
-123456
0.0377358 103
0.90566 123
0.0566038 143
-123456
-654321
0.103448 105
0.706897 125
0.189655 145
-123456
0.111111 106
0.716049 126
0.17284 146
-123456
0.0680628 107
0.780105 127
0.151832 147
-123456
0.10241 108
0.728916 128
0.168675 148
-123456
0.123288 103
0.712329 123
0.164384 143
-123456
0.0895522 102
0.731343 122
0.179104 142
-123456
0.859375 121
0.140625 141
-123456
0.113924 100
0.797468 120
0.0886076 140
-123456
0.0714286 104
0.8 124
0.128571 144
-123456
-654321
0.0632911 106
0.772152 126
0.164557 146
-123456
0.151899 107
0.683544 127
0.164557 147
-123456
0.0827338 108
0.776978 128
0.140288 148
-123456
0.102273 109
0.772727 129
0.125 149
-123456
0.0909091 104
0.777778 124
0.131313 144
-123456
0.145631 103
0.718447 123
0.135922 143
-123456
0.1125 102
0.7625 122
0.125 142
-123456
0.115385 101
0.705128 121
0.179487 141
-123456
0.091954 105
0.747126 125
0.16092 145
-123456
-654321
0.088 107
0.808 127
0.104 147
-123456
0.0974026 108
0.733766 128
0.168831 148
-123456
0.0784983 109
0.771331 129
0.150171 149
-123456
0.135593 110
0.70339 130
0.161017 150
-123456
0.0769231 105
0.788462 125
0.134615 145
-123456
0.0731707 104
0.821138 124
0.105691 144
-123456
0.12931 103
0.741379 123
0.12931 143
-123456
0.13 102
0.74 122
0.13 142
-123456
0.0940171 106
0.786325 126
0.119658 146
-123456
-654321
0.0851064 108
0.761702 128
0.153191 148
-123456
0.115 109
0.69 129
0.195 149
-123456
0.137255 110
0.696078 130
0.166667 150
-123456
0.113333 111
0.793333 131
0.0933333 151
-123456
0.0652174 106
0.804348 126
0.130435 146
-123456
0.136 105
0.768 125
0.096 145
-123456
0.0661765 104
0.794118 124
0.139706 144
-123456
0.0862069 103
0.75 123
0.163793 143
-123456
0.10596 107
0.801324 127
0.0927152 147
-123456
-654321
0.153191 109
0.731915 129
0.114894 149
-123456
0.109091 110
0.781818 130
0.109091 150
-123456
0.132231 111
0.673554 131
0.194215 151
-123456
0.0962343 112
0.740586 132
0.16318 152
-123456
0.084507 107
0.793427 127
0.122066 147
-123456
0.110092 106
0.802752 126
0.087156 146
-123456
0.152 105
0.704 125
0.144 145
-123456
0.128342 104
0.700535 124
0.171123 144
-123456
0.109827 108
0.768786 128
0.121387 148
-123456
-654321
0.10084 110
0.761905 130
0.137255 150
-123456
0.120567 111
0.666667 131
0.212766 151
-123456
0.136054 112
0.755102 132
0.108844 152
-123456
0.115385 113
0.762821 133
0.121795 153
-123456
0.159091 108
0.727273 128
0.113636 148
-123456
0.0837209 107
0.75814 127
0.15814 147
-123456
0.114286 106
0.771429 126
0.114286 146
-123456
0.115854 105
0.75 125
0.134146 145
-123456
0.123153 109
0.79803 129
0.0788177 149
-123456
-654321
0.150602 111
0.753012 131
0.0963855 151
-123456
0.0990099 112
0.792079 132
0.108911 152
-123456
0.117647 113
0.716578 133
0.165775 153
-123456
0.125874 114
0.741259 134
0.132867 154
-123456
0.131707 109
0.712195 129
0.156098 149
-123456
0.114286 108
0.752381 128
0.133333 148
-123456
0.101695 107
0.79096 127
0.107345 147
-123456
0.121495 106
0.785047 126
0.0934579 146
-123456
0.15748 110
0.692913 130
0.149606 150
-123456
-654321
0.192857 112
0.678571 132
0.128571 152
-123456
0.142012 113
0.733728 133
0.12426 153
-123456
0.133333 114
0.766667 134
0.1 154
-123456
0.157143 115
0.764286 135
0.0785714 155
-123456
0.178344 110
0.732484 130
0.089172 150
-123456
0.147651 109
0.738255 129
0.114094 149
-123456
0.130699 108
0.756839 128
0.112462 148
-123456
0.129032 107
0.77957 127
0.0913979 147
-123456
0.0905172 111
0.797414 131
0.112069 151
-123456
-654321
0.124088 113
0.788321 133
0.0875912 153
-123456
0.129771 114
0.748092 134
0.122137 154
-123456
0.176991 115
0.716814 135
0.106195 155
-123456
0.123077 116
0.776923 136
0.1 156
-123456
0.151376 111
0.793578 131
0.0550459 151
-123456
0.111524 110
0.780669 130
0.107807 150
-123456
0.147887 109
0.746479 129
0.105634 149
-123456
0.09375 108
0.78125 128
0.125 148
-123456
0.152318 112
0.754967 132
0.0927152 152
-123456
-654321
0.125984 114
0.787402 134
0.0866142 154
-123456
0.10989 115
0.824176 135
0.0659341 155
-123456
0.150538 116
0.784946 136
0.0645161 156
-123456
0.216216 117
0.693694 137
0.0900901 157
-123456
0.12844 112
0.807339 132
0.0642202 152
-123456
0.169643 111
0.723214 131
0.107143 151
-123456
0.131783 110
0.728682 130
0.139535 150
-123456
0.146758 109
0.761092 129
0.0921502 149
-123456
0.159574 113
0.765957 133
0.0744681 153
-123456
-654321
0.151515 115
0.787879 135
0.0606061 155
-123456
0.120879 116
0.824176 136
0.0549451 156
-123456
0.155844 117
0.701299 137
0.142857 157
-123456
0.113208 118
0.820755 138
0.0660377 158
-123456
0.145833 113
0.729167 133
0.125 153
-123456
0.106796 112
0.854369 132
0.038835 152
-123456
0.128079 111
0.788177 131
0.0837438 151
-123456
0.141304 110
0.766304 130
0.0923913 150
-123456
0.184211 114
0.72807 134
0.0877193 154
-123456
-654321
0.111111 116
0.809524 136
0.0793651 156
-123456
0.148649 117
0.797297 137
0.0540541 157
-123456
0.0789474 118
0.842105 138
0.0789474 158
-123456
0.169811 119
0.735849 139
0.0943396 159
-123456
0.127273 114
0.8 134
0.0727273 154
-123456
0.1625 113
0.7875 133
0.05 153
-123456
0.091954 112
0.873563 132
0.0344828 152
-123456
0.111111 111
0.792929 131
0.0959596 151
-123456
0.123077 115
0.769231 135
0.107692 155
-123456
-654321
0.0945946 117
0.837838 137
0.0675676 157
-123456
0.15493 118
0.802817 138
0.0422535 158
-123456
0.1 119
0.816667 139
0.0833333 159
-123456
0.101695 115
0.745763 135
0.152542 155
-123456
0.112903 114
0.758065 134
0.129032 154
-123456
0.114286 113
0.790476 133
0.0952381 153
-123456
0.163522 112
0.767296 132
0.0691824 152
-123456
0.0704225 116
0.802817 136
0.126761 156
-123456
-654321
0.188679 118
0.716981 138
0.0943396 158
-123456
0.134615 119
0.730769 139
0.134615 159
-123456
0.147541 116
0.770492 136
0.0819672 156
-123456
0.153846 115
0.788462 135
0.0576923 155
-123456
0.0980392 114
0.833333 134
0.0686275 154
-123456
0.165217 113
0.756522 133
0.0782609 153
-123456
0.235294 117
0.735294 137
0.0294118 157
-123456
-654321
0.117647 119
0.823529 139
0.0588235 159
-123456
0.183333 117
0.766667 137
0.05 157
-123456
0.0862069 116
0.827586 136
0.0862069 156
-123456
0.152542 115
0.779661 135
0.0677966 155
-123456
0.147287 114
0.782946 134
0.0697674 154
-123456
0.12 118
0.8 138
0.08 158
-123456
-654321
0.0909091 118
0.909091 138
-123456
0.2 117
0.75 137
0.05 157
-123456
0.0925926 116
0.833333 136
0.0740741 156
-123456
0.228261 115
0.695652 135
0.076087 155
-123456
0.148936 119
0.765957 139
0.0851064 159
-123456
-654321
0.0652174 121
0.847826 141
0.0869565 161
-123456
0.972973 142
0.027027 162
-123456
0.0357143 123
0.857143 143
0.107143 163
-123456
0.0873786 124
0.76699 144
0.145631 164
-123456
0.131579 120
0.736842 140
0.131579 160
-123456
-654321
0.0357143 122
0.767857 142
0.196429 162
-123456
0.0357143 123
0.785714 143
0.178571 163
-123456
0.111111 124
0.759259 144
0.12963 164
-123456
0.0757576 125
0.75 145
0.174242 165
-123456
0.0545455 120
0.745455 140
0.2 160
-123456
0.0625 121
0.770833 141
0.166667 161
-123456
-654321
0.0181818 123
0.890909 143
0.0909091 163
-123456
0.119048 124
0.761905 144
0.119048 164
-123456
0.105263 125
0.684211 145
0.210526 165
-123456
0.0551724 126
0.82069 146
0.124138 166
-123456
0.04 121
0.84 141
0.12 161
-123456
0.05 120
0.8 140
0.15 160
-123456
0.0526316 122
0.842105 142
0.105263 162
-123456
-654321
0.016129 124
0.903226 144
0.0806452 164
-123456
0.0983607 125
0.819672 145
0.0819672 165
-123456
0.0506329 126
0.759494 146
0.189873 166
-123456
0.0662252 127
0.788079 147
0.145695 167
-123456
0.08 122
0.78 142
0.14 162
-123456
0.0166667 121
0.9 141
0.0833333 161
-123456
0.0566038 120
0.830189 140
0.113208 160
-123456
0.0384615 123
0.75 143
0.211538 163
-123456
-654321
0.0967742 125
0.806452 145
0.0967742 165
-123456
0.0547945 126
0.794521 146
0.150685 166
-123456
0.0634921 127
0.777778 147
0.15873 167
-123456
0.086758 128
0.808219 148
0.105023 168
-123456
0.0181818 123
0.854545 143
0.127273 163
-123456
0.0555556 122
0.847222 142
0.0972222 162
-123456
0.0487805 121
0.817073 141
0.134146 161
-123456
0.0909091 120
0.787879 140
0.121212 160
-123456
0.0410959 124
0.863014 144
0.0958904 164
-123456
-654321
0.0481928 126
0.879518 146
0.0722892 166
-123456
0.0810811 127
0.783784 147
0.135135 167
-123456
0.0958904 128
0.821918 148
0.0821918 168
-123456
0.0551181 129
0.80315 149
0.141732 169
-123456
0.037037 124
0.851852 144
0.111111 164
-123456
0.0833333 123
0.833333 143
0.0833333 163
-123456
0.0819672 122
0.786885 142
0.131148 162
-123456
0.0515464 121
0.85567 141
0.0927835 161
-123456
0.0506329 125
0.873418 145
0.0759494 165
-123456
-654321
0.122222 127
0.711111 147
0.166667 167
-123456
0.0645161 128
0.767742 148
0.167742 168
-123456
0.0833333 129
0.816667 149
0.1 169
-123456
0.1 130
0.78 150
0.12 170
-123456
0.0865385 125
0.807692 145
0.105769 165
-123456
0.12 124
0.8 144
0.08 164
-123456
0.0990991 123
0.72973 143
0.171171 163
-123456
0.0888889 122
0.788889 142
0.122222 162
-123456
0.119048 126
0.77381 146
0.107143 166
-123456
-654321
0.0485437 128
0.776699 148
0.174757 168
-123456
0.0821256 129
0.797101 149
0.120773 169
-123456
0.0865385 130
0.788462 150
0.125 170
-123456
0.0885417 131
0.770833 151
0.140625 171
-123456
0.07 126
0.81 146
0.12 166
-123456
0.103093 125
0.804124 145
0.0927835 165
-123456
0.0408163 124
0.877551 144
0.0816327 164
-123456
0.036036 123
0.81982 143
0.144144 163
-123456
0.103448 127
0.767241 147
0.12931 167
-123456
-654321
0.0977011 129
0.758621 149
0.143678 169
-123456
0.0736434 130
0.790698 150
0.135659 170
-123456
0.116505 131
0.791262 151
0.092233 171
-123456
0.0786885 132
0.8 152
0.121311 172
-123456
0.109677 127
0.787097 147
0.103226 167
-123456
0.05625 126
0.84375 146
0.1 166
-123456
0.0921986 125
0.77305 145
0.134752 165
-123456
0.0469799 124
0.832215 144
0.120805 164
-123456
0.0684932 128
0.828767 148
0.10274 168
-123456
-654321
0.114428 130
0.781095 150
0.104478 170
-123456
0.0598802 131
0.820359 151
0.11976 171
-123456
0.130841 132
0.76947 152
0.0996885 172
-123456
0.10728 133
0.789272 153
0.103448 173
-123456
0.0921986 128
0.808511 148
0.0992908 168
-123456
0.0863309 127
0.748201 147
0.165468 167
-123456
0.0567376 126
0.843972 146
0.0992908 166
-123456
0.104895 125
0.741259 145
0.153846 165
-123456
0.0903614 129
0.801205 149
0.108434 169
-123456
-654321
0.125 131
0.7875 151
0.0875 171
-123456
0.112981 132
0.75 152
0.137019 172
-123456
0.139738 133
0.777293 153
0.0829694 173
-123456
0.147368 134
0.742105 154
0.110526 174
-123456
0.116162 129
0.787879 149
0.0959596 169
-123456
0.0994152 128
0.807018 148
0.0935673 168
-123456
0.16185 127
0.705202 147
0.132948 167
-123456
0.126829 126
0.770732 146
0.102439 166
-123456
0.149091 130
0.738182 150
0.112727 170
-123456
-654321
0.113043 132
0.747826 152
0.13913 172
-123456
0.146597 133
0.743455 153
0.109948 173
-123456
0.150259 134
0.766839 154
0.0829016 174
-123456
0.0982659 135
0.763006 155
0.138728 175
-123456
0.124224 130
0.778468 150
0.0973085 170
-123456
0.179612 129
0.708738 149
0.11165 169
-123456
0.117978 128
0.797753 148
0.0842697 168
-123456
0.0727273 127
0.793939 147
0.133333 167
-123456
0.10628 131
0.777778 151
0.115942 171
-123456
-654321
0.0967742 133
0.801843 153
0.101382 173
-123456
0.123967 134
0.793388 154
0.0826446 174
-123456
0.117073 135
0.765854 155
0.117073 175
-123456
0.130612 136
0.8 156
0.0693878 176
-123456
0.119601 131
0.752492 151
0.127907 171
-123456
0.132353 130
0.759804 150
0.107843 170
-123456
0.150685 129
0.771689 149
0.0776256 169
-123456
0.122363 128
0.780591 148
0.0970464 168
-123456
0.095092 132
0.815951 152
0.0889571 172
-123456
-654321
0.112245 134
0.80102 154
0.0867347 174
-123456
0.0980392 135
0.830065 155
0.0718954 175
-123456
0.13253 136
0.789157 156
0.0783133 176
-123456
0.14 137
0.733333 157
0.126667 177
-123456
0.111498 132
0.797909 152
0.0905923 172
-123456
0.135922 131
0.752427 151
0.11165 171
-123456
0.101604 130
0.839572 150
0.0588235 170
-123456
0.10303 129
0.812121 149
0.0848485 169
-123456
0.108108 133
0.777027 153
0.114865 173
-123456
-654321
0.157025 135
0.809917 155
0.0330578 175
-123456
0.0901639 136
0.836066 156
0.0737705 176
-123456
0.0933333 137
0.84 157
0.0666667 177
-123456
0.0689655 138
0.818965 158
0.112069 178
-123456
0.12069 133
0.775862 153
0.103448 173
-123456
0.0797546 132
0.858896 152
0.0613497 172
-123456
0.165414 131
0.759399 151
0.075188 171
-123456
0.125313 130
0.776942 150
0.0977444 170
-123456
0.110169 134
0.805085 154
0.0847458 174
-123456
-654321
0.149533 136
0.775701 156
0.0747664 176
-123456
0.16 137
0.78 157
0.06 177
-123456
0.169811 138
0.773585 158
0.0566038 178
-123456
0.14 139
0.82 159
0.04 179
-123456
0.15625 134
0.729167 154
0.114583 174
-123456
0.193277 133
0.747899 153
0.0588235 173
-123456
0.105058 132
0.81323 152
0.0817121 172
-123456
0.150289 131
0.751445 151
0.0982659 171
-123456
0.159292 135
0.725664 155
0.115044 175
-123456
-654321
0.111111 137
0.833333 157
0.0555556 177
-123456
0.0909091 138
0.854545 158
0.0545455 178
-123456
0.123077 139
0.784615 159
0.0923077 179
-123456
0.0588235 135
0.870588 155
0.0705882 175
-123456
0.107143 134
0.758929 154
0.133929 174
-123456
0.1 133
0.82 153
0.08 173
-123456
0.140127 132
0.78344 152
0.0764331 172
-123456
0.14 136
0.78 156
0.08 176
-123456
-654321
0.0641026 138
0.884615 158
0.0512821 178
-123456
0.0930233 139
0.872093 159
0.0348837 179
-123456
0.114286 136
0.814286 156
0.0714286 176
-123456
0.123711 135
0.762887 155
0.113402 175
-123456
0.0956522 134
0.826087 154
0.0782609 174
-123456
0.129808 133
0.759615 153
0.110577 173
-123456
0.0849057 137
0.839623 157
0.0754717 177
-123456
-654321
0.155844 139
0.753247 159
0.0909091 179
-123456
0.125 137
0.847222 157
0.0277778 177
-123456
0.117021 136
0.765957 156
0.117021 176
-123456
0.144737 135
0.802632 155
0.0526316 175
-123456
0.12 134
0.794286 154
0.0857143 174
-123456
0.117647 138
0.764706 158
0.117647 178
-123456
-654321
0.128571 138
0.828571 158
0.0428571 178
-123456
0.153846 137
0.815385 157
0.0307692 177
-123456
0.178571 136
0.803571 156
0.0178571 176
-123456
0.14375 135
0.75625 155
0.1 175
-123456
0.207792 139
0.675325 159
0.116883 179
-123456
-654321
0.0810811 141
0.837838 161
0.0810811 181
-123456
0.0416667 142
0.791667 162
0.166667 182
-123456
0.03125 143
0.8125 163
0.15625 183
-123456
0.0985916 144
0.774648 164
0.126761 184
-123456
0.882353 160
0.117647 180
-123456
-654321
0.0392157 142
0.823529 162
0.137255 182
-123456
0.0555556 143
0.75 163
0.194444 183
-123456
0.0909091 144
0.704545 164
0.204545 184
-123456
0.0619469 145
0.769912 165
0.168142 185
-123456
0.0444444 140
0.822222 160
0.133333 180
-123456
0.0869565 141
0.804348 161
0.108696 181
-123456
-654321
0.0930233 143
0.767442 163
0.139535 183
-123456
0.0487805 144
0.902439 164
0.0487805 184
-123456
0.108108 145
0.810811 165
0.0810811 185
-123456
0.0428571 146
0.842857 166
0.114286 186
-123456
0.0545455 141
0.854545 161
0.0909091 181
-123456
0.0666667 140
0.844444 160
0.0888889 180
-123456
0.0588235 142
0.803922 162
0.137255 182
-123456
-654321
0.127273 144
0.745455 164
0.127273 184
-123456
0.0869565 145
0.804348 165
0.108696 185
-123456
0.0204082 146
0.836735 166
0.142857 186
-123456
0.0268456 147
0.85906 167
0.114094 187
-123456
0.0652174 142
0.869565 162
0.0652174 182
-123456
0.0862069 141
0.793103 161
0.12069 181
-123456
0.863636 160
0.136364 180
-123456
0.0740741 143
0.833333 163
0.0925926 183
-123456
-654321
0.0769231 145
0.884615 165
0.0384615 185
-123456
0.0645161 146
0.774194 166
0.16129 186
-123456
0.0263158 147
0.868421 167
0.105263 187
-123456
0.042328 148
0.857143 168
0.100529 188
-123456
0.0727273 143
0.854545 163
0.0727273 183
-123456
0.163636 142
0.763636 162
0.0727273 182
-123456
0.0192308 141
0.942308 161
0.0384615 181
-123456
0.0638298 140
0.744681 160
0.191489 180
-123456
0.031746 144
0.873016 164
0.0952381 184
-123456
-654321
0.0666667 146
0.833333 166
0.1 186
-123456
0.0819672 147
0.885246 167
0.0327869 187
-123456
0.0414508 148
0.839378 168
0.119171 188
-123456
0.0606061 149
0.795455 169
0.143939 189
-123456
0.0540541 144
0.797297 164
0.148649 184
-123456
0.0461538 143
0.846154 163
0.107692 183
-123456
0.0506329 142
0.860759 162
0.0886076 182
-123456
0.0512821 141
0.846154 161
0.102564 181
-123456
0.0655738 145
0.852459 165
0.0819672 185
-123456
-654321
0.0930233 147
0.77907 167
0.127907 187
-123456
0.03125 148
0.864583 168
0.104167 188
-123456
0.039604 149
0.871287 169
0.0891089 189
-123456
0.0620438 150
0.854015 170
0.0839416 190
-123456
0.0987654 145
0.839506 165
0.0617284 185
-123456
0.0853659 144
0.817073 164
0.097561 184
-123456
0.0804598 143
0.793103 163
0.126437 183
-123456
0.0136986 142
0.890411 162
0.0958904 182
-123456
0.0506329 146
0.848101 166
0.101266 186
-123456
-654321
0.0967742 148
0.806452 168
0.0967742 188
-123456
0.0654206 149
0.869159 169
0.0654206 189
-123456
0.0851064 150
0.829787 170
0.0851064 190
-123456
0.0534591 151
0.845912 171
0.100629 191
-123456
0.09 146
0.81 166
0.1 186
-123456
0.0512821 145
0.863248 165
0.0854701 185
-123456
0.0322581 144
0.827957 164
0.139785 184
-123456
0.123894 143
0.823009 163
0.0530973 183
-123456
0.0769231 147
0.846154 167
0.0769231 187
-123456
-654321
0.0567376 149
0.858156 169
0.0851064 189
-123456
0.0725806 150
0.830645 170
0.0967742 190
-123456
0.121212 151
0.769697 171
0.109091 191
-123456
0.0595855 152
0.803109 172
0.137306 192
-123456
0.0483871 147
0.814516 167
0.137097 187
-123456
0.0703125 146
0.84375 166
0.0859375 186
-123456
0.0923077 145
0.823077 165
0.0846154 185
-123456
0.0935252 144
0.820144 164
0.0863309 184
-123456
0.0616438 148
0.835616 168
0.10274 188
-123456
-654321
0.0985916 150
0.788732 170
0.112676 190
-123456
0.0606061 151
0.833333 171
0.106061 191
-123456
0.0877193 152
0.857143 172
0.0551378 192
-123456
0.118343 153
0.816568 173
0.0650888 193
-123456
0.115702 148
0.793388 168
0.0909091 188
-123456
0.0704225 147
0.84507 167
0.084507 187
-123456
0.0928571 146
0.835714 166
0.0714286 186
-123456
0.124088 145
0.781022 165
0.0948905 185
-123456
0.084507 149
0.802817 169
0.112676 189
-123456
-654321
0.106383 151
0.794326 171
0.0992908 191
-123456
0.0701357 152
0.848416 172
0.081448 192
-123456
0.0964912 153
0.850877 173
0.0526316 193
-123456
0.0899471 154
0.820106 174
0.0899471 194
-123456
0.0774194 149
0.83871 169
0.083871 189
-123456
0.0897436 148
0.794872 168
0.115385 188
-123456
0.0933333 147
0.813333 167
0.0933333 187
-123456
0.0792683 146
0.847561 166
0.0731707 186
-123456
0.0727273 150
0.812121 170
0.115152 190
-123456
-654321
0.0945946 152
0.824324 172
0.0810811 192
-123456
0.0842491 153
0.827839 173
0.0879121 193
-123456
0.0949721 154
0.810056 174
0.0949721 194
-123456
0.0977011 155
0.775862 175
0.126437 195
-123456
0.100529 150
0.740741 170
0.15873 190
-123456
0.0987654 149
0.82716 169
0.0740741 189
-123456
0.0784314 148
0.823529 168
0.0980392 188
-123456
0.0531915 147
0.888298 167
0.0585106 187
-123456
0.103896 151
0.798701 171
0.0974026 191
-123456
-654321
0.0952381 153
0.817043 173
0.0877193 193
-123456
0.1 154
0.796552 174
0.103448 194
-123456
0.0808081 155
0.808081 175
0.111111 195
-123456
0.0915493 156
0.827465 176
0.0809859 196
-123456
0.0905512 151
0.80315 171
0.106299 191
-123456
0.0787671 150
0.85274 170
0.0684932 190
-123456
0.0615942 149
0.876812 169
0.0615942 189
-123456
0.0918728 148
0.816254 168
0.0918728 188
-123456
0.0926175 152
0.793289 172
0.114094 192
-123456
-654321
0.0930233 154
0.817829 174
0.0891473 194
-123456
0.106312 155
0.800664 175
0.0930233 195
-123456
0.0808824 156
0.823529 176
0.0955882 196
-123456
0.101307 157
0.813725 177
0.0849673 197
-123456
0.106164 152
0.808219 172
0.0856164 192
-123456
0.0986842 151
0.815789 171
0.0855263 191
-123456
0.10219 150
0.817518 170
0.080292 190
-123456
0.116541 149
0.800752 169
0.0827068 189
-123456
0.106667 153
0.794667 173
0.0986667 193
-123456
-654321
0.0942408 155
0.816754 175
0.0890052 195
-123456
0.0606061 156
0.848485 176
0.0909091 196
-123456
0.120879 157
0.82967 177
0.0494506 197
-123456
0.101523 158
0.822335 178
0.0761421 198
-123456
0.0915033 153
0.812636 173
0.0958606 193
-123456
0.0992908 152
0.804965 172
0.0957447 192
-123456
0.129032 151
0.774194 171
0.0967742 191
-123456
0.120879 150
0.78022 170
0.0989011 190
-123456
0.139037 154
0.791444 174
0.0695187 194
-123456
-654321
0.08 156
0.86 176
0.06 196
-123456
0.0904523 157
0.844221 177
0.0653266 197
-123456
0.119792 158
0.807292 178
0.0729167 198
-123456
0.0927835 159
0.809278 179
0.0979381 199
-123456
0.11583 154
0.80695 174
0.0772201 194
-123456
0.0958606 153
0.821351 173
0.0827887 193
-123456
0.124528 152
0.807547 172
0.0679245 192
-123456
0.164634 151
0.762195 171
0.0731707 191
-123456
0.105263 155
0.813397 175
0.0813397 195
-123456
-654321
0.125828 157
0.801324 177
0.0728477 197
-123456
0.062069 158
0.896552 178
0.0413793 198
-123456
0.113924 159
0.797468 179
0.0886076 199
-123456
0.0973154 155
0.838926 175
0.0637584 195
-123456
0.125 154
0.776515 174
0.0984849 194
-123456
0.115523 153
0.812274 173
0.0722022 193
-123456
0.116279 152
0.773256 172
0.110465 192
-123456
0.138728 156
0.786127 176
0.0751445 196
-123456
-654321
0.0939597 158
0.812081 178
0.0939597 198
-123456
0.130769 159
0.807692 179
0.0615385 199
-123456
0.0993377 156
0.81457 176
0.0860927 196
-123456
0.0868056 155
0.836806 175
0.0763889 195
-123456
0.112676 154
0.830986 174
0.056338 194
-123456
0.140271 153
0.800905 173
0.0588235 193
-123456
0.0675676 157
0.878378 177
0.0540541 197
-123456
-654321
0.128788 159
0.818182 179
0.0530303 199
-123456
0.123188 157
0.789855 177
0.0869565 197
-123456
0.12 156
0.811429 176
0.0685714 196
-123456
0.0619469 155
0.884956 175
0.0530973 195
-123456
0.0968992 154
0.806202 174
0.0968992 194
-123456
0.0888889 158
0.859259 178
0.0518519 198
-123456
-654321
0.110169 158
0.855932 178
0.0338983 198
-123456
0.116667 157
0.816667 177
0.0666667 197
-123456
0.115385 156
0.793269 176
0.0913462 196
-123456
0.0446927 155
0.871508 175
0.0837989 195
-123456
0.123077 159
0.830769 179
0.0461538 199
-123456
-654321
0.0277778 161
0.972222 181
-123456
0.0365854 162
0.963415 182
-123456
1 183
-123456
0.0409357 164
0.959064 184
-123456
1 180
-123456
-654321
0.0945946 162
0.905405 182
-123456
0.057971 163
0.942029 183
-123456
0.0224719 164
0.977528 184
-123456
0.0382514 165
0.961749 185
-123456
0.012987 160
0.987013 180
-123456
0.056338 161
0.943662 181
-123456
-654321
0.0549451 163
0.945055 183
-123456
0.0348837 164
0.965116 184
-123456
0.05 165
0.95 185
-123456
0.0319635 166
0.968037 186
-123456
0.0128205 161
0.987179 181
-123456
0.0217391 160
0.978261 180
-123456
0.0117647 162
0.988235 182
-123456
-654321
0.027027 164
0.972973 184
-123456
0.0430108 165
0.956989 185
-123456
0.0337079 166
0.966292 186
-123456
0.0227273 167
0.977273 187
-123456
0.0744681 162
0.925532 182
-123456
0.0392157 161
0.960784 181
-123456
0.0337079 160
0.966292 180
-123456
0.0540541 163
0.945946 183
-123456
-654321
0.020202 165
0.979798 185
-123456
0.0325203 166
0.96748 186
-123456
0.057971 167
0.942029 187
-123456
0.0304878 168
0.969512 188
-123456
0.010989 163
0.989011 183
-123456
0.0263158 162
0.973684 182
-123456
0.0212766 161
0.978723 181
-123456
0.0173913 160
0.982609 180
-123456
0.01 164
0.99 184
-123456
-654321
0.0307692 166
0.969231 186
-123456
0.0134228 167
0.986577 187
-123456
0.0144928 168
0.985507 188
-123456
0.0317073 169
0.968293 189
-123456
0.027027 164
0.972973 184
-123456
0.0247934 163
0.975207 183
-123456
0.0165289 162
0.983471 182
-123456
0.0227273 161
0.977273 181
-123456
0.059322 165
0.940678 185
-123456
-654321
0.0133333 167
0.986667 187
-123456
0.0217391 168
0.978261 188
-123456
0.0186335 169
0.981366 189
-123456
0.021692 170
0.978308 190
-123456
0.0331126 165
0.966887 185
-123456
0.0277778 164
0.972222 184
-123456
0.0145985 163
0.985401 183
-123456
0.013986 162
0.986014 182
-123456
0.0272109 166
0.972789 186
-123456
-654321
0.0169492 168
0.983051 188
-123456
0.0246305 169
0.975369 189
-123456
0.0424779 170
0.957522 190
-123456
0.0272727 171
0.972727 191
-123456
0.0440252 166
0.955975 186
-123456
0.0547264 165
0.945274 185
-123456
0.0454545 164
0.954545 184
-123456
0.0441176 163
0.955882 183
-123456
0.0179641 167
0.982036 187
-123456
-654321
0.0562771 169
0.943723 189
-123456
0.0541667 170
0.945833 190
-123456
0.0492424 171
0.950758 191
-123456
0.0361068 172
0.963893 192
-123456
0.0347826 167
0.965217 187
-123456
0.0585774 166
0.941423 186
-123456
0.0384615 165
0.961538 185
-123456
0.0377358 164
0.962264 184
-123456
0.0205761 168
0.979424 188
-123456
-654321
0.0296296 170
0.97037 190
-123456
0.0212766 171
0.978723 191
-123456
0.04 172
0.96 192
-123456
0.0375335 173
0.962466 193
-123456
0.0369004 168
0.9631 188
-123456
0.0515873 167
0.948413 187
-123456
0.0483871 166
0.951613 186
-123456
0.0250896 165
0.97491 185
-123456
0.059761 169
0.940239 189
-123456
-654321
0.0291777 171
0.970822 191
-123456
0.00177936 92
0.0284698 172
0.969751 192
-123456
0.0282132 173
0.971787 193
-123456
0.0325581 174
0.967442 194
-123456
0.0365854 169
0.963415 189
-123456
0.0421687 168
0.957831 188
-123456
0.0263158 167
0.973684 187
-123456
0.0430464 166
0.956954 186
-123456
0.0359281 170
0.964072 190
-123456
-654321
0.0390805 172
0.96092 192
-123456
0.0236407 173
0.976359 193
-123456
0.0272537 174
0.972746 194
-123456
0.0339674 175
0.966033 195
-123456
0.0406977 170
0.959302 190
-123456
0.0344828 169
0.965517 189
-123456
0.0414201 168
0.95858 188
-123456
0.0348837 167
0.965116 187
-123456
0.0128535 171
0.987147 191
-123456
-654321
0.025463 173
0.974537 193
-123456
0.0316687 174
0.968331 194
-123456
0.0478668 175
0.952133 195
-123456
0.030303 176
0.969697 196
-123456
0.0453564 171
0.954644 191
-123456
0.0362319 170
0.963768 190
-123456
0.0262009 169
0.973799 189
-123456
0.0380952 168
0.961905 188
-123456
0.056962 172
0.943038 192
-123456
-654321
0.0357143 174
0.964286 194
-123456
0.0465649 175
0.953435 195
-123456
0.0406654 176
0.959335 196
-123456
0.0300752 177
0.969925 197
-123456
0.0419847 172
0.958015 192
-123456
0.0313808 171
0.968619 191
-123456
0.0363636 170
0.963636 190
-123456
0.0199203 169
0.98008 189
-123456
0.046729 173
0.953271 193
-123456
-654321
0.039604 175
0.960396 195
-123456
0.0432 176
0.9568 196
-123456
0.0310078 177
0.968992 197
-123456
0.0444444 178
0.955556 198
-123456
0.0298295 173
0.97017 193
-123456
0.0308442 172
0.969156 192
-123456
0.046589 171
0.953411 191
-123456
0.0476974 170
0.952303 190
-123456
0.0508267 174
0.949173 194
-123456
-654321
0.0529595 176
0.94704 196
-123456
0.0364146 177
0.963585 197
-123456
0.00145349 98
0.0363372 178
0.962209 198
-123456
0.0452055 179
0.954795 199
-123456
0.0561224 174
0.943878 194
-123456
0.0416667 173
0.958333 193
-123456
0.0425824 172
0.957418 192
-123456
0.0625869 171
0.937413 191
-123456
0.0320513 175
0.967949 195
-123456
-654321
0.041841 177
0.958159 197
-123456
0.0512821 178
0.948718 198
-123456
0.0469083 179
0.953092 199
-123456
0.032345 175
0.967655 195
-123456
0.0473485 174
0.952652 194
-123456
0.0476858 173
0.952314 193
-123456
0.0252101 172
0.97479 192
-123456
0.04 176
0.96 196
-123456
-654321
0.0444915 178
0.955508 198
-123456
0.0497738 179
0.950226 199
-123456
0.0394191 176
0.960581 196
-123456
0.0534699 175
0.94653 195
-123456
0.0389262 174
0.961074 194
-123456
0.0600375 173
0.939963 193
-123456
0.0367171 177
0.963283 197
-123456
-654321
0.059126 179
0.940874 199
-123456
0.0457831 177
0.954217 197
-123456
0.0391304 176
0.96087 196
-123456
0.0418904 175
0.95811 195
-123456
0.0506024 174
0.949398 194
-123456
0.0331633 178
0.966837 198
-123456
-654321
0.0311751 178
0.968825 198
-123456
0.0437828 177
0.956217 197
-123456
0.0307018 176
0.969298 196
-123456
0.0521236 175
0.947876 195
-123456
0.0601093 179
0.939891 199
-123456
-654321
