144.266
128.372
137.324
173.902
132.194
-654321
128.373
124.341
120.487
150.453
132.778
132.201
-654321
154.453
120.638
116.653
112.716
131.837
132.318
128.497
-654321
120.34
116.268
112.42
142.413
128.547
131.833
134.399
124.65
-654321
116.514
112.429
108.482
104.37
124.347
128.439
131.995
132.004
120.692
-654321
112.649
108.444
104.657
100.755
120.455
124.5
128.537
142.053
116.551
-654321
108.56
104.577
100.442
96.7068
116.612
120.26
124.422
137.349
112.331
-654321
104.552
100.557
96.4904
92.3393
112.466
116.504
120.347
124.557
108.4
-654321
100.602
96.7032
92.6024
88.6478
108.91
112.291
116.709
120.628
104.386
-654321
96.8635
92.5133
88.6636
84.1857
104.904
108.252
112.819
116.605
100.607
-654321
92.6374
88.4973
84.8345
80.5963
100.687
104.64
108.844
112.654
96.682
-654321
88.376
85.0046
80.3786
76.4854
96.4514
100.928
104.798
108.672
92.433
-654321
84.4708
80.6641
77.1559
73.0399
92.1115
96.6682
100.379
104.095
88.5567
-654321
80.9239
77.0652
72.8421
68.5629
88.005
92.3129
96.7943
110.359
85.0383
-654321
76.7949
72.3686
68.7023
65.0978
84.5161
88.7414
92.4749
96.5608
80.8074
-654321
72.4516
94.032
64.8837
61.0863
80.826
85.322
88.9179
93.0166
76.1014
-654321
67.9443
64.6121
60.54
56.9194
76.7973
81.3078
83.8841
88.6374
73.0454
-654321
64.1328
60.7907
56.5323
52.3613
72.0455
76.8893
81.7871
84.5149
69.2093
-654321
60.5254
56.5787
52.8822
49.1843
68.0718
72.2666
76.7523
80.4245
64.8598
-654321
56.58
52.6886
48.9262
45.0733
64.2208
93.706
96.6863
76.501
72.1035
-654321
52.4055
48.9895
44.1714
41.1593
61.2663
64.3693
69.705
72.8673
56.6555
-654321
48.0935
44.2356
40.5326
78.3819
56.9041
89.8386
92.2835
68.5693
52.7093
-654321
81.5025
79.8326
78.0878
32.464
52.9271
56.7087
59.6489
65.1655
49.037
-654321
80.0498
35.6809
33.6751
73.4913
83.1666
52.0267
56.1015
60.2021
45.4606
-654321
77.9415
33.2344
74.225
72.5144
43.7839
84.4722
52.6644
56.5842
40.9199
-654321
76.435
73.6373
71.3036
20.0142
40.5921
44.7098
49.2697
53.1574
77.162
-654321
73.7341
72.0367
21.541
78.0298
42.3631
45.0745
49.578
77.1092
-654321
24.8019
19.5456
31.5059
36.944
80.3434
82.0064
74.0272
-654321
69.4328
28.198
31.7286
78.2515
41.1787
71.7285
-654321
71.1764
26.9027
32.5673
37.0457
68.9582
-654321
149.012
149.532
146.155
140.301
139.994
-654321
149.841
145.856
140.813
135.161
140.868
150.299
-654321
146.1
140.843
135.321
129.523
149.743
140.548
150.07
-654321
141.544
135.552
129.745
123.479
150.182
149.359
140.631
146.517
-654321
135.261
129.42
123.315
117.5
146.381
149.257
149.307
140.626
141.129
-654321
129.341
123.831
117.624
111.388
140.831
145.428
149.722
149.661
135.339
-654321
123.371
117.788
111.633
105.834
135.167
140.653
145.853
150.234
129.245
-654321
117.371
111.581
105.603
99.6829
129.026
135.458
141.199
145.917
123.378
-654321
111.423
105.588
99.3318
93.3659
123.526
129.807
135.619
140.875
117.561
-654321
104.925
99.3764
93.2364
87.4867
117.23
123.553
129.197
135.33
111.461
-654321
98.8852
92.7467
87.4427
81.3173
111.355
117.565
123.042
129.507
105.559
-654321
92.984
86.574
81.2544
74.6941
105.806
112.152
117.614
123.193
99.3416
-654321
87.5005
81.2199
75.2803
69.6532
99.9841
105.084
111.781
117.387
92.9929
-654321
80.8369
76.0383
69.2063
62.9679
93.5989
98.9112
105.298
111.036
87.7131
-654321
75.1946
68.8698
61.8459
56.7169
87.7803
94.4134
99.6238
105.54
80.717
-654321
68.7914
63.4388
57.7164
52.0657
80.7937
86.7655
92.904
99.3534
75.0391
-654321
64.1904
57.7588
51.0409
45.9112
75.2868
81.4063
86.2564
93.1849
69.6375
-654321
57.5132
51.39
46.3309
39.7832
69.3619
75.525
80.7398
87.7975
63.1804
-654321
49.9635
46.5011
39.4827
34.0559
63.3705
69.3991
75.0628
80.8827
74.4565
-654321
65.7029
38.9119
33.5182
26.7123
57.197
63.6314
69.3452
75.6275
50.3687
-654321
40.1924
33.3977
28.7907
50.6717
50.8118
74.0902
63.2535
70.4226
66.6916
-654321
59.2836
25.4924
21.5117
15.6384
67.508
52.3773
75.1401
64.2082
97.8271
-654321
26.2166
50.4536
14.8389
9.79599
62.4213
45.0675
71.9609
56.2703
33.744
-654321
51.0619
16.7981
9.68918
37.8807
33.5278
40.3851
44.8747
51.185
27.4161
-654321
16.2647
8.0443
38.0903
34.8458
53.3389
69.5633
62.0973
44.8713
50.5525
-654321
54.0358
39.1218
34.15
30.712
21.2755
53.6214
59.4149
39.3374
15.4827
-654321
39.1655
33.7243
32.1566
14.6208
18.4484
65.8721
33.4523
41.5595
-654321
34.6933
30.1777
8.16689
44.8302
21.5127
27.3791
4.96117
-654321
30.5218
51.2054
42.43
47.3128
21.632
33.6886
-654321
0
39.8136
53.433
47.6861
31.0196
-654321
155.349
165.701
168.503
167.743
140.462
-654321
166.069
166.671
166.852
164.114
141.156
155.607
-654321
168.68
167.335
164.119
158.661
154.656
140.351
165.618
-654321
168.065
164.666
159.446
154.1
164.223
155.419
139.654
169.299
-654321
164.768
159.457
154.329
148.212
169.339
164.767
154.135
139.857
167.277
-654321
159.923
153.53
148.265
142.293
167.577
169.152
164.845
157.381
163.961
-654321
152.958
148.507
141.632
136.533
164.759
167.354
168.237
165.358
159.053
-654321
147.548
142.468
136.624
130.166
159.63
164.57
168.069
168.958
153.754
-654321
142.33
136.479
130.44
124.576
153.165
159.878
164.162
167.347
148.259
-654321
135.893
130.521
123.658
118.439
147.569
153.715
158.26
163.929
141.822
-654321
130.363
124.378
117.644
112.3
141.639
147.615
152.234
159.46
136.422
-654321
123.551
118.665
111.829
105.346
136.099
141.225
147.752
153.509
129.414
-654321
117.067
112.009
105.952
99.7441
129.622
135.508
141.139
147.622
123.65
-654321
111.385
105.73
99.8209
93.7691
123.462
129.496
136.287
141.721
117.689
-654321
105.321
100.559
94.9856
87.0675
118.393
124.127
130.542
135.713
111.797
-654321
102.654
94.2101
88.2825
81.7451
112.564
118.353
123.771
129.608
105.413
-654321
93.3605
86.79
81.9063
75.2276
105.989
112.116
117.354
123.157
99.1237
-654321
87.7225
90.8021
75.8669
70.2401
100.614
106.445
112.382
118.315
94.1976
-654321
82.9375
75.9169
69.298
64.5118
93.1565
100.077
105.06
112.282
94.5242
-654321
74.046
68.8579
62.5249
58.6529
87.3586
97.01
100.34
106.232
83.4549
-654321
67.3847
64.109
74.8803
50.4219
89.7625
87.3267
94.926
99.3112
85.6642
-654321
62.6432
73.5611
70.8952
66.0894
76.1171
80.5589
88.0976
94.3981
68.6534
-654321
76.1788
51.8858
43.4803
61.5903
82.5928
74.6586
81.531
94.2277
78.544
-654321
53.2342
45.1201
40.5238
58.408
64.2343
69.368
75.1674
80.8599
75.2223
-654321
45.5956
62.9781
33.6227
53.9639
57.4653
63.9686
81.6565
74.6888
51.0343
-654321
39.6737
34.0832
28.2392
50.6387
70.205
73.6171
103.917
69.7645
66.7654
-654321
96.1501
92.3348
20.6794
44.438
71.1395
73.7407
78.7948
74.1099
-654321
67.3868
63.094
62.0681
45.3495
67.999
85.5804
95.8701
-654321
22.254
57.9853
73.7002
43.9635
71.0806
67.4225
-654321
55.9674
35.6355
62.3067
46.0386
48.9175
-654321
154.769
162.3
180.289
183.68
140.137
-654321
169.318
179.999
184.089
186.623
141.452
153.228
-654321
178.573
184.138
184.97
181.921
155.391
140.381
167.51
-654321
182.887
186.259
185.056
181.373
172.469
156.167
141.203
179.066
-654321
182.664
184.18
180.273
175.257
177.709
165.649
155.433
141.175
182.212
-654321
184.537
179.341
175.88
170.063
186.936
181.209
168.997
153.621
186.079
-654321
179.077
175.329
170.561
164.542
186.007
183.565
183.22
168.556
183.061
-654321
176.029
170.762
165.085
158.622
183.301
185.763
184.012
179.27
180.225
-654321
169.607
164.319
158.279
152.619
180.447
183.634
186.397
184.98
175.34
-654321
164.516
158.948
153.469
146.13
175.793
179.254
180.291
184.703
170.144
-654321
158.253
153.11
147.103
140.679
169.272
176.42
177.634
184.499
163.788
-654321
152.422
146.829
140.702
134.88
163.267
168.915
176.286
179.01
158.8
-654321
147.005
140.77
134.594
128.18
158.008
164.148
170.051
173.357
152.323
-654321
141.373
135.038
128.655
122.577
152.731
158.164
163.911
166.894
145.698
-654321
134.242
128.217
121.267
116.2
147.01
152.556
159.34
162.861
140.087
-654321
129.36
120.881
116.028
109.938
141.504
147.128
152.962
157.075
135.943
-654321
122.606
117.486
110.322
104.589
133.581
140.657
146.073
152.516
127.949
-654321
115.147
110.817
105.589
98.1815
127.814
134.604
141.361
146.364
122.997
-654321
110.835
105.587
98.4254
92.8895
122.822
129.425
133.86
140.47
116.487
-654321
104.845
99.0225
93.1493
94.6835
113.918
122.83
128.473
135.193
110.154
-654321
99.0982
97.8053
86.5533
90.1401
109.019
116.934
117.763
128.754
103.596
-654321
92.2614
84.7885
80.1297
73.1863
105.162
110.874
117.05
122.5
101.206
-654321
112.582
80.8996
75.2398
66.998
98.7697
102.843
109.448
116.468
93.4379
-654321
79.6361
84.1156
67.222
78.0162
97.6026
99.323
103.97
110.561
85.5342
-654321
75.8548
94.1081
60.7299
58.4685
93.1095
91.5195
101.201
104.739
82.0812
-654321
82.3973
62.8828
73.13
51.8958
89.4183
92.2106
98.3451
99.7338
86.8733
-654321
78.5526
72.3029
49.0458
75.0049
90.3206
87.435
93.104
69.9088
-654321
74.8246
50.8001
83.6268
85.8255
88.8494
85.4762
102.99
-654321
50.4834
77.8581
93.3419
86.6863
89.6023
72.8594
-654321
85.6565
76.7519
69.75
75.1073
69.0823
-654321
154.025
164.185
182.038
195.736
140.245
-654321
168.575
183.668
201.879
204.159
141.338
152.005
-654321
182.268
194.91
199.245
204.511
155.969
141.382
170.203
-654321
193.644
198.612
207.389
201.299
166.809
155.896
141.878
181.341
-654321
203.817
203.181
200.647
201.204
183.473
169.604
155.268
139.668
193.771
-654321
205.567
204.471
203.301
198.535
193.646
181.222
167.315
156.604
205.54
-654321
202.775
202.034
197.542
195.053
203.622
197.148
181.033
168.471
207.943
-654321
203.371
199.37
195.028
190.055
196.564
201.305
196.035
182.779
204.744
-654321
200.279
193.622
188.413
182.953
202.68
204.472
203.565
197.3
200.361
-654321
193.737
188.963
183.874
177.976
200.323
199.496
204.861
200.681
198.065
-654321
188.454
182.638
178.309
173.425
197.406
202.085
204.053
201.695
193.813
-654321
183.7
177.475
172.115
166.586
193.745
196.504
202.74
201.791
187.172
-654321
178.449
172.578
167.17
160.901
185.889
194.514
198.742
202.444
183.837
-654321
173.262
166.99
161.497
154.323
181.968
190.658
191.224
198.585
177.683
-654321
166.922
160.1
154.722
149.055
179.23
182.917
189.206
194.309
173.48
-654321
159.473
153.972
148.959
142.853
172.267
178.854
183.863
188.103
165.668
-654321
155.184
149.632
143.246
137.255
166.56
172.687
178.057
183.869
160.851
-654321
149.605
142.45
136.669
130.643
160.071
167.139
172.658
177.839
154.881
-654321
129.734
136.201
130.532
123.308
154.041
159.006
166.572
172.735
148.946
-654321
135.738
122.384
124.377
120.204
148.359
156.414
160.432
166.134
129.764
-654321
130.484
124.468
119.274
112.82
141.165
149.432
137.728
160.199
135.936
-654321
118.17
119.396
114.087
107.068
136.215
131.051
149.469
153.21
124.073
-654321
116.41
111.975
119.879
101.348
122.1
126.068
140.824
134.242
124.981
-654321
112.609
106.389
101.517
94.6894
123.791
122.729
137.16
130.163
116.822
-654321
106.588
103.256
111.543
93.8623
114.666
124.102
123.144
135.404
113.669
-654321
101.886
98.0624
89.3917
90.1716
112.093
118.643
118.666
130.319
105.217
-654321
94.1609
95.7121
82.086
119.299
109.52
117.921
124.427
102.555
-654321
93.1794
89.9938
101.649
106.357
110.794
117.773
92.0713
-654321
90.2234
111.855
101.99
107.283
109.963
87.6335
-654321
108.134
94.9178
100.905
105.281
111.031
-654321
154.6
166.81
180.836
202.083
141.075
-654321
174.798
184.031
197.109
209.569
140.485
157.021
-654321
176.342
194.81
208.545
216.054
154.039
141.154
172.646
-654321
196.648
206.191
211.224
222.783
171.775
158.251
142.444
183.547
-654321
198.641
223.465
220.2
223.75
178.816
168.388
152.358
141.835
194.507
-654321
221.401
213.967
221.888
217.503
190.883
184.649
172.172
156.912
210.87
-654321
221.601
222.158
223.109
219.699
205.668
202.21
180.387
168.526
219.415
-654321
220.835
221.284
219.639
216.292
213.457
208.48
192.825
184.41
220.865
-654321
220.407
216.91
215.321
211.492
220.837
215.834
209.328
198.324
223.386
-654321
216.756
214.86
208.627
204.293
215.781
220.702
217.564
209.66
224.007
-654321
217.331
207.554
206.947
200.983
219.764
221.417
217.979
217.069
219.075
-654321
211.304
203.535
201.827
193.702
218.174
223.756
220.488
215.276
217.714
-654321
203.402
200.268
191.911
189.119
215.486
220.016
214.294
223.844
209.81
-654321
200.341
195.601
190.117
183.777
209.127
213.447
217.082
219.258
204.866
-654321
195.604
186.888
183.275
179.013
205.911
211.961
215.878
217.544
195.309
-654321
185.307
184.461
177.694
171.88
198.961
206.905
211.697
214.447
195.889
-654321
182.685
176.841
171.478
165.522
197.035
199.632
203.507
211.05
189.584
-654321
177.644
171.892
165.073
159.892
189.228
194.134
200.46
201.76
182.538
-654321
172.019
165.665
159.994
153.455
184.421
189.643
197.263
199.647
177.547
-654321
165.001
159.785
154.232
148.505
178.375
184.067
189.266
194.677
171.594
-654321
160.263
137.306
147.823
140.818
171.229
173.937
183.037
188.798
165.526
-654321
153.373
134.506
140.103
135.334
166.33
169.967
178.227
183.443
159.487
-654321
146.496
140.728
136.622
130.974
141.837
163.802
171.923
176.586
153.877
-654321
141.421
127.419
122.468
118.196
152.234
160.004
164.11
172.251
148.101
-654321
133.878
122
117.93
113.653
148.531
137.234
160.531
145.78
129.883
-654321
122.764
117.108
117.062
111.48
130.349
133.043
153.856
159.115
126.395
-654321
123.739
119.876
111.238
127.072
141.517
133.86
154.331
122.736
-654321
125.663
109.252
122.133
135.356
142.593
147.917
119.119
-654321
111.184
122.834
122.546
124.952
142.859
114.965
-654321
122.35
116.258
129.891
135.95
111.811
-654321
158.445
169.021
187.062
197.336
141.744
-654321
168.281
185.708
195.698
205.557
140.525
160.655
-654321
192.441
203.083
214.969
222.206
153.489
141.276
168.176
-654321
202.183
209.529
218.193
239.639
170.178
156.072
140.761
179.192
-654321
208.028
223.154
233.949
236.799
185.668
166.304
154.126
140.982
196.687
-654321
224.454
231.993
234.707
237.738
195.985
186.84
168.048
153.639
213.791
-654321
230.397
235.078
236.448
235.736
213.82
195.841
185.385
171.087
222.947
-654321
233.271
239.459
237.589
239.979
226.249
215.063
194.187
182.306
236.619
-654321
240.387
238.251
236.891
234.948
237.524
226.677
212.874
194.24
233.393
-654321
239.772
235.278
235.351
232.365
233.014
235.226
222.047
215.057
237.475
-654321
236.242
234.978
230.065
226.682
236.235
236.449
229.734
226.879
239.313
-654321
233.724
232.177
226.006
220.02
233.282
237.279
235.224
235.29
238.5
-654321
233.761
227.09
221.821
214.905
237.8
235.493
234.031
242.291
238.802
-654321
226.921
221.961
217.624
211.776
232.27
234.739
242.859
236.714
228.911
-654321
220.948
217.347
211.184
204.723
229.175
236.36
231.269
238.554
229.301
-654321
217.207
212.51
206.723
200.872
220.662
230.311
233.131
235.756
222.156
-654321
211.017
203.556
198.47
194.051
217.673
230.659
231.386
233.486
217.329
-654321
205.936
195.768
194.455
161.783
217.2
214.901
229.414
231.09
207.326
-654321
200.793
193.602
187.821
181.97
211.658
216.527
215.88
227.311
206.63
-654321
194.264
188.582
183.504
176.716
205.348
211.266
209.576
223.705
199.423
-654321
185.884
180.773
176.369
171.469
199.614
206.209
211.301
214.82
193.284
-654321
181.838
177.591
171.117
164.688
194.512
169.401
206.412
175.975
161.551
-654321
177.331
169.625
145.463
158.294
185.145
193.091
199.777
206.322
157.087
-654321
171.178
164.47
140.221
153.431
145.111
187.357
193.713
200.872
154.628
-654321
163.246
158.759
153.34
134.204
176.057
183.721
187.613
193.484
170.504
-654321
142.166
138.449
146.52
139.485
172.053
175.891
182.559
188.821
164.995
-654321
137.471
134.561
130.33
145.663
169.13
153.97
183.136
159.802
-654321
145.988
130.328
155.33
158.43
170.668
175.941
153.142
-654321
132.175
151.955
140.307
145.324
169.554
133.994
-654321
146.179
151.838
142.744
164.025
130.871
-654321
153.411
174.365
175.68
195.589
141.683
-654321
169.401
179.051
195.962
209.814
136.765
154.017
-654321
187.85
197.401
214.428
236.594
152.276
140.55
166.193
-654321
191.97
216.025
233.748
235.924
165.798
157.125
142.58
184.193
-654321
212.358
226.785
227.085
249.069
188.926
164.516
155.495
140.593
186.588
-654321
229.876
231.72
242.919
249.852
189.877
178.145
169.227
156.589
216.39
-654321
244.606
243.832
252.11
255.644
209.16
198.889
181.644
169.317
234.913
-654321
253.383
245.294
253.573
252.389
220.315
209.767
195.804
176.293
231.975
-654321
256.334
256.763
252.112
255.501
228.478
228.359
211.463
194.847
251.416
-654321
256.579
258.592
258.506
257.686
246.549
235.685
217.971
218.065
247.476
-654321
261.78
258.706
259.555
251.056
254.779
247.448
238.654
228.295
257.373
-654321
249.483
253.433
252.747
240.876
253.502
256.191
250.294
239.328
256.222
-654321
253.914
248.606
252.004
247.528
258.057
250.359
250.89
255.337
257.994
-654321
252.875
250.341
242.289
238.489
254.975
254.794
255.496
260.004
259.649
-654321
250.675
246.213
241.751
235.06
255.781
248.523
258.782
255.216
255.223
-654321
244.362
236.518
235.751
230.563
254.699
252.646
248.586
253.705
250.863
-654321
240.433
233.785
229.334
225.119
248.954
256.813
257.911
244.558
245.777
-654321
235.49
227.323
225.602
220.289
246.297
246.387
255.427
256.199
241.853
-654321
231.426
222.375
218.405
211.836
242.542
248.012
243.028
250.25
234.396
-654321
226.729
218.816
214.058
208.513
235.691
242.678
246.931
241.859
232.18
-654321
220.069
213.577
207.35
201.861
228.977
236.577
239.101
239.93
225.839
-654321
213.646
207.748
202.935
167.3
183.093
231.34
236.984
239.171
217.293
-654321
201.364
201.993
196.772
189.963
221.378
224.676
230.934
231.878
213.392
-654321
169.948
195.786
191.123
185.411
213.629
220.163
224.979
231.989
208.373
-654321
166.011
162.416
159.628
177.447
207.331
178.357
204.315
226.178
202.244
-654321
188.703
184.594
153.421
152.511
201.078
174.861
177.913
220.137
195.812
-654321
185.015
154.669
151.291
165.984
172.062
209.094
213.034
190.344
-654321
176.663
173.026
161.455
197.652
201.709
207.368
158.043
-654321
150.348
157.868
162.075
184.471
170.148
175.858
-654321
154.738
182.805
191.286
197.209
171.447
-654321
149.884
178.28
187.912
200.561
144.015
-654321
178.729
176.984
180.738
217.535
140.732
148.517
-654321
166.185
208.44
220.492
225.021
156.715
139.298
171.473
-654321
196.073
231.819
224.884
230.306
170.87
154.059
140.269
184.166
-654321
214.476
214.888
240.792
260.87
184.629
163.407
154.423
142.65
200.404
-654321
221.245
243.288
259.314
261.344
201.784
184.17
167.499
154.299
207.893
-654321
244.35
240.557
260.103
265.946
223.589
194.812
189.488
170.41
225
-654321
252.516
262.958
271.959
267.8
219.398
208.308
188.445
183.959
250.081
-654321
271.381
257.655
274.05
276.553
239.834
216.175
212.654
195.434
262.597
-654321
267.677
270.785
275.441
270.164
257.942
240.942
228.935
215.341
261.095
-654321
274.247
274.301
276.224
275.696
260.898
251.34
238.386
221.611
257.993
-654321
276.13
273.931
277.699
261.759
263.537
264.174
249.548
244.736
269.054
-654321
275.505
273.413
272.314
270.04
274.233
270.594
258.39
260.22
277.125
-654321
274.022
270.259
267.141
266.864
271.637
272.073
270.469
260.49
274.096
-654321
272.7
267.918
265.591
262.712
271.419
269.692
271.519
262.515
276.203
-654321
272.765
269.246
260.611
255.309
268.297
269.277
270.923
272.691
272.01
-654321
262.102
255.629
254.341
253.269
271.774
278.623
268.162
275.717
266.157
-654321
266.935
254.596
251.256
246.455
265.257
265.215
271.398
271.091
257.618
-654321
256.858
254.722
249.421
239.55
263.298
269.599
276.165
267.47
261.354
-654321
251.64
247.692
232.322
233.354
255.105
264.159
271.123
269.8
254.089
-654321
245.035
235.396
234.596
231.178
249.447
258.637
265.124
274.72
251.846
-654321
242.369
236.901
231.445
225.419
253.867
257.326
262.277
259.243
246.917
-654321
236.314
230.864
225.257
219.545
247.579
252.25
238.765
259.612
239.232
-654321
231.057
186.487
219.305
214.333
242.651
247.467
253.668
251.738
236.7
-654321
224.594
219.712
213.21
208.411
236.941
242.228
248.932
245.894
230.14
-654321
182.071
213.88
207.841
201.238
230.35
235.769
236.626
247.027
225.503
-654321
177.767
207.898
200.408
221.348
191.672
193.445
242.943
219.866
-654321
208.186
170.944
217.216
184.479
230.46
237.722
213.573
-654321
201.797
213.493
218.681
187.153
231.165
206.986
-654321
208.09
177.958
182.554
224.449
170.736
-654321
146.579
156.347
170.278
179.613
133.715
-654321
160.926
166.838
166.141
194.454
136.727
145.577
-654321
160.49
167.528
179.913
198.874
142.353
137.279
158.069
-654321
172.001
188.645
186.966
197.955
154.673
145.83
135.654
160.805
-654321
176.838
189.292
209.987
212.69
165.013
155.94
143.996
136.035
180.494
-654321
190.229
199.891
222.531
222.393
174.965
167.138
156.499
147.126
179.313
-654321
208.36
214.928
227.625
222.382
190.716
170.96
164.016
154.945
190.789
-654321
214.831
227.932
227.128
260.254
194.014
168.381
179.126
168.793
197.152
-654321
223.592
232.311
255.904
230.795
196.651
191.35
195.581
170.082
215.47
-654321
226.654
230.18
232.12
228.988
209.432
211.708
195.587
183.147
214.894
-654321
225.651
231.998
233.246
235.395
222.765
209.906
202.949
188.99
225.987
-654321
231.076
233.9
234.748
237.82
220.557
215.105
212.398
199.232
229.252
-654321
235.017
236.4
232.875
228.639
234.245
222.547
216.882
210.585
229.901
-654321
233.102
232.721
234.486
233.753
233.273
226.303
229.899
219.812
232.563
-654321
231.922
233.758
232.881
226.419
229.449
230.686
230.406
227.519
232.126
-654321
231.332
232.162
229.182
226.403
237.625
227.325
224.029
228.18
235.979
-654321
231.831
229.888
226.537
224.874
232.399
233.177
254.319
229.002
233.712
-654321
228.641
227.164
224.348
220.53
232.097
233.763
233.512
238.939
233.663
-654321
225.613
225.989
219.491
218.827
230.056
235.244
232.425
235.933
229.609
-654321
225.885
220.897
219.011
214.219
227.202
231.527
229.179
230.233
226.66
-654321
218.753
218.484
214.552
211.807
226.459
231.832
229.81
228.044
225.384
-654321
217.929
214.609
211.483
207.436
225.321
220.142
230.811
231.934
219.708
-654321
214.277
211.067
205.289
204.125
214.647
225.908
228.402
232.158
216.473
-654321
210.862
207.882
203.273
196.847
216.435
220.503
223.292
227.878
214.646
-654321
207.897
204.293
200.516
196.241
209.165
217.881
219.492
225.056
209.487
-654321
203.64
199.747
195.66
191.657
210.652
207.687
219.493
221.175
208.41
-654321
199.621
196.538
192.616
207.424
212.034
215.321
216.567
203.963
-654321
195.662
193.49
201.91
202.07
211.711
214.922
198.247
-654321
163.75
199.133
204.06
205.89
211.51
195.435
-654321
195.462
199.549
204.886
205.754
192.116
-654321
