233.383
237.056
249.082
263.08
223.246
-654321
231.461
213.653
209.736
212.987
221.785
221.476
-654321
213.684
209.689
205.677
201.759
220.986
221.387
217.593
-654321
246.859
205.752
201.665
197.726
217.742
226.854
221.49
213.843
-654321
205.749
201.574
197.583
193.572
213.706
234.603
220.84
221.118
209.733
-654321
201.938
197.706
193.884
189.835
209.632
213.683
232.133
231.287
205.855
-654321
231.719
221.513
189.723
185.761
205.745
209.433
213.763
217.738
201.768
-654321
193.616
189.521
185.679
181.762
201.508
205.596
209.711
213.737
197.604
-654321
189.728
185.702
181.818
177.807
197.918
201.357
205.685
209.731
193.506
-654321
185.998
181.623
177.779
173.826
193.86
197.616
202.076
205.817
189.902
-654321
181.877
177.639
173.623
169.895
189.817
193.401
197.853
201.652
185.561
-654321
177.584
173.67
169.728
165.632
185.656
189.986
194.157
197.719
181.626
-654321
173.914
169.788
165.919
161.804
181.583
185.848
189.79
193.628
177.779
-654321
170.032
165.996
161.542
157.536
177.513
181.427
185.977
189.635
173.907
-654321
166.059
161.993
157.313
153.867
173.481
178.267
182.238
185.666
169.488
-654321
161.865
157.78
153.533
150.196
170.099
174.041
177.826
181.807
165.332
-654321
157.343
153.284
149.805
145.808
165.433
169.787
173.875
190.599
162.275
-654321
153.885
149.641
145.81
141.477
161.593
165.489
170.189
173.637
157.645
-654321
149.926
145.627
141.555
138.305
158.219
161.642
165.734
169.652
153.458
-654321
145.418
141.411
137.796
134.061
154.161
182.935
162.289
165.637
160.723
-654321
141.437
137.543
133.626
129.83
149.668
154.191
157.742
161.78
145.319
-654321
136.94
133.194
129.563
126.266
177.079
149.779
153.23
157.762
142.582
-654321
170.938
129.19
125.974
121.236
142.533
145.591
150.352
153.318
137.264
-654321
128.931
125.334
121.385
117.885
138.049
175.795
145.198
149.643
133.391
-654321
125.247
122.609
117.17
152.999
134.146
172.977
141.07
145.107
129.524
-654321
121.187
118.359
114.348
110.167
168.585
170.536
138.008
141.327
126.339
-654321
164.101
160.915
159.64
105.723
124.67
129.442
134.194
138.278
121.066
-654321
113.855
109.177
105.76
102.888
165.249
125.866
129.885
133.76
117.05
-654321
110.693
158.095
154.723
153.004
118.28
121.152
126.016
130.301
114.11
-654321
106.453
155.849
97.6073
75.7365
114.25
117.91
165.611
126.452
159.608
-654321
155.509
97.805
151.356
89.4168
109.494
114.076
118.479
121.835
157.879
-654321
153.179
92.9771
91.2245
146.619
106.404
159.395
161.358
116.699
154.87
-654321
151.859
149.4
147.215
82.6511
154.821
157.753
159.52
113.91
97.7429
-654321
150.109
85.4516
144.926
143.538
151.773
100.91
157.543
110.673
151.202
-654321
85.8269
145.03
143.464
140.889
93.9257
99.3655
156.07
105.028
149.908
-654321
144.56
78.988
141.671
138.754
149.63
151.862
154.163
100.775
146.309
-654321
76.8221
139.614
138.644
138.048
146.551
89.8997
150.872
152.546
144.239
-654321
140.825
70.5074
137.664
62.5967
145.017
86.6429
149.084
93.2825
77.7369
-654321
139.005
135.448
134.759
132.444
143.281
82.0711
85.5656
90.4553
141.371
-654321
138.402
135.672
133.25
130.622
141.4
142.72
144.771
146.971
71.9549
-654321
135.381
133.63
130.02
131.75
138.747
75.3966
143.887
144.871
138.625
-654321
132.632
53.1628
128.596
130.34
136.196
140.461
72.5929
143.03
134.369
-654321
130.415
130.068
127.499
125.225
60.56
138.042
69.8317
73.5667
132.418
-654321
127.402
126.544
126.727
123.769
133.216
133.427
138.039
138.753
130.436
-654321
127.186
125.575
122.327
35.6983
128.544
133.779
135.13
138.997
129.9
-654321
122.368
122.388
121.814
119.868
129.118
132.318
133.173
135.182
127.065
-654321
120.028
121.696
119.738
126.014
130.52
130.656
134.052
125.069
-654321
121.619
116.087
124.689
126.374
130.096
130.742
122.786
-654321
119.39
122.353
125.868
126.338
52.2293
122.317
-654321
119.382
38.0483
124.583
131.441
118.289
-654321
237.795
239.266
235.259
229.938
229.578
-654321
239.204
235.444
230.196
224.414
230.228
238.824
-654321
235.174
229.968
224.214
218.597
238.124
229.908
238.213
-654321
230.513
224.863
218.833
212.779
238.738
238.334
229.753
235.659
-654321
224.83
218.793
212.677
206.488
235.699
239.188
238.502
228.708
230.129
-654321
218.694
213.027
206.945
200.578
230.403
235.163
239.447
238.841
224.596
-654321
212.907
206.859
201.026
194.749
224.803
230.025
235.255
239.176
218.457
-654321
206.424
200.676
194.642
188.95
218.629
224.651
230.51
235.129
212.748
-654321
200.606
194.689
188.396
182.76
212.558
218.662
224.238
230.081
206.85
-654321
194.378
188.644
182.22
176.227
206.778
212.663
218.446
224.354
200.645
-654321
188.311
182.155
176.32
170.247
200.444
206.21
212.273
218.471
194.387
-654321
182.261
175.98
170.84
164.612
194.703
200.684
206.607
212.55
188.468
-654321
176.236
170.296
164.441
158.282
189.07
194.482
200.852
206.352
182.419
-654321
170.185
165.409
157.701
152.483
182.547
188.319
194.535
200.403
176.495
-654321
164.364
158.023
152.107
146.698
176.683
182.696
188.765
194.248
169.933
-654321
158.47
153.064
146.65
140.673
170.76
176.357
182.938
188.612
164.883
-654321
151.853
145.978
140.454
133.524
164.52
170.779
176.014
182.169
157.301
-654321
145.591
140.059
134.666
128.013
158.697
163.923
169.562
176.639
152.345
-654321
139.519
135.315
128.182
122.799
151.74
159.011
164.539
170.758
146.32
-654321
133.944
127.907
122.859
116.435
147.065
152.18
157.542
164.542
140.537
-654321
128.433
122.218
117.626
111.354
140.32
146.885
151.633
158.345
156.127
-654321
122.146
116.255
110.336
135.474
134.019
159.138
147.054
153.001
127.49
-654321
115.93
110.561
104.193
99.4461
151.688
135.019
160.821
146.509
123.334
-654321
110.179
103.673
97.8465
91.8663
122.843
127.23
133.862
139.672
117.047
-654321
146.811
97.9084
91.2094
123.695
115.809
123.56
127.596
134.238
111.447
-654321
131.883
92.8471
87.3748
120.284
110.559
117.251
146.866
128.367
135.804
-654321
92.127
86.1054
81.6725
74.422
104.023
110.088
115.894
121.867
100.229
-654321
173.35
119.984
116.815
68.212
129.941
135.35
150.39
116.152
92.6637
-654321
131.131
115.708
110.549
108.995
127.63
99.6483
104.477
111.631
85.7567
-654321
74.747
67.5855
63.2197
104.946
83.8544
139.885
98.3018
104.602
119.677
-654321
66.2453
106.674
161.349
48.3898
120.383
123.873
128.581
132.838
74.9561
-654321
108.847
54.7542
100.757
97.2659
73.2732
120.226
124.967
92.4919
165.734
-654321
55.9377
160.254
96.712
103.385
166.61
72.0136
80.8174
86.7832
166.715
-654321
99.1243
43.5407
101.04
87.1502
108.933
166.156
115.167
80.431
101.334
-654321
109.428
104.596
88.6688
150.914
160.186
163.503
111.923
116.521
160.255
-654321
157.399
98.9617
87.0463
149.637
159.006
115.576
165.032
67.9625
106.306
-654321
153.802
83.2173
80.8015
148.306
106.869
100.567
162.64
107.247
103.443
-654321
153.078
79.7148
76.7278
82.0765
156.574
108.267
111.237
55.4669
98.7625
-654321
79.8437
77.1529
83.6636
65.2568
34.6962
156.108
46.0214
110.408
84.6093
-654321
147.658
144.223
4.8503
63.8398
151.991
88.4414
157.294
45.5882
151.348
-654321
148.037
78.7187
142.807
58.1617
153.495
83.974
88.0832
103.53
152.426
-654321
145.416
143.705
139.749
137.407
13.2288
80.8138
152.359
98.519
7.08678
-654321
73.9556
71.5207
59.6431
52.8119
145.469
147.822
81.6609
152.186
145.812
-654321
69.0092
138.619
53.4329
132.387
146.614
146.304
150.354
147.694
136.97
-654321
141.362
136.826
135.325
43.581
141.981
145.348
148.021
148.332
140.809
-654321
139.356
62.037
129.954
131.376
71.3566
62.1617
141.954
149.888
142.97
-654321
132.421
44.8791
130.798
137.341
61.5222
136.97
143.407
135.355
-654321
44.2293
52.9314
52.0588
137.355
60.5063
66.0674
129.782
-654321
128.178
130.627
136.639
58.1756
141.842
131.057
-654321
58.5344
135.325
47.5692
55.2246
51.5131
-654321
244.853
253.527
258.515
256.492
229.058
-654321
256.37
256.109
255.763
253.153
230.328
243.896
-654321
257.866
257.616
252.621
248.739
243.131
229.822
253.962
-654321
256.623
253.484
248.611
243.3
253.65
244.388
229.218
258.537
-654321
253.298
248.133
243.352
237.29
258.481
254.19
244.122
229.472
256.786
-654321
248.877
242.86
237.321
231.872
256.601
258.023
254.608
246.295
254.103
-654321
242.01
237.255
230.84
225.573
253.821
256.564
257.039
252.484
247.218
-654321
237.362
231.444
225.318
219.538
247.867
254.11
257.704
258.809
242.977
-654321
231.29
225.534
219.533
213.574
243.007
248.443
253.958
256.003
237.564
-654321
225.282
219.226
213.065
207.308
237.24
243.006
247.998
252.905
231.568
-654321
219.281
213.435
207.002
201.488
230.516
237.23
242.152
248.329
225.226
-654321
212.721
207.722
200.959
195.223
224.77
231.145
236.688
242.587
219.265
-654321
207.008
201.331
195.013
188.699
219.723
224.996
230.635
237.296
213.279
-654321
200.449
195.082
189.241
182.791
213.316
218.595
224.967
230.749
206.693
-654321
194.695
188.57
183.351
176.864
206.686
213.989
218.493
224.884
201.091
-654321
189.185
182.61
177.033
171.554
201.304
206.875
212.976
219.042
195.115
-654321
183.174
177.005
170.686
165.314
196.013
201.49
205.796
213.291
188.55
-654321
177.212
170.931
165.436
158.845
189.043
194.849
200.848
207.488
183.448
-654321
171.118
164.501
159.723
153.562
183.106
189.489
194.462
201.438
175.875
-654321
165.495
157.674
153.423
148.076
177.561
183.488
187.902
194.91
171.107
-654321
158.169
151.575
146.635
140.319
170.086
176.754
184.034
189.088
165.167
-654321
152.896
147.857
140.582
135.571
164.788
170.92
177.196
182.067
158.318
-654321
146.333
140.783
154.618
152.209
171.076
175.411
169.866
177.224
152.322
-654321
158.551
135.339
128.728
123.865
152.59
158.392
164.013
170.4
148.114
-654321
135.621
129.585
122.204
143.597
146.646
166.417
158.871
164.277
173.472
-654321
128.053
122.625
115.946
138.59
139.8
147.495
167.005
159.168
133.727
-654321
123.833
142.844
139.867
135.06
155.801
158.776
146.859
152.163
127.816
-654321
116.433
111.471
104.314
96.9116
128.512
134.755
140.412
148.995
123.738
-654321
139.827
103.995
100.176
93.2073
124.008
150.668
134.38
158.803
116.773
-654321
103.704
101.711
92.9456
122.79
116.476
147.552
128.103
135.831
151.787
-654321
131.727
95.5815
88.5131
118.365
142.449
117.282
184.828
151.703
133.49
-654321
129.229
133.765
170.278
126.157
106.783
139.375
116.021
146.548
145.157
-654321
138.159
81.3521
167.113
167.965
97.6564
177.93
137.907
117.725
126.7
-654321
119.165
167.059
111.856
165.961
137.756
143.141
105.204
138.325
135.009
-654321
169.474
165.206
108.848
114.719
171.561
93.4066
98.8439
103.014
120.245
-654321
164.532
107.278
104.751
98.6972
119.705
84.1764
173.451
131.365
167.093
-654321
105.846
116.06
112.145
98.4888
114.64
170.753
123.739
174.032
111.629
-654321
163.266
99.953
93.4586
92.7447
168.31
72.9245
117.861
124.732
164.728
-654321
161.273
47.1404
94.7075
88.9944
166.352
110.452
72.7371
170.99
104.167
-654321
158.186
90.0158
154.56
151.931
163.185
105.695
166.244
117.531
100.628
-654321
156.136
102.345
151.543
152.454
159.97
102.456
166.495
111.071
160.258
-654321
154.008
82.9099
93.9362
150.367
157.435
50.5841
162.353
109.095
102.631
-654321
153.042
152.564
90.3199
70.154
156.624
157.964
97.769
160.225
149.52
-654321
149.846
147.941
71.124
80.2961
152.539
156.787
98.1961
160.447
151.757
-654321
15.4141
68.6983
145.51
75.7433
97.7153
152.368
158.077
95.2508
76.154
-654321
145.414
141.779
77.5001
139.596
150.584
152.126
89.0355
157.981
78.0463
-654321
65.8746
145.181
141.33
146.36
151.232
151.454
86.5244
146.431
-654321
63.3518
140.349
83.0722
147.531
82.665
83.9184
141.779
-654321
144.431
144.431
145.531
81.3722
89.1688
147.057
-654321
62.7344
0
147.682
149.39
70.1258
-654321
243.934
257.4
269.886
274.748
229.548
-654321
257.451
270.215
272.676
276.301
231.54
243.463
-654321
267.667
272.515
276.37
272.279
243.89
229.854
257.316
-654321
272.938
274.973
273.145
268.92
260.424
244.026
230.694
267.926
-654321
275.305
273.181
269.795
264.934
266.769
258.243
243.046
230.457
274.194
-654321
272.303
268.675
265.183
259.274
274.952
270.288
259.559
243.471
276.164
-654321
268.627
265.231
259.627
253.546
275.635
274.861
269.224
256.91
271.448
-654321
264.043
259.757
253.778
248.038
272.23
273.485
274.601
266.847
270.601
-654321
258.394
252.887
247.567
241.786
269.116
272.993
275.772
272.202
264.784
-654321
253.737
248.34
242.376
235.951
265.388
269.63
269.157
275.339
258.192
-654321
247.136
241.909
236.131
229.904
258.495
264.865
268.12
273.055
253.473
-654321
242.163
235.845
230.162
223.835
253.222
259.525
264.948
269.145
246.788
-654321
236.313
230.144
223.61
217.967
247.178
253.684
259.959
264.687
241.264
-654321
229.546
223.803
217.681
211.112
242.497
247.249
253.953
257.247
235.604
-654321
224.006
217.493
211.72
205.4
235.98
241.975
247.478
252.932
229.88
-654321
217.799
211.431
205.476
199.404
230.034
235.778
241.743
247.216
223.348
-654321
211.483
206.29
199.332
193.458
223.937
229.673
235.375
241.59
218.048
-654321
205.566
200.12
194.233
188.113
216.832
224.178
229.579
235.407
212.314
-654321
199.667
195.237
187.623
180.587
210.961
218.804
224.464
229.434
205.124
-654321
193.301
188.305
182.044
176.365
201.641
211.633
218.483
223.937
200.66
-654321
187.808
181.34
175.633
179.325
198.743
204.633
211.914
217.589
193.478
-654321
179.524
175.231
171.267
163.495
194.4
198.35
205.127
212.411
187.253
-654321
182.81
168.794
163.031
157.888
191.756
193.163
199.581
205.76
180.234
-654321
179.543
162.409
157.62
152.213
181.864
188.891
193.34
199.732
182.616
-654321
164.004
156.621
150.758
146.268
183.899
180.454
191.537
194.308
169.77
-654321
170.924
152.06
162.757
158.352
178.501
175.74
180.744
187.881
164.874
-654321
151.532
145.345
158.21
153.782
164.207
180.199
182.272
180.85
159.494
-654321
145.611
139.368
154.195
126.778
156.749
164.358
178.105
174.552
194.313
-654321
139.933
134.046
126.962
121.755
152.509
170.272
165.126
169.968
160.843
-654321
133.525
128.015
146.557
142.378
145.488
150.921
171.499
162.768
158.033
-654321
151.487
121.248
113.813
109.788
159.612
146.475
166.679
156.356
167.759
-654321
123.939
141.374
139.577
147.267
156.32
158.508
191.42
151.306
163.428
-654321
143.32
109.589
178.72
131.695
186.519
188.841
139.868
161.272
147.352
-654321
139.503
177.454
97.7026
126.219
147.016
129.148
154.665
141.129
181.606
-654321
180.593
130.511
89.7102
123.507
155.141
146.66
161.701
155.022
138.698
-654321
92.3866
138.66
122.401
118.51
139.686
145.507
147.71
126.866
177.602
-654321
173.457
171.377
171.277
114.841
176.5
109.56
156.351
145.964
175.585
-654321
124.737
169.917
166.926
111.782
131.943
103.858
141.05
143.968
94.3267
-654321
119.749
168.657
120.576
107.028
125.151
177.478
135.806
137.361
122.478
-654321
115.622
161.055
105.02
113.576
173.177
173.827
98.9887
133.392
168.28
-654321
167.175
164.004
103.953
158.944
120.013
171.123
127.746
175.598
163.055
-654321
119.049
162.257
161.576
109.237
114.858
167.628
121.964
178.046
161.055
-654321
103.287
161.804
43.5605
36.8986
127.933
168.909
81.3288
125.273
163.265
-654321
103.637
160.245
157.417
94.6183
167.263
109.656
167.52
119.596
164.257
-654321
107.585
154.272
155.582
153.599
161.778
166.04
121.282
112.479
162.04
-654321
101.887
154.026
152.909
147.621
158.272
160.926
165.588
169.594
92.6944
-654321
153.342
156.95
91.8782
158.245
98.6837
164.918
164.403
86.0984
-654321
156.95
145.055
158.25
157.851
100.111
56.8979
157.593
-654321
79.2721
100.77
106.558
151.795
160.246
94.7262
-654321
92.9624
153.933
158.918
158.245
145.055
-654321
242.67
258.86
269.514
289.163
229.258
-654321
257.063
270.181
286.234
292.361
229.899
240.751
-654321
273.748
281.409
289.833
296.283
243.974
230.27
260.234
-654321
282.792
291.663
297.046
295.002
257.04
243.833
230.439
272.28
-654321
293.424
293.53
291.911
290.531
274.428
260.959
245.953
230.371
283.599
-654321
293.699
293.395
290.908
287.232
284.498
269.063
259.666
243.472
294.43
-654321
293.297
291.784
288.331
283.421
290.274
284.216
273.96
257.081
293.926
-654321
292.04
288.169
283.134
279.076
294.091
292.415
281.15
272.089
294.476
-654321
286.059
283.639
278.682
271.554
292.581
293.516
290.429
287.39
293.364
-654321
283.913
278.69
272.659
267.626
289.627
291.08
294.832
291.923
287.553
-654321
278.21
272.766
267.684
262.212
286.174
291.119
293.079
291.519
280.496
-654321
272.209
267.46
262.417
255.458
284.144
286.976
290.263
293.189
278.747
-654321
266.94
261.454
256.134
249.467
276.954
284.506
288.904
291.38
271.427
-654321
261.975
255.817
249.9
243.671
271.492
279.583
281.645
289.907
266.072
-654321
255.605
249.481
243.67
237.923
267.715
273.557
279.011
284.334
261.935
-654321
249.117
242.66
237.756
231.78
261.208
264.12
274.048
278.013
255.853
-654321
244.126
237.304
231.857
226.694
255.923
261.545
267.478
271.646
249.211
-654321
238.472
232.139
225.488
218.803
248.434
255.416
261.743
266.622
243.773
-654321
232.063
225.583
219.524
207.454
244.14
250.662
255.188
261.984
237.387
-654321
215.302
219.658
213.2
208.426
237.321
243.718
249.426
255.822
230.889
-654321
219.445
214.249
207.573
201.859
232.224
236.721
243.593
249.812
225.729
-654321
212.941
207.376
202.575
196.174
225.954
231.38
237.683
243.43
211.071
-654321
203.302
201.262
194.789
189.473
219.751
224.568
229.796
237.962
207.638
-654321
200.365
197.834
191.006
183.06
212.714
211.255
225.589
232.608
206.453
-654321
195.408
189.797
182.641
183.71
206.203
212.528
218.574
224.978
200.187
-654321
189.456
187.173
176.591
179.21
202.202
203.999
212.213
218.875
194.882
-654321
184.128
184.176
171.015
166.486
196.847
201.736
208.245
212.64
189.861
-654321
184.148
180.103
165.241
171.338
192.113
196.194
203.438
206.385
199.378
-654321
179.537
175.02
171.082
167.986
187.317
191.284
195.461
202.172
176.502
-654321
175.732
158.818
184.379
164.773
184.459
183.015
189.406
197.473
178.915
-654321
171.473
166.86
147.221
190.381
180.236
184.448
183.921
191.869
164.795
-654321
152.634
146.805
140.977
133.751
162.909
171.478
181.131
183.067
160.847
-654321
164.418
159.367
168.48
128.074
196.598
175.962
180.571
175.788
168.352
-654321
159.394
135.354
151.719
183.939
194.596
160.149
176.064
170.93
163.393
-654321
156.76
186.462
148.088
155.399
163.367
195.292
171.611
171.925
159.382
-654321
152.073
123.602
144.955
181.5
143.026
161.985
167.207
172.758
155.858
-654321
147.802
141.185
181.673
178.923
136.863
158.227
163.375
154.327
150.356
-654321
145.449
139.635
146.992
180.283
185.765
189.504
189.209
192.455
146.687
-654321
183.24
136.408
176.981
173.303
186.894
152.752
155.396
161.944
183.843
-654321
179.039
176.917
140.894
126.494
155.515
179.632
185.535
133.232
109.949
-654321
177.154
128.235
136.779
131.86
181.612
144.421
178.951
126.018
132.624
-654321
141.245
172.459
170.983
168.285
148.558
138.911
148.235
146.697
99.0064
-654321
172.463
170.454
168.693
167.148
129.544
181.473
108.017
182.045
143.329
-654321
170.115
168.462
172.027
163.998
127.916
134.151
179.148
140.408
140.027
-654321
170.376
170.631
66.0072
164.023
121.982
143.329
99.1526
179.497
172.548
-654321
165.761
163.417
60.2366
162.202
173.068
86.7908
172.035
177.148
126.465
-654321
119.51
160.727
159.761
170.376
124.235
136.315
175.496
166.464
-654321
60.5881
159.414
166.46
116.523
131.504
174.54
165.496
-654321
161.29
124.492
112.058
165.689
122.493
168.027
-654321
163.846
164.816
125.478
117.448
100.236
-654321
247.439
261.741
268.889
292.816
230.962
-654321
253.451
270.838
284.145
299.583
229.204
244.289
-654321
271.494
286.239
300.079
303.821
243.974
229.486
263.007
-654321
281.886
297.484
304.079
309.277
259.654
244.091
230.204
270.846
-654321
294.06
307.341
312.181
310.423
271.421
257.767
244.073
230.873
286.846
-654321
301.79
306.988
309.958
308.921
283.37
273.224
258.421
244.706
294.103
-654321
308.987
310.379
309.892
302.999
296.091
288.414
272.979
258.064
305.011
-654321
312.109
310.182
309.612
305.173
302.351
298.001
285.225
274.231
311.47
-654321
311.023
308.409
305.113
300.367
307.362
308.134
293.845
286.808
311.565
-654321
306.304
301.135
297.372
294.146
311.157
307.765
308.687
299.951
308.482
-654321
304.1
298.146
294.962
289.225
308.288
312.045
309.034
305.135
308.827
-654321
299.441
294.742
289.048
284.573
308.206
310.278
310.036
308.156
304.838
-654321
295.64
288.912
284.168
278.891
304.289
304.87
310.771
310.305
298.89
-654321
289.441
284.522
278.608
272.099
298.034
303.478
306.855
308.936
293.785
-654321
282.811
278.285
273.504
267.167
284.847
300.411
305.461
307.652
289.582
-654321
277.779
273.182
265.902
261.352
288.187
294.979
299.659
302.826
284.837
-654321
272.19
265.653
259.657
254.365
283.383
290.182
294.363
301.358
277.747
-654321
266.871
260.326
255.662
249.625
279.248
284.74
290.627
295.346
273.294
-654321
261.344
253.623
249.098
242.881
269.821
278.48
284.523
289.791
266.449
-654321
254.509
248.923
244.308
236.929
266.871
270.563
278.283
283.971
260.827
-654321
248.74
243.92
237.12
230.4
261.405
264.205
272.607
278.728
255.548
-654321
243.112
236.616
230.924
224.72
255.713
260.766
265.408
272.022
247.729
-654321
236.581
230.246
224.718
220.257
247.674
254.502
259.489
266.488
241.901
-654321
230.925
215.212
218.409
212.12
242.581
247.815
254.958
260.603
236.707
-654321
223.622
217.666
212.261
207.588
237.813
226.841
230.81
254.963
231.339
-654321
219.277
211.288
206.287
200.405
231.593
236.678
227.331
248.835
215.272
-654321
207.959
203.611
199.784
194.128
225.565
231.61
235.557
225.71
217.851
-654321
201.614
201.129
193.238
190.81
209.34
223.898
219.401
235.703
207.671
-654321
202.495
193.433
189.839
182.677
213.221
214.295
224.153
230.699
217.489
-654321
193.993
190.743
183.521
182.226
205.455
205.3
219.034
214.986
198.201
-654321
190.557
186.011
183.23
171.495
199.508
207.439
213.258
218.598
194.324
-654321
181.3
183.794
179.636
174.616
208.284
199.639
205.747
207.722
191.328
-654321
184.289
179.499
162.776
170.815
191.045
194.668
198.891
203.009
184.724
-654321
190.59
187.748
169.422
167.923
199.422
191.509
207.744
199.823
182.81
-654321
178.974
172.064
152.199
192.468
184.686
189.127
204.739
195.989
176.841
-654321
169.996
155.364
163.337
190.545
179.969
178.805
189.318
187.541
197.509
-654321
190.725
162.566
158.808
156.547
176.468
192.096
176.118
202.929
194.818
-654321
190.992
161.938
187.282
153.361
173.242
193.329
171.71
177.284
151.89
-654321
186.725
186.992
154.274
146.291
167.495
197.482
167.825
200.416
166.97
-654321
153.423
129.968
182.818
183.6
165.826
154.667
174.042
175.508
159.497
-654321
186.383
185.601
183.423
152.121
156.49
192.343
167.046
171.508
168.435
-654321
147.325
154.94
151.984
137.587
189.947
158.582
192.553
179.979
165.717
-654321
181.512
178.121
177.514
130.809
186.906
188.902
193.216
175.252
179.329
-654321
143.204
179.48
175.515
127.164
183.515
184.121
188.209
140.405
183.458
-654321
146.592
176.545
131.645
172.673
159.42
184.906
149.884
154.114
182.516
-654321
175.279
139.984
172.558
132.663
179.856
183.129
184.906
128.81
178.899
-654321
136.849
127.666
170.211
149.366
176.725
147.667
181.423
147.181
-654321
124.881
171.252
176.036
177.167
178.121
182.211
137.896
-654321
169.685
143.443
179.146
179.247
139.509
134.592
-654321
121.767
126.812
178.986
177.515
177.105
-654321
241.735
260.186
269.94
283.223
230.084
-654321
259.234
273.597
291.487
298.102
229.989
244.968
-654321
271.44
284.639
304.865
305.822
244.667
230.657
259.019
-654321
289.068
295.897
318.625
320.038
257.171
244.741
228.765
271.047
-654321
306.287
310.462
313.028
330.115
272.839
259.331
243.921
230.017
282.742
-654321
315.108
325.658
328.789
328.986
278.203
274.828
255.838
244.113
300.149
-654321
321.268
325.508
324.017
325.023
302.794
287.319
274.659
257.531
308.902
-654321
313.862
326.431
325.467
327.152
317.655
305.003
287.924
272.182
323.303
-654321
329.475
327.863
327.197
324.207
320.541
311.495
302.318
285.807
319.704
-654321
326.242
327.389
324.927
320.689
325.419
318.855
311.279
303.041
328.198
-654321
327.887
322.816
321.216
316.71
327.25
329.131
317.643
310.063
327.005
-654321
322.888
320.36
317.586
310.994
327.868
327.309
322.53
322.969
326.142
-654321
320.065
315.255
312.103
304.923
326.432
325.354
322.87
325.934
325.24
-654321
315.771
312.037
305.874
300.457
323.281
326.196
330.075
331.564
317.909
-654321
309.653
305.347
301.43
293.675
321.307
324.408
326.22
327.783
318.667
-654321
306.996
301.217
295.848
289.498
309.518
323.434
323.086
324.949
312.223
-654321
300.275
293.488
286.213
283.714
308.581
314.023
319.272
320.865
303.583
-654321
295.656
289.708
283.831
277.008
304.455
312.616
313.851
320.507
297.758
-654321
288.706
283.575
276.708
270.663
300.338
305.376
310.969
316.294
292.91
-654321
281.803
277.925
271.911
265.649
294.429
300.78
306.585
311.265
289.337
-654321
278.155
271.417
264.719
259.676
290.422
294.794
295.31
305.512
283.462
-654321
270.363
266.618
260.363
255.433
254.699
289.815
294.41
301.014
277.993
-654321
265.477
259.68
235.239
247.269
276.257
282.383
289.555
294.934
272.441
-654321
239.417
252.862
246.787
226.886
246.73
277.724
278.469
288.53
266.066
-654321
253.95
232.236
241.798
236.65
266.316
272.689
250.932
283.772
239.255
-654321
229.989
227.172
222.878
218.626
237.993
265.209
271.139
276.838
251.83
-654321
240.688
223.285
218.86
215.074
229.079
231.281
243.08
271.506
249.333
-654321
237.128
228.936
215.294
216.89
247.556
253.541
238.757
265.597
226.198
-654321
231.497
215.178
218.872
206.705
243.236
248.323
233.487
259.007
235.841
-654321
225.207
224.684
206.301
205.489
234.684
243.128
247.83
254.382
229.751
-654321
217.14
212.639
202.538
199.242
230.989
232.888
240.246
249.271
213.849
-654321
211.166
205.061
200.04
207.317
214.957
231.349
235.735
242.149
216.384
-654321
203.211
199.116
194.815
190.301
217.365
216.261
219.532
222.518
204.979
-654321
199.24
195.482
204.997
184.122
205.46
218.331
224.928
220.484
204.038
-654321
196.255
187.167
203.695
203.802
202.534
213.791
218.901
223.468
198.322
-654321
187.682
186.225
202.907
168.849
213.124
214.589
208.118
210.434
194.418
-654321
187.568
182.801
165.786
197.47
193.316
209.577
209.78
206.231
209.782
-654321
184.652
170.045
174.715
196.115
200.594
194.023
199.047
207.133
204.977
-654321
180.823
172.806
193.784
194.479
205.81
206.812
208.456
210.933
187.459
-654321
175.505
171.459
192.46
192.586
181.425
187.079
190.999
195.011
197.784
-654321
196.914
191.777
193.785
195.081
202.14
180.786
184.112
187.449
199.293
-654321
196.463
175.679
138.038
187.126
175.153
199.531
198.423
186.338
171.118
-654321
193.132
163.459
191.331
185.809
171.127
171.449
189.125
189.39
179.29
-654321
189.571
188.103
186.456
184.858
197.128
182.463
199.146
177.578
160.81
-654321
189.278
163.482
180.423
146.808
193.796
192.462
172.372
174.128
191.139
-654321
184.462
189.081
159.417
183.336
190.465
161.785
170.471
156.066
189.668
-654321
146.499
155.023
181.81
190.688
160.172
192.144
197.782
186.479
-654321
182.017
148.788
188.902
186.462
190.009
162.968
157.121
-654321
179.809
184.032
184.123
170.746
191.81
145.489
-654321
153.472
186.47
188.79
157.825
182.789
-654321
247.372
253.632
274.509
287.373
230.379
-654321
258.108
270.924
292.037
299.711
228.499
245.396
-654321
273.063
281.688
309.133
313.923
243.427
230.364
254.256
-654321
294.465
293.936
317.838
328.757
257.1
244.952
230.497
271.946
-654321
296.118
310.422
325.56
333.175
275.936
261.533
242.949
229.997
285.579
-654321
320.846
331.536
336.148
334.122
284.087
269.066
260.254
245.409
301.872
-654321
332.136
332.906
339.951
346.179
299.655
289.001
274.705
259.414
310.163
-654321
335.564
340.155
346.218
348.24
318.188
296.273
289.509
274.798
326.965
-654321
337.954
345.424
347.512
344.869
317.3
320.075
296.529
285.768
334.881
-654321
347.107
343.723
345.97
345.576
336.054
319.379
310.545
302.119
344.88
-654321
345.95
341.421
344.984
339.96
344.066
338.202
331.453
316.002
347.113
-654321
342.303
344.541
342.707
335.333
341.541
338.78
341.181
328.041
343.034
-654321
345.597
343.237
339.582
334.139
347.721
344.586
340.223
339.784
346.83
-654321
342.845
339.169
334.101
329.702
347.623
342.622
345.138
346.812
344.864
-654321
340.173
333.716
327.917
325.221
346.559
343.46
340.513
344.728
340.846
-654321
335.246
327.809
322.259
319.571
343.211
342.759
343.357
342.672
335.596
-654321
328.445
321.45
320.969
314.223
341.405
345.496
344.405
342.999
332.913
-654321
325.03
320.272
313.464
308.407
334.175
338.183
343.361
342.185
331.251
-654321
319.273
314.908
309.366
301.619
332.614
335.689
337.272
339.7
324.775
-654321
314.822
304.921
303.642
297.822
319.752
330.346
335.494
336.629
311.352
-654321
308.719
302.016
294.824
291.884
319.075
327.09
328.001
334.154
315.492
-654321
302.16
297.28
289.314
284.46
313.604
321.946
324.686
330.779
308.487
-654321
296.215
290.783
285.73
279.646
307.578
315.014
315.252
323.522
301.26
-654321
291.485
256.012
279.509
273.794
303.843
308.683
314.184
316.163
296.83
-654321
284.133
279.004
274.425
267.381
297.616
268.817
308.446
311.977
289.379
-654321
277.748
273.031
268.534
260.646
290.854
297.02
301.971
308.479
285.231
-654321
273.295
268.12
239.918
235.468
285.095
259.568
295.297
302.185
278.745
-654321
243.92
261.629
236.605
232.348
252.739
255.85
292.004
297.541
272.363
-654321
261.783
255.471
233.326
228.354
247.459
252.154
266.629
291.836
244.778
-654321
255.851
232.166
227.444
224.069
244.898
274.258
278.53
284.581
238.478
-654321
249.336
228.794
235.648
230.786
263.241
242.997
247.46
277.721
257.039
-654321
228.615
236.329
219.696
226.365
254.444
259.56
241.997
272.204
248.433
-654321
237.524
231.721
216.176
211.461
249.067
255.465
240.744
244.455
229.428
-654321
220.33
215.455
211.71
215.14
243.708
247.905
236.658
239.695
222.968
-654321
215.942
219.582
207.066
207.772
235.253
225.209
248.107
235.439
230.876
-654321
209.698
209.326
203.165
211.832
220.396
224.443
225.912
230.442
215.782
-654321
214.646
209
199.041
207.495
215.506
222.218
237.155
228.292
219.888
-654321
204.092
200.237
196.004
187.846
219.953
215.933
220.462
224.167
208.684
-654321
208.88
209.631
204.873
206.787
211
210.543
216.027
232.01
215.113
-654321
194.538
186.962
183.853
202.115
216.678
207.12
216.027
213.724
209.896
-654321
209.473
200.364
183.905
199.501
214.235
203.324
209.665
211.198
210.813
-654321
204.077
203.914
199.967
175.556
206.521
212.063
213.329
219.73
188.038
-654321
204.605
200.686
196.863
195.464
207.603
207.482
213.697
213.165
208.275
-654321
203.694
199.629
203.085
171.973
206.655
190.579
197.351
201.17
202.391
-654321
200.813
196.505
169.626
195.659
202.587
199.724
203.123
196.03
204.647
-654321
198.487
192.643
191.501
191.012
202.496
202.906
188.117
206.262
176.421
-654321
196.21
197.978
159.479
175.519
203.697
199
202.259
198.523
-654321
166.81
159.943
171.13
216.027
191.776
196.433
216.027
-654321
188.873
192.259
194.259
185.314
201.288
173.003
-654321
191.803
168.191
196.077
198.279
191.329
-654321
250.191
260.847
272.86
289.357
232.199
-654321
255.018
271.618
272.029
300.688
231.5
242.551
-654321
272.931
294.645
301.453
318.856
243.935
229.08
257.775
-654321
284.913
312.349
311.299
334.011
254.558
241.636
229.793
269.331
-654321
307.158
310.461
333.689
343.132
272.779
258.368
245.181
232.007
283.567
-654321
308.769
328.564
347.974
351.411
287.428
270.657
256.063
243.633
307.368
-654321
325.699
351.067
353.361
357.312
294.121
289.169
274.712
256.618
306.736
-654321
347.5
346.801
354.758
358.703
317.033
299.501
284.148
272.472
325.336
-654321
355.266
361.67
359.542
363.746
337.391
314.462
297.035
286.086
342.17
-654321
358.905
358.474
360.462
362.381
340.418
324.665
319.853
298.987
346.947
-654321
362.653
357.019
363.289
365.127
348.935
343.248
329.713
315.754
358.762
-654321
365.474
365.595
365.58
362.963
356.921
350.951
344.942
329.496
358.825
-654321
362.548
356.518
361.4
360.673
365.152
353.681
341.173
342.187
362.417
-654321
360.737
358.412
359.131
353.597
364.2
361.52
356.295
353.317
361.758
-654321
360.227
358.863
352.37
350.748
359.995
362.223
359.775
359.893
363.287
-654321
363.109
351.48
348.793
348.023
362.692
363.349
362.478
356.606
356.102
-654321
349.57
349.51
344.579
343.194
361.678
363.773
363.485
358.227
360.077
-654321
349.722
346.433
340.416
334.113
355.066
359.053
363.992
356.78
349.712
-654321
348.892
342.137
338.231
328.738
349.328
355.285
356.438
362.248
349.333
-654321
341.842
332.561
331.748
326.404
348.238
355.085
353.791
361.952
348.496
-654321
336.096
331.85
323.186
316.148
344.209
349.699
360.637
358.861
341.175
-654321
331.557
325.302
320.426
313.053
338.098
349.097
350.086
346.065
336.696
-654321
326.447
318.509
313.937
308.455
339.081
341.113
342.626
347.446
330.097
-654321
319.324
310.81
306.935
301.822
331.253
337.661
342.499
343.382
325.201
-654321
314.186
309.72
301.997
296.29
324.3
328.993
338.133
342.763
315.767
-654321
308.883
301.098
296.329
290.59
316.159
325.586
328.122
331.067
275.216
-654321
303.351
263.988
290.303
285.966
313.257
278.929
326.754
330.683
308.547
-654321
296.436
290.265
255.602
278.717
307.815
313.134
319.758
326.13
267.08
-654321
289.767
284.089
252.66
273.102
302.576
271.397
315.111
319.685
265.015
-654321
283.257
278.161
247.746
243.67
263.976
267.934
309.1
304.353
259.248
-654321
263.385
273.224
266.881
238.826
259.9
296.278
303.509
271.619
284.582
-654321
259.776
243.814
229.51
248.048
254.119
258.414
298.888
302.548
278.103
-654321
244.411
232.111
228.82
249.593
250.866
255.841
260.486
296.957
273.721
-654321
260.801
237.332
249.079
226.726
232.394
236.981
254.581
260.265
244.269
-654321
231.464
232.842
242.434
235.506
242.775
246.449
236.141
255.185
238.946
-654321
228.471
227.482
221.62
232.124
262.949
244.263
234.042
279.34
230.513
-654321
245.163
224.648
221.306
224.396
228.537
262.183
245.738
248.449
230.452
-654321
223.937
219.932
216.919
217.899
229.779
227.094
252.644
245.57
240.194
-654321
221.998
217.914
219.183
214.407
228.358
230.489
236.645
230.047
222.675
-654321
214.331
225.622
216.545
204.008
219.924
242.685
249.323
216.027
221.559
-654321
223.302
211.942
205.754
211.431
220.418
224.896
241.158
226.39
228.163
-654321
212.747
212.984
212.597
210.611
219.923
223.238
222.76
226.187
209.018
-654321
203.597
209.346
209.171
216.027
218.429
219.258
218.698
223.074
210.899
-654321
211.259
194.039
205.223
203.223
212.697
212.534
224.92
219.435
216.101
-654321
194.774
189.556
202.698
187.493
216.601
213.243
217.986
227.251
199.079
-654321
210.104
206.236
201.143
206.682
212.478
209.898
208.484
216.027
211.645
-654321
205.491
204.714
201.751
211.184
206.534
210.167
216.027
216.027
-654321
202.254
200.254
205.932
216.027
216.027
211.859
202.211
-654321
200.76
198.276
209.648
216.027
210.554
201.742
-654321
201.742
202.698
216.027
209.259
216.027
-654321
232.59
244.791
254.272
265.718
225.108
-654321
244.643
253.198
269.613
274.307
226.415
235.021
-654321
250.72
249.767
273.489
279.92
231.694
225.588
244.457
-654321
263.787
277.418
281.929
294.018
243.535
234.292
224.969
256.665
-654321
271.714
285.281
306.438
303.844
254.298
242.219
235.559
224.862
262.358
-654321
274.004
299.223
302.435
306.394
262.401
259.336
240.865
235.473
266.807
-654321
288.08
292.366
308.098
316.654
276.552
267.998
254.926
243.57
287.083
-654321
303.599
303.766
314.015
345.297
283.336
274.427
262.278
252.231
285.066
-654321
315.706
316.978
321.489
318.352
283.894
281.172
274.883
262.617
288.368
-654321
313.972
315.897
320.846
324.108
308.097
287.595
283.067
272.053
312.393
-654321
320.666
326.339
320.725
323.884
308.65
300.016
289.39
276.666
313.806
-654321
319.812
346.42
320.048
323.915
317.621
307.099
298.355
290.923
324.436
-654321
323.935
322.804
324.914
321.443
326.093
315.151
308.231
301.158
324.874
-654321
321.699
325.635
321.773
320.003
325.011
316.077
318.083
311.346
322.998
-654321
322.356
321.892
321.823
314.147
343.006
316.636
317.487
317.586
324.037
-654321
321.667
318.255
318.434
315.537
320.162
323.458
322.534
316.485
324.101
-654321
320.43
318.483
317.559
313.504
321.872
323.313
321.472
320.976
320.771
-654321
318.671
315.675
313.296
310.313
323.048
339.269
340.44
324.934
318.081
-654321
316.517
314.826
310.253
307.465
320.893
324.023
322.615
322.952
320.161
-654321
311.63
310.876
307.174
303.735
314.078
319.502
320.414
323.317
317.055
-654321
306.303
307.631
303.192
299.947
316.244
314.382
322.137
322.659
314.037
-654321
307.672
301.376
298.75
296.601
311.963
314.424
318.23
321.42
308.412
-654321
303.775
301.34
296.01
292.654
309.986
307.421
310.105
320.141
306.806
-654321
300.739
291.821
293.279
288.899
304.68
310.917
312.762
316.577
303.446
-654321
296.4
292.255
289.66
285.4
302.431
307.81
309.16
312.293
300.59
-654321
292.213
289.646
285.4
281.024
301.019
303.016
305.358
309.57
294.53
-654321
289.248
285.379
280.92
277.78
296.456
300.558
304.656
307.237
292.037
-654321
285.832
282.719
277.822
273.799
292.132
297.174
299.71
304.566
288.884
-654321
281.641
277.723
274.093
270.263
288.321
291.929
297.321
298.802
284.992
-654321
277.895
273.537
247.365
265.927
284.96
285.966
292.921
296.384
282.554
-654321
274.025
269.67
265.642
262.027
281.556
285.902
289.982
292.999
276.851
-654321
246.738
265.469
261.01
257.598
277.381
281.818
286.205
288.699
272.345
-654321
266.107
261.98
257.592
254.34
248.558
250.569
282.081
285.392
270
-654321
261.252
259.142
252.303
249.703
270.981
273.422
279.337
281.777
264.137
-654321
257.171
252.68
250.448
246.578
242.941
248.065
248.362
277.385
262.231
-654321
252.324
235.342
245.603
242.47
243.175
265.682
270.203
273.492
257.36
-654321
250.293
234.12
241.336
239.106
241.298
260.45
266.075
269.88
253.113
-654321
233.675
232.298
236.521
231.957
252.925
241.117
242.835
265.959
250.136
-654321
232.08
237.872
226.987
226.572
250.142
253.136
240.305
262.356
234.532
-654321
231.098
227.444
227.573
225.201
244.556
236.682
254.882
239.028
233.323
-654321
229.62
227.656
224.223
222.634
230
233.845
236.223
254.005
232.668
-654321
227.276
222.848
220.709
219.928
237.293
232.956
232.503
235.482
226.815
-654321
222.518
222.855
221.891
221.397
232.756
233.141
232.066
234.407
229.139
-654321
223.155
217.746
216.6
216.366
227.125
226.898
230.474
232.543
223.485
-654321
219.697
220.032
217.745
207.727
223.58
216.027
229.013
231.258
224.612
-654321
214.442
218.474
216.362
207.085
223.354
223.693
226.326
228.553
218.367
-654321
216.643
216.541
212.815
221.252
222.528
225.355
227.952
220.702
-654321
215.351
211.051
219.13
221.081
220.617
225.176
217.13
-654321
214.344
217.881
219.791
223.88
224.721
215.117
-654321
207.788
213.817
221.428
220.12
209.29
-654321
