31.4582
28.1729
24.1365
35.4632
31.677
-654321
28.0464
24.4864
20.3058
16.2148
31.2802
31.5964
-654321
24.4873
20.3082
16.2197
12.1603
31.6095
31.7072
27.99
-654321
20.1276
16.0865
12.0936
8.33558
27.9768
31.4413
31.5216
24.6803
-654321
16.0725
11.7964
8.24215
3.8772
24.2478
27.8385
30.8997
32.2932
19.9164
-654321
12.3968
8.62125
3.93243
0.387603
48.7285
24.0457
28.2532
31.7491
16.0877
-654321
8.28533
3.84363
30.1447
16.677
20.0772
24.3762
37.0838
12.0273
-654321
4.28186
0.166005
12.3188
16.4259
20.6877
24.3937
8.33348
-654321
0
8.05232
11.8108
16.7373
20.2028
4.4513
-654321
4.71844
8.37381
12.6283
16.1736
0.104136
-654321
49.6824
49.5601
44.9734
40.1274
39.8756
-654321
49.4691
45.5855
40.1738
34.9378
40.4509
46.8764
-654321
46.0429
40.769
34.9873
29.0851
49.0862
39.4705
50.9385
-654321
41.0948
34.5946
29.1302
23.0253
50.7172
48.5042
41.9725
46.2838
-654321
35.0934
29.4139
23.0143
17.1162
46.5047
49.9231
48.6465
40.4705
41.1822
-654321
29.2817
23.2606
16.5027
11.1406
40.5702
46.0989
51.3004
49.1356
34.9174
-654321
23.408
16.9404
11.449
34.7064
40.3938
46.2577
50.1248
29.0681
-654321
17.5402
11.1798
29.7473
34.9137
40.14
46.7904
23.1086
-654321
11.1281
23.5384
29.3259
35.0254
40.8473
15.8334
-654321
16.667
22.8528
28.7263
34.6164
10.5888
-654321
53.9161
61.5313
68.0435
67.5397
40.517
-654321
65.1358
67.304
65.0628
63.7236
40.8042
55.4371
-654321
67.7534
65.0831
64.9452
58.1653
54.0058
39.8964
66.6724
-654321
67.4226
64.504
59.498
53.1157
61.1981
54.1233
40.7809
69.1432
-654321
64.6455
59.7404
53.3743
47.4122
68.8258
64.6498
54.0003
40.967
66.8325
-654321
57.8481
52.5542
47.6512
41.967
68.2353
67.4582
66.0668
54.9814
64.406
-654321
53.9458
47.4726
42.333
63.2136
66.3763
69.5208
62.429
58.5377
-654321
47.7699
41.5646
58.0342
64.4858
65.3668
70.4879
53.2557
-654321
41.2763
54.3496
57.6357
64.0779
67.4848
47.7592
-654321
47.5875
54.0549
58.6714
63.1117
41.0883
-654321
54.9086
65.8716
80.5485
84.7679
40.8632
-654321
68.7268
76.3019
86.8653
84.561
40.5356
56.9881
-654321
78.6411
83.8226
82.0303
83.259
53.1201
39.9079
72.6024
-654321
87.0406
83.5698
83.837
80.5319
67.7815
52.8761
40.473
80.0513
-654321
85.3351
84.9185
79.5036
76.0116
74.3708
71.5883
56.1112
40.7673
85.4013
-654321
83.5023
79.0996
71.8846
69.6396
79.0179
80.2144
74.0918
53.0545
88.0824
-654321
79.4421
75.8965
70.0855
86.0506
84.7205
77.2262
67.5366
82.3634
-654321
76.0668
67.9251
85.7179
81.5511
82.8037
82.3726
81.4105
-654321
69.8805
81.0004
81.54
83.1125
87.1731
74.737
-654321
75.2754
80.4587
81.8997
87.1903
69.0428
-654321
55.6037
69.2444
78.645
88.895
39.7077
-654321
67.393
76.0941
96.2698
105.191
40.7808
54.5069
-654321
77.7018
88.9673
100.14
105.962
53.3897
40.7428
70.2752
-654321
95.8564
100.778
102.723
103.047
69.6652
56.1793
39.7324
76.6352
-654321
98.6811
100.852
102.435
102.564
82.8903
69.7019
52.679
41.7426
98.3718
-654321
106.522
102.935
101.336
98.4821
92.3981
78.0288
66.1182
55.924
101.873
-654321
104.953
101.798
97.296
99.4793
97.3275
84.0965
69.2224
106.416
-654321
101.836
98.3798
103.097
97.118
91.8705
84.6356
107.004
-654321
96.1135
107.769
102.005
98.2922
93.7362
98.8139
-654321
102.962
106.997
104.614
102.181
101.063
-654321
57.4177
69.0459
81.6057
94.9249
40.7233
-654321
67.09
84.3463
103.074
110.653
42.0991
56.0622
-654321
86.1806
94.1636
88.3714
117.491
55.918
40.1874
69.7993
-654321
96.147
106.322
116.93
123.929
66.5237
52.4189
41.1137
87.812
-654321
109.652
115.903
116.852
121.716
78.5341
68.93
52.6926
39.6868
104.265
-654321
118.792
118.681
124.506
121.605
100.799
72.5133
68.4787
55.9724
109.84
-654321
121.315
119.773
119.509
115.06
96.2482
80.5478
65.3026
113.318
-654321
120.046
119.13
119.809
106.27
98.8793
83.9769
124.184
-654321
118.321
119.734
114.473
113.478
97.093
117.193
-654321
120.969
121.663
115.152
105.953
119.886
-654321
57.4898
64.8836
88.4194
99.7339
39.5422
-654321
69.4189
93.9373
95.4709
112.696
41.0073
54.3836
-654321
82.7257
101.433
114.676
127.316
56.1241
40.7838
70.4886
-654321
93.2497
109.799
123.928
131.725
68.4282
54.0082
40.9458
75.0421
-654321
120.317
118.174
128.404
132.069
84.1869
77.7038
55.0905
39.8693
94.1666
-654321
124.168
126.96
136.09
138.685
98.5375
80.7097
67.8876
52.8174
110.478
-654321
130.884
138.299
140.895
116.657
91.6494
81.4644
72.4144
116.577
-654321
130.126
138.008
124.073
113.955
86.546
82.0135
131.521
-654321
135.937
128.521
124.672
113.904
98.1847
137.511
-654321
133.126
132.675
123.918
108.887
139.751
-654321
51.6392
64.5143
80.3432
91.3576
40.8594
-654321
70.7968
76.9898
98.8918
108.621
41.409
54.0968
-654321
81.0419
97.5432
104.937
135.846
54.8448
39.2477
70.7563
-654321
93.5044
111.62
124.419
130.707
66.7783
51.9326
40.6655
86.4031
-654321
106.41
117.888
137.188
150.18
83.3052
62.6013
54.9456
40.6139
94.3985
-654321
118.865
131.141
144.685
154.259
96.9579
78.0284
65.7771
56.493
111.462
-654321
137.054
147.63
155.572
116.447
94.0507
84.348
69.529
128.713
-654321
145.941
153.751
130.602
99.9995
98.5826
81.8074
140.665
-654321
154.735
135.197
117.851
114.079
94.737
151.081
-654321
150.02
136.447
129.024
111.554
153.523
-654321
52.6659
74.5072
77.8172
97.386
42.9368
-654321
73.676
76.5511
93.7339
105.602
43.3678
54.3372
-654321
83.3021
93.2845
113.256
124.752
57.5215
39.9654
71.4385
-654321
100.513
104.916
139.133
136.566
72.0063
54.054
41.3463
89.8982
-654321
116.536
118.562
138.732
144.053
79.349
68.3667
55.3747
42.0266
88.844
-654321
116.831
130.297
153.339
155.259
96.8869
81.1638
68.9863
52.5868
109.782
-654321
136.322
147.741
162.223
108.415
92.8393
88.0187
64.7225
128.907
-654321
149.428
162.643
122.423
109.207
97.6999
81.8845
135.777
-654321
165.179
143.17
130.376
102.88
94.0582
158.426
-654321
152.423
139.488
130.891
109.999
164.866
-654321
45.3323
54.8846
67.2822
73.6287
36.1371
-654321
55.5747
62.5098
78.7251
79.1655
37.2041
45.793
-654321
64.3685
71.6852
80.1725
88.3126
46.9532
33.9018
55.9441
-654321
73.4049
88.3375
90.0585
102.093
53.3532
45.7893
36.154
67.8606
-654321
82.3661
92.3681
100.683
108.797
66.5435
54.0329
45.7522
36.5236
74.3254
-654321
91.2472
103.777
104.895
125.261
67.7388
62.4244
54.2353
46.9529
81.8844
-654321
99.4328
107.699
116.098
83.8014
70.4429
64.6921
54.1239
89.0788
-654321
117.045
116.965
89.6109
79.3744
74.7474
64.2326
102.114
-654321
121.682
98.1658
98.2183
85.3499
73.9689
117.396
-654321
108.95
99.5009
91.8763
80.513
151.571
-654321
