260.456
271.55
252.825
281.477
276.079
240.891
299.036
232.928
228.911
264.634
-654321
275.85
253.251
249.495
245.427
241.358
237.513
262.277
229.439
225.52
262.845
260.772
-654321
253.241
249.213
245.041
241.12
237.31
233.148
229.356
225.175
221.27
260.805
261.273
257.115
-654321
249.065
244.972
277.157
236.855
259.614
229.06
224.904
221.14
217.105
257.143
260.468
260.609
252.852
-654321
283.006
240.927
236.909
233.206
229.295
225.177
221.043
216.81
235.177
253.173
256.952
260.086
260.737
248.878
-654321
240.93
237.01
233.007
228.915
225.116
221.028
216.872
213.111
208.908
288.634
252.797
257.07
260.18
260.589
245.109
-654321
236.941
233.182
229.322
225.027
221.117
216.951
212.961
208.803
205.007
245.025
249.093
252.963
256.924
260.476
260.626
277.086
-654321
233.001
229.22
225.099
221.145
217.118
213.067
208.946
205.12
201.008
260.176
244.939
264.152
253.069
256.991
260.616
260.846
237.171
-654321
259.226
225.214
221.133
240.797
212.962
209.154
204.902
201.197
197.058
237.294
241.174
245.201
249.043
253.29
257.089
260.393
260.914
233.246
-654321
225.231
220.991
217.018
212.85
208.965
205.11
201.107
197.002
193.29
233.293
236.982
241.316
244.776
249.045
253.185
257.014
260.484
261.053
229.016
-654321
221.135
217.036
212.869
209.374
205.021
200.983
196.941
192.859
198.921
229.021
233.206
236.96
241.186
273.837
249.18
253.113
257.097
270.826
225.11
-654321
217.115
234.929
208.925
205.006
201.327
197.054
193.292
189.1
185.249
252.714
228.887
232.951
237.128
241.196
244.893
248.997
253.337
256.972
221.335
-654321
235.215
209.034
205.212
200.839
196.858
193.301
189.072
184.79
180.747
221.182
224.788
249.99
233.008
236.873
241.247
245.112
248.794
253.043
216.87
-654321
208.821
204.858
201.438
197.185
192.996
189.328
184.775
181.142
177.317
216.583
221.094
224.904
228.968
232.812
236.924
241.251
245.05
249.039
212.889
-654321
205.338
217.21
197.066
192.775
188.968
185.1
180.87
177.475
172.863
213.161
217.033
221.316
225.004
229.096
233.289
237.106
241.218
245.015
208.844
-654321
201.232
197.429
192.95
189.215
193.139
181.002
176.819
172.829
169.207
209.235
212.698
217.07
220.857
224.757
229.126
232.905
237.009
240.921
204.635
-654321
197.142
192.955
188.894
184.904
180.904
177.128
173.059
169.081
164.949
205.006
209.178
213.008
216.806
247.062
225.49
259.018
232.845
237.255
200.919
-654321
193.149
189.186
184.825
181.43
176.926
172.781
169.369
164.905
160.794
201.387
205.059
208.974
213.485
216.799
221.019
224.944
228.965
233.145
197.013
-654321
189.064
185.112
181.398
177.221
172.835
168.966
165.018
160.972
156.747
197.54
201.177
204.802
209.229
213.275
217.117
220.796
225.241
228.979
193.162
-654321
184.907
180.943
177.49
172.936
168.702
164.941
161.245
156.926
153.173
193.133
196.692
201.184
204.948
208.869
212.734
217.207
220.571
224.922
188.816
-654321
181.007
177.29
173.075
169.227
164.77
160.988
157.025
153.163
148.401
189.225
193.298
196.764
201.47
205.393
209.218
213.439
216.879
232.576
185.079
-654321
177.321
173.193
169.402
165.576
161.264
157.182
153.064
148.699
145.192
185.539
188.388
193.201
196.995
201.677
204.731
208.934
212.747
217.138
180.961
-654321
173.191
168.86
164.898
160.907
156.839
153.217
149.591
145.319
141.151
181.13
185.061
188.74
192.95
197.026
200.922
205.776
208.893
235.061
177.466
-654321
169.12
165.138
160.981
157.169
153.412
149.279
145.002
141.107
137.168
177.17
180.463
185.159
199.069
193.052
197.167
200.978
205.563
208.956
173.021
-654321
164.705
161.164
151.245
152.497
149.349
144.911
140.827
137.429
132.976
172.14
176.761
180.664
185.082
188.938
192.662
196.959
200.95
204.926
168.637
-654321
160.924
156.285
153.54
149.022
144.468
140.206
137.211
133.094
128.82
168.485
173.07
176.162
181.225
185.102
188.908
193.306
197.103
201.165
165.408
-654321
156.627
153.165
148.863
145.165
141.455
136.987
132.981
128.864
125.915
164.561
169.1
173.496
177.556
181.164
185.192
188.783
193.425
197.025
161.673
-654321
153.221
149.437
145.061
140.978
192.248
132.703
109
125.143
121.244
161.035
165.297
168.885
173.434
177.697
181.635
185.246
188.823
193.048
151.137
-654321
148.726
145.683
141.058
137.169
133.475
128.767
125.113
121.154
116.373
158.092
160.874
165.265
169.533
173.073
177.009
181.181
185.26
188.836
200.456
-654321
144.947
140.541
136.644
132.58
129.077
124.706
120.994
117.139
112.854
152.996
157.511
160.602
165.87
169.622
172.996
176.86
180.694
185.407
149.144
-654321
140.387
137.863
133.28
129.014
124.434
121.285
116.811
113.304
109.303
149.279
152.931
157.344
160.699
165.691
169.193
173.386
177.613
181.254
144.96
-654321
137.371
132.935
129.412
124.497
120.926
117.026
113.249
109.236
73.6449
145.672
149.257
153.087
156.298
204.466
165.35
168.276
172.676
176.899
141.011
-654321
133.138
129.329
186.24
121.595
116.955
113.389
109.557
105.317
101.049
141.363
145.443
149.705
152.827
156.898
160.779
164.219
167.996
173.076
136.451
-654321
129.278
125.35
120.996
117.313
113.392
109.071
104.249
101.028
96.7872
136.875
140.599
144.475
148.644
200.736
157.604
161.437
164.584
169.222
133.463
-654321
124.583
120.743
182.066
113.92
108.362
105.371
101.201
97.393
92.0908
132.839
192.497
140.143
145.444
149.596
153.46
156.872
161.493
165.086
128.886
-654321
121.204
117.498
113.674
108.998
105.722
101.02
97.1597
170.644
88.8924
128.958
132.572
136.598
141.113
144.94
198.714
153.089
157.223
160.92
125.977
-654321
117.142
112.799
109.352
105.523
101.341
97.4702
93.1251
89.7419
85.5805
125.815
188.511
133.676
192.169
141.753
196.481
148.324
152.771
157.234
120.852
-654321
113.22
109.903
176.81
100.399
172.793
93.4349
88.4487
85.7718
80.863
120.749
124.757
128.928
190.903
136.91
141.444
144.913
149.637
152.776
116.959
-654321
109.042
104.309
100.53
98.53
92.7749
89.0085
84.8927
81.4845
77.2034
182.951
121.21
124.649
188.74
133.656
192.64
141.86
145.204
149.328
112.34
-654321
176.767
173.91
97.6686
92.6813
168.711
84.6738
164.488
162.733
72.6901
113.179
117.699
121.939
186.801
130.216
133.98
192.663
141.212
144.906
178.403
-654321
173.981
97.8062
92.3608
168.197
84.7923
81.7271
77.6085
73.3513
68.0303
108.943
112.771
116.403
184.762
186.707
129.602
132.984
192.606
140.888
104.746
-654321
96.7687
170.043
88.9319
166.125
82.0637
162.239
159.6
69.0701
104.082
108.893
180.278
182.08
121.221
185.705
188.588
191.233
121.133
101.023
-654321
93.4177
89.7555
166.716
82.2239
76.7857
160.738
69.6176
174.435
104.529
109.359
180.541
116.457
120.735
124.648
128.641
133.324
172.883
-654321
168.779
84.4807
80.0922
76.719
160.606
67.9759
97.0727
100.617
176.283
109.291
112.712
117.389
121.087
124.346
129.024
92.7035
-654321
84.5709
164.516
76.9742
73.0253
68.3436
92.9504
172.44
101.133
177.266
178.164
112.276
117.015
184.471
124.993
169.118
-654321
164.195
75.7492
161.333
68.3964
168.478
92.3867
96.7403
100.53
104.136
178.151
114.176
182.511
121.575
166.132
-654321
162.529
72.6461
69.8915
85.067
88.3704
170.238
97.0162
101.711
104.733
108.825
179.807
117.428
164.394
-654321
159.834
158.27
164.931
166.34
128.979
171.413
172.049
102.656
176.41
179.07
112.62
78.0294
-654321
158.591
76.6459
80.1549
84.2635
89.0697
170.937
97.2071
174.641
176.562
108.934
73.0182
-654321
160.469
77.3467
164.891
166.174
168.496
92.831
171.771
100.499
105.22
68.5823
-654321
276.193
277.936
273.763
269.148
263.126
257.352
251.414
245.341
239.048
268.94
-654321
278.648
274.708
269.225
263.911
257.9
251.894
245.899
239.757
234.053
269.138
278.099
-654321
274.631
269.377
263.667
258.093
251.691
246.015
239.907
233.913
227.951
277.675
268.671
277.542
-654321
269.828
263.905
258.621
252.534
246.464
240.289
233.945
228.504
222.53
279.045
278.42
268.601
274.735
-654321
263.663
258.163
252.259
246.099
240.007
234.231
228.014
222.047
216.269
274.911
278.22
277.681
269.428
269.548
-654321
257.643
251.806
246.285
239.754
233.518
227.958
222.178
215.877
209.779
269.524
274.817
278.455
277.433
268.551
263.968
-654321
251.8
246.207
239.97
233.83
228.065
221.534
215.885
209.781
204.008
263.647
269.609
274.775
280.118
277.376
269.846
258.085
-654321
245.61
239.878
233.888
228.227
221.852
216.163
210.162
203.976
198.115
257.991
263.512
269.501
274.884
276.819
277.992
269.217
251.917
-654321
239.889
233.799
228.048
222.187
216.235
210.527
203.733
197.802
191.741
251.955
257.491
263.667
269.447
274.144
277.844
277.79
269.262
245.894
-654321
233.899
228.184
221.893
216.087
209.8
203.776
197.745
192.043
185.79
246.259
251.913
257.668
263.337
269.654
274.843
277.947
278.103
269.617
240.19
-654321
227.879
222.25
216.262
210.075
203.777
197.913
191.776
185.944
180.181
240.277
246.072
252.1
258.098
263.565
269.901
274.773
278.318
277.546
234.295
-654321
221.943
215.94
210.526
203.903
198.098
191.969
185.789
180.072
173.855
233.874
240.245
246.161
252.111
258.243
264.346
269.248
275.019
278.086
227.667
-654321
215.737
209.631
203.756
197.606
191.591
186.12
180.051
174.385
167.952
228.241
234.267
240.087
246.004
252.151
257.93
263.696
269.935
274.495
221.995
-654321
209.875
204.578
198.165
192.131
185.946
180.077
173.914
167.925
162.155
222.002
228.186
233.618
239.925
246.161
252.168
257.896
264.155
269.453
215.757
-654321
203.868
197.858
191.379
186.058
179.793
174.186
167.747
162.243
156.167
216.341
222.237
228.083
234.004
239.838
246.458
251.903
258.097
263.76
210.397
-654321
197.823
192.461
185.696
179.944
173.73
167.967
161.539
156.003
150.045
209.397
215.819
222.04
228.122
233.947
239.649
245.864
251.632
257.935
203.828
-654321
192.016
186.062
179.943
173.639
168.257
161.897
156.224
149.801
143.875
204.202
210.41
215.825
222.63
228.173
234.059
239.707
246.08
251.923
198.346
-654321
185.988
180.602
174.155
168.093
162.368
156.246
149.747
143.798
137.574
198.283
203.904
209.228
215.72
221.767
227.676
233.945
239.942
245.873
191.903
-654321
179.65
173.856
168.303
162.027
155.971
149.791
144.269
138.318
131.607
192.41
197.569
204.324
209.717
215.899
221.925
228.238
233.715
239.555
186.085
-654321
174.273
167.77
162.161
155.8
150.053
143.911
137.903
131.99
126.026
186.023
191.962
197.976
204.016
210.261
216.33
222.039
227.563
233.893
180.145
-654321
167.317
162.538
155.406
149.7
143.767
138.159
131.843
126.292
119.758
180.412
185.794
192.242
198.062
203.809
209.176
216.026
222.201
227.813
174.617
-654321
162.09
155.324
150.009
144.634
137.214
131.94
126.039
119.453
114.229
174.366
179.469
187.248
191.973
197.72
204.353
210.898
215.404
221.761
167.98
-654321
156.887
149.619
143.396
138.519
131.267
125.783
119.692
113.784
108.495
167.455
174.241
179.562
186.652
191.579
197.643
204.2
211.047
215.981
162.689
-654321
150.483
144.479
138.259
131.654
125.742
119.947
114.329
107.143
102.203
161.322
167.392
174.57
179.985
185.63
191.799
198.021
203.929
209.772
155.912
-654321
143.363
137.759
131.857
127.108
119.924
113.982
107.38
102.297
95.6057
155.43
161.784
167.938
174.605
180.117
185.921
192.051
198.145
203.763
150.764
-654321
137.998
131.669
125.227
120.141
114.78
106.612
101.566
95.4021
90.0904
149.959
155.605
160.995
167.304
174.777
180.451
186.169
192.822
197.953
143.731
-654321
132.136
127.101
118.959
113.316
107.509
147.306
95.8914
89.6599
83.4054
142.783
149.596
154.844
161.981
168.971
173.724
180.934
185.025
191.826
136.943
-654321
124.898
119.79
113.402
108.77
102.279
95.3771
90.6013
83.9566
77.8486
138.438
144.333
150.286
155.577
162.087
167.95
174.189
211.05
185.587
131.621
-654321
119.967
113.881
108.051
101.777
95.3474
89.2264
84.2169
78.0058
72.4087
131.551
138.493
143.863
149.243
155.877
161.974
167.777
173.93
180.112
126.494
-654321
114.561
107.275
101.752
95.6956
89.666
83.9519
77.7009
71.9551
65.5487
126.374
131.85
138.423
143.796
149.475
155.689
161.272
166.898
173.835
119.959
-654321
107.643
100.721
95.4044
88.7739
83.4932
78.4424
127.45
66.3186
59.9132
119.535
125.513
132.289
137.473
142.786
150.269
155.85
161.625
167.783
113.903
-654321
101.42
95.226
89.8981
84.8065
78.193
71.1999
66.2558
59.9773
115.472
113.749
159.61
125.682
131.049
137.373
176.535
149.57
156.658
162.111
108.144
-654321
95.637
91.1381
83.648
77.8993
70.9836
65.8914
59.4601
53.3069
48.2651
107.818
114.097
171.114
125.433
132.783
136.569
186.105
149.27
155.859
101.443
-654321
89.5572
83.623
77.3628
72.7081
65.8635
60.3223
54.4908
46.9379
42.1594
102.619
163.023
114.866
118.982
125.755
131.992
138.134
144.71
149.653
96.0993
-654321
84.2057
76.8446
71.5185
65.5255
58.1541
52.9086
47.2599
118.6
35.8671
155.54
102.153
107.907
114.077
159.48
126.236
131.498
170.693
143.838
89.4929
-654321
77.9024
71.8145
65.3598
60.8346
115.899
48.6707
41.6916
104.244
29.9734
89.5206
95.838
101.254
106.976
113.754
120
125.869
167.817
137.978
134.687
-654321
71.9498
64.9429
59.6761
128.083
48.2186
41.3408
35.8127
30.0288
24.5256
82.8919
89.3551
96.0171
102.437
108.867
114.585
120.849
125.783
130.817
76.7876
-654321
66.1671
60.1698
53.5785
47.8857
41.9696
114.011
110.68
95.5573
92.0876
77.6092
84.2786
150.769
154.743
148.087
151.302
113.048
120.512
126.312
72.6961
-654321
60.1562
115.948
111.198
43.9778
35.9499
98.9485
24.4461
91.9957
10.6591
71.6638
76.8965
134.547
90.8627
95.4561
101.387
151.252
153.716
119.588
65.9688
-654321
54.4985
47.8445
118.651
181.655
98.0152
24.2035
175.711
88.0092
83.2216
123.717
72.2015
77.3953
135.852
89.9734
96.2408
103.019
107.58
113.713
59.4348
-654321
47.1365
43.1988
37.3979
29.2103
24.5999
175.317
11.8324
82.6509
0.0593414
120.012
65.6559
194.602
78.7188
84.3924
200.084
155.499
147.627
108.042
54.5477
-654321
40.7681
101.48
99.2877
24.475
91.1562
12.6689
4.83467
0
53.3283
129.838
67.7362
127.227
78.3689
83.3067
88.4686
95.707
101.825
47.8577
-654321
34.1819
29.654
24.7518
16.053
175.176
7.90887
170.936
123.65
114.888
129.222
66.3436
193.727
132.449
84.7208
151.269
96.1685
185.053
-654321
110.731
23.0232
18.1299
12.9073
172.338
78.9082
42.3601
48.2933
187.703
60.0688
66.0588
74.4357
195.844
136.324
89.6875
181.822
-654321
23.4631
20.4644
97.0383
83.8004
0.145538
114.115
39.7276
122.368
115.285
59.5838
65.559
71.8196
77.4734
135.52
99.5981
-654321
176.368
87.8322
94.9396
79.1652
30.4258
35.339
116.494
185.759
126.691
60.8843
65.8237
72.6451
78.1294
94.4793
-654321
12.5715
94.6558
0.30188
107.089
30.1504
104.997
40.7922
50.3384
126.848
61.488
122.396
71.2932
18.335
-654321
7.34739
91.4405
102.139
96.5054
31.2985
38.0015
42.5814
122.564
54.0658
118.537
65.0797
174.635
-654321
0.349892
98.7461
101.549
178.682
29.6389
103.198
119.018
112.836
114.884
130.28
83.6538
-654321
6.42973
11.1068
103.053
106.309
111.118
33.4755
120.698
48.2031
54.6862
170.074
-654321
284.715
293.941
296.071
295.829
292.573
287.598
282.489
276.533
270.74
268.986
-654321
295.444
297.41
295.358
291.854
286.851
281.255
275.822
270.084
263.772
270.175
283.525
-654321
297.431
295.232
292.942
288.066
281.063
276.139
270.709
264.487
258.284
282.961
269.901
293.735
-654321
296.152
292.646
288.05
282.231
276.948
270.764
264.747
258.817
252.843
293.623
282.928
269.166
297.491
-654321
292.988
287.698
282.321
276.768
270.687
264.869
259.07
252.665
247.03
297.377
294.441
281.068
269.353
295.615
-654321
287.284
282.592
276.868
271.286
264.84
258.905
252.998
247.077
240.798
296.033
297.27
292.994
284.721
269.37
293.483
-654321
282.606
276.101
270.846
265.381
259.351
252.665
246.702
241.17
234.977
292.425
295.313
296.545
291.328
281.229
270.093
287.691
-654321
276.152
270.936
264.691
258.763
253.18
246.772
241.233
234.608
228.913
285.84
291.193
295.709
297.308
296.049
282.34
269.976
282.261
-654321
270.655
264.529
258.914
252.92
246.288
240.674
234.433
228.834
222.828
282.406
287.47
293.175
295.726
297.579
294.611
282.913
269.317
276.785
-654321
265.029
258.829
252.665
246.423
240.851
234.977
228.923
222.897
216.623
276.342
282.318
287.923
293.073
297.11
297.541
294.855
282.798
269.835
270.298
-654321
258.197
252.762
246.56
240.722
234.791
228.827
222.576
216.915
210.837
270.578
276.608
282.278
287.661
293.057
294.989
298.52
292.364
283.641
264.606
-654321
252.578
246.859
239.968
235.079
228.295
223.093
216.607
211.372
204.895
265.093
270.665
276.572
282.223
287.961
292.872
296.413
296.184
293.424
258.155
-654321
246.995
241.081
234.937
228.744
222.377
216.899
210.733
204.364
199.251
258.862
265.601
270.865
276.898
282.587
287.402
292.439
296.427
296.908
252.401
-654321
241.326
234.686
228.738
222.412
217.141
211.007
204.644
198.677
192.873
253.165
258.833
264.952
270.903
276.287
281.015
287.047
291.672
295.652
246.656
-654321
234.415
228.646
222.83
216.714
210.195
204.472
199.419
192.863
187.021
247.129
252.582
258.664
264.173
270.176
276.108
282.307
288.372
291.998
240.676
-654321
228.631
223.293
216.398
210.917
205.266
198.192
193.211
186.847
180.458
240.958
247.221
252.547
259.153
264.125
270.605
276.742
282.234
287.773
234.877
-654321
222.088
216.61
210.454
204.656
198.224
191.972
187.464
181.406
174.394
233.896
240.433
246.673
252.846
259.112
264.529
270.853
276.175
282.092
228.45
-654321
216.997
210.68
204.535
198.112
192.827
186.253
181.32
174.162
168.349
228.947
234.925
240.568
246.881
253.057
258.621
264.528
270.478
276.444
222.32
-654321
210.903
204.264
198.23
192.972
186.554
180.593
174.365
169.186
163.056
223.799
228.893
235.057
241.052
246.23
253.382
258.371
264.934
270.54
216.924
-654321
204.492
198.182
192.622
187.524
181.347
174.363
168.399
162.16
157.223
216.899
222.316
228.62
234.871
240.442
246.39
253.12
258.949
265.236
211.054
-654321
198.549
192.416
186.378
180.004
174.248
168.006
163.133
156.367
151.839
210.272
216.454
222.685
228.388
234.897
240.21
247.15
252.594
258.741
204.795
-654321
192.493
186.393
181.861
174.632
168.267
162.373
156.715
151.379
143.767
204.825
210.982
216.954
222.539
228.603
235.69
239.85
246.929
252.524
198.926
-654321
186.678
180.077
175.72
169.377
162.623
156.706
150.616
144.245
138.851
198.573
204.461
210.866
216.453
222.245
229.49
235.175
240.485
246.622
192.778
-654321
180.225
173.987
169.234
162.201
157.424
150.771
144.178
138.62
132.041
192.815
199.081
205.306
210.339
217.441
222.597
228.261
234.888
240.786
186.221
-654321
174.883
168.773
161.887
156.595
150.727
144.043
139.433
131.774
127.684
187.235
191.832
198.889
204.536
209.626
216.554
222.986
228.184
234.572
181.217
-654321
168.666
162.605
156.579
150.534
145.31
138.877
132.001
127.607
120.642
180.687
186.049
194.005
197.836
204.306
209.486
216.214
221.953
228.695
175.647
-654321
163.107
156.749
150.581
144.453
138.251
132.91
126.912
121.247
113.447
175.098
180.467
186.381
192.788
198.77
205.457
210.056
216.357
222.68
169.154
-654321
156.655
151.12
144.811
138.956
131.519
127.598
121.156
114.441
108.975
168.782
174.596
179.943
185.8
192.061
199.139
204.712
210.343
216.802
162.855
-654321
150.068
143.937
139.457
133.067
127.624
120.311
115.419
109.199
101.405
162.697
169.536
173.27
210.624
185.985
192.226
198.463
203.999
210.304
156.112
-654321
145.007
138.573
132.236
126.933
120.213
114.053
109.496
102.513
97.0251
156.85
161.098
168.852
173.817
180.86
187.146
193.541
197.762
204.305
151.162
-654321
138.829
133.436
126.365
120.707
114.773
164.307
101.361
97.4635
91.5107
150.103
156.193
162.033
169.135
174.74
180.375
186.361
192.246
198.333
143.26
-654321
167.21
126.815
121.458
113.886
109.591
102.943
141.806
138.773
86.049
145.288
151.216
156.808
162.391
168.184
175.041
180.202
185.965
192.589
138.408
-654321
126.5
119.862
154.685
107.681
101.602
96.7401
89.3453
85.6627
143.014
136.996
144.488
149.608
156.317
163.224
169.407
174.611
180.859
186.365
133.125
-654321
120.173
114.282
109.279
103.406
143.374
90.671
134.383
78.4411
126.407
134.573
139.583
144.686
152.841
155.527
162.768
190.57
173.339
180.392
126.751
-654321
167.494
108.648
102.112
97.309
92.6597
147.304
77.5105
73.7518
136.942
127.731
132.767
138.277
143.283
149.517
156.238
161.162
168.609
175.262
121.284
-654321
149.482
158.836
96.9046
90.098
83.2462
77.9471
72.5998
124.619
61.272
121.606
162.379
132.01
138.46
144.399
151.245
156.775
162.059
168.022
113.758
-654321
102.782
96.6301
90.0739
85.6392
78.6385
137.643
67.0382
59.8605
55.1433
167.092
120.502
126.672
131.314
170.502
143.762
150.93
157.735
162.014
108.843
-654321
96.3479
89.591
83.8377
130.432
126.456
67.0637
60.0577
127.677
49.753
108.388
155.821
160.274
163.026
132.656
138.365
144.977
149.623
156.67
102.485
-654321
199.721
147.268
79.4761
126.198
66.655
133.735
115.607
122.794
40.5525
102.444
108.866
114.565
158.692
163.423
135.051
137.701
144.946
150.383
95.1548
-654321
86.324
195.211
71.7869
65.7052
131.499
57.1246
48.9903
106.454
37.2589
142.702
102.958
108.097
116.229
121.991
126.754
132.328
139.258
144.372
137.96
-654321
79.4394
125.206
66.6122
118.275
54.2937
124.636
41.9899
35.6935
28.832
138.221
96.0068
102.781
108.703
113.707
118.445
127.367
166.123
138.122
83.7151
-654321
72.968
66.044
59.8184
56.1205
47.7214
184.321
103.611
110.642
84.0206
90.7274
153.665
101.146
107.225
113.998
121.817
162.202
132.313
129.185
-654321
67.8908
119.883
55.768
124.546
42.4359
36.9083
109.855
78.0399
146.864
90.7077
95.8151
102.995
151.063
114.349
121.277
126.498
194.919
-654321
60.4998
53.725
50.112
42.4675
103.611
29.8877
72.3384
142.224
83.887
90.2409
97.9429
204.201
151.154
156.385
120.842
65.2707
-654321
54.6531
47.4941
42.0787
103.626
110.715
133.678
73.9837
80.5891
134.017
89.7198
97.8628
158.684
108.627
114.244
61.8957
-654321
50.1056
43.0454
103.213
30.4706
131.913
122.828
70.9115
131.4
195.816
140.204
157.661
203.56
109.307
129.099
-654321
119.213
36.6366
32.0492
188.509
60.5783
123.343
72.5233
129.587
135.097
151.027
95.9096
103.086
110.47
-654321
101.702
99.4767
183.719
187.923
189.409
67.1812
72.4971
145.033
136.393
90.2221
96.1363
42.2604
-654321
33.9078
43.7444
47.5054
56.8468
58.8136
67.9662
72.5198
129.381
148.105
90.5185
116.845
-654321
118.438
119.428
47.2537
55.0817
59.8549
121.768
126.895
195.809
83.0491
30.1567
-654321
285.412
296.079
306.807
314.167
314.8
312.397
306.212
303.488
299.091
269.584
-654321
294.284
309.219
314.192
315.789
311.628
308.222
304.385
299.293
292.313
269.452
282.606
-654321
305.519
313.336
313.703
313.318
310.075
303.314
298.726
293.081
286.523
285.864
269.716
294.522
-654321
314.889
313.307
312.202
309.602
303.568
298.535
293.103
286.574
281.187
296.167
284.021
269.49
306.105
-654321
313.715
311.621
308.06
303.346
298.465
293.106
287.169
281.266
275.357
307.54
296.843
281.994
270.284
312.48
-654321
311.092
309.108
303.7
298.589
293.092
286.634
281.369
275.081
269.782
314.012
306.837
297.638
283.101
269.526
314.4
-654321
308.678
304.156
298.747
292.245
287.393
281.708
275.834
270.126
263.769
312.481
313.907
309.053
297.94
283.314
269.139
313.357
-654321
304.027
298.445
293.482
287.355
281.688
275.117
269.707
263.944
257.754
312.62
312.517
313.835
307.221
298.704
283.226
268.708
305.989
-654321
299.17
293.069
287.227
281.689
275.583
269.994
263.931
257.928
251.699
307.855
310.585
314.704
313.37
308.294
298.599
282.443
268.486
303.99
-654321
292.176
287.424
281.319
275.366
269.612
263.766
257.968
251.198
245.763
302.901
308.045
312.617
315.211
314.529
309.034
297.577
285.1
269.348
298.006
-654321
287.743
281.423
275.227
269.881
263.717
258.002
251.6
245.675
239.645
297.732
304.172
306.86
312.015
312.885
314.849
306.188
300.17
283.403
292.036
-654321
281.547
275.43
269.755
263.782
257.407
251.994
245.897
239.781
234.283
292.455
299.304
304.814
308.11
309.858
313.6
312.554
307.337
300.048
286.99
-654321
275.662
269.701
263.466
257.141
251.775
245.657
239.421
233.786
227.989
287.757
292.462
298.535
305.027
309.778
312.843
314.864
315.049
303.522
281.606
-654321
269.865
263.655
257.51
251.404
245.546
239.901
233.767
227.496
221.852
281.78
287.739
292.38
298.561
303.958
308.575
311.812
314.554
316.392
275.42
-654321
264.115
257.229
251.338
245.922
239.641
233.563
227.489
221.37
215.234
275.495
280.75
286.002
292.971
298.481
302.659
309.696
313.35
313.428
269.429
-654321
257.485
251.324
245.423
239.396
234.389
226.889
221.572
215.18
209.488
270.306
275.396
281.318
287.41
293.318
298.103
304.001
306.877
311.17
263.997
-654321
251.961
245.82
240.197
233.171
227.793
221.842
215.598
209.029
204.207
264.008
269.45
275.924
281.243
286.932
292.433
297.272
304.043
308.592
257.642
-654321
246.35
239.543
233.348
227.576
221.511
215.742
209.155
203.144
197.149
257.835
263.134
269.5
275.831
280.352
287.756
293.396
297.485
302.455
252.152
-654321
239.684
233.707
227.131
220.976
215.602
209.162
203.442
196.262
192.041
251.335
258.033
264
269.422
276.578
282.152
287.758
291.307
297.928
245.284
-654321
232.861
227.24
222.054
215.995
209.483
203.403
197.793
191.037
185.628
245.267
251.234
257.421
263.519
269.497
275.19
281.649
286.395
292.903
238.896
-654321
227.424
221.916
215.578
209.061
203.674
197.74
191.104
184.851
179.864
239.715
245.601
250.626
257.55
263.283
269.716
275.076
280.57
287.267
232.67
-654321
221.557
215.803
210.032
203.427
196.747
191.49
185.697
179.476
174.143
233.478
239.155
245.693
252.083
256.929
263.346
268.59
275.21
281.2
227.588
-654321
215.167
209.374
203.039
197.405
191.841
186.082
179.607
173.197
167.608
227.861
232.521
238.919
245.49
251.502
257.251
263.946
270.09
275.722
221.374
-654321
210.319
203.306
196.104
192.252
185.825
179.615
172.695
167.669
161.834
220.844
227.118
233.256
239.205
245.171
250.318
257.012
263.77
269.122
214.766
-654321
203.848
197.784
191.209
186.102
179.678
173.316
166.849
161.676
155.816
214.566
221.216
226.932
232.91
240.254
246.9
251.686
257.779
263.343
209.594
-654321
196.947
191.422
185.815
179.183
173.89
167.651
160.4
156.389
150.291
209.594
215.182
221.588
227.541
232.1
240.206
244.756
251.666
257.537
203.65
-654321
191.773
185.246
179.134
173.654
167.194
159.789
155.246
150.079
143.924
203.957
209.875
215.659
222.034
227.992
232.023
238.429
244.871
251.988
197.622
-654321
185.727
179.001
173.895
168.686
161.247
153.806
149.193
143.548
135.81
198.036
202.589
209.923
215.105
221.007
228.632
232.743
240.118
245.496
191.256
-654321
178.58
173.651
168.054
161.954
155.829
148.627
143.094
137.735
131.359
189.635
198.152
202.839
208.608
215.461
220.763
228.151
232.972
239.974
184.601
-654321
173.105
168.166
160.921
155.339
149.513
142.026
136.916
131.501
125.069
185.333
190.773
197.242
201.95
207.858
215.642
220.354
227.915
233.136
179.131
-654321
167.195
161.629
155.742
149.98
142.821
135.824
131.671
124.707
119.778
179.83
185.969
192.096
197.499
203.877
209.458
214.392
221.173
227.666
173.213
-654321
160.479
155.095
149.493
143.99
138.048
131.874
124.487
171.168
113.805
173.114
180.023
186.353
191.098
198.954
203.665
209.436
216.013
221.473
168.382
-654321
155.538
149.123
143.581
136.328
132.46
125.135
119.327
115.238
106.819
167.405
173.215
178.776
185.275
191.129
197.916
202.238
208.881
215.301
160.755
-654321
149.57
142.8
137.57
131.215
124.206
170.889
112.282
108.72
101.028
162.063
168.93
173.673
178.302
184.232
190.859
197.087
202.945
209.188
155.315
-654321
144.71
183.186
132.591
125.102
120.133
112.999
107.768
100.893
154.84
154.555
162.33
167.319
174.687
179.274
186.157
191.887
197.434
203.07
149.256
-654321
139.034
132.415
125.884
119.255
112.575
108.253
101.511
95.3452
89.9935
148.879
195.622
198.128
167.482
175.051
179.474
183.276
192.483
198.153
143.032
-654321
165.801
126.706
159.638
114.996
106.799
100.329
94.9754
89.4333
83.1913
140.241
178.13
154.594
159.974
168.59
172.835
198.961
183.188
191.279
137.593
-654321
126.164
118.831
114.02
106.336
100.747
96.1076
89.2545
83.3748
77.5924
170.75
142.606
149.14
182.397
160.205
167.103
173.633
181.493
185.271
131.147
-654321
120.428
113.87
106.775
157.507
94.768
152.01
81.7327
77.7379
71.9568
131.897
170.52
188.007
149.664
154.595
163.189
167.116
173.652
178.918
123.554
-654321
112.713
109.366
158.735
96.4731
88.6209
133.68
77.9459
71.5064
66.2032
211.474
130.397
182.93
143.543
191.735
157.627
161.891
168.844
172.985
118.906
-654321
107.868
101.124
201.726
152.265
83.9924
75.5623
125.182
121.979
59.6846
170.799
126.076
131.611
137.049
144.474
149.31
181.38
163.029
168.299
112.153
-654321
102.38
94.2027
90.7513
84.0042
141.733
71.7958
66.1674
59.9604
112.863
156.391
162.447
166.046
138.712
143.856
149.341
222.099
162.311
107.934
-654321
94.5449
151.473
81.8638
78.1377
126.214
62.6518
129.772
151.502
208.139
118.357
162.232
132.228
136.993
144.008
149.542
155.228
146.22
-654321
89.4453
84.1939
78.4119
71.676
193.151
60.2134
100.264
151.341
153.163
158.309
126.341
131.305
136.534
143.361
149.453
155.537
-654321
83.1771
76.4704
138.287
65.8481
57.0905
93.802
204.935
166.085
111.435
120.243
125.785
178.647
137.032
173.593
151.356
-654321
140.924
71.3052
65.3115
58.0345
88.4258
155.723
101.095
161.78
153.419
118.741
163.459
130.829
170.058
145.506
-654321
69.7739
123.019
133.17
82.6797
90.259
96.3493
159.595
107.323
113.603
169.322
164.532
131.611
129.083
-654321
66.6941
61.046
143.347
135.48
89.4746
142.768
102.018
149.965
154.648
158.794
126.445
127.088
-654321
131.635
72.0033
196.092
197.395
90.396
94.9736
146.956
106.241
153.234
119.062
133.901
-654321
64.6698
136.958
78.2555
199.153
138.802
94.6374
145.933
106.972
112.695
58.1091
-654321
284.111
298.999
311.972
319.125
330.337
334.898
333.266
332.597
328.288
268.838
-654321
297.928
312.879
324.741
326.445
329.406
332.819
331.328
325.476
324.036
269.638
283.103
-654321
310.703
323.245
330.178
334.958
332.586
331.403
327.11
322.157
318.652
283.427
269.541
300.905
-654321
328.498
329.506
333.465
333.053
329.728
327.521
322.061
317.255
314.029
299.783
281.07
269.266
313.58
-654321
329.322
335.331
329.908
331.938
329.145
322.416
317.102
311.785
306.61
315.597
295.294
284.825
269.642
324.95
-654321
332.715
333.869
331.379
324.892
323.369
318.782
312.149
306.326
300.966
324.643
311.91
299.509
283.058
270.102
327.738
-654321
333.541
331.643
327.781
323.827
317.578
312.457
306.75
301.175
295.487
331.124
323.668
309.094
296.124
283.424
269.795
333.334
-654321
331.04
326.957
321.994
317.193
313.153
306.217
301.649
295.828
289.807
332.418
334.149
326.899
311.553
296.349
282.309
269.137
335.15
-654321
326.559
321.099
318.303
313.19
307.163
301.674
295.502
289.535
283.762
333.798
333.081
332.798
321.444
313.095
299.674
282.744
269.487
330.074
-654321
321.713
318.924
312.361
307.855
301.276
295.009
289.667
283.57
277.995
331.785
330.056
334.742
329.211
324.793
311.905
299.871
284.008
269.657
327.406
-654321
318.178
312.275
307.443
301.434
295.642
289.211
284.029
276.862
271.959
327.466
330.934
328.125
331.492
331.114
321.611
315.546
295.809
282.832
324.401
-654321
313.651
306.284
301.022
295.9
289.435
283.58
277.442
271.486
266.189
322.213
327.649
332.176
331.164
330.286
329.546
322.379
309.489
296.789
317.792
-654321
305.927
301.312
295.562
289.238
283.626
277.307
271.74
265.448
259.524
317.718
322.286
328.746
330.982
331.415
331.744
329.614
326.553
307.723
311.846
-654321
302.179
295.169
289.733
283.848
277.849
271.92
265.769
259.672
253.494
311.617
318.553
322.063
328.446
332.256
333.056
333.798
329.581
318.252
307.466
-654321
295.636
289.105
284.171
277.646
272.181
265.661
260.015
253.872
248.235
307.149
310.821
318.088
324.024
325.846
331.461
333.024
335.441
330.926
301.346
-654321
289.455
283.967
277.187
271.164
265.548
259.523
254.231
248.292
242.408
301.524
307.708
312.979
317.82
324.318
325.766
332.056
335.514
333.469
294.99
-654321
283.268
277.144
271.187
265.254
259.138
253.557
248.1
241.577
236.228
295.609
301.641
306.19
312.95
318.267
322.679
328.011
326.429
331.952
289.231
-654321
277.961
271.549
265.938
259.404
252.714
247.72
241.29
235.225
229.525
290.047
295.436
301.845
306.461
312.1
318.277
322.844
327.09
330.863
282.969
-654321
271.788
265.11
259.43
253.145
246.792
242.244
235.391
229.904
222.568
283.063
289.576
295.382
300.532
305.128
311.462
317.73
320.657
327.114
277.815
-654321
265.738
258.744
253.146
247.591
241.873
235.455
229.833
223.642
217.685
278.284
284.158
290.486
295.249
301.332
304.77
313.049
317.739
322.134
271.52
-654321
259.564
254.211
247.684
241.434
236.439
229.385
223.607
217.539
212.163
271.87
277.66
283.742
288.373
295.555
301.55
307.09
310.025
317.96
266.127
-654321
253.247
247.607
242.349
235.414
230.039
223.241
217.602
211.438
205.397
265.085
271.952
277.814
283.188
289.703
295.791
301.134
306.197
312.89
259.416
-654321
247.322
241.412
236.1
229.218
223.438
216.494
211.115
205.711
199.334
260.373
264.584
271.14
277.086
283.482
289.514
294.665
301.495
307.257
254.618
-654321
241.967
235.855
229.905
223.89
216.896
212.339
205.431
199.711
193.026
252.451
260.223
265.293
271.286
277.038
283.307
289.57
294.746
300.918
247.235
-654321
234.653
229.025
224.764
217.17
210.902
205.799
199.191
193.476
186.881
246.884
254.443
258.753
265.8
272.34
277.727
283.19
289.47
295.653
240.855
-654321
229.242
223.552
217.113
211.366
205.71
199.201
193.557
187.29
181.712
241.47
248.166
253.177
259.354
264.247
271.306
277.745
282.205
289.561
235.678
-654321
223.839
217.456
210.975
205.672
200.043
193.794
186.385
181.429
174.891
235.672
242.672
247.896
252.814
259.701
264.414
270.921
277.47
283.59
228.257
-654321
217.711
211.408
205.718
199.648
193.665
187.118
213.009
174.975
169.458
229.254
235.621
242.378
247.468
254.617
260.238
265.971
271.136
277.319
222.173
-654321
212.942
205.723
199.344
205.439
186.931
181.528
176.739
170.934
163.392
223.26
230.709
236.124
240.104
247.44
254.571
258.792
265.25
271.522
223.37
-654321
204.656
199.411
194.011
185.481
180.737
176.247
168.735
161.79
157.655
217.609
224.151
230.059
235.501
240.966
246.551
253.333
260.021
265.368
211.102
-654321
199.103
192.968
188.01
181.522
176.47
168.666
164.265
156.291
151.676
212.646
217.978
222.293
244.039
234.683
239.927
247.233
252.224
259.858
205.205
-654321
192.515
188.118
181.33
176.869
170.063
163.745
157.529
151.794
148.031
204.34
212.021
217.195
223.843
229.728
234.236
241.602
247.305
253.766
199.208
-654321
187.376
180.68
175.979
169.863
164.111
157.298
151.251
146.937
138.274
200.433
205.074
212.159
217.461
224.914
231.522
234.045
241.918
248.148
193.736
-654321
178.466
176.448
192.057
165.333
157.747
151.313
145.925
139.077
180.454
195.294
199.746
206.207
210.435
217.049
225.999
231.843
235.599
241.463
186.16
-654321
176.923
191.249
164.202
157.736
151.549
145.543
138.251
134.03
126.53
185.302
192.033
199.852
205.682
212.768
215.545
241.07
231.222
234.985
199.156
-654321
170.896
200.416
183.084
150.289
146.023
140.145
133.469
125.413
120.821
181.51
203.405
207.282
199.204
204.722
211.859
217.944
224.634
229.85
176.177
-654321
164.498
156.718
150.627
145.304
138.292
133.686
127.807
121.681
114.775
175.882
181.263
186.053
193.792
211.79
215.655
208.925
217.273
223.532
170.387
-654321
197.244
150.767
146.556
139.374
133.736
128.265
122.401
114.81
108.8
168.401
174.551
181.529
189.009
194.54
201.772
204.9
210.912
218.323
200.093
-654321
153.337
143.818
184.13
179.79
127.534
120.299
116.198
109.576
104.605
164.331
168.809
175.532
181.232
187.133
195.221
200.644
206.731
211.42
157.882
-654321
145.939
183.049
131.38
127.832
122.562
155.199
109.444
160.825
96.9558
156.973
188.253
168.497
194.002
182.678
187.302
207.34
212.409
206.029
150.981
-654321
137.644
134.56
175.548
171.793
113.782
152.323
102.404
202.382
91.9351
179.837
158.375
201.392
168.301
207.06
198.466
188.822
193.085
210.677
144.6
-654321
132.2
124.984
120.73
209.43
109.373
103.004
95.8173
201.311
176.811
151.518
183.028
186.49
169.05
193.928
199.5
186.677
193.339
140.135
-654321
175.974
119.914
114.666
107.816
105.82
142.967
138.675
183.723
145.175
152.043
159.073
188.113
191.81
175.035
181.53
186.837
133.143
-654321
122.44
207.871
111.901
148.279
96.1636
137.755
133.779
139.813
143.586
180.796
196.154
164.294
187.796
175.088
180.795
177.588
-654321
116.408
109.47
104.211
155.667
138.591
128.566
213.545
172.804
174.265
150.018
156.604
163.66
188.136
175.871
120.313
-654321
108.19
103.322
98.7855
152.706
123.734
126.595
133.765
171.492
187.549
219.373
184.194
164.54
169.799
155.027
-654321
102.535
144.306
90.0095
116.401
159.027
213.043
212.487
173.676
175.291
151.643
158.808
162.839
107.318
-654321
155.026
92.4723
207.661
114.963
210.453
129.358
132.556
183.808
175.412
193.06
157.781
103.067
-654321
138.995
102.695
109.255
155.506
172.766
164.106
130.518
170.029
144.02
151.247
97.9297
-654321
95.7895
105.719
150.197
168.2
120.837
164.799
133.617
138.14
146.044
90.1447
-654321
283.64
299.238
310.789
328.121
332.9
340.938
347.134
348.215
347.684
269.782
-654321
293.556
310.857
331.524
338.135
345.392
348.128
350.353
351.721
349.191
269.599
284.301
-654321
310.299
323.136
331.122
348.421
350.177
352.202
349.689
346.488
345.767
283.603
269.786
299.935
-654321
328.279
335.201
347.136
343.449
351.762
344.536
347.513
346.061
338.992
298.729
282.127
269.464
309.741
-654321
338.889
351.404
350.183
349.641
349.579
348.315
342.425
340.978
334.444
313.107
298.513
283.98
268.748
325.578
-654321
343.271
349.243
352.466
348.539
347.705
343.387
340.448
332.837
328.325
322.992
310.626
294.828
282.775
269.911
333.275
-654321
349.362
346.946
348.287
347.466
342.144
338.682
335.062
328.014
323.035
337.72
327.467
313.127
293.208
285.224
269.829
345.666
-654321
348.537
349.614
349.238
342.545
338.478
334.077
328.915
323.441
318.056
343.97
340.51
330.184
312.315
297.17
284.1
269.266
350.89
-654321
349.811
347.456
344.398
340.491
333.642
329.479
323.788
317.854
313.069
348.919
345.352
340.648
325.696
309.713
299.497
283.823
269.698
351.247
-654321
344.235
340.909
338.553
335.095
329.433
323.024
317.668
312.554
306.983
349.639
348.459
343.347
336.755
324.4
312.093
297.493
283.114
270.083
348.546
-654321
343
338.796
332.398
329.06
324.483
318.687
312.209
307.332
301.401
349.406
346.688
349.759
347.527
337.65
321.794
312.84
294.81
283.662
345.776
-654321
340.332
332.276
328.767
323.492
318.53
312.009
306.676
300.999
294.813
350.479
348.915
351.439
350.287
344.26
334.36
326.413
309.354
298.457
346.613
-654321
333.635
328.672
323.831
317.796
311.824
306.928
300.83
294.509
288.974
344.144
347.492
347.812
350.406
352.643
348.418
335.171
322.602
308.643
339.463
-654321
328.964
323.961
317.837
312.986
307.231
300.895
295.418
288.636
282.544
339.941
345.025
347.806
350.99
348.987
349.89
346.142
335.568
326.813
329.58
-654321
325.078
318.238
313.019
306.769
300.601
294.999
289.182
282.693
277.007
335.002
338.883
345.596
345.61
341.731
350.406
349.979
342.724
335.573
329.525
-654321
318.628
312.669
305.991
300.375
294.413
288.517
282.756
276.034
270.776
327.847
332.394
337.535
343.794
345.04
350.586
351.064
345.387
346.355
322.633
-654321
312.232
305.032
300.754
294.883
288.466
282.809
277.254
270.499
265.086
322.628
330.593
333.245
340.125
343.569
349.701
347.689
347.961
349.861
317.931
-654321
307.293
299.581
294.534
289.062
282.587
276.993
270.918
264.667
258.998
318.326
322.675
329.022
335.881
341.621
345.002
349.983
348.228
351.529
312.159
-654321
299.571
294.612
289.127
283.121
276.646
271.142
265.134
259.016
253.143
312.395
318.486
324.74
328.418
334.058
337.49
344.318
343.549
348.736
306.641
-654321
294.976
289.042
282.628
277.782
271.535
265.518
258.79
252.823
247.718
306.428
313.072
318.092
322.534
329.31
335.287
339.98
342.668
347.265
300.874
-654321
288.503
282.552
276.475
270.319
264.788
259.004
251.52
247.003
240.83
301.763
307.082
312.76
317.632
323.853
330.474
333.224
339.685
342.096
295.301
-654321
282.386
277.264
269.261
264.908
259.602
252.047
247.394
240.823
234.588
294.663
301.866
306.95
312.91
317.528
324.331
329.09
334.635
339.892
288.371
-654321
276.827
271.024
265.596
259.366
252.969
247.512
240.868
234.518
228.477
288.514
294.388
300.246
306.762
312.268
318.881
324.451
329.713
333.165
283.337
-654321
270.656
263.999
258.43
251.886
246.555
240.774
233.724
229.129
223.22
282.812
288.731
295.376
300.449
308.064
312.537
318.726
322.994
329.252
276.425
-654321
263.933
259.026
252.346
247.262
240.764
234.172
229.32
223.862
216.684
275.557
282.644
287.701
294.565
301.024
306.469
312.257
317.839
324.111
271.14
-654321
259.736
252.484
245.839
241.319
234.62
228.331
222.65
216.439
211.554
269.922
276.753
282.411
288.979
294.018
300.081
306.603
313.188
317.991
264.052
-654321
253.426
246.67
240.898
234.922
228.72
223.253
217.165
210.819
205.022
264.119
271.325
275.861
282.941
288.445
295.449
300.77
306.51
312.138
259.498
-654321
247.117
241.206
233.995
228.642
222.734
217.17
210.487
205.423
198.379
258.806
265.144
271.277
276.473
283.979
288.59
295.045
301.188
306.173
251.787
-654321
240.844
247.749
227.473
222.653
217.417
210.373
205.79
198.669
193.03
252.952
257.811
265.464
271.73
277.125
282.126
288.292
295.279
300.896
245.987
-654321
234.359
228.464
224.11
215.615
209.849
203.977
199.958
192.606
187.055
246.539
253.719
257.832
265.444
270.493
276.799
283.575
289.106
293.736
240.263
-654321
230.243
223.367
217.669
211.682
204.026
199.501
192.268
186.131
180.265
241.143
246.233
251.564
256.877
262.631
258.738
276.447
282.007
288.513
234.406
-654321
222.507
216.786
212.611
205.362
198.342
193.747
186.313
181.663
175.054
235.478
242.122
246.986
253.415
260.329
264.012
259.129
277.195
282.691
228.67
-654321
216.728
210.908
204.903
199.372
194.328
187.552
181.351
174.643
167.894
227.97
236.418
240.071
245.249
252.72
257.589
264.1
271.859
277.041
227.308
-654321
210.368
203.725
197.492
193.364
185.841
181.335
176.473
168.913
163.504
222.344
230.773
233.538
240.29
246.812
245.952
258.968
265.518
270.655
216.26
-654321
204.321
198.258
192.171
203.685
180.608
174.482
168.149
162.985
156.902
218.255
222.321
228.199
234.548
239.716
246.866
252.862
257.911
264.297
210.6
-654321
198.56
191.942
187.332
200.191
207.803
169.119
161.42
156.542
150.316
211.566
216.553
223.923
228.675
233.408
239.736
245.592
253.197
259.082
205.542
-654321
193.967
203.14
182.21
176.518
169.879
163.166
158.642
150.306
144.299
204.672
210.452
222.188
222.618
230.371
235.054
241.332
247.348
253.184
199.885
-654321
186.641
181.781
172.921
170.209
162.332
158.82
192.461
144.687
170.139
197.282
205.304
230.889
217.38
222.927
230.243
234.954
241.468
246.13
193.229
-654321
180.675
173.921
167.227
163.823
182.358
179.116
144.34
137.444
179.728
192.86
198.489
205.418
210.003
215.612
226.453
227.464
234.615
240.812
185.019
-654321
207.813
167.377
162.976
156.689
151.117
174.694
140.112
132.624
127.734
186.788
192.154
210.468
204.971
212.113
214.867
223.026
226.407
234.757
182.172
-654321
203.388
162.338
197.447
150.936
144.45
139.04
132.355
126.81
121.766
181.215
188.602
192.022
213.853
204.644
210.071
214.816
222.255
228.904
174.604
-654321
199.75
183.79
221.919
174.576
137.267
132.688
176.692
118.973
175.796
179.604
202.455
207.21
212.348
204.549
210.763
215.841
223.434
167.33
-654321
156.539
193.352
145.872
182.308
168.728
175.958
119.034
190.622
174.102
179.707
215.27
191.189
199.701
237.267
210.043
216.697
188.816
-654321
191.602
175.047
184.546
131.725
161.8
120.644
162.41
167.403
195.303
182.512
187.136
190.444
198.257
215.547
210.356
156.207
-654321
144.194
172.798
131.189
163.948
158.852
156.984
162.684
168.892
173.992
197.894
186.836
192.455
197.95
204.262
192.089
-654321
137.103
167.892
162.245
210.841
179.926
156.705
187.292
203.99
175.331
179.975
186.602
205.543
198.864
145.07
-654321
132.994
176.854
172.016
177.026
178.614
155.8
163.177
190.087
176.38
180.5
204.477
193.285
138.047
-654321
126.941
117.687
139.332
142.955
150.014
222.941
223.637
168.462
175.246
178.803
185.614
130.971
-654321
160.398
164.838
137.905
186.38
193.095
155.623
186.646
225.653
173.266
179.078
212.763
-654321
127.368
132.436
172.935
142.18
151.343
154.653
223.272
167.812
174.113
173.492
-654321
282.856
298.792
310.285
326.771
340.03
351.864
366.613
372.385
367.733
268.312
-654321
298.43
312.004
329.998
334.626
348.054
350.375
360.823
367.198
366.626
269.423
282.492
-654321
308.965
325.346
340.602
353.318
359.35
368.161
368.405
367.12
365.715
283.313
269.788
297.713
-654321
319.843
347.715
347.853
363.342
367.749
362.976
365.976
368.28
366.794
297.969
284.396
269.159
312.244
-654321
344.913
353.969
359.886
364.857
368.91
367.756
369.555
367.359
360.146
312.383
297.176
282.782
269.472
325.879
-654321
356.568
356.682
367.839
367.127
370.554
364.616
361.115
357.813
353.441
328.465
311.84
295.278
283.434
269.753
331.094
-654321
367.068
367.682
365.433
368.209
365.415
364.727
361.434
355.786
349.16
340.122
320.907
315.531
296.928
283.505
267.963
356.647
-654321
362.595
364.87
366.419
367.122
365.319
357.861
356.169
351.6
344.47
354.134
333.995
324.969
306.319
298.682
282.926
269.308
360.801
-654321
368.071
366.312
365.815
360.683
359.957
354.4
350.332
345.981
340.331
357.175
352.109
340.977
331.867
313.473
297.306
286.37
269.239
365.517
-654321
365.62
366.953
361.35
361.199
354.458
349.175
346.008
339.889
335.47
364.568
359.488
349.184
339.888
326.092
314.436
299.195
282.104
269.806
367.086
-654321
365.042
364.022
360.47
354.391
350.534
344.632
338.08
334.379
328.486
365.549
366.027
364.935
351.765
341.86
326.283
310.651
296.965
283.471
364.715
-654321
359.928
357.525
355.952
350.805
345.52
339.225
334.639
329.249
322.967
365.19
366.424
365.443
364.579
349.625
343.491
328.282
312.077
295.804
367.067
-654321
360.259
354.805
351.385
344.563
340.115
334.72
328.876
323.436
317.447
366.14
365.877
366.743
367.3
355.38
350.541
340.893
326.356
312.026
365.363
-654321
355.331
350.205
342.895
340.664
336.074
329.322
323.323
317.656
311.898
362.704
361.346
367.437
366.356
365.847
357.992
342.156
337.001
323.992
360.805
-654321
351.835
345.774
339.98
332.224
328.942
323.794
318.074
311.782
305.529
360.626
364.11
365.38
365.684
364.224
360.259
362.7
346.335
342.062
351.107
-654321
345.061
337.97
333.916
329.852
323.155
317.545
310.039
305.705
299.475
355.451
356.127
362.392
363.626
366.275
368.601
356.323
358.511
352.834
350.044
-654321
339.795
334.424
329.464
322.563
317.309
311.712
305.764
299.64
293.159
349.31
354.92
356.331
363.327
366.381
368.205
356.611
364.944
363.585
346.859
-654321
333.779
329.366
323.308
318.203
311.225
305.999
299.756
293.789
287.96
345.973
352.164
355.655
356.485
363.601
364.313
368.68
369.649
365.319
339.175
-654321
327.839
323.619
318.108
310.772
305.015
299.246
294.196
287.564
281.124
338.921
345.389
349.803
353.891
358.408
363.245
361.267
371.166
368.15
336.227
-654321
323.341
317.612
311.882
305.34
299.336
293.706
287.789
281.085
275.755
333.178
341.469
344.601
349.234
355.789
356.306
364.352
368.843
368.806
329.068
-654321
316.532
311.153
306.002
299.572
293.603
287.689
281.175
275.706
270.528
328.007
332.243
338.967
343.382
345.753
352.472
360.187
367.433
366.806
322.24
-654321
311.288
305.997
299.613
293.523
288.52
282.052
275.846
269.792
263.04
321.696
330.19
334.649
339.23
345.246
346.142
355.989
358.368
364.778
316.248
-654321
305.582
299.33
293.563
288.042
281.944
275.649
268.904
262.967
257.618
316.897
325.067
328.621
333.274
340.154
346.998
347.434
354.58
360.267
310.659
-654321
299.148
293.739
288.068
281.771
275.569
269.126
263.716
257.805
250.798
311.243
316.937
322.865
328.1
335.823
336.796
344.776
349.465
355.023
306.375
-654321
293.75
287.654
282.078
275.245
270.514
262.985
257.106
251.339
245.634
305.613
312.34
316.258
323.624
328.245
335.554
336.565
343.223
350.03
299.966
-654321
286.893
281.976
275.947
269.995
263.7
257.305
251.384
244.956
239.263
298.867
305.558
307.381
316.36
323.724
329.199
333.652
340.602
345.353
294.264
-654321
281.553
275.972
268.442
263.616
258.325
251.243
246.07
239.915
233.475
293.876
299.705
305.578
311.339
317.886
323.483
329.283
334.028
339.5
287.123
-654321
275.583
270.195
263.517
257.471
251.168
244.458
239.758
233.15
227.681
287.083
292.411
299.014
305.687
311.238
316.197
323.242
329.884
335.07
281.247
-654321
269.229
262.773
258.328
252.655
245.169
239.324
233.537
226.911
227.117
281.13
287.217
293.882
298.995
305.102
311.674
317.986
322.952
328.706
275.363
-654321
263.643
257.133
250.415
246.041
239.214
233.645
227.954
221.948
216.421
275.656
280.931
286.488
292.832
298.72
305.528
311.205
317.548
322.986
268.481
-654321
256.606
250.899
245.935
238.854
233.888
228.233
221.399
215.988
210.361
269.964
274.937
267.217
288.516
292.398
299.325
304.197
311.553
317.837
264.954
-654321
251.222
244.715
239.586
232.852
227.832
220.929
215.528
209.158
204.014
264.401
268.798
275.505
281.958
287.138
293.016
299.867
305.344
311.01
258.139
-654321
245.961
238.548
235.617
228.311
221.539
214.319
208.594
204.32
197.593
257.64
264.098
268.681
274.917
280.521
286.447
273.852
279.319
305.331
250.815
-654321
239.382
233.347
227.308
220.882
222.764
207.94
203.59
197.215
189.891
250.268
258.346
263.626
270.147
275.762
282.222
286.999
292.569
299.444
245.323
-654321
232.508
228.224
220.74
215.5
209.394
203.008
196.756
192.158
185.048
245.254
252.194
257.553
255.149
268.104
276.057
282.254
287.634
293.258
239.901
-654321
226.113
222.404
233.542
209.049
204.22
197.609
194.031
185.385
179.806
239.95
244.731
251.726
255.952
263.057
269.022
275.311
281.114
287.557
247.501
-654321
221.017
215.631
208.802
200.674
197.5
190.997
184.703
179.603
173.057
234.287
239.927
246.433
250.219
258.102
262.982
268.088
276.776
281.417
226.209
-654321
223.187
218.977
204.83
196.432
190.341
186.45
180.399
173.054
168.419
230.626
232.886
251.24
244.62
244.683
258.534
263.783
268.751
275.361
227.454
-654321
208.223
203.687
199.036
194.497
184.932
180.857
173.154
167.195
223.964
221.428
226.602
247.606
239.251
246.326
249.227
256.29
254.349
269.793
216.356
-654321
227.121
197.535
192.502
203.163
199.863
173.651
190.054
160.761
154.173
215.155
221.546
230.299
233.809
250.529
244.603
250.066
257.669
263.624
218.606
-654321
197.969
191.175
185.417
198.895
172.962
190.305
162.224
182.254
147.683
217.478
222.725
219.92
226.301
234.352
241.976
244.031
250.559
256.502
203.608
-654321
206.179
185.456
179.72
171.406
168.784
161.295
183.451
150.97
201.589
209.848
222.418
220.622
228.351
245.964
238.968
245.213
250.835
196.578
-654321
183.155
198.663
172.632
166.037
161.483
182.389
190.094
195.492
202.554
208.591
217.53
221.006
229.122
235.769
239.731
245.534
218.151
-654321
181.159
172.945
189.414
200.871
156.012
179.102
206.083
221.817
202.878
211.414
235.284
226.171
242.66
233.118
239.236
185.509
-654321
174.017
165.974
160.816
194.244
190.316
185.175
220.603
197.947
204.031
218.211
222.707
244.371
231.705
234.016
178.661
-654321
204.643
185.348
182.302
148.688
211.31
186.21
219.781
197.433
203.366
210.572
218.239
222.368
227.556
173.061
-654321
188.974
155.417
151.103
171.951
180.978
202.043
193.666
210.622
237.877
210.364
214.311
220.99
204.016
-654321
182.945
176.271
168.256
207.841
198.292
217.647
193.845
210.004
214.506
210.018
216.143
186.235
-654321
177.155
187.64
201.813
194.43
178.255
186.15
189.675
209.015
203.772
208.357
153.69
-654321
153.975
161.619
204.157
172.7
197.568
203.089
206.819
210.618
203.267
149.162
-654321
283.47
298.453
308.814
322.222
341.873
358.425
367.081
366.362
382.578
269.513
-654321
297.087
314.058
328.033
335.902
351.903
378.097
374.803
374.734
383.743
269.132
285.629
-654321
313.853
328.345
345.628
355.654
370.181
376.248
381.261
385.213
388.618
284.958
270.676
297.557
-654321
335.957
337.863
348.1
370.149
384.952
383.54
381.075
387.759
381.67
298.124
281.273
270.706
312.743
-654321
343.737
353.674
368.687
375.78
387.858
384.841
387.287
384.822
381.503
311.695
298.964
285.213
269.625
321.819
-654321
346.322
370.113
384.615
381.357
377.682
383.555
384.373
382.566
383.348
326.787
307.156
299.983
285.7
269.915
343.578
-654321
358.598
376.348
380.259
382.691
385.389
383.735
380.861
382.313
378.247
343.437
320.224
313.249
297.177
283.834
268.714
353.154
-654321
380.47
377.347
387.638
388.097
386.343
386.616
374.064
375.542
371.826
359.636
338.317
325.047
315.172
303.998
282.668
269.027
370.804
-654321
388.224
387.263
390.202
385.02
381.848
381.936
373.145
367.816
370.42
367.12
355.175
336.64
322.814
309.891
299.704
281.91
268.19
374.892
-654321
386.113
383.768
387.009
381.227
382.621
380.3
371.273
364.136
362.66
373.847
359.723
360.011
335.79
324.776
314.261
296.005
281.899
268.997
377.88
-654321
383.431
384.302
382.834
380.696
376.368
374.321
367.886
363.777
359.15
379.712
374.175
360.851
358.773
342.004
324.998
312.383
298.195
282.941
385.14
-654321
385.178
384.918
379.238
380.267
376.794
369.713
363.823
359.256
353.272
379.834
379.87
375.958
365.01
356.041
340.836
326.329
307.852
298.65
385.803
-654321
386.172
377.694
377.817
372.63
368.455
364.84
358.522
353.937
348.316
387.216
381.715
379.542
379.757
368.267
351.387
341.154
326.733
308.473
386.832
-654321
382.912
374.187
372.957
370.488
364.081
358.351
352.358
347.391
342.759
384.894
383.352
387.165
378.309
376.268
364.506
360.829
342.907
326.182
382.134
-654321
376.755
371.504
368.254
364.634
359.701
351.26
347.147
341.87
336.516
385.809
381.567
385.506
381.442
379.696
373.774
365.67
356.629
337.59
382.117
-654321
370.975
370.028
365.662
359.146
353.652
347.765
342.24
336.286
331.713
380.877
382.345
386.628
384.408
380.993
379.102
373.523
366.783
349.133
374.309
-654321
366.735
365.288
356.541
354.613
348.032
342.139
336.826
330.859
325.352
378.776
382.133
378.97
384.378
381.575
387.005
378.532
371.914
372.125
373.216
-654321
362.226
360.017
354.46
343.754
342.135
336.695
331.477
324.962
319.448
373.999
378.509
383.832
387.245
379.256
388.971
383.557
383.93
375.697
365.627
-654321
358.392
354.403
347.176
342.488
336.7
330.345
325.153
319.061
313.039
368.453
371.723
379.859
384.667
382.959
386.653
386.164
375.058
384.184
362.1
-654321
353.626
348.19
343.359
337.125
331.07
325.172
318.353
313.242
307.364
363.832
367.106
373.112
382.678
383.625
381.643
379.053
386.122
384.341
358.029
-654321
348.276
343.605
336.756
331.76
325.268
319.036
313.433
307.313
300.817
358.888
362.731
372.195
373.768
381.106
380.693
380.494
383.557
378.905
354.567
-654321
343.154
336.339
330.052
325.384
319.136
314.414
306.934
301.152
294.873
354.295
357.182
359.699
365.013
372.924
378.519
380.024
383.632
384.132
347.735
-654321
337.325
330.735
325.044
318.391
313.227
308.026
301.099
294.572
290.072
349.391
354.677
360.303
361.012
370.834
370.01
379.793
375.992
384.438
341.293
-654321
331.63
325.691
318.312
311.612
307.477
301.493
294.851
289.375
282.766
340.479
347.424
350.333
355.067
363.696
368.679
376.583
361.673
381.642
334.634
-654321
325.375
319.556
314.298
307.151
300.943
294.865
289.583
283.382
277.244
337.238
343.636
349.631
351.059
356.551
366.161
367.644
370.15
376.72
330.993
-654321
319.937
313.802
306.246
300.627
295.122
289.337
283.588
277.185
271.597
330.745
336.688
342.971
348.253
354.586
361.108
365.922
362.779
370.41
325.332
-654321
313.521
307.599
300.898
295.423
290.177
283.351
276.997
270.935
265.402
326.158
329.747
336.208
339.079
349.591
353.896
360.002
364.581
366.658
320.147
-654321
307.17
301.622
295.024
288.257
283.455
277.345
271.883
264.303
259.134
319.527
324.093
331.005
337.032
340.016
348.963
351.842
358.058
365.183
314.271
-654321
300.278
294.72
289.841
282.385
277.727
271.944
265.713
259.16
253.331
312.182
318.995
325.073
329.812
337.093
343.361
344.33
354.318
357.44
308.638
-654321
295.121
288.816
282.786
277.394
271.515
265.182
259.481
253.792
248.365
306.838
313.098
319.49
325.026
328.727
336.713
341.201
343.355
353.13
301.518
-654321
290.337
282.244
277.031
271.228
264.523
258.207
252.385
247.561
241.281
301.196
307.613
314.372
317.978
325.338
330.759
336.638
343.426
348.319
296.103
-654321
284.686
276.35
271.021
264.913
259.429
254.22
247.475
241.27
234.707
294.389
301.264
307.143
313.827
319.193
325.352
331.419
332.458
341.668
289.237
-654321
278.005
271.772
264.646
258.973
254.182
247.08
241.967
235.155
229.171
288.868
296.391
300.486
307.004
313.944
319.03
324.731
330.552
336.307
283.502
-654321
272.09
263.888
257.882
253.572
246.346
241.809
235.029
229.249
224.187
283.935
287.755
296.279
303.167
307.329
312.481
318.964
324.753
330.78
276.68
-654321
265.196
259.959
253.291
246.561
242.033
234.792
228.957
224.159
217.641
277.097
284.221
290.314
294.805
301.768
306.774
313.041
319.221
324.207
270.808
-654321
260.155
260.444
247.816
240.381
235.669
230.175
222.478
216.28
211.561
259.427
278.249
282.747
290.636
294.647
300.628
306.98
313.952
319.126
264.42
-654321
252.807
248.07
240.179
235.751
229.331
221.161
216.546
211.339
204.792
265.189
270.154
262.932
281.073
272.455
295.349
300.869
306.196
312.632
259.328
-654321
243.332
241.82
234.73
229.232
227.865
216.235
211.099
205.127
198.841
262.039
255.216
272.001
276.839
284.459
289.597
295.986
301.213
307.669
253.972
-654321
240.707
234.445
229.551
223.291
217.019
219.429
205.455
200.941
193.98
252.804
260.304
264.722
261.026
276.505
282.948
289.092
294.885
302.006
246.008
-654321
234.843
229.629
222.677
216.159
220.248
205.188
199.636
192.496
215.486
247.962
254.348
259.72
264.403
272.266
276.597
282.735
271.593
295.063
241.659
-654321
229.409
238.527
217.894
212.601
208.027
198.664
193.467
186.829
182.394
240.981
243.166
254.165
258.252
266.68
270.334
276.824
267.334
288.414
235.157
-654321
222.793
216.662
220.817
204.695
211.349
192.395
214.094
212.713
233.866
240.637
246.177
249.069
250.27
267.013
272.299
275.81
283.243
227.819
-654321
217.319
209.673
204.083
197.902
192.033
188.298
180.737
229.099
234.296
242.03
246.684
253.741
259.359
264.387
269.794
264.107
228.595
-654321
210.652
204.75
211.985
191.812
186.58
183.542
229.115
228.44
234.924
239.956
247.883
254.342
251.973
266.542
270.993
223.871
-654321
227.263
199.491
220.426
205.237
181.563
216.705
221.775
229.863
247.638
240.733
243.292
252.144
258.882
264.515
211.304
-654321
197.316
235.058
188.034
201.36
211.094
216.116
223.817
228.352
234.638
252.347
245.458
253.847
258.837
206.26
-654321
191.609
202.915
199.959
214.668
209.748
224.83
244.107
227.438
249.623
241.586
246.782
252.46
224.522
-654321
203.996
181.927
198.139
204.314
211.374
224.669
223.024
228.198
235.717
242.369
247.061
221.018
-654321
212.767
193.393
199.022
215.57
211.243
217.227
227.217
229.449
235.975
240.841
186.374
-654321
187.041
208.269
198.654
214.941
213.279
223.61
223.537
227.99
235.094
179.924
-654321
282.99
303.607
315.719
325.894
341.467
348.303
379.573
377.117
390.8
270.488
-654321
293.25
311.365
328.57
344.196
358.358
365.881
381.475
385.526
396.999
269.636
282.113
-654321
311.364
328.313
346.931
354.969
365.168
373.315
388.389
393.616
408.602
283.55
269.302
299.924
-654321
323.258
347.113
359.171
365.6
380.385
392.166
393.587
398.323
400.042
300.039
282.906
269.323
314.687
-654321
338.125
354.885
366.541
379.126
386.392
390.342
391.023
402.768
402.742
313.44
296.333
283.944
269.663
327.572
-654321
359.683
365.313
377.69
398.433
393.636
400.546
395.769
404.338
394.717
329.661
312.055
301.147
284.99
270.045
334.258
-654321
365.571
382.387
387.89
386.616
402.734
400.889
402.453
403.604
401.98
344.669
316.084
311.085
292.777
284.44
268.696
359.391
-654321
388.613
390.779
382.756
399.701
398.418
398.66
400.05
401.662
396.688
348.09
336.931
326.156
316.602
297.73
282.768
269.017
363.481
-654321
397.759
400.417
396.798
395.632
400.559
400.816
401.125
403.057
391.912
376.48
356.475
337.998
326.449
313.636
298.149
281.377
269.607
374.006
-654321
399.27
394.227
402.283
401.906
399.489
393.81
399.277
394.535
389.746
374.663
363.45
350.938
341.285
324.537
310.164
300.338
282.536
269.902
387.417
-654321
403.132
392.745
398.065
405.555
402.715
399.858
387.665
387.967
381.853
389.81
380.889
368.925
342.953
340.746
328.644
309.985
299.352
282.511
401.735
-654321
401.105
401.648
402.303
400.679
398.844
395.897
389.275
384.365
381.439
394.355
391.383
376.474
367.969
356.409
341.457
324.059
310.12
299.313
398.366
-654321
401.035
399.22
399.816
395.376
392.424
389.9
383.412
380.705
374.233
396.697
398.53
393.771
384.232
364.293
354.118
344.406
326.395
311.473
402.489
-654321
401.217
399.451
396.005
394.198
388.681
382.781
380.124
374.034
369.553
400.142
402.214
395.942
384.664
382.266
365.911
352.814
344.199
323.106
404.178
-654321
400.337
396.1
391.876
387.27
386.765
378.872
375.692
370.59
362.531
391.255
398.33
399.095
396.816
388.239
377.909
366.342
356.787
338.819
399.471
-654321
396.157
391.812
388.417
386.263
378.507
375.942
370.129
364.674
359.428
399.583
400.733
405.638
397.131
399.866
392.943
381.857
365.986
350.772
403.266
-654321
395.73
390.138
383.887
377.354
372.181
371.252
365.282
357.873
352.765
397.721
401.207
407.097
399.482
403.245
397.405
395.296
386.028
369.979
387.255
-654321
389.042
383.693
374.062
375.786
371
366.468
359.935
352.228
348.245
394.274
399.12
403.308
401.47
400.539
407.006
402.459
384.456
376.052
390.623
-654321
386.044
380.032
377.096
371.871
363.953
359.376
354.175
347.844
342.456
387.065
396.537
405.138
399.287
405.214
397.437
399.543
392.882
390.085
387.851
-654321
382.42
377.856
370.843
363.561
357.842
352.807
346.078
342.51
336.019
393.978
393.946
397.072
399.555
405.568
403.418
398.378
392.941
387.306
387.23
-654321
377.45
368.226
364.657
359.035
351.976
347.699
342.17
336.223
330.482
384.223
389.925
392.002
393.233
402.646
400.061
396.559
395.775
393.689
381.815
-654321
371.663
363.126
357.647
353.6
348.813
341.851
336.887
330.987
324.02
378.932
385.721
391.545
396.667
400.423
402.937
398.982
404.157
395.281
372.889
-654321
365.717
360.318
352.446
348.105
341.994
336.658
330.088
324.722
318.686
372.048
374.184
382.583
388.782
390.786
398.284
403.043
404.866
385.201
371.189
-654321
359.639
352.536
347.824
342.381
335.185
330.506
325.58
318.484
312.724
368.514
369.496
378.155
384.629
386.231
393.854
398.446
398.128
398.613
364.846
-654321
354.925
348.097
342.153
336.114
330.316
324.685
318.048
312.129
307.182
365.125
370.502
375.682
380.989
384.861
392.208
394.594
404.65
402.704
358.328
-654321
348.294
342.614
337.081
330.684
324.517
317.613
313.375
306.765
300.14
360.27
365.122
371.312
375.238
381.963
384.762
389.834
392.394
400.276
350.93
-654321
339.914
336.741
330.58
325.606
318.791
311.975
306.751
299.945
294.377
351.824
360.323
365.544
365.454
375.3
383.899
384.662
386.456
394.679
348.698
-654321
336.513
328.641
324.099
319.446
312.533
306.292
300.816
294.894
288.813
347.279
353.977
359.095
362.919
370.254
376.903
382.78
386.468
391.33
342.404
-654321
330.118
324.521
319.178
312.91
306.648
301.546
294.785
288.615
282.174
342.236
348.587
353.803
359.989
365.451
361.014
377.822
382.15
384.621
336.615
-654321
324.448
319.102
313.027
307.167
299.984
294.768
288.733
282.945
277.009
336.516
342.269
347.329
353.31
355.844
359.037
372.168
376.944
377.782
330.472
-654321
318.585
312.078
305.965
300.967
294.348
288.57
281.83
276.932
270.817
330.523
336.604
341.872
348.54
352.541
357.18
363.408
369.348
374.584
325.662
-654321
312.921
306.763
300.606
294.504
287.83
283.404
276.772
271.611
264.281
324.334
330.656
335.987
341.883
345.717
352.841
359.838
365.367
369.447
318.187
-654321
306.494
300.561
295.003
289.395
282.102
276.336
270.732
265.29
257.517
318.818
324.137
330.068
335.588
342.513
345.027
353.591
360.845
364.25
298.94
-654321
301.113
275.57
287.761
280.876
276.834
271.132
264.236
263.158
251.454
311.493
317.605
322.922
330.358
336.46
342.398
348.102
354.663
359.033
307.232
-654321
294.086
272.124
282.284
276.206
270.804
263.708
258.688
252.845
245.733
306.362
313.047
319.374
323.616
329.494
335.811
342.202
312.176
353.797
299.453
-654321
287.044
282.239
276.277
271.012
263.959
259.121
251.357
247.677
240.254
300.251
307.084
312.745
318.505
324.473
329.341
336.134
342.254
348.171
295.189
-654321
282.764
277.137
259.358
264.641
257.732
247.477
246.108
240.444
234.351
294.888
301.121
306.746
299.971
290.872
324.162
329.724
337.559
340.615
287.534
-654321
276.181
270.174
255.762
259.154
251.253
246.037
239.971
234.795
228.16
286.771
294.573
299.84
306.28
312.356
319.171
324.147
330.541
336.475
281.673
-654321
271.443
256.698
258.675
253.111
245.953
240.521
234.045
228.865
222.544
282.97
288.04
293.86
300.481
305.283
313.161
291.647
325.049
327.424
277.189
-654321
264.427
258.433
252.528
246.109
238.985
234.971
229.033
239.081
216.079
263.255
282.584
288.39
295.45
300.941
305.273
312.481
318.109
324.754
270.616
-654321
259.661
252.522
244.518
251.903
234.592
228.283
222.624
223.278
210.71
270.812
275.516
284.169
289.429
295.135
300.143
283.464
313.052
318.363
254.367
-654321
253.743
247.278
238.764
235.029
228.849
222.114
236.487
209.078
263.505
269.551
275.812
267.058
270.876
294.797
278.677
306.25
312.74
259.265
-654321
246.632
240.247
235.907
228.883
245.035
217.433
209.472
258.14
265.673
271.177
263.486
265.908
288.251
295.226
301.18
304.969
247.525
-654321
251.153
235.271
231.015
222.889
216.021
210.548
252.541
256.792
255.447
269.068
264.13
282.72
271.289
275.823
299.864
242.767
-654321
233.644
229.203
222.917
216.627
211.114
246.865
251.495
257.969
264.454
257.219
277.079
283.743
288.069
294.597
241.93
-654321
230.397
220.321
222.281
210.718
250.531
246.222
252.14
259.665
268.121
270.337
274.867
281.453
287.561
235.218
-654321
221.728
216.486
209.915
233.947
238.777
245.995
251.037
258.892
264.639
259.298
277.386
282.2
231.8
-654321
235.697
210.877
244.16
233.586
240.214
247.671
251.313
256.848
263.634
271.025
276.494
240.25
-654321
211.652
227.982
227.488
234.142
239.003
244.184
247.079
264.677
254.97
269.954
224.66
-654321
216.383
222.957
231.154
245.884
240.394
247.654
258.651
258.155
255.625
218.886
-654321
272.829
283.904
293.508
297.803
309.895
322.642
339.652
335.749
345.577
264.69
-654321
284.188
291.245
308.479
309.691
320.055
338.065
336.936
348.736
349.962
264.03
272.798
-654321
288.615
304.678
311.194
317.087
331.277
336.843
344.595
356.628
359.547
274.629
264.563
283.21
-654321
302.442
313.057
317.11
326.372
332.669
346.738
361.428
359.225
359.832
282.579
272.206
264.564
291.438
-654321
307.029
319.064
335.313
338.513
344.845
348.69
355.986
364.127
360.727
293.573
284.327
274.742
264.118
308.831
-654321
313.079
331.681
342.602
352.279
357.79
356.504
353.508
356.81
363.325
304.364
291.75
285.334
273.437
264.806
308.896
-654321
336.202
337.696
344.847
342.968
368.203
361.256
364.301
360.781
363.567
309.301
304.614
296.686
281.676
276.168
264.252
325.675
-654321
330.617
344.45
349.451
353.095
361.897
365.66
362.651
362.857
364.846
320.545
309.661
298.976
291.251
284.604
273.974
264.407
328.578
-654321
350.529
352.842
355.684
360.623
364.612
363.646
357.532
357.709
360.36
328.467
316.078
309.028
306.099
288.233
285.562
272.641
266.459
329.455
-654321
352.602
362.872
359.319
363.151
363.302
355.972
363.195
360.082
357.238
348.594
328.707
317.476
313.793
305.367
293.895
288.996
273.244
265.389
359.282
-654321
355.805
359.743
361.316
366.813
364.44
359.998
360.563
360.87
356.966
342.947
339.11
328.392
325.247
313.741
303.229
291.337
280.652
274.2
349.845
-654321
355.305
354.584
363.628
380.485
362.106
362.195
354.666
355.83
353.395
358.076
347.781
341.366
329.766
319.837
305.947
302.785
294.429
283.22
357.135
-654321
361.691
363.561
362.463
363.791
359.453
357.193
366.808
350.424
349.612
357.075
354.417
342.891
342.241
332.258
323.58
307.8
299.763
290.027
355.992
-654321
360.64
363.375
359.867
359.66
359.381
355.109
352.454
350.939
345.539
361.79
354.592
350.585
348.764
367.059
327.94
319.061
310.318
300.367
361.72
-654321
362.591
363.172
361.986
358.464
355.791
353.074
349.789
343.423
341.345
358.374
361.638
356.236
351.704
348.431
338.912
334.248
320.255
310.97
363.427
-654321
361.58
359.367
359.102
353.801
350.646
347.295
344.526
343.501
338.876
364.08
362.266
357.8
359.298
355.743
350.046
333.525
331.018
322.963
365.305
-654321
360.729
358.889
356.623
354.219
348.931
347.064
342.693
338.367
336.397
359.741
361.524
360.974
362.047
363.043
359.013
346.238
342.041
331.132
361.09
-654321
355.974
355.791
348.554
349.808
345.951
342.696
339.515
333.759
331.726
360.955
364.149
363.181
355.737
362.755
352.854
357.26
347.949
336.493
356.486
-654321
353.289
354.303
348.697
345.824
343.804
339.812
334.495
332.129
328.244
359.703
359.874
361.536
357.336
355.043
360.762
359.259
355.197
342.031
356.804
-654321
350.568
350.249
344.347
343.236
338.665
335.493
332.248
328.602
324.768
355.606
362.249
364.022
362.719
360.057
364.062
363.25
360.659
353.046
353.888
-654321
351.052
344.533
343.726
337.651
335.99
332.084
328.449
324.708
320.632
354.605
360.668
358.045
360.521
352.821
364.001
363.146
359.811
358.609
352.3
-654321
345.893
342.78
339.731
334.776
332.634
328.652
324.176
320.647
316.815
353.349
353.589
353.988
358.796
362.093
364.75
365.683
363.519
360.979
348.237
-654321
343.192
338.996
335.534
331.652
327.731
324.085
321.052
317.039
312.872
350.372
350.273
356.967
358.334
363.176
354.1
364.606
366.346
367.491
347.052
-654321
339.571
336.727
331.984
327.53
324.793
321.057
317.187
313.442
309.394
345.436
347.861
353.125
357.264
354.464
352.293
361.385
362.47
363.348
341.931
-654321
335.266
332.947
328.018
324.21
320.823
317.088
313.434
309.146
305.567
343.114
343.864
349.927
350.304
358.353
358.059
353.652
362.977
361.644
339.579
-654321
333.046
328.088
324.905
320.587
317.325
313.482
308.899
305.304
300.832
340.137
340.159
344.825
350.067
353.214
356.263
355.137
360.567
360.485
334.782
-654321
327.492
324.754
321.06
316.983
313.529
309.088
305.257
301.099
297.547
335.947
340.11
338.711
348.062
349.599
354.705
351.704
357.35
360.774
332.675
-654321
324.656
320.941
317.516
313.099
309.284
305.479
301.415
297.252
293.136
332.039
334.855
337.768
343.405
346.677
349.641
353.006
354.954
358.956
328.523
-654321
320.347
316.363
313.194
308.795
304.913
301.131
297.353
293.323
289.436
329.135
332.371
336.212
338.092
343.565
344.437
346.094
354.876
356.382
324.983
-654321
316.473
312.956
309.281
305.122
301.267
296.995
293.041
289.387
285.259
323.823
328.345
332.415
336.341
339.326
344.446
347.001
354.861
351.49
320.61
-654321
313.364
309.579
305.302
301.707
297.31
293.145
289.502
284.747
280.89
320.445
324.925
328.864
329.892
334.723
339.529
343.175
345.537
349.836
316.347
-654321
309.173
305.236
301.409
297.582
293.161
289.051
284.981
280.654
277.981
316.454
320.725
325.334
328.483
332.755
335.796
340.074
339.798
346.527
312.909
-654321
304.943
300.772
297.141
293.014
289.232
285.134
281.059
277.612
273.485
313.489
317.281
321.398
324.1
328.75
332.413
335.661
338.972
342.912
309.048
-654321
300.861
297.018
293.268
289.215
285.226
280.87
277.184
273.174
269.193
310.051
313.34
317.537
320.78
324.46
329.009
332.459
336.907
339.908
304.989
-654321
297.251
292.811
289.196
285.141
281.522
277.237
272.726
269.174
265.249
305.089
309.247
313.378
317.169
321.026
323.733
328.697
332.374
335.141
300.538
-654321
293.035
288.988
285.374
280.915
277.241
273.476
269.1
265.628
261.201
282.13
305.637
309.64
313.132
316.32
321.07
323.728
328.959
332.007
297.401
-654321
289.101
284.81
281.399
277.289
272.882
270.167
265.594
261.925
257.34
297.602
301.45
305.617
309.287
313.178
317.701
321.078
325.918
328.215
293.202
-654321
283.867
280.609
277.32
273.66
268.847
265.681
261.404
257.496
252.892
293.313
297.146
301.916
304.801
307.773
312.934
290.354
321.235
324.318
288.81
-654321
281.035
277.733
273.88
269.822
265.686
260.854
257.659
252.461
248.985
289.783
294.185
296.885
282.747
305.65
308.609
313.285
316.551
320.696
284.76
-654321
276.954
274.013
269.828
265.468
262.147
256.429
253.495
248.672
245.192
285.537
288.434
293.671
297.351
301.565
304.43
309.305
313.616
316.958
280.93
-654321
273.24
269.232
265.496
262.84
257.911
252.346
249.628
245.93
242.361
281.739
285.738
276.562
293.749
297.209
301.524
304.648
309.082
313.388
278.075
-654321
268.793
264.702
261.348
257.525
254.845
249.945
245.985
252.31
277.292
281.978
284.985
288.146
293.063
280.214
301.575
305.463
309.039
273.756
-654321
265.701
261.085
257.156
253.689
256.955
244.985
241.851
272.477
277.82
281.789
285.218
289.416
294.045
297.014
300.957
304.958
266.075
-654321
261.887
257.706
252.972
250.12
245.356
241.321
269.561
273.546
277.254
281.158
285.285
288.798
294.198
280.49
301.815
264.257
-654321
257.396
253.738
249.864
245.217
239.874
265.658
269.346
274.112
276.718
281.945
285.668
289.53
292.339
297.295
260.951
-654321
253.265
249.65
245.769
241.144
261.25
264.628
269.44
272.467
277.545
281.471
285.249
289.229
293.094
257.691
-654321
248.224
245.995
241.135
258.783
262.437
264.819
268.342
272.537
277.714
282.282
285.039
288.828
252.949
-654321
245.533
251.78
257.531
257.054
262.045
264.655
268.482
273.194
270.519
281.507
285.659
249.351
-654321
241.068
256.343
258.372
260.828
261.888
265.037
269.554
273.107
276.765
281.11
254.548
-654321
244.725
256.728
257.28
258.082
262.075
265.064
268.469
268.04
277.37
241.183
-654321
