194.633
178.775
192.622
224.338
182.692
-654321
179.007
174.853
170.928
166.948
183.116
182.674
-654321
174.918
170.919
166.962
162.946
182.428
182.792
178.844
-654321
170.838
166.943
162.813
192.9
178.988
188.094
184.698
175.172
-654321
167.008
162.775
158.835
154.845
174.914
195.877
182.147
182.434
170.956
-654321
163.086
158.934
155.14
151.107
170.917
174.971
178.93
192.547
167.197
-654321
192.96
182.775
150.85
147.135
166.95
170.624
174.902
178.919
162.9
-654321
155.096
150.593
146.9
143.012
162.974
166.97
170.939
174.957
158.886
-654321
150.885
147.084
142.946
139.003
159.149
162.699
195.713
170.976
154.712
-654321
147.344
143.193
139.154
135.101
155.062
158.729
163.204
167.038
150.971
-654321
143.014
138.803
135.298
131.08
151.063
154.867
159.349
162.958
146.455
-654321
138.831
134.994
130.87
126.833
146.741
151.062
155.01
159.175
142.965
-654321
135.046
131.305
127.318
123.069
142.796
147.01
151.331
154.754
139.071
-654321
131.607
127.303
122.665
118.738
138.742
142.847
146.99
151.174
135.313
-654321
126.755
122.689
118.817
115.1
134.719
139.64
142.717
146.981
131.202
-654321
122.406
119.128
115.139
111.569
131.312
135.757
139.039
143.016
126.679
-654321
118.773
114.801
110.754
106.962
127.013
130.222
135.038
151.728
123.57
-654321
115.211
111.136
106.734
102.132
122.633
127.089
131.682
134.936
118.821
-654321
110.84
107.035
103.077
99.6176
118.937
122.603
126.891
131.003
126.337
-654321
107.525
102.352
98.3987
95.2507
115.397
118.866
123.005
126.86
111.767
-654321
102.754
99.4316
95.2471
91.5466
111.247
115.379
119.582
122.972
107.585
-654321
98.8734
95.0481
90.3403
86.879
107.327
111.157
142.265
119.307
103.607
-654321
94.2458
130.72
86.406
82.6134
103.581
106.93
109.852
114.724
99.4036
-654321
90.1296
128.119
83.0581
79.236
133.619
137.009
138.426
110.608
94.85
-654321
86.4863
83.5995
79.9228
74.4985
132.445
98.4269
102.325
106.445
91.2602
-654321
126.245
78.4556
75.3024
71.2075
89.7581
132.56
99.447
103.186
128.61
-654321
125.139
122.361
120.765
107.017
86.6877
89.9001
132.299
99.4767
125.832
-654321
75.4667
120.747
66.543
64.0122
83.0257
87.6759
90.9488
94.8087
79.3026
-654321
72.3444
118.194
116.395
114.755
79.2604
82.8627
87.773
130.573
121.847
-654321
118.995
62.9724
113.895
55.7508
123.095
124.996
83.4562
86.9311
120.6
-654321
116.397
115.26
112.609
51.3731
71.0544
74.5668
78.5967
83.1066
118.891
-654321
115.055
53.3338
110.755
107.32
67.0268
70.3416
75.4705
79.5223
116.56
-654321
111.881
109.676
108.134
43.1008
116.202
68.0172
120.426
122.314
59.269
-654321
109.895
46.0338
106.476
105.715
113.687
116.376
119.219
121.189
54.6618
-654321
46.145
107.085
104.697
100.559
112.527
59.2647
116.742
118.652
110.79
-654321
105.166
39.2864
33.9928
100.913
108.939
53.8327
114.877
115.947
108.276
-654321
104.239
102.866
31.0865
107.764
110.441
113.516
113.207
106.68
-654321
101.827
100.653
106.882
106.933
110.514
56.0799
106.932
-654321
100.292
102.991
106.155
107.707
109.39
106.17
-654321
33.6452
103.817
107.092
47.9419
101.066
-654321
199.233
199.84
196.172
190.682
190.712
-654321
200.647
196.407
191.26
185.739
190.741
200.401
-654321
196.628
191.183
185.881
180.011
199.428
190.918
200.023
-654321
191.613
186.11
179.935
173.938
200.652
200.215
190.778
196.753
-654321
185.939
180.013
173.908
167.744
197.043
200.542
199.627
190.912
191.205
-654321
179.684
174.125
168.134
161.797
191.431
195.962
200.152
200.456
185.864
-654321
174.168
168.097
162.111
156.36
185.79
191.232
196.506
200.045
179.682
-654321
167.839
161.83
155.99
150.422
179.851
185.956
191.25
196.599
173.821
-654321
162.153
156.021
149.456
144.011
173.9
180.043
185.85
191.268
168.188
-654321
155.434
150.075
143.578
137.728
167.523
173.888
179.769
185.847
162.08
-654321
149.184
143.126
137.853
131.7
161.695
167.867
173.219
179.835
155.765
-654321
143.135
137.342
132.05
125.245
156.244
161.954
167.674
173.57
149.681
-654321
137.458
131.528
125.268
119.847
150.125
155.648
162.136
167.728
143.355
-654321
131.28
126.299
119.832
113.546
143.512
149.87
155.777
162.01
137.691
-654321
125.823
119.574
112.24
107.777
138.122
144.302
150.281
155.396
131.859
-654321
118.893
113.966
107.906
101.892
131.467
138.055
143.783
150.054
125.528
-654321
113.185
108.551
101.606
94.4702
125.732
131.975
137.197
143.138
119.265
-654321
107.287
101.228
96.4117
90.1658
119.716
125.896
131.32
137.882
128.683
-654321
100.982
96.1712
90.2018
84.0898
113.001
119.749
126.05
132.045
107.288
-654321
93.752
113.933
84.5032
77.6442
108.141
113.701
119.038
125.6
101.71
-654321
89.7992
83.7638
78.8049
72.081
99.9495
124.854
113.273
119.861
95.318
-654321
109.93
104.452
71.3874
65.4244
96.2779
120.532
108.538
113.237
112.954
-654321
78.0596
72.1048
65.2164
60.6057
90.1449
96.6456
102.776
107.573
84.0441
-654321
70.5204
65.3952
58.6248
88.951
84.4348
90.7802
94.9243
101.393
116.313
-654321
65.0735
59.8545
88.7305
85.4902
76.7451
83.1126
87.9945
95.4499
72.2555
-654321
136.153
88.8622
85.8302
80.3026
70.3882
105.496
107.915
89.7612
66.0351
-654321
89.4849
85.3747
131.788
76.5442
140.248
71.1477
77.5663
82.8469
93.9121
-654321
47.981
41.5035
34.7649
28.7576
92.1477
97.0033
101.475
78.3509
89.0913
-654321
81.7224
76.8696
72.5281
24.6365
135.8
103.094
65.3149
72.449
135.135
-654321
77.0214
29.4483
81.0198
64.1429
48.7178
89.1746
93.8315
65.0992
92.5198
-654321
30.8827
124.831
65.6195
121.989
81.6309
84.3891
54.8532
93.5499
36.6611
-654321
79.2794
124.269
61.1165
57.6247
76.9765
81.6853
85.6785
88.4192
73.7971
-654321
67.5969
12.3881
57.2995
115.771
29.6972
77.8031
41.9837
47.9439
25.6082
-654321
123.245
68.7791
0
117.748
68.0114
85.4769
75.5929
42.4082
65.4951
-654321
120.353
63.99
116.474
113.754
76.633
80.6485
71.7483
35.4378
10.2466
-654321
55.5871
117.075
45.8668
49.7599
71.8132
67.075
69.7892
82.3257
117.002
-654321
117.076
114.488
110.231
121.566
61.0967
66.3125
124.522
51.4156
-654321
113.991
52.0766
54.1313
121.258
122.509
17.9977
62.0551
-654321
108.097
60.3022
118.238
55.736
13.2653
113.589
-654321
42.9594
48.0526
116.141
57.1958
37.887
-654321
205.146
216.057
220.262
217.839
190.417
-654321
216.487
217.443
216.807
214.928
192.267
205.443
-654321
218.713
218.24
213.922
210.013
204.949
190.626
213.935
-654321
217.875
215.034
210.053
204.49
215.066
205.87
190.264
219.98
-654321
215.278
209.385
204.515
198.725
219.723
215.252
205.237
190.587
217.914
-654321
209.998
204.273
198.318
192.805
217.876
219.078
215.153
207.567
214.578
-654321
203.628
198.413
191.902
186.959
215.395
217.554
218.601
214.067
208.818
-654321
198.624
192.612
186.774
181.17
209.184
215.23
218.911
219.305
204.1
-654321
192.337
186.905
180.857
174.615
204.257
209.922
214.188
218.241
199.123
-654321
186.158
180.43
174.448
169.339
198.496
204.643
208.924
214.288
192.303
-654321
180.688
175.306
168.119
162.058
192.238
198.659
202.651
209.553
186.183
-654321
173.816
168.539
162.179
156.51
185.801
191.782
198.399
203.892
180.483
-654321
168.624
162.682
156.144
150.35
180.266
185.303
191.777
198.088
174.205
-654321
161.759
156.599
149.796
144.41
174.537
180.504
186.253
192.001
168.047
-654321
155.196
149.588
144.811
138.052
168.575
175.241
179.969
186.423
162.08
-654321
150.217
144.266
138.327
132.309
162.151
167.841
174.102
179.915
156.736
-654321
144.039
138.081
132.364
126.167
157.117
162.448
167.372
174.44
149.7
-654321
137.988
132.515
126.666
120.627
150.972
156.057
162.958
168.722
144.032
-654321
132.752
125.365
120.069
115.848
144.415
150.525
154.907
162.856
138.1
-654321
126.131
118.962
114.599
108.251
139.108
144.313
149.591
156.684
133.182
-654321
120.064
115.248
107.678
101.361
130.964
138.524
144.968
150.071
135.924
-654321
113.896
106.993
101.991
117.189
127.384
130.308
137.965
144.179
119.209
-654321
124.095
103.004
116.321
91.0482
131.866
136.869
133.953
138.253
114.967
-654321
120.062
95.0851
90.8694
83.8017
114.569
119.144
124.711
131.508
107.855
-654321
94.6858
90.7636
107.751
106.174
107.572
113.154
156.864
125.615
133.237
-654321
113.735
82.6285
78.2439
100.161
101.349
107.751
114.236
119.345
94.2179
-654321
83.9064
78.2318
100.724
96.8924
94.695
133.661
109.527
114.793
90.5769
-654321
79.8918
99.9953
67.3955
58.6796
90.0011
148.438
121.283
108.331
147.17
-654321
99.9471
65.6936
94.0109
54.3595
108.819
112.626
96.4629
102.689
77.2072
-654321
96.4062
92.427
52.9884
95.4542
102.712
109.965
111.665
97.0256
100.241
-654321
103.444
54.3598
83.9731
132.37
100.005
79.7546
82.7778
113.853
97.2522
-654321
90.0635
82.7201
95.0841
77.097
65.7496
102.413
103.279
82.8066
91.2727
-654321
50.4969
43.3421
128.249
72.1854
104.011
108.072
98.765
103.293
135.567
-654321
132.09
75.3289
129.433
70.6557
87.4861
135.155
140.002
99.6673
133.293
-654321
88.704
127.331
69.9869
122.225
48.3805
51.4184
93.8101
95.6526
80.3398
-654321
84.1001
69.7323
18.7109
121.391
81.6877
81.4079
89.0753
106.098
73.737
-654321
124.826
122.396
74.6094
132.435
80.1933
45.6635
92.6224
130.853
-654321
77.9534
71.4233
122.774
35.6877
132.746
96.7753
129.061
-654321
120.83
68.0931
70.6274
129.184
127.892
76.57
-654321
123.082
126.663
71.6884
78.8288
119.645
-654321
205.677
216.658
230.051
235.104
190.544
-654321
219.015
228.079
232.763
237.877
192.911
205.8
-654321
228.702
235.146
236.452
234.627
206.631
191.04
217.317
-654321
234.2
236.374
234.651
231.087
218.973
204.308
191.758
229.314
-654321
236.728
235.468
231.203
225.679
229.467
219.411
205.39
191.15
234.339
-654321
232.925
230.532
226.691
220.507
236.71
229.948
220.706
204.731
235.076
-654321
229.692
225.383
220.921
214.847
236.117
234.919
229.306
218.697
235.065
-654321
227.085
220.989
215.191
209.323
234.749
235.699
235.463
229.245
232.099
-654321
220.016
214.956
209.106
202.572
230.903
234.645
236.78
234.184
226.208
-654321
214.702
208.947
203.765
197.192
225.91
230.387
231.781
235.599
220.29
-654321
208.221
203.054
196.935
191.551
220.567
226.698
228.442
233.209
215.074
-654321
203.516
198.174
191.516
185.193
213.512
220.25
224.53
231.073
208.376
-654321
197.43
191.452
185.11
178.575
208.948
215.24
221.123
225.304
203.07
-654321
191.703
185.843
178.385
172.414
202.81
208.286
214.954
217.15
196.573
-654321
185.104
177.938
172.503
166.206
196.993
202.938
209.677
214.233
191.024
-654321
179.215
172.382
167.139
160.538
191.844
196.942
202.843
207.682
184.787
-654321
172.622
167.706
160.905
155.416
185.838
191.025
196.26
202.503
179.375
-654321
166.776
160.736
155.422
148.676
178.227
185.058
191.209
196.999
173.161
-654321
160.171
155.474
148.754
142.819
172.718
178.557
185.056
190.748
165.118
-654321
154.854
149.659
142.964
136.948
164.75
173.671
179.79
185.054
160.096
-654321
148.659
142.561
136.966
130.866
158.963
166.232
173.591
179.204
154.886
-654321
142.276
137.201
131.582
125.726
155.516
160.108
167.295
172.601
151.986
-654321
143.101
129.758
123.969
119.215
149.144
155.72
159.358
166.916
147.052
-654321
140.736
135.513
119.196
113.643
149.474
149.305
155.582
162.01
156.077
-654321
125.04
120.504
128.121
123.167
136.328
142.186
152.875
155.181
131.446
-654321
157.888
111.852
123.351
118.777
139.881
136.91
148.807
149.156
136.081
-654321
113.481
105.417
151.286
115.756
135.445
142.407
144.368
142.8
120.994
-654321
137.05
120.469
92.8787
87.5139
131.512
134.947
139.743
138.482
128.171
-654321
101.577
150.631
110.797
83.6541
112.824
121.342
123.616
130.294
122.047
-654321
149.989
88.4949
106.154
76.0512
107.592
114.648
132.409
133.729
120.219
-654321
107.982
144.676
76.2304
103.72
120.466
153.642
128.048
131.716
116.719
-654321
83.6018
115.737
69.7373
65.0071
115.569
100.175
153.741
128.863
90.3026
-654321
105.532
140.335
96.2426
106.407
113.231
113.457
101.535
107.01
82.0193
-654321
99.7179
139.016
59.0361
53.386
144.435
112.623
115.09
98.6186
101.136
-654321
139.516
137.837
54.0314
134.059
115.842
146.857
87.7858
113.916
99.7779
-654321
103.608
101.668
85.1909
131.896
97.9482
103.286
105.477
90.6351
141.345
-654321
136.512
135.837
91.7146
95.3626
142.62
103.185
119.672
137.351
-654321
84.71
79.2212
58.2324
141.506
142.164
76.6872
52.8679
-654321
133.12
101.413
105.039
97.1651
140.052
133.945
-654321
97.5691
134.471
92.7778
65.3286
77.8774
-654321
204.51
217.466
229.873
249.244
190.475
-654321
217.866
232.719
246.029
252.667
191.666
200.323
-654321
232.799
243.14
254.501
253.166
204.052
191.732
219.143
-654321
247.34
252.956
258.317
254.446
219.794
207.783
191.343
232.811
-654321
250.232
255.709
254.786
253.918
229.558
218.208
205.744
191.626
248.772
-654321
256.342
255.789
252.616
248.142
246.358
230.543
221.095
203.369
254.359
-654321
253.823
253.52
249.293
244.933
253.758
245.595
235.285
219.303
255.599
-654321
255.457
249.609
243.682
239.663
250.537
251.814
240.303
237.827
255.923
-654321
248.545
244.525
240.47
233.154
256.75
254.113
254.361
242.91
253.55
-654321
245.426
239.15
232.624
228.279
251.396
251.972
256.113
253.125
247.782
-654321
238.792
234.384
228.968
222.947
247.766
253.226
252.963
254.315
243.485
-654321
234.084
227.987
223.409
216.59
245.034
247.19
252.991
254.567
239.784
-654321
228.929
222.904
217.307
211.245
237.086
242.795
249.375
252.477
233.084
-654321
223.541
217.412
211.45
204.842
233.311
240.291
245.589
250.811
227.81
-654321
216.646
211.267
205.932
199.256
229.232
234.858
240.628
244.561
223.357
-654321
210.147
205.103
199.121
192.973
222.678
223.594
234.761
239.662
216.829
-654321
205.469
198.331
193.151
187.679
216.955
223.331
228.425
232.534
210.632
-654321
199.674
193.371
186.537
181.076
209.472
216.047
223.208
228.576
205.36
-654321
192.415
186.951
180.049
174.553
204.696
210.6
216.345
222.69
198.52
-654321
177.727
180.438
174.319
169.556
197.868
205.453
210.127
216.938
191.991
-654321
180.883
175.772
169.67
163.624
193.115
198.386
205.914
209.382
186.837
-654321
168.822
168.51
162.812
157.792
186.723
192.421
198.428
204.393
172.096
-654321
168.185
161.917
156.621
150.437
180.853
176.538
191.148
198.757
169.99
-654321
162.086
156.479
166.234
143.792
173.969
174.013
186.498
193.791
167.993
-654321
158.055
153.146
144.482
145.089
170.145
173.779
172.446
186.946
160.202
-654321
154.23
149.329
144.625
132.713
162.161
169.648
174.04
179.82
156.088
-654321
143.061
141.325
132.693
127.373
158.183
160.033
165.056
167.625
151.765
-654321
144.388
141.99
127.667
133.126
168.343
157.173
161.924
168.717
149.824
-654321
140.939
137.402
118.591
128.855
149.023
152.925
156.485
160.749
138.428
-654321
139.144
120.134
115.705
124.153
144.809
148.276
153.086
156.903
154.454
-654321
132.352
127.606
107.063
150.152
141.572
163.776
152.095
149.497
148.141
-654321
113.236
109.885
152.756
95.9467
126.643
133.927
138.893
147.938
133.267
-654321
136.073
151.021
115.516
111.605
118.918
136.462
131
137.707
126.339
-654321
104.597
115.608
116.235
144.881
114.217
134.048
135.079
141.316
111.499
-654321
118.535
147.016
123.538
103.468
136.553
112.803
136.809
135.914
153.567
-654321
148.87
110.013
80.7937
101.551
103.699
110.52
127.436
121.86
131.748
-654321
121.309
145.331
141.613
150.51
119.822
152.158
130.605
112.08
-654321
103.94
101.394
114.536
97.6185
148.943
154.708
82.4598
-654321
100.763
84.2228
150.026
149.708
151.021
149.281
-654321
144.757
147.109
110.917
98.6888
100.882
-654321
203.93
220.303
230.263
252.794
191.718
-654321
216.636
235.415
243.474
260.949
191.001
207.092
-654321
233.551
244.072
261.142
265.099
203.093
192.473
223.266
-654321
239.23
265.643
260.067
272.435
221.758
205.864
190.45
234.445
-654321
255.653
265.517
268.121
272.658
230.278
221.974
205.364
192.001
252.531
-654321
265.478
265.833
270.246
273.372
247.583
231.738
221.148
205.663
255.918
-654321
269.52
270.376
272.237
265.941
256.902
247.106
235.609
221.428
267.725
-654321
275.078
271.793
269.191
267.194
260.345
259.08
246.275
232.91
272.101
-654321
268.959
269.046
266.997
259.956
268.359
269.788
256.481
246.109
273.674
-654321
267.01
265.311
259.99
256.513
272.32
271.542
270.605
260.827
271.373
-654321
267.195
260.555
256.708
251.046
271.577
271.134
271.527
262.832
268.88
-654321
261.229
254.264
251.266
243.582
269.332
273.978
273.556
273.188
267.154
-654321
254.214
251.721
243.946
239.246
265.465
267.118
269.235
275.11
258.563
-654321
250.54
244.955
239.887
234.308
258.43
266.319
267.776
273.824
256.451
-654321
246.025
239.535
234.046
228.949
257.226
262.545
263.477
266.51
250.963
-654321
238.699
234.02
227.862
222.349
251.374
257.113
258.61
265.464
245.901
-654321
234.054
227.584
220.607
216.175
244.808
250.798
255.148
261.458
238.799
-654321
227.69
222.195
216.135
210.607
236.269
245.242
251.218
256.602
233.922
-654321
222.483
216.001
209.321
204.177
231.982
240.371
245.314
251.259
227.248
-654321
215.214
210.697
205.248
198.824
227.752
232.212
213.052
245.046
222.119
-654321
209.807
187.992
197.494
191.568
222.31
219.742
233.872
239.184
216.717
-654321
203.834
196.968
192.113
185.46
216.375
222.751
226.772
233.466
209.612
-654321
197.491
191.346
186.612
179.852
191.283
215.102
220.209
227.346
203.981
-654321
180.403
186.43
179.729
174.559
203.707
208.931
216.878
221.775
199.404
-654321
185.897
179.029
173.69
164.238
198.958
188.281
210.708
215.796
182.349
-654321
180.036
168.321
166.441
160.725
180.294
197.837
202.779
208.78
185.765
-654321
166.671
166.013
162.267
156.874
187.601
179.912
183.779
187.116
181.248
-654321
164.159
160.331
155.252
148.767
171.83
185.41
180.204
197.019
167.623
-654321
161.39
156.693
150.762
163.288
174.657
171.615
184.869
179.209
167.752
-654321
156.218
154.664
150.058
143.603
164.603
167.465
180.401
184.796
161.678
-654321
150.868
166.679
138.147
131.745
171.723
167.893
172.853
180.011
168.54
-654321
166.332
144.209
140.222
128.123
156.88
161.953
163.911
168.154
151.888
-654321
164.041
139.753
139.079
157.635
168.652
169.695
162.748
165.363
164.992
-654321
152.875
135.765
133.109
114.536
143.374
154.708
168.768
161.121
144.322
-654321
126.134
157.108
155.458
108.991
158.061
149.809
153.625
158.149
140.985
-654321
133.913
130.824
124.209
119.37
141.451
144.832
143.944
150.407
135.367
-654321
112.449
127.303
151.465
124.625
162.506
148.921
160.243
133.316
-654321
137.228
152.611
131.6
135.547
162.153
157.497
127.887
-654321
152.39
117.999
137.377
124.789
140.415
135.149
-654321
153.463
111.753
158.852
158.301
121.462
-654321
204.489
223.335
235.367
243.572
191.532
-654321
222.864
233.857
242.618
260.462
191.114
210.095
-654321
233.197
252.277
271.977
271.606
205.014
191.86
220.85
-654321
253.649
260.66
282.877
285.007
218.962
203.56
189.955
230.34
-654321
267.991
276.038
280.502
287.682
232.543
221.661
205.915
191.14
249.22
-654321
264.306
284.18
289.334
288.253
251.028
235.968
223.889
205.889
259.328
-654321
285.344
283.335
283.372
288.579
255.627
246.06
234.369
218.731
268.055
-654321
281.248
287.97
292.509
287.646
278.005
264.114
248.366
230.973
283.365
-654321
289.17
290.803
289.288
285.675
283.818
276.081
261.669
248.382
284.446
-654321
289.054
288.04
285.928
282.04
285.267
277.585
272.9
260.505
288.028
-654321
287.915
285.212
281.204
276.981
290.203
289.17
276.923
277.639
289.162
-654321
282.4
279.999
277.426
271.542
286.825
288.526
287.482
285.158
287.606
-654321
281.427
275.358
272.989
266.875
287.049
290.575
288.455
289.119
285.161
-654321
278.195
271.796
267.182
261.626
285.298
285.658
287.316
290.792
278.985
-654321
271.476
267.898
262.035
254.562
282.236
287.225
285.401
290.721
279.944
-654321
268.074
261.837
256.033
250.627
269.979
278.848
286.655
286.809
272.279
-654321
262.216
257.25
249.563
245.18
269.275
280.704
280.491
284.076
263.574
-654321
257.277
249.662
244.888
238.098
266.623
270.99
270.48
278.525
262.508
-654321
250.817
244.004
238.51
231.253
261.253
267.529
271.762
278.762
255.038
-654321
244.48
236.828
232.383
225.991
256.502
261.913
267.282
273.749
251.036
-654321
237.624
232.56
227.038
221.636
250.706
255.902
260.891
265.013
215.934
-654321
231.57
227.675
221.108
215.819
215.679
249.815
256.908
261.714
212.805
-654321
226.118
220.554
196.271
209.87
234.41
244.897
251.213
255.659
233.294
-654321
199.568
214.304
191.317
203.287
208.817
211.791
241.851
250.64
227.289
-654321
214.718
209.719
203.172
196.704
227.564
233.142
212.437
244.55
221.055
-654321
209.797
203.593
197.323
191.56
219.573
205.078
207.457
238.787
215.699
-654321
202.802
184.655
181.567
184.522
196.658
199.693
225.978
231.653
209.394
-654321
184.703
190.097
175.515
172.394
208.206
214.33
220.573
225.552
201.717
-654321
192.938
176.928
180.265
166.65
205.156
205.974
215.946
220.923
195.178
-654321
187.403
179.007
166.815
164.878
183.855
203.845
191.816
215.232
192.006
-654321
179.236
181.153
167.144
161.054
192.318
198.405
203.067
192.702
186.353
-654321
172.825
162.177
163.642
155.055
177.147
183.536
185.362
203.518
170.358
-654321
164.461
161.12
153.568
151.31
177.969
183.282
179.616
184.689
167.121
-654321
160.463
171.176
148.417
148.029
172.617
169.853
185.864
179.589
166.805
-654321
169.785
146.96
161.677
163.133
173.879
174.966
172.033
186.034
162.738
-654321
167.387
144.068
165.041
155.412
158.491
166.191
168.834
172.22
158.515
-654321
148.299
154.878
162.161
157.549
170.831
163.4
166.648
151.374
-654321
162.831
162.399
150.24
171.057
161.653
164.79
160.258
-654321
139.79
164.526
167.394
155.468
158.782
143.074
-654321
155.605
165.307
154.463
169.5
141.09
-654321
208.041
219.678
237.869
250.665
191.789
-654321
222.548
228.62
257.79
257.693
189.345
205.305
-654321
242.784
256.964
265.064
272.45
202.594
192.171
219.859
-654321
254.897
257.197
285.936
289.42
220.859
206.224
190.662
236.049
-654321
254.279
270.553
282.558
295.5
235.695
219.478
206.596
191.348
236.531
-654321
280.129
284.855
296.075
299.026
250.826
233.783
223.977
204.538
267.642
-654321
291.177
295.332
307.081
306.764
263.97
243.5
232.233
218.959
278.734
-654321
305.029
304.961
300.983
309.568
275.627
265.904
256.246
234.919
288.173
-654321
307.485
302.122
309.637
303.91
282.696
276.91
258.106
248.389
297.745
-654321
303.985
306.726
308.712
304.44
298.598
286.336
273.581
263.981
298.226
-654321
309.937
308.624
308.742
305.487
301.524
295.22
287.129
283.803
308.21
-654321
306.187
301.198
302.674
301.288
299.468
302.864
296.443
289.305
307.606
-654321
304.637
300.611
302.199
292.636
310.965
302.475
305.862
296.964
306.372
-654321
298.726
300.7
292.088
289.862
303.997
304.059
304.953
306.431
305.835
-654321
300.09
295.372
287.07
284.904
309.545
309.042
302.473
309.181
305.847
-654321
296.015
293.491
286.59
278.757
306.173
303.01
302.499
303.959
299.419
-654321
289.179
281.528
278.408
275.525
300.55
298.818
306.401
302.86
296.536
-654321
287.57
276.316
274.334
271.17
296.872
300.782
305.83
300.037
290.739
-654321
281.557
274.923
270.125
262.064
289.931
298.378
298.611
297.266
285.071
-654321
276.357
268.469
263.905
258.844
286.945
292.714
297.009
299.767
278.034
-654321
269.422
264.753
258.681
252.638
279.995
288.305
293.071
292.505
274.741
-654321
265.022
259.283
252.666
246.377
274.763
282.406
283.642
291.885
269.855
-654321
258.823
251.838
247.347
212.974
233.27
276.498
281.725
283.443
262.635
-654321
251.048
217.279
241.352
234.589
264.551
270.759
273.626
277.077
257.113
-654321
245.513
212.811
209.746
228.403
258.75
263.457
269.263
276.298
253.794
-654321
237.285
234.751
228.587
223.37
220.694
225.851
264.749
270.032
247.257
-654321
233.858
229.707
201.327
197.515
245.069
252.018
258.759
264.239
239.076
-654321
227.848
222.345
197.895
209.24
241.244
215.626
253.18
258.37
233.37
-654321
222.576
216.333
211.252
203.835
234.016
213.932
245.611
253.067
207.185
-654321
217.514
211.781
189.769
199.22
229.264
208.039
213.328
216.646
201.072
-654321
193.149
189.431
197.062
194.461
221.775
229.475
209.259
239.394
215.533
-654321
190.79
183.086
180.434
175.419
217.6
222.929
194.503
208.495
212.601
-654321
182.105
192.717
179.815
178.565
210.217
217.576
200.889
204.463
186.61
-654321
192.232
178.059
172.553
167.813
208.57
191.813
198.46
201.341
198.545
-654321
177.047
173.202
168.289
166.154
184.26
185.859
210.787
215.399
193.221
-654321
172.654
171.324
167.341
172.366
181.096
195.947
188.592
194.107
180.756
-654321
176.276
165.321
160.422
180.103
180.73
186.143
187.368
174.478
-654321
164.384
170.619
178.67
181.176
182.22
181.919
165.919
-654321
168.883
182.843
173.284
176.585
180.246
173.35
-654321
173.51
167.344
175.486
178.63
165.687
-654321
207.459
223.117
237.402
249.906
193.559
-654321
225.534
235.557
242.11
266.22
194.753
198.551
-654321
233.087
248.793
262.886
275.374
206.266
188.951
218.192
-654321
250.313
252.957
280.864
288.63
221.105
203.283
191.993
233.756
-654321
260.928
261.024
297.742
308.48
235.007
216.937
206.443
194.191
251.526
-654321
266.205
286.389
316.172
310.448
255.57
231.832
220.216
207.727
273.567
-654321
290.618
309.822
313.911
314.966
252.483
246.066
235.448
222.508
277.396
-654321
308.32
319.096
301.08
317.835
273.029
263.1
246.597
231.234
293.968
-654321
318.04
313.127
320.384
328.494
291.325
275.743
262.226
245.671
308.618
-654321
323.106
314.56
323.406
321.374
316.368
273.146
274.105
262.626
311.22
-654321
319.585
324.191
325.466
326.704
307.616
306.021
300.944
281.735
319.171
-654321
328.063
326.931
326.061
324.855
320.936
313.607
302.35
282.028
321.185
-654321
322.89
325.322
325.451
320.136
317.527
313.03
310.491
303.012
325.915
-654321
323.541
319.843
321.286
314.665
325.707
327.038
317.177
315.522
318.17
-654321
321.507
318.75
315.264
311.717
320.275
319.242
318.738
319.738
322.704
-654321
317.209
316.144
308.968
308.041
324.626
327.132
324.883
322.819
322.489
-654321
319.746
311.845
305.094
304.313
322.414
324.018
323.649
321.799
320.128
-654321
310.117
306.808
302.451
296.464
311.55
315.406
326.377
322.323
319.418
-654321
309.413
303.437
294.019
293.438
312.235
318.323
317.957
320.091
307.644
-654321
304.607
297.956
293.346
285.159
313.473
315.141
321.227
322.453
308.73
-654321
298.11
290.162
287.678
278.358
307.453
316.532
317.576
315.759
303.992
-654321
291.904
287.766
281.422
275.745
301.115
305.574
302.801
311.864
297.26
-654321
286.171
281.764
276.412
269.325
298.006
303.682
309.544
311.224
290.439
-654321
281.678
236.522
268.952
264.139
291.284
295.929
301.613
305.766
284.404
-654321
276.362
269.258
263.446
258.011
286.875
247.65
298.898
304.7
281
-654321
269.192
265.189
257.592
252.712
277.003
287.644
292.592
292.867
275.73
-654321
263.074
224.718
251.796
246
275.843
281.001
287.485
292.398
232.99
-654321
258.437
220.797
217.092
239.838
269.007
275.609
281.003
272.822
263.878
-654321
220.494
246.494
240.105
234.843
228.615
268.728
276.378
281.637
253.487
-654321
217.885
238.977
208.983
228.671
226.247
238.617
269.599
275.067
251.998
-654321
213.193
208.993
227.682
200.537
220.523
224.138
227.297
270.248
217.307
-654321
232.765
228.852
211.811
214.885
201.577
202.486
259.821
227.871
212.907
-654321
205.299
192.301
215.693
192.406
198.108
216.541
202.917
257.591
207.95
-654321
222.482
210.255
210.729
185.403
207.448
213.951
245.762
221.341
205.819
-654321
197.734
194.371
185.207
197.731
193.321
207.468
214.064
244.682
201.486
-654321
190.27
187.846
182.743
195.102
200.936
227.272
209.512
215.285
217.649
-654321
193.637
186.477
182.11
199.039
212.787
193.869
196.038
187.754
-654321
185.657
177.479
194.528
197.602
200.495
202.803
201.153
-654321
179.876
188.17
210.426
197.857
192.113
183.624
-654321
183.211
188.005
193.84
196.332
183.061
-654321
194.995
206.9
219.617
227.798
185.147
-654321
215.774
222.408
226.089
234.128
186.754
194.298
-654321
214.283
218.724
225.818
244.787
195.276
188.471
208.003
-654321
221.599
231.672
246.33
252.172
207.125
192.724
186.986
222.503
-654321
233.395
241.219
269.625
265.588
215.615
203.904
194.985
186.085
220.472
-654321
238.583
251.438
268.703
267.767
224.872
217.749
206.463
197.372
229.514
-654321
254.683
267.379
275.634
305.492
236.555
231.619
216.927
204.115
230.027
-654321
270.329
267.482
271.035
277.543
242.867
230.964
223.376
215.286
251.591
-654321
279.521
274.942
278.155
284.984
252.236
243.245
235.482
221.333
255.205
-654321
278.223
279.446
284.659
287.527
262.308
254.595
239.27
232.587
277.964
-654321
281.164
279.747
282.391
282.947
269.731
252.694
255.933
239.935
283.334
-654321
281.268
288.308
282.637
285.688
278.776
269.773
265.211
250.593
274.779
-654321
284.829
286.81
284.474
281.233
285.046
274.022
262.607
260.513
278.46
-654321
285.105
284.402
298.396
279.758
281.676
276.901
275.707
271.49
285.257
-654321
283.863
283.467
280.585
280.018
278.99
282.911
284.999
270.016
284.524
-654321
282.265
282.016
281.016
276.329
285.47
281.24
280.78
280.422
284.22
-654321
282.674
279.488
278.709
274.901
284.061
286.389
309.27
284.079
283.085
-654321
277.808
277.057
275.051
272.466
283.048
283.377
280.425
285.491
283.659
-654321
277.003
275.37
270.458
270.3
281.672
281.954
299.534
282.714
281.722
-654321
274.145
272.477
268.395
264.815
278.652
282.321
280.325
285.241
279.044
-654321
266.159
269.395
263.696
261.54
275.552
282.549
282.684
284.711
275.643
-654321
266.918
265.564
259.705
257.793
276.572
273.287
278.593
277.692
271.173
-654321
265.006
258.435
258.382
254.469
270.57
267.568
275.31
279.224
268.721
-654321
262.349
257.369
253.764
250.713
268.83
273.226
275.792
280.137
265.27
-654321
257.83
254.157
249.845
246.482
262.932
269.115
266.983
274.742
260.391
-654321
253.929
250.009
247.195
242.24
261.246
265.347
268.072
271.233
258.467
-654321
250.231
247.752
242.373
239.104
258.507
261.207
265.667
267.861
253.224
-654321
246.884
242.996
238.396
234.746
251.13
257.523
261.594
262.149
249.073
-654321
242.821
239.354
234.749
231.39
251.791
254.507
253.712
260.918
246.918
-654321
238.882
234.954
208.326
226.609
246.488
248.665
255.903
257.818
243.463
-654321
235.239
230.961
205.919
223.15
242.135
246.845
218.148
254.205
238.421
-654321
208.039
226.964
222.122
220.292
238.286
234.438
245.506
249.618
233.426
-654321
227.123
223.935
218.473
216.784
235.724
211.975
213.947
246.792
230.322
-654321
222.756
202.587
214.881
210
231.54
235.882
238.456
243.113
226.246
-654321
203.305
199.301
197.585
207.659
204.166
232.415
235.051
211.838
203.047
-654321
214.827
198.471
196.186
204.014
223.631
206.763
231.201
235.59
220.634
-654321
211.066
195.467
203.474
202.075
204.357
227.692
231.647
215.827
-654321
195.683
203.624
213.77
203.494
221.037
227.14
198.027
-654321
203.595
198.774
199.241
202.574
203.923
206.991
-654321
196.783
210.721
201.354
201.045
192.1
-654321
