81.0392
77.2925
108.788
95.9922
81.1051
-654321
77.4587
73.3807
69.5452
65.6132
81.5501
81.1743
-654321
103.193
69.468
65.6189
97.5811
80.6519
80.8513
77.1479
-654321
69.0475
65.2169
61.5829
57.3569
77.3889
87.2116
81.2412
73.595
-654321
65.3977
61.3729
57.5066
53.1451
73.1819
77.1216
80.6634
81.0663
69.3773
-654321
61.6705
57.5801
53.6626
49.6464
69.2581
73.4442
77.3103
81.1626
65.7739
-654321
57.7397
53.6083
49.3156
45.9162
65.6884
69.2224
73.3339
86.4493
61.3589
-654321
53.4521
49.3124
45.5484
41.7004
61.4809
65.6045
69.3931
73.5872
57.5918
-654321
49.6296
45.6511
41.5193
37.7611
57.6033
61.4731
65.7379
69.61
53.5273
-654321
45.8513
41.5753
37.6899
33.4452
53.6284
57.3916
61.822
65.5805
49.7381
-654321
41.2482
37.6005
33.7329
29.6009
49.5492
53.5122
57.6559
61.522
45.4885
-654321
37.7554
33.5521
29.4154
25.6048
44.9482
49.5316
53.4771
57.6537
41.5947
-654321
33.3678
29.4769
25.9579
21.8756
41.4928
45.8067
49.5119
53.4826
37.4587
-654321
29.4622
25.7003
22.309
17.5802
37.7048
55.1567
45.6917
49.7073
33.512
-654321
25.7657
21.2061
42.7855
13.5733
34.1226
37.5849
42.0756
45.3365
29.7485
-654321
21.4758
17.3451
13.3003
9.89112
30.456
50.8885
37.8684
41.6767
25.7143
-654321
43.0665
13.7176
9.32734
25.9273
30.5145
34.014
38.0035
22.0321
-654321
13.5487
9.29826
21.4245
25.3751
30.653
33.9369
18.4627
-654321
9.54321
17.5522
20.961
25.3946
29.4399
40.8878
-654321
12.9894
17.5115
22.0752
25.6195
9.02686
-654321
97.9774
98.4877
94.8104
89.3354
89.294
-654321
98.6828
95.2702
89.2752
84.5828
89.2195
98.4353
-654321
94.9681
90.1728
84.2646
78.1881
98.1936
89.7881
98.4007
-654321
90.1383
84.1636
78.4344
72.6586
99.2047
99.4035
88.9401
94.6678
-654321
84.3973
78.7306
72.6006
66.5052
95.4137
98.4956
98.4969
90.2279
90.2981
-654321
78.2362
72.4272
66.5559
60.3654
89.8099
94.2037
98.848
97.3698
83.821
-654321
72.3509
66.3377
60.7034
54.006
84.0663
89.7216
95.393
99.4553
78.5339
-654321
66.6172
60.7054
54.3336
49.0565
77.9375
84.3473
90.5045
95.1689
72.5441
-654321
60.413
54.6917
48.1918
42.353
72.1461
78.7467
84.4331
90.1008
66.8737
-654321
54.8835
48.4955
41.5019
36.3509
66.2735
72.082
78.7303
84.1349
59.5849
-654321
47.5386
42.9867
36.3608
30.365
59.8923
66.2908
72.1007
78.5091
54.4664
-654321
41.9765
35.5106
30.9006
23.8696
54.1931
60.5927
66.495
72.2708
48.0974
-654321
35.8849
30.246
24.1887
18.7535
49.6594
54.3454
60.1416
66.7182
42.4153
-654321
29.6742
24.4057
18.0221
27.9675
42.588
48.8008
55.0996
59.6793
35.9458
-654321
23.7746
17.8621
13.0445
7.00539
36.8612
42.4624
48.9609
54.9523
30.0748
-654321
42.4941
12.7962
6.61002
0.545006
29.948
35.8604
41.3096
48.3508
24.9929
-654321
27.4228
5.66516
0.7987
23.2708
39.2921
38.0671
41.9562
31.172
-654321
6.96287
31.6065
19.2765
24.2782
50.8703
36.2701
12.6073
-654321
0.0623684
12.7646
17.644
25.3272
29.9973
5.74917
-654321
6.94477
12.8976
16.4426
23.9755
0
-654321
103.809
113.199
118.399
117.29
89.0625
-654321
114.979
116.643
114.804
113.209
89.685
104.147
-654321
118.287
117.115
113.272
107.451
104.584
89.2182
112.9
-654321
116.528
113.621
108.655
103.196
113.605
104.748
89.5864
118.244
-654321
112.492
108.317
103.396
97.1375
117.766
114.217
101.769
89.6253
118.694
-654321
107.918
102.867
97.3202
92.0682
116.541
116.516
114.587
102.983
113.839
-654321
102.112
97.0038
90.3397
85.1966
114.443
117.216
118.625
113.186
107.26
-654321
96.4895
91.6338
85.0398
78.7812
107.084
113.233
117.271
119.05
102.939
-654321
91.01
84.7097
79.1454
72.6696
102.471
107.335
112.659
117.458
97.2155
-654321
84.8452
79.5503
72.8332
66.9539
95.6659
102.299
108.371
112.623
91.058
-654321
79.4315
73.5249
66.6069
60.5394
90.2574
95.8441
100.741
108.818
85.1009
-654321
71.9803
66.6048
61.1418
54.9051
84.1211
91.2468
96.8352
102.116
78.4259
-654321
66.7885
61.4331
54.917
47.9424
79.092
84.126
90.1558
96.0358
72.5814
-654321
60.0339
54.7693
48.8547
42.624
72.8431
70.1632
86.1703
90.7941
66.9031
-654321
55.2403
50.1342
43.5221
36.4318
67.4364
73.7534
78.7429
84.7772
60.8193
-654321
48.6508
43.5589
37.7452
31.2644
61.3724
67.0887
72.2689
78.8798
54.4023
-654321
43.0666
36.0307
30.5083
55.6334
60.5214
67.9867
72.9821
51.6909
-654321
36.2163
30.3231
51.1522
54.0354
59.8078
66.2804
42.7537
-654321
39.3253
42.1627
49.0084
53.9864
60.2194
36.9243
-654321
37.5452
43.5928
48.717
54.6317
30.2506
-654321
102.772
114.83
127.605
134.997
89.6651
-654321
116.875
127.871
134.41
135.719
90.0297
101.818
-654321
126.326
134.625
132.977
133.109
102.65
90.0499
115.516
-654321
135.76
134.67
132.441
130.69
119.195
104.157
90.3753
128.371
-654321
135.843
134.14
127.763
124.92
127.911
114.737
104.561
89.6087
134.918
-654321
132.899
128.72
125.151
118.732
134.158
127.636
120.05
103.318
133.202
-654321
127.669
123.358
119.31
113.869
135.051
136.781
127.027
118.601
132.78
-654321
124.574
119.455
113.557
107.058
132.004
134.94
134.772
125.732
127.332
-654321
119.466
111.936
108.1
100.365
128.696
133.878
133.555
130.889
124.389
-654321
113.623
108.514
102.346
95.2802
125.786
128.213
133.441
132.785
119.288
-654321
107.2
101.73
95.8468
89.6441
118.306
125.088
127.099
131.145
112.598
-654321
100.999
95.062
89.9756
83.9025
112.235
119.324
123.253
129.547
108.116
-654321
95.6825
90.4033
83.7571
78.037
107.49
113.36
118.737
122.43
102.251
-654321
78.7899
84.4555
77.8273
70.6637
101.576
106.958
112.332
116.995
94.591
-654321
84.113
77.6526
70.045
64.9438
83.1478
102.306
108.195
112.717
87.923
-654321
77.838
71.59
61.9902
59.6825
79.0093
95.6307
100.882
106.84
84.6087
-654321
71.1184
64.6101
59.0744
84.551
89.1361
94.6534
101.38
78.6985
-654321
66.0236
60.2038
77.4077
84.151
89.1054
95.3892
69.7921
-654321
58.4833
70.5482
77.5401
84.5589
88.9569
66.7837
-654321
65.496
72.0154
76.3792
84.0792
61.1534
-654321
104.799
116.228
135.239
146.248
89.5626
-654321
119.552
132.224
143.885
151.5
90.0553
102.283
-654321
123.259
143.028
151.483
153.285
102.936
90.24
114.945
-654321
142.892
144.469
153.211
154.155
118.223
104.465
90.4509
128.519
-654321
153.018
153.812
152.488
150.994
130.401
123.704
104.427
89.1154
146.266
-654321
155.181
153.93
149.755
146.862
138.185
128.583
116.931
103.409
152.969
-654321
150.233
151.193
147.97
143.858
150.657
142.784
132.243
119.466
154.512
-654321
151.675
150.028
142.507
139.303
151.921
152.374
145.193
133.318
151.316
-654321
145.616
140.107
137.124
129.822
152.094
153.622
150.192
147.692
152.27
-654321
143.716
136.113
133.787
127.644
145.051
147.984
152.521
148.55
148.748
-654321
138.607
132.405
127.51
122.303
146.13
151.142
153.673
151.445
141.095
-654321
131.214
127.103
122.534
114.958
141.28
149.77
149.205
151.6
138.226
-654321
126.892
121.638
115.345
109.46
138.458
144.448
148.37
149.883
133.248
-654321
121.439
116.285
110.738
103.558
129.171
139.549
144.764
141.203
124.378
-654321
115.05
108.388
102.508
98.1246
126.474
133.198
138.813
142.989
121.723
-654321
109.683
103.007
98.1427
91.049
122.191
123.571
133.766
137.364
115.161
-654321
102.808
98.894
91.7065
114.071
122.43
127.175
132.205
109.697
-654321
98.8392
78.9231
109.956
115.083
121.658
126.728
102.828
-654321
92.6275
103.785
109.255
115.498
120.895
97.4362
-654321
82.5186
103.82
110.04
115.666
90.0713
-654321
107.576
117.194
124.315
151.455
88.3129
-654321
115.067
129.96
152.588
155.892
90.1601
105.515
-654321
130.919
143.273
153.29
158.672
99.4101
91.5032
122.74
-654321
147.919
154.526
157.176
169.241
119.017
105.581
89.6187
138.51
-654321
161.51
174.055
164.518
173.342
130.87
117.35
103.499
93.146
138.905
-654321
168.003
162.615
171.203
170.209
146.239
134.97
115.699
103.779
150.487
-654321
168.757
172.374
173.017
165.628
151.16
146.748
124.066
120.631
164.228
-654321
168.718
168.55
169.847
166.346
161.612
155.573
144.985
133.996
170.133
-654321
168.933
166.295
164.008
159.132
168.698
168.994
157.034
146.728
171.365
-654321
166.471
164.428
156.564
155.2
169.834
169.17
160.009
161.333
172.586
-654321
163.989
155.749
156.7
150.851
172.241
173.008
167.759
164.131
168.07
-654321
159.101
155.406
150.476
145.065
171.74
172.09
168.22
166.207
163.417
-654321
153.907
147.352
141.937
138.277
166.182
170.069
163.225
172.226
158.47
-654321
148.856
144.785
137.086
133.864
160.796
166.403
167.091
169.114
154.232
-654321
141.093
138.225
132.849
126.847
156.158
159.328
160.879
166.542
149.571
-654321
137.804
134.099
127.197
122.738
150.665
156.844
158.733
161.824
144.742
-654321
131.205
125.762
121.06
144.181
150.07
153.557
160.594
139.983
-654321
125.279
120.813
138.274
142.583
147.342
151.551
132.558
-654321
120.374
133.52
138.807
144.441
147.053
124.93
-654321
126.571
132.947
136.306
143.18
121.384
-654321
103.968
117.039
139.879
144.362
88.879
-654321
122.019
133.365
148.671
155.805
90.2987
103.676
-654321
129.362
153.108
155.934
177.57
101.927
90.8588
118.865
-654321
138.953
153.706
177.615
173.657
117.058
105.108
89.0773
119.987
-654321
160.79
170.341
180.539
184.985
140.649
118.769
104.868
90.8674
144.162
-654321
167.128
185.043
183.984
184.294
150.815
131.774
118.135
102.115
156.334
-654321
184.303
187.138
189.469
190.345
162.684
149.591
132.852
117.017
181.266
-654321
188.168
186.081
181.557
182.348
169.785
153.706
147.091
132.302
178.331
-654321
184.445
188.791
187.928
181.118
182.146
173.601
158.011
150.752
184.647
-654321
188.141
188.853
181.863
180.444
177.944
187.243
170.7
158.176
189.695
-654321
188.564
182.251
181.99
175.059
186.37
181.508
175.213
170.483
185.671
-654321
182.996
180.423
176.627
169.85
190.709
184.173
184.099
180.153
185.901
-654321
179.906
176.804
170.666
166.473
183.067
189.919
186.948
189.509
182.578
-654321
173.86
167.868
166.932
160.19
179.44
187.368
183.031
189.067
180.026
-654321
170.144
163.65
159.476
152.867
175
184.285
183.458
183.995
177.025
-654321
163.141
160.808
154.94
149.256
172.629
184.127
184.243
186.233
173.331
-654321
158.394
154.439
149.404
170.003
175.439
182.433
181.333
167.003
-654321
153.247
148.971
166.594
165.957
177.15
177.504
157.865
-654321
150.774
154.816
166.03
172.018
176.753
153.71
-654321
154.692
160.43
164.028
172.007
148.335
-654321
104.82
118.076
114.922
144.688
89.3039
-654321
117.149
141.195
153.289
150.4
89.4593
99.4789
-654321
142.294
133.635
156.829
175.794
93.4025
91.0312
119.17
-654321
164.007
168.629
178.089
179.948
119.243
102.804
90.264
123.738
-654321
162.002
164.122
186.72
196.261
126.205
120.971
103.357
90.5168
142.851
-654321
183.004
184.232
195.944
196.137
145.739
133.456
117.583
104.204
161.293
-654321
197.395
192.005
194.664
209.65
149.592
138.055
127.908
123.173
194.564
-654321
191.746
196.655
209.487
204.506
170.497
168.291
143.3
131.184
187.913
-654321
202.906
204.67
204.108
203.22
185.79
181.165
154.985
149.087
190.904
-654321
199.229
201.206
204.689
205.951
191.772
188.94
177.915
157.032
201.028
-654321
212.497
207.376
209.418
202.939
198.153
195.443
189.606
169.417
209.049
-654321
202.911
204.421
199.933
197.232
199.556
202.476
207.097
183.964
205.509
-654321
201.388
200.71
200.713
194.72
208.224
201.037
201.459
205.439
207.398
-654321
196.767
201.607
192.266
190.729
206.773
194.748
209.691
207.762
200.819
-654321
194.488
195.812
192.383
183.245
207.511
205.486
200.873
209.276
203.903
-654321
196.656
183.69
183.195
179.814
195.111
202.387
202.281
211.039
201.59
-654321
189.927
173.95
180.336
194.152
199.639
208.315
202.558
196.185
-654321
182.48
179.499
196.182
195.878
203.756
209.022
191.218
-654321
180.244
192.452
192.679
195.321
199.049
186.311
-654321
183.38
188.302
189.395
197.206
179.819
-654321
96.3526
127.791
144.265
141.939
89.3995
-654321
112.1
128.313
146.062
165.204
91.2941
99.6445
-654321
132.914
160.677
143.074
171.914
102.155
90.6128
123.207
-654321
122.335
128.812
179.536
172.6
116.763
99.5513
92.7887
119.181
-654321
134.581
159.731
196.276
193.338
130.402
116.647
103.556
89.9818
154.795
-654321
172.941
185.665
202.935
210.209
146.782
131.058
119.013
101.073
161.232
-654321
206.275
190.433
215.804
214.829
178.485
138.65
126.641
113.226
171.879
-654321
197.946
195.268
206.072
215.94
167.512
174.677
141.156
128.639
203.168
-654321
213.091
201.642
224.505
221.499
200.009
171.933
157.475
139.756
199.707
-654321
220.147
221.666
225.275
215.257
207.867
190.089
190.198
168.312
206.2
-654321
223.009
224.029
224.78
224.835
207.802
204.288
179.475
178.568
205.624
-654321
226.053
224.885
217.099
222.017
219.156
208.9
211.037
181.75
225.693
-654321
220.089
220.909
224.623
215.41
224.551
218.302
205.378
203.623
220.584
-654321
220.54
225.176
220.224
213.125
217.746
221.65
214.409
205.518
226.502
-654321
221.535
219.053
215.699
210.881
224.324
222.795
212.826
216.23
224.793
-654321
224.269
220.788
207.017
205.032
221.962
223.668
221.978
210.503
219.365
-654321
215.719
206.636
206.135
216.76
222.525
227.481
227.467
216.442
-654321
209.565
207.647
218.166
219.314
225.017
226.208
214.583
-654321
207.507
211.823
215.823
219.04
227.814
206.675
-654321
214.954
215.831
224.459
216.15
205.265
-654321
85.4607
106.752
122.374
121.923
80.5898
-654321
109.362
111.74
123.173
137.502
84.7436
93.675
-654321
110.333
116.427
105.117
140.864
94.4277
85.384
107.267
-654321
128.392
129.618
140.415
152.799
93.0129
94.2897
84.5771
116.119
-654321
119.135
139.881
150.181
170.535
116.57
105.426
91.7256
83.8785
120.231
-654321
135.941
161.588
163.814
164.882
123.288
110.468
106.376
95.4559
132.892
-654321
155.489
155.262
159.202
201.526
130.737
129.359
113.371
106.128
138.815
-654321
156.825
171.331
169.123
182.711
141.895
130.447
128.003
117.516
146.404
-654321
173.943
182.397
182.221
184.5
150.431
130.96
134.733
124.714
162.863
-654321
175.74
175.097
183.019
182.813
149.616
148.09
140.521
123.67
174.422
-654321
176.036
179.869
177.943
206.693
163.141
146.982
156.18
140.124
185.841
-654321
180.708
183.243
183.633
182.758
179.224
170.139
161.827
146.719
177.06
-654321
181.197
182.301
181.231
179.935
179.141
168.133
171.365
152.902
182.056
-654321
180.389
181.409
182.086
179.64
180.205
175.112
174.774
170.07
179.224
-654321
184.403
184.701
183.084
174.801
177.147
181.662
181.677
177.123
183.457
-654321
182.607
181.094
177.825
176.931
186.116
183.097
180.31
180.377
183.311
-654321
182.13
178.218
173.852
184.177
181.542
183.481
185.101
176.945
-654321
178.374
178.95
180.762
185.77
184.69
188.706
183.248
-654321
171.147
179.511
181.602
180.742
177.806
179.076
-654321
176.586
181.581
184.275
179.516
175.265
-654321
