0.953991 1
0.0460089 21
-123456
0.959884 2
0.0401163 22
-123456
0.959195 3
0.0396552 23
0.000574713 83
0.000574713 103
-123456
0.95959 4
0.0392715 24
0.0011383 104
-123456
0.957033 0
0.0429668 20
-123456
-654321
0.966365 2
0.0336352 22
-123456
0.954663 3
0.0453368 23
-123456
0.961977 4
0.0380228 24
-123456
0.96206 5
0.0379404 25
-123456
0.968286 0
0.0317136 20
-123456
0.958277 1
0.0417227 21
-123456
-654321
0.971751 3
0.0268362 23
0.00141243 83
-123456
0.947874 4
0.0521262 24
-123456
0.963018 5
0.0369822 25
-123456
0.948485 6
0.05 26
0.00151515 106
-123456
0.954407 1
0.0455927 21
-123456
0.961538 0
0.0384615 20
-123456
0.960526 2
0.0394737 22
-123456
-654321
0.960331 4
0.0396694 24
-123456
0.95777 5
0.0422297 25
-123456
0.95 6
0.05 26
-123456
0.953052 7
0.0469484 27
-123456
0.964174 2
0.0358255 22
-123456
0.960951 1
0.0373514 21
0.00169779 81
-123456
0.957459 0
0.0425414 20
-123456
0.968203 3
0.0317965 23
-123456
-654321
0.959391 5
0.0406091 25
-123456
0.978221 6
0.0217786 26
-123456
0.967914 7
0.0320856 27
-123456
0.973684 8
0.0263158 28
-123456
0.948177 3
0.0518234 23
-123456
0.939571 2
0.0604289 22
-123456
0.955882 1
0.0441176 21
-123456
0.958261 0
0.0417391 20
-123456
0.973783 4
0.0262172 24
-123456
-654321
0.964115 6
0.0358852 26
-123456
0.974178 7
0.0258216 27
-123456
0.95466 8
0.0453401 28
-123456
0.961631 9
0.0383693 29
-123456
0.963504 4
0.0364963 24
-123456
0.953883 3
0.0461165 23
-123456
0.96092 2
0.0390805 22
-123456
0.959556 1
0.0404441 21
-123456
0.966587 5
0.0334129 25
-123456
-654321
0.959459 7
0.0405405 27
-123456
0.967568 8
0.0324324 28
-123456
0.964578 9
0.0354223 29
-123456
0.978328 10
0.0216718 30
-123456
0.945455 5
0.0545455 25
-123456
0.972136 4
0.0278638 24
-123456
0.952522 3
0.0474777 23
-123456
0.96242 2
0.0366636 22
0.00091659 102
-123456
0.971989 6
0.0280112 26
-123456
-654321
0.962025 8
0.0379747 28
-123456
0.960784 9
0.0392157 29
-123456
0.970588 10
0.0294118 30
-123456
0.984076 11
0.0159236 31
-123456
0.952756 6
0.0472441 26
-123456
0.940994 5
0.0590062 25
-123456
0.964286 4
0.0357143 24
-123456
0.949855 3
0.0501446 23
-123456
0.935065 7
0.0649351 27
-123456
-654321
0.967213 9
0.0327869 29
-123456
0.971774 10
0.0282258 30
-123456
0.946281 11
0.053719 31
-123456
0.966805 12
0.033195 32
-123456
0.962121 7
0.0378788 27
-123456
0.97166 6
0.0283401 26
-123456
0.950413 5
0.0495868 25
-123456
0.965565 4
0.0344353 24
-123456
0.957082 8
0.0429185 28
-123456
-654321
0.95814 10
0.0418605 30
-123456
0.970588 11
0.0294118 31
-123456
0.97449 12
0.0255102 32
-123456
0.955056 13
0.0449438 33
-123456
0.949749 8
0.0502513 28
-123456
0.959459 7
0.0405405 27
-123456
0.976303 6
0.0236967 26
-123456
0.960366 5
0.0396341 25
-123456
0.960199 9
0.039801 29
-123456
-654321
0.96875 11
0.03125 31
-123456
0.961039 12
0.038961 32
-123456
0.969512 13
0.0304878 33
-123456
0.959799 14
0.040201 34
-123456
0.970803 9
0.0291971 29
-123456
0.940789 8
0.0592105 28
-123456
0.96732 7
0.0326797 27
-123456
0.970696 6
0.029304 26
-123456
0.962025 10
0.0379747 30
-123456
-654321
0.980519 12
0.0194805 32
-123456
0.952381 13
0.047619 33
-123456
0.948718 14
0.0512821 34
-123456
0.986667 15
0.0133333 35
-123456
0.972414 10
0.0275862 30
-123456
0.962025 9
0.0379747 29
-123456
0.977778 8
0.0222222 28
-123456
0.9591 7
0.0408998 27
-123456
0.930556 11
0.0694444 31
-123456
-654321
0.971963 13
0.0280374 33
-123456
0.971154 14
0.0288462 34
-123456
0.983871 15
0.016129 35
-123456
0.974138 16
0.0258621 36
-123456
0.961832 11
0.0381679 31
-123456
0.991667 10
0.00833333 30
-123456
0.965517 9
0.0344828 29
-123456
0.940341 8
0.0596591 28
-123456
0.956897 12
0.0431034 32
-123456
-654321
0.969072 14
0.0309278 34
-123456
0.969697 15
0.030303 35
-123456
0.982456 16
0.0175439 36
-123456
0.97 17
0.03 37
-123456
0.977778 12
0.0222222 32
-123456
1 11
-123456
0.906977 10
0.0930233 30
-123456
0.968116 9
0.0318841 29
-123456
0.979167 13
0.0208333 33
-123456
-654321
0.969697 15
0.030303 35
-123456
0.987342 16
0.0126582 36
-123456
1 17
-123456
0.973684 18
0.0263158 38
-123456
0.991453 13
0.00854701 33
-123456
0.935065 12
0.0649351 32
-123456
0.967742 11
0.0322581 31
-123456
0.934363 10
0.0656371 30
-123456
0.955556 14
0.0444444 34
-123456
-654321
0.940298 16
0.0597015 36
-123456
0.973684 17
0.0263158 37
-123456
0.969231 18
0.0307692 38
-123456
0.971014 19
0.0289855 39
-123456
0.945946 14
0.0540541 34
-123456
1 13
-123456
0.970588 12
0.0294118 32
-123456
0.945378 11
0.0546218 31
-123456
0.943662 15
0.056338 35
-123456
-654321
1 17
-123456
0.971014 18
0.0289855 38
-123456
0.919355 19
0.0806452 39
-123456
0.967742 15
0.0322581 35
-123456
0.983051 14
0.0169492 34
-123456
0.985507 13
0.0144928 33
-123456
0.953216 12
0.0467836 32
-123456
0.962264 16
0.0377358 36
-123456
-654321
0.914894 18
0.0851064 38
-123456
0.966102 19
0.0338983 39
-123456
0.947368 16
0.0526316 36
-123456
0.9375 15
0.0625 35
-123456
0.983871 14
0.016129 34
-123456
0.978873 13
0.0211268 33
-123456
0.948718 17
0.0512821 37
-123456
-654321
0.982143 19
0.0178571 39
-123456
0.918919 17
0.0810811 37
-123456
0.965517 16
0.0344828 36
-123456
0.962264 15
0.0377358 35
-123456
0.973451 14
0.0265487 34
-123456
1 18
-123456
-654321
0.959184 18
0.0408163 38
-123456
0.954545 17
0.0454545 37
-123456
0.98 16
0.02 36
-123456
0.958333 15
0.0416667 35
-123456
0.96 19
0.04 39
-123456
-654321
0.0630372 1
0.842407 21
0.0945559 41
-123456
0.0772871 2
0.809148 22
0.113565 42
-123456
0.0707396 3
0.848875 23
0.0803858 43
-123456
0.0941558 4
0.834416 24
0.0714286 44
-123456
0.0580205 0
0.870307 20
0.0716724 40
-123456
-654321
0.0934372 2
0.806452 22
0.100111 42
-123456
0.100223 3
0.806236 23
0.0935412 43
-123456
0.0705645 4
0.846774 24
0.0826613 44
-123456
0.114286 5
0.806593 25
0.0791209 45
-123456
0.107356 0
0.793241 20
0.0994036 40
-123456
0.0951743 1
0.786863 21
0.117962 41
-123456
-654321
0.0734597 3
0.815166 23
0.111374 43
-123456
0.0887097 4
0.806452 24
0.104839 44
-123456
0.102564 5
0.791667 25
0.105769 45
-123456
0.0951009 6
0.806916 26
0.0979827 46
-123456
0.0964361 1
0.774633 21
0.128931 41
-123456
0.100817 0
0.757493 20
0.141689 40
-123456
0.0934844 2
0.82153 22
0.0849858 42
-123456
-654321
0.0472441 4
0.870079 24
0.0826772 44
-123456
0.0680272 5
0.836735 25
0.0952381 45
-123456
0.0716846 6
0.845878 26
0.0824373 46
-123456
0.0955882 7
0.8125 27
0.0919118 47
-123456
0.0784983 2
0.846416 22
0.0750853 42
-123456
0.0741688 1
0.846547 21
0.0792839 41
-123456
0.121094 0
0.800781 20
0.078125 40
-123456
0.0992647 3
0.819853 23
0.0808824 43
-123456
-654321
0.0894309 5
0.829268 25
0.0813008 45
-123456
0.0769231 6
0.84188 26
0.0811966 46
-123456
0.11215 7
0.766355 27
0.121495 47
-123456
0.0772358 8
0.841463 28
0.0813008 48
-123456
0.0785124 3
0.834711 23
0.0867769 43
-123456
0.0909091 2
0.815249 22
0.0938416 42
-123456
0.0966767 1
0.797583 21
0.10574 41
-123456
0.0826772 0
0.838583 20
0.0787402 40
-123456
0.0661157 4
0.859504 24
0.0743802 44
-123456
-654321
0.0914286 6
0.794286 26
0.114286 46
-123456
0.1 7
0.7875 27
0.1125 47
-123456
0.0828729 8
0.823204 28
0.0939227 48
-123456
0.105528 9
0.819095 29
0.0753769 49
-123456
0.0732984 4
0.82199 24
0.104712 44
-123456
0.0821256 3
0.845411 23
0.0724638 43
-123456
0.100503 2
0.79397 22
0.105528 42
-123456
0.0980861 1
0.815789 21
0.0861244 41
-123456
0.105263 5
0.789474 25
0.105263 45
-123456
-654321
0.0785714 7
0.807143 27
0.114286 47
-123456
0.110429 8
0.809816 28
0.0797546 48
-123456
0.130208 9
0.807292 29
0.0625 49
-123456
0.0675676 10
0.837838 30
0.0945946 50
-123456
0.118421 5
0.756579 25
0.125 45
-123456
0.125 4
0.755682 24
0.119318 44
-123456
0.0725389 3
0.860104 23
0.0673575 43
-123456
0.104723 2
0.788501 22
0.106776 42
-123456
0.0892857 6
0.791667 26
0.119048 46
-123456
-654321
0.0828025 8
0.847134 28
0.0700637 48
-123456
0.124031 9
0.813953 29
0.0620155 49
-123456
0.0722892 10
0.825301 30
0.10241 50
-123456
0.122302 11
0.76259 31
0.115108 51
-123456
0.123077 6
0.769231 26
0.107692 46
-123456
0.111111 5
0.822222 25
0.0666667 45
-123456
0.0769231 4
0.874126 24
0.048951 44
-123456
0.0827423 3
0.822695 23
0.0945626 43
-123456
0.0977444 7
0.81203 27
0.0902256 47
-123456
-654321
0.0776699 9
0.834951 29
0.0873786 49
-123456
0.046875 10
0.882812 30
0.0703125 50
-123456
0.029703 11
0.920792 31
0.049505 51
-123456
0.0743802 12
0.818182 32
0.107438 52
-123456
0.078125 7
0.851562 27
0.0703125 47
-123456
0.0932203 6
0.847458 26
0.059322 46
-123456
0.0522876 5
0.862745 25
0.0849673 45
-123456
0.0631868 4
0.851648 24
0.0851648 44
-123456
0.0789474 8
0.850877 28
0.0701754 48
-123456
-654321
0.06 10
0.89 30
0.05 50
-123456
0.161616 11
0.767677 31
0.0707071 51
-123456
0.134146 12
0.841463 32
0.0243902 52
-123456
0.107843 13
0.813725 33
0.0784314 53
-123456
0.0990991 8
0.846847 28
0.0540541 48
-123456
0.107527 7
0.784946 27
0.107527 47
-123456
0.100917 6
0.853211 26
0.0458716 46
-123456
0.101911 5
0.812102 25
0.0859873 45
-123456
0.0930233 9
0.848837 29
0.0581395 49
-123456
-654321
0.101124 11
0.797753 31
0.101124 51
-123456
0.0804598 12
0.873563 32
0.045977 52
-123456
0.0930233 13
0.825581 33
0.0813954 53
-123456
0.0229885 14
0.885057 34
0.091954 54
-123456
0.104167 9
0.8125 29
0.0833333 49
-123456
0.0657895 8
0.855263 28
0.0789474 48
-123456
0.0736842 7
0.884211 27
0.0421053 47
-123456
0.0922509 6
0.833948 26
0.0738007 46
-123456
0.0897436 10
0.846154 30
0.0641026 50
-123456
-654321
0.056338 12
0.859155 32
0.084507 52
-123456
0.138889 13
0.763889 33
0.0972222 53
-123456
0.109375 14
0.8125 34
0.078125 54
-123456
0.0526316 15
0.859649 35
0.0877193 55
-123456
0.0571429 10
0.814286 30
0.128571 50
-123456
0.0819672 9
0.852459 29
0.0655738 49
-123456
0.0447761 8
0.895522 28
0.0597015 48
-123456
0.0803571 7
0.852679 27
0.0669643 47
-123456
0.0793651 11
0.857143 31
0.0634921 51
-123456
-654321
0.0465116 13
0.906977 33
0.0465116 53
-123456
0.2 14
0.766667 34
0.0333333 54
-123456
0.0857143 15
0.814286 35
0.1 55
-123456
0.107692 16
0.815385 36
0.0769231 56
-123456
0.176471 11
0.72549 31
0.0980392 51
-123456
0.12963 10
0.796296 30
0.0740741 50
-123456
0.0606061 9
0.863636 29
0.0757576 49
-123456
0.0982659 8
0.83237 28
0.0693642 48
-123456
0.0806452 12
0.774194 32
0.145161 52
-123456
-654321
0.162162 14
0.756757 34
0.0810811 54
-123456
0.0892857 15
0.821429 35
0.0892857 55
-123456
0.0666667 16
0.866667 36
0.0666667 56
-123456
0.108696 17
0.891304 37
-123456
0.111111 12
0.759259 32
0.12963 52
-123456
0.148936 11
0.808511 31
0.0425532 51
-123456
0.148148 10
0.833333 30
0.0185185 50
-123456
0.0657895 9
0.848684 29
0.0855263 49
-123456
0.0377358 13
0.867925 33
0.0943396 53
-123456
-654321
0.113636 15
0.818182 35
0.0681818 55
-123456
0.0487805 16
0.829268 36
0.121951 56
-123456
0.148936 17
0.829787 37
0.0212766 57
-123456
0.1 18
0.84 38
0.06 58
-123456
0.097561 13
0.853659 33
0.0487805 53
-123456
0.125 12
0.770833 32
0.104167 52
-123456
0.0731707 11
0.853659 31
0.0731707 51
-123456
0.0291971 10
0.89781 30
0.0729927 50
-123456
0.0877193 14
0.859649 34
0.0526316 54
-123456
-654321
0.882353 36
0.117647 56
-123456
0.128205 17
0.769231 37
0.102564 57
-123456
0.130435 18
0.717391 38
0.152174 58
-123456
0.0540541 19
0.864865 39
0.0810811 59
-123456
0.166667 14
0.785714 34
0.047619 54
-123456
0.0540541 13
0.810811 33
0.135135 53
-123456
0.173913 12
0.782609 32
0.0434783 52
-123456
0.100917 11
0.816514 31
0.0825688 51
-123456
0.075 15
0.825 35
0.1 55
-123456
-654321
0.142857 17
0.857143 37
-123456
0.0769231 18
0.884615 38
0.0384615 58
-123456
0.0277778 19
0.833333 39
0.138889 59
-123456
0.0740741 15
0.888889 35
0.037037 55
-123456
0.193548 14
0.806452 34
-123456
0.0666667 13
0.866667 33
0.0666667 53
-123456
0.119565 12
0.826087 32
0.0543478 52
-123456
0.194444 16
0.805556 36
-123456
-654321
0.0740741 18
0.851852 38
0.0740741 58
-123456
0.952381 39
0.047619 59
-123456
0.117647 16
0.852941 36
0.0294118 56
-123456
0.0625 15
0.90625 35
0.03125 55
-123456
0.935484 34
0.0645161 54
-123456
0.145161 13
0.806452 33
0.0483871 53
-123456
0.148148 17
0.777778 37
0.0740741 57
-123456
-654321
0.0344828 19
0.896552 39
0.0689655 59
-123456
0.08 17
0.8 37
0.12 57
-123456
0.15 16
0.8 36
0.05 56
-123456
0.166667 15
0.722222 35
0.111111 55
-123456
0.114286 14
0.828571 34
0.0571429 54
-123456
0.1875 18
0.78125 38
0.03125 58
-123456
-654321
0.111111 18
0.833333 38
0.0555556 58
-123456
0.0588235 17
0.882353 37
0.0588235 57
-123456
0.16 16
0.8 36
0.04 56
-123456
0.163636 15
0.781818 35
0.0545455 55
-123456
0.04 19
0.88 39
0.08 59
-123456
-654321
0.116402 21
0.78836 41
0.0952381 61
-123456
0.0947368 22
0.821053 42
0.0842105 62
-123456
0.123077 23
0.761538 43
0.115385 63
-123456
0.119874 24
0.760252 44
0.119874 64
-123456
0.077381 20
0.827381 40
0.0952381 60
-123456
-654321
0.109375 22
0.796875 42
0.09375 62
-123456
0.0684411 23
0.834601 43
0.0969582 63
-123456
0.0859375 24
0.808594 44
0.105469 64
-123456
0.0904977 25
0.81448 45
0.0950226 65
-123456
0.0659898 20
0.847716 40
0.0862944 60
-123456
0.0930233 21
0.795349 41
0.111628 61
-123456
-654321
0.0967742 23
0.809384 43
0.0938416 63
-123456
0.0906801 24
0.785894 44
0.123426 64
-123456
0.0718232 25
0.80663 45
0.121547 65
-123456
0.107527 26
0.784946 46
0.107527 66
-123456
0.0808081 21
0.828283 41
0.0909091 61
-123456
0.0714286 20
0.835165 40
0.0934066 60
-123456
0.0846561 22
0.798942 42
0.116402 62
-123456
-654321
0.10121 24
0.779978 44
0.118812 64
-123456
0.111111 25
0.75873 45
0.130159 65
-123456
0.0914454 26
0.743363 46
0.165192 66
-123456
0.100279 27
0.78273 47
0.116992 67
-123456
0.08 22
0.791429 42
0.128571 62
-123456
0.145833 21
0.747024 41
0.107143 61
-123456
0.0932476 20
0.790997 40
0.115756 60
-123456
0.129771 23
0.760814 43
0.109415 63
-123456
-654321
0.0913242 25
0.794521 45
0.114155 65
-123456
0.0968992 26
0.782946 46
0.120155 66
-123456
0.0955631 27
0.767918 47
0.136519 67
-123456
0.0967742 28
0.795699 48
0.107527 68
-123456
0.0783055 23
0.794608 43
0.127086 63
-123456
0.134328 22
0.746269 42
0.119403 62
-123456
0.0875912 21
0.79562 41
0.116788 61
-123456
0.109804 20
0.721569 40
0.168627 60
-123456
0.129921 24
0.751969 44
0.11811 64
-123456
-654321
0.0740741 26
0.804233 46
0.121693 66
-123456
0.0717949 27
0.784615 47
0.14359 67
-123456
0.120219 28
0.786885 48
0.0928962 68
-123456
0.0787879 29
0.842424 49
0.0787879 69
-123456
0.0788382 24
0.834025 44
0.0871369 64
-123456
0.0946502 23
0.779835 43
0.125514 63
-123456
0.0674847 22
0.871166 42
0.0613497 62
-123456
0.122905 21
0.75419 41
0.122905 61
-123456
0.0851064 25
0.824468 45
0.0904255 65
-123456
-654321
0.0993377 27
0.788079 47
0.112583 67
-123456
0.0718954 28
0.803922 48
0.124183 68
-123456
0.124224 29
0.782609 49
0.0931677 69
-123456
0.0764331 30
0.802548 50
0.121019 70
-123456
0.104575 25
0.816993 45
0.0784314 65
-123456
0.103448 24
0.786207 44
0.110345 64
-123456
0.11306 23
0.768031 43
0.118908 63
-123456
0.0645161 22
0.858065 42
0.0774194 62
-123456
0.15 26
0.742857 46
0.107143 66
-123456
-654321
0.0840336 28
0.764706 48
0.151261 68
-123456
0.134752 29
0.737589 49
0.12766 69
-123456
0.126866 30
0.820895 50
0.0522388 70
-123456
0.119718 31
0.78169 51
0.0985916 71
-123456
0.121622 26
0.736486 46
0.141892 66
-123456
0.161074 25
0.697987 45
0.14094 65
-123456
0.0851064 24
0.787234 44
0.12766 64
-123456
0.106024 23
0.79759 43
0.0963855 63
-123456
0.0984849 27
0.787879 47
0.113636 67
-123456
-654321
0.16 29
0.76 49
0.08 69
-123456
0.116667 30
0.716667 50
0.166667 70
-123456
0.0964912 31
0.833333 51
0.0701754 71
-123456
0.0884956 32
0.79646 52
0.115044 72
-123456
0.114286 27
0.761905 47
0.12381 67
-123456
0.0818182 26
0.836364 46
0.0818182 66
-123456
0.107438 25
0.809917 45
0.0826446 65
-123456
0.123596 24
0.772472 44
0.103933 64
-123456
0.158333 28
0.741667 48
0.1 68
-123456
-654321
0.0967742 30
0.860215 50
0.0430108 70
-123456
0.0869565 31
0.804348 51
0.108696 71
-123456
0.166667 32
0.65625 52
0.177083 72
-123456
0.128205 33
0.75641 53
0.115385 73
-123456
0.0840336 28
0.798319 48
0.117647 68
-123456
0.0813954 27
0.860465 47
0.0581395 67
-123456
0.133333 26
0.777778 46
0.0888889 66
-123456
0.100719 25
0.802158 45
0.0971223 65
-123456
0.128713 29
0.792079 49
0.0792079 69
-123456
-654321
0.168675 31
0.807229 51
0.0240964 71
-123456
0.166667 32
0.777778 52
0.0555556 72
-123456
0.175676 33
0.743243 53
0.0810811 73
-123456
0.1875 34
0.75 54
0.0625 74
-123456
0.0547945 29
0.835616 49
0.109589 69
-123456
0.150685 28
0.753425 48
0.0958904 68
-123456
0.228571 27
0.657143 47
0.114286 67
-123456
0.0886525 26
0.826241 46
0.0851064 66
-123456
0.104651 30
0.802326 50
0.0930233 70
-123456
-654321
0.0704225 32
0.760563 52
0.169014 72
-123456
0.140845 33
0.830986 53
0.028169 73
-123456
0.142857 34
0.777778 54
0.0793651 74
-123456
0.153846 35
0.74359 55
0.102564 75
-123456
0.105263 30
0.77193 50
0.122807 70
-123456
0.172414 29
0.724138 49
0.103448 69
-123456
0.15942 28
0.710145 48
0.130435 68
-123456
0.109091 27
0.8 47
0.0909091 67
-123456
0.0634921 31
0.809524 51
0.126984 71
-123456
-654321
0.1875 33
0.770833 53
0.0416667 73
-123456
0.144928 34
0.811594 54
0.0434783 74
-123456
0.09375 35
0.828125 55
0.078125 75
-123456
0.0967742 36
0.870968 56
0.0322581 76
-123456
0.12 31
0.8 51
0.08 71
-123456
0.148148 30
0.814815 50
0.037037 70
-123456
0.130435 29
0.76087 49
0.108696 69
-123456
0.11875 28
0.80625 48
0.075 68
-123456
0.105263 32
0.719298 52
0.175439 72
-123456
-654321
0.194444 34
0.694444 54
0.111111 74
-123456
0.136364 35
0.818182 55
0.0454545 75
-123456
0.184211 36
0.684211 56
0.131579 76
-123456
0.0731707 37
0.707317 57
0.219512 77
-123456
0.145455 32
0.709091 52
0.145455 72
-123456
0.204545 31
0.795455 51
-123456
0.102041 30
0.877551 50
0.0204082 70
-123456
0.0748299 29
0.863946 49
0.0612245 69
-123456
0.047619 33
0.904762 53
0.047619 73
-123456
-654321
0.0816327 35
0.77551 55
0.142857 75
-123456
0.147059 36
0.794118 56
0.0588235 76
-123456
0.114286 37
0.857143 57
0.0285714 77
-123456
0.102564 38
0.74359 58
0.153846 78
-123456
0.210526 33
0.684211 53
0.105263 73
-123456
0.176471 32
0.764706 52
0.0588235 72
-123456
0.0952381 31
0.785714 51
0.119048 71
-123456
0.176471 30
0.789916 50
0.0336134 70
-123456
0.146341 34
0.731707 54
0.121951 74
-123456
-654321
0.0967742 36
0.83871 56
0.0645161 76
-123456
0.106383 37
0.787234 57
0.106383 77
-123456
0.1 38
0.775 58
0.125 78
-123456
0.111111 39
0.814815 59
0.0740741 79
-123456
0.234043 34
0.723404 54
0.0425532 74
-123456
0.26 33
0.66 53
0.08 73
-123456
0.147059 32
0.823529 52
0.0294118 72
-123456
0.144144 31
0.783784 51
0.0720721 71
-123456
0.125 35
0.729167 55
0.145833 75
-123456
-654321
0.0555556 37
0.888889 57
0.0555556 77
-123456
0.103448 38
0.827586 58
0.0689655 78
-123456
0.236842 39
0.684211 59
0.0789474 79
-123456
0.04 35
0.92 55
0.04 75
-123456
0.192308 34
0.692308 54
0.115385 74
-123456
0.103448 33
0.827586 53
0.0689655 73
-123456
0.0921053 32
0.828947 52
0.0789474 72
-123456
0.0645161 36
0.935484 56
-123456
-654321
0.190476 38
0.619048 58
0.190476 78
-123456
0.037037 39
0.814815 59
0.148148 79
-123456
0.037037 36
0.962963 56
-123456
0.176471 35
0.794118 55
0.0294118 75
-123456
0.09375 34
0.8125 54
0.09375 74
-123456
0.147541 33
0.819672 53
0.0327869 73
-123456
0.166667 37
0.722222 57
0.111111 77
-123456
-654321
0.047619 39
0.952381 59
-123456
0.0454545 37
0.818182 57
0.136364 77
-123456
0.08 36
0.88 56
0.04 76
-123456
0.125 35
0.84375 55
0.03125 75
-123456
0.150943 34
0.830189 54
0.0188679 74
-123456
0.0869565 38
0.869565 58
0.0434783 78
-123456
-654321
0.181818 38
0.727273 58
0.0909091 78
-123456
0.192308 37
0.769231 57
0.0384615 77
-123456
0.142857 36
0.761905 56
0.0952381 76
-123456
0.118644 35
0.830508 55
0.0508475 75
-123456
0.0666667 39
0.733333 59
0.2 79
-123456
-654321
0.110169 41
0.788136 61
0.101695 81
-123456
0.104478 42
0.708955 62
0.186567 82
-123456
0.075 43
0.741667 63
0.183333 83
-123456
0.1 44
0.719231 64
0.180769 84
-123456
0.0483871 40
0.798387 60
0.153226 80
-123456
-654321
0.121951 42
0.723577 62
0.154472 82
-123456
0.146853 43
0.678322 63
0.174825 83
-123456
0.0944882 44
0.771654 64
0.133858 84
-123456
0.088968 45
0.765125 65
0.145907 85
-123456
0.145833 40
0.708333 60
0.145833 80
-123456
0.112903 41
0.75 61
0.137097 81
-123456
-654321
0.0935252 43
0.726619 63
0.179856 83
-123456
0.0806452 44
0.754839 64
0.164516 84
-123456
0.145161 45
0.75 65
0.104839 85
-123456
0.0894737 46
0.742105 66
0.168421 86
-123456
0.115646 41
0.755102 61
0.129252 81
-123456
0.109091 40
0.754545 60
0.136364 80
-123456
0.119403 42
0.679105 62
0.201493 82
-123456
-654321
0.0860927 44
0.807947 64
0.10596 84
-123456
0.0842333 45
0.794816 65
0.12095 85
-123456
0.0705128 46
0.833333 66
0.0961538 86
-123456
0.101562 47
0.75 67
0.148438 87
-123456
0.0650888 42
0.810651 62
0.12426 82
-123456
0.0758621 41
0.841379 61
0.0827586 81
-123456
0.0573248 40
0.834395 60
0.10828 80
-123456
0.111111 43
0.79085 63
0.0980392 83
-123456
-654321
0.148387 45
0.709677 65
0.141935 85
-123456
0.0926966 46
0.786517 66
0.120787 86
-123456
0.101523 47
0.77665 67
0.121827 87
-123456
0.137566 48
0.708995 68
0.153439 88
-123456
0.0842105 43
0.747368 63
0.168421 83
-123456
0.0896226 42
0.759434 62
0.150943 82
-123456
0.126984 41
0.719577 61
0.153439 81
-123456
0.121359 40
0.752427 60
0.126214 80
-123456
0.111111 44
0.740741 64
0.148148 84
-123456
-654321
0.103896 46
0.744589 66
0.151515 86
-123456
0.161435 47
0.717489 67
0.121076 87
-123456
0.146552 48
0.732759 68
0.12069 88
-123456
0.18107 49
0.662551 69
0.156379 89
-123456
0.127946 44
0.708754 64
0.1633 84
-123456
0.145098 43
0.733333 63
0.121569 83
-123456
0.125561 42
0.757848 62
0.116592 82
-123456
0.115226 41
0.736625 61
0.148148 81
-123456
0.100503 45
0.733668 65
0.165829 85
-123456
-654321
0.0730337 47
0.797753 67
0.129213 87
-123456
0.112299 48
0.791444 68
0.0962567 88
-123456
0.0955056 49
0.747191 69
0.157303 89
-123456
0.130952 50
0.75 70
0.119048 90
-123456
0.089372 45
0.777778 65
0.13285 85
-123456
0.120321 44
0.786096 64
0.0935829 84
-123456
0.122699 43
0.797546 63
0.0797546 83
-123456
0.0959596 42
0.747475 62
0.156566 82
-123456
0.0931373 46
0.852941 66
0.0539216 86
-123456
-654321
0.104167 48
0.763889 68
0.131944 88
-123456
0.142857 49
0.777778 69
0.0793651 89
-123456
0.0895522 50
0.761194 70
0.149254 90
-123456
0.157143 51
0.742857 71
0.1 91
-123456
0.111111 46
0.8 66
0.0888889 86
-123456
0.124688 45
0.753117 65
0.122195 85
-123456
0.148387 44
0.722581 64
0.129032 84
-123456
0.121795 43
0.769231 63
0.108974 83
-123456
0.144828 47
0.737931 67
0.117241 87
-123456
-654321
0.0725806 49
0.822581 69
0.104839 89
-123456
0.12381 50
0.780952 70
0.0952381 90
-123456
0.126214 51
0.805825 71
0.0679612 91
-123456
0.103448 52
0.818965 72
0.0775862 92
-123456
0.0983607 47
0.754098 67
0.147541 87
-123456
0.130293 46
0.736156 66
0.13355 86
-123456
0.114583 45
0.755208 65
0.130208 85
-123456
0.149123 44
0.754386 64
0.0964912 84
-123456
0.133803 48
0.746479 68
0.119718 88
-123456
-654321
0.121951 50
0.804878 70
0.0731707 90
-123456
0.129412 51
0.764706 71
0.105882 91
-123456
0.162162 52
0.738739 72
0.0990991 92
-123456
0.163265 53
0.755102 73
0.0816327 93
-123456
0.232323 48
0.606061 68
0.161616 88
-123456
0.135922 47
0.776699 67
0.0873786 87
-123456
0.140496 46
0.752066 66
0.107438 86
-123456
0.138182 45
0.756364 65
0.105455 85
-123456
0.182692 49
0.721154 69
0.0961538 89
-123456
-654321
0.142857 51
0.761905 71
0.0952381 91
-123456
0.152778 52
0.722222 72
0.125 92
-123456
0.15 53
0.75 73
0.1 93
-123456
0.126582 54
0.822785 74
0.0506329 94
-123456
0.0588235 49
0.838235 69
0.102941 89
-123456
0.186047 48
0.72093 68
0.0930233 88
-123456
0.0780142 47
0.829787 67
0.0921986 87
-123456
0.123457 46
0.744856 66
0.131687 86
-123456
0.197802 50
0.703297 70
0.0989011 90
-123456
-654321
0.145161 52
0.741935 72
0.112903 92
-123456
0.0909091 53
0.745455 73
0.163636 93
-123456
0.171053 54
0.684211 74
0.144737 94
-123456
0.111111 55
0.791667 75
0.0972222 95
-123456
0.0793651 50
0.84127 70
0.0793651 90
-123456
0.15493 49
0.802817 69
0.0422535 89
-123456
0.17284 48
0.753086 68
0.0740741 88
-123456
0.112554 47
0.813853 67
0.0735931 87
-123456
0.0967742 51
0.854839 71
0.0483871 91
-123456
-654321
0.109091 53
0.836364 73
0.0545455 93
-123456
0.0882353 54
0.867647 74
0.0441176 94
-123456
0.15 55
0.783333 75
0.0666667 95
-123456
0.1 56
0.757143 76
0.142857 96
-123456
0.142857 51
0.746032 71
0.111111 91
-123456
0.224138 50
0.706897 70
0.0689655 90
-123456
0.118421 49
0.842105 69
0.0394737 89
-123456
0.117021 48
0.824468 68
0.0585106 88
-123456
0.153846 52
0.8 72
0.0461538 92
-123456
-654321
0.204545 54
0.795455 74
-123456
0.108108 55
0.810811 75
0.0810811 95
-123456
0.226415 56
0.716981 76
0.0566038 96
-123456
0.163265 57
0.755102 77
0.0816327 97
-123456
0.181818 52
0.636364 72
0.181818 92
-123456
0.0909091 51
0.872727 71
0.0363636 91
-123456
0.117647 50
0.764706 70
0.117647 90
-123456
0.141414 49
0.79798 69
0.0606061 89
-123456
0.108696 53
0.695652 73
0.195652 93
-123456
-654321
0.108696 55
0.73913 75
0.152174 95
-123456
0.15 56
0.775 76
0.075 96
-123456
0.0952381 57
0.761905 77
0.142857 97
-123456
0.25 58
0.666667 78
0.0833333 98
-123456
0.272727 53
0.727273 73
-123456
0.142857 52
0.836735 72
0.0204082 92
-123456
0.179487 51
0.769231 71
0.0512821 91
-123456
0.140625 50
0.773438 70
0.0859375 90
-123456
0.0222222 54
0.911111 74
0.0666667 94
-123456
-654321
0.138889 56
0.722222 76
0.138889 96
-123456
0.0689655 57
0.827586 77
0.103448 97
-123456
0.222222 58
0.777778 78
-123456
0.234043 59
0.680851 79
0.0851064 99
-123456
0.133333 54
0.866667 74
-123456
0.0888889 53
0.755556 73
0.155556 93
-123456
0.111111 52
0.777778 72
0.111111 92
-123456
0.0983607 51
0.795082 71
0.106557 91
-123456
0.184211 55
0.763158 75
0.0526316 95
-123456
-654321
0.185185 57
0.777778 77
0.037037 97
-123456
0.153846 58
0.794872 78
0.0512821 98
-123456
0.258065 59
0.677419 79
0.0645161 99
-123456
0.166667 55
0.733333 75
0.1 95
-123456
0.225806 54
0.677419 74
0.0967742 94
-123456
0.142857 53
0.809524 73
0.047619 93
-123456
0.157895 52
0.719298 72
0.122807 92
-123456
0.185185 56
0.777778 76
0.037037 96
-123456
-654321
0.0769231 58
0.846154 78
0.0769231 98
-123456
0.142857 59
0.785714 79
0.0714286 99
-123456
0.24 56
0.68 76
0.08 96
-123456
0.125 55
0.84375 75
0.03125 95
-123456
0.192308 54
0.769231 74
0.0384615 94
-123456
0.179104 53
0.791045 73
0.0298507 93
-123456
0.125 57
0.71875 77
0.15625 97
-123456
-654321
0.0833333 59
0.722222 79
0.194444 99
-123456
0.16 57
0.8 77
0.04 97
-123456
0.0384615 56
0.884615 76
0.0769231 96
-123456
0.181818 55
0.727273 75
0.0909091 95
-123456
0.111111 54
0.866667 74
0.0222222 94
-123456
0.136364 58
0.772727 78
0.0909091 98
-123456
-654321
0.0869565 58
0.782609 78
0.130435 98
-123456
0.125 57
0.75 77
0.125 97
-123456
0.0652174 56
0.913043 76
0.0217391 96
-123456
0.188679 55
0.735849 75
0.0754717 95
-123456
0.12 59
0.84 79
0.04 99
-123456
-654321
0.0789474 61
0.789474 81
0.131579 101
-123456
0.11828 62
0.795699 82
0.0860215 102
-123456
0.0612245 63
0.826531 83
0.112245 103
-123456
0.0730337 64
0.741573 84
0.185393 104
-123456
0.0973451 60
0.814159 80
0.0884956 100
-123456
-654321
0.117021 62
0.755319 82
0.12766 102
-123456
0.0729167 63
0.84375 83
0.0833333 103
-123456
0.142857 64
0.714286 84
0.142857 104
-123456
0.0526316 65
0.803828 85
0.143541 105
-123456
0.102804 60
0.831776 80
0.0654206 100
-123456
0.0882353 61
0.764706 81
0.147059 101
-123456
-654321
0.0925926 63
0.777778 83
0.12963 103
-123456
0.0961538 64
0.759615 84
0.144231 104
-123456
0.075188 65
0.789474 85
0.135338 105
-123456
0.0790514 66
0.758893 86
0.162055 106
-123456
0.0925926 61
0.777778 81
0.12963 101
-123456
0.0916667 60
0.791667 80
0.116667 100
-123456
0.0846154 62
0.8 82
0.115385 102
-123456
-654321
0.137615 64
0.697248 84
0.165138 104
-123456
0.0827068 65
0.804511 85
0.112782 105
-123456
0.0965909 66
0.772727 86
0.130682 106
-123456
0.0512821 67
0.786325 87
0.162393 107
-123456
0.103448 62
0.775862 82
0.12069 102
-123456
0.126316 61
0.694737 81
0.178947 101
-123456
0.11811 60
0.692913 80
0.188976 100
-123456
0.097561 63
0.780488 83
0.121951 103
-123456
-654321
0.056338 65
0.823944 85
0.119718 105
-123456
0.116216 66
0.713513 86
0.17027 106
-123456
0.101911 67
0.757962 87
0.140127 107
-123456
0.0952381 68
0.722222 88
0.18254 108
-123456
0.139535 63
0.713178 83
0.147287 103
-123456
0.0816327 62
0.782313 82
0.136054 102
-123456
0.0714286 61
0.81746 81
0.111111 101
-123456
0.0909091 60
0.737374 80
0.171717 100
-123456
0.117117 64
0.774775 84
0.108108 104
-123456
-654321
0.0913706 66
0.756345 86
0.152284 106
-123456
0.077821 67
0.793774 87
0.128405 107
-123456
0.111111 68
0.783951 88
0.104938 108
-123456
0.0722892 69
0.795181 89
0.13253 109
-123456
0.0849673 64
0.771242 84
0.143791 104
-123456
0.0886076 63
0.734177 83
0.177215 103
-123456
0.145695 62
0.735099 82
0.119205 102
-123456
0.0701754 61
0.847953 81
0.0818713 101
-123456
0.0833333 65
0.833333 85
0.0833333 105
-123456
-654321
0.114983 67
0.759582 87
0.125436 107
-123456
0.128099 68
0.698347 88
0.173554 108
-123456
0.126984 69
0.734127 89
0.138889 109
-123456
0.123596 70
0.666667 90
0.209738 110
-123456
0.117155 65
0.757322 85
0.125523 105
-123456
0.157676 64
0.713693 84
0.128631 104
-123456
0.133333 63
0.72 83
0.146667 103
-123456
0.12766 62
0.702128 82
0.170213 102
-123456
0.137119 66
0.707756 86
0.155125 106
-123456
-654321
0.0977011 68
0.810345 88
0.091954 108
-123456
0.0904762 69
0.785714 89
0.12381 109
-123456
0.0904255 70
0.776596 90
0.132979 110
-123456
0.118012 71
0.763975 91
0.118012 111
-123456
0.123529 66
0.739216 86
0.137255 106
-123456
0.179348 65
0.695652 85
0.125 105
-123456
0.126437 64
0.781609 84
0.091954 104
-123456
0.117978 63
0.741573 83
0.140449 103
-123456
0.121212 67
0.793939 87
0.0848485 107
-123456
-654321
0.15625 69
0.765625 89
0.078125 109
-123456
0.137405 70
0.778626 90
0.0839695 110
-123456
0.0967742 71
0.830645 91
0.0725806 111
-123456
0.135714 72
0.764286 92
0.1 112
-123456
0.1 67
0.771429 87
0.128571 107
-123456
0.0875706 66
0.80226 86
0.110169 106
-123456
0.12766 65
0.730496 85
0.141844 105
-123456
0.133803 64
0.753521 84
0.112676 104
-123456
0.0738636 68
0.818182 88
0.107955 108
-123456
-654321
0.0984849 70
0.795455 90
0.106061 110
-123456
0.190083 71
0.68595 91
0.123967 111
-123456
0.112903 72
0.798387 92
0.0887097 112
-123456
0.141791 73
0.708955 93
0.149254 113
-123456
0.160584 68
0.781022 88
0.0583942 108
-123456
0.160714 67
0.705357 87
0.133929 107
-123456
0.133333 66
0.75 86
0.116667 106
-123456
0.135889 65
0.759582 85
0.10453 105
-123456
0.0814815 69
0.762963 89
0.155556 109
-123456
-654321
0.142857 71
0.761905 91
0.0952381 111
-123456
0.134615 72
0.740385 92
0.125 112
-123456
0.131313 73
0.767677 93
0.10101 113
-123456
0.114286 74
0.819048 94
0.0666667 114
-123456
0.12381 69
0.752381 89
0.12381 109
-123456
0.205607 68
0.691589 88
0.102804 108
-123456
0.115854 67
0.722561 87
0.161585 107
-123456
0.100775 66
0.72093 86
0.178295 106
-123456
0.137255 70
0.705882 90
0.156863 110
-123456
-654321
0.106667 72
0.786667 92
0.106667 112
-123456
0.141414 73
0.838384 93
0.020202 113
-123456
0.0898876 74
0.842697 94
0.0674157 114
-123456
0.134146 75
0.756098 95
0.109756 115
-123456
0.142857 70
0.738095 90
0.119048 110
-123456
0.120482 69
0.783133 89
0.0963855 109
-123456
0.211111 68
0.677778 88
0.111111 108
-123456
0.149466 67
0.740214 87
0.11032 107
-123456
0.0659341 71
0.824176 91
0.10989 111
-123456
-654321
0.128205 73
0.833333 93
0.0384615 113
-123456
0.147059 74
0.735294 94
0.117647 114
-123456
0.140625 75
0.75 95
0.109375 115
-123456
0.0989011 76
0.813187 96
0.0879121 116
-123456
0.0909091 71
0.818182 91
0.0909091 111
-123456
0.150538 70
0.741935 90
0.107527 110
-123456
0.14876 69
0.752066 89
0.0991736 109
-123456
0.162651 68
0.76506 88
0.0722892 108
-123456
0.164557 72
0.797468 92
0.0379747 112
-123456
-654321
0.0967742 74
0.822581 94
0.0806452 114
-123456
0.203125 75
0.734375 95
0.0625 115
-123456
0.19697 76
0.772727 96
0.030303 116
-123456
0.192308 77
0.75 97
0.0576923 117
-123456
0.192308 72
0.730769 92
0.0769231 112
-123456
0.0895522 71
0.791045 91
0.119403 111
-123456
0.161616 70
0.767677 90
0.0707071 110
-123456
0.138122 69
0.80663 89
0.0552486 109
-123456
0.0294118 73
0.897059 93
0.0735294 113
-123456
-654321
0.18 75
0.66 95
0.16 115
-123456
0.0952381 76
0.857143 96
0.047619 116
-123456
0.125 77
0.8125 97
0.0625 117
-123456
0.14 78
0.76 98
0.1 118
-123456
0.2 73
0.733333 93
0.0666667 113
-123456
0.137931 72
0.775862 92
0.0862069 112
-123456
0.15942 71
0.768116 91
0.0724638 111
-123456
0.16 70
0.713333 90
0.126667 110
-123456
0.183673 74
0.734694 94
0.0816327 114
-123456
-654321
0.133333 76
0.822222 96
0.0444444 116
-123456
0.111111 77
0.822222 97
0.0666667 117
-123456
0.147059 78
0.735294 98
0.117647 118
-123456
0.163265 79
0.755102 99
0.0816327 119
-123456
0.285714 74
0.660714 94
0.0535714 114
-123456
0.227273 73
0.659091 93
0.113636 113
-123456
0.228571 72
0.685714 92
0.0857143 112
-123456
0.179104 71
0.731343 91
0.0895522 111
-123456
0.186047 75
0.697674 95
0.116279 115
-123456
-654321
0.0869565 77
0.782609 97
0.130435 117
-123456
0.0930233 78
0.813953 98
0.0930233 118
-123456
0.179487 79
0.74359 99
0.0769231 119
-123456
0.111111 75
0.805556 95
0.0833333 115
-123456
0.102564 74
0.769231 94
0.128205 114
-123456
0.195122 73
0.707317 93
0.097561 113
-123456
0.164286 72
0.764286 92
0.0714286 112
-123456
0.127273 76
0.818182 96
0.0545455 116
-123456
-654321
0.131579 78
0.789474 98
0.0789474 118
-123456
0.257143 79
0.742857 99
-123456
0.15625 76
0.8125 96
0.03125 116
-123456
0.131579 75
0.763158 95
0.105263 115
-123456
0.266667 74
0.666667 94
0.0666667 114
-123456
0.231579 73
0.694737 93
0.0736842 113
-123456
0.219512 77
0.731707 97
0.0487805 117
-123456
-654321
0.0882353 79
0.852941 99
0.0588235 119
-123456
0.21875 77
0.65625 97
0.125 117
-123456
0.138889 76
0.777778 96
0.0833333 116
-123456
0.0869565 75
0.826087 95
0.0869565 115
-123456
0.102941 74
0.779412 94
0.117647 114
-123456
0.347826 78
0.608696 98
0.0434783 118
-123456
-654321
0.185185 78
0.814815 98
-123456
0.103448 77
0.862069 97
0.0344828 117
-123456
0.153846 76
0.794872 96
0.0512821 116
-123456
0.177215 75
0.797468 95
0.0253165 115
-123456
0.0555556 79
0.916667 99
0.0277778 119
-123456
-654321
0.0526316 81
0.842105 101
0.105263 121
-123456
0.0666667 82
0.716667 102
0.216667 122
-123456
0.0793651 83
0.714286 103
0.206349 123
-123456
0.0977444 84
0.729323 104
0.172932 124
-123456
0.0428571 80
0.742857 100
0.214286 120
-123456
-654321
0.0882353 82
0.735294 102
0.176471 122
-123456
0.0625 83
0.78125 103
0.15625 123
-123456
0.0909091 84
0.779221 104
0.12987 124
-123456
0.0961538 85
0.724359 105
0.179487 125
-123456
0.0566038 80
0.698113 100
0.245283 120
-123456
0.0701754 81
0.736842 101
0.192982 121
-123456
-654321
0.0793651 83
0.761905 103
0.15873 123
-123456
0.0666667 84
0.68 104
0.253333 124
-123456
0.0701754 85
0.824561 105
0.105263 125
-123456
0.050505 86
0.787879 106
0.161616 126
-123456
0.0666667 81
0.8 101
0.133333 121
-123456
0.0632911 80
0.797468 100
0.139241 120
-123456
0.113924 82
0.835443 102
0.0506329 122
-123456
-654321
0.126984 84
0.714286 104
0.15873 124
-123456
0.0789474 85
0.842105 105
0.0789474 125
-123456
0.126582 86
0.696203 106
0.177215 126
-123456
0.0944206 87
0.751073 107
0.154506 127
-123456
0.0694444 82
0.763889 102
0.166667 122
-123456
0.0909091 81
0.753247 101
0.155844 121
-123456
0.0487805 80
0.768293 100
0.182927 120
-123456
0.106061 83
0.681818 103
0.212121 123
-123456
-654321
0.0941176 85
0.752941 105
0.152941 125
-123456
0.152439 86
0.664634 106
0.182927 126
-123456
0.0568182 87
0.784091 107
0.159091 127
-123456
0.113537 88
0.733624 108
0.152838 128
-123456
0.158537 83
0.609756 103
0.231707 123
-123456
0.0533333 82
0.76 102
0.186667 122
-123456
0.104167 81
0.760417 101
0.135417 121
-123456
0.0752688 80
0.774194 100
0.150538 120
-123456
0.0561798 84
0.820225 104
0.123596 124
-123456
-654321
0.110169 86
0.694915 106
0.194915 126
-123456
0.0925926 87
0.712963 107
0.194444 127
-123456
0.0930233 88
0.75969 108
0.147287 128
-123456
0.112403 89
0.748062 109
0.139535 129
-123456
0.0555556 84
0.822222 104
0.122222 124
-123456
0.0989011 83
0.78022 103
0.120879 123
-123456
0.0970874 82
0.728155 102
0.174757 122
-123456
0.0842105 81
0.8 101
0.115789 121
-123456
0.102273 85
0.806818 105
0.0909091 125
-123456
-654321
0.108374 87
0.73399 107
0.157635 127
-123456
0.102639 88
0.741935 108
0.155425 128
-123456
0.0989583 89
0.828125 109
0.0729167 129
-123456
0.0774194 90
0.780645 110
0.141935 130
-123456
0.064 85
0.832 105
0.104 125
-123456
0.121429 84
0.75 104
0.128571 124
-123456
0.0689655 83
0.834483 103
0.0965517 123
-123456
0.05 82
0.814286 102
0.135714 122
-123456
0.09375 86
0.76875 106
0.1375 126
-123456
-654321
0.144796 88
0.723982 108
0.131222 128
-123456
0.139665 89
0.709497 109
0.150838 129
-123456
0.119048 90
0.702381 110
0.178571 130
-123456
0.165746 91
0.679558 111
0.154696 131
-123456
0.106952 86
0.721925 106
0.171123 126
-123456
0.129944 85
0.677966 105
0.19209 125
-123456
0.136364 84
0.727273 104
0.136364 124
-123456
0.188172 83
0.634409 103
0.177419 123
-123456
0.129159 87
0.669276 107
0.201566 127
-123456
-654321
0.152047 89
0.71345 109
0.134503 129
-123456
0.110497 90
0.712707 110
0.176796 130
-123456
0.111111 91
0.789474 111
0.0994152 131
-123456
0.149425 92
0.735632 112
0.114943 132
-123456
0.124731 87
0.71828 107
0.156989 127
-123456
0.114286 86
0.731429 106
0.154286 126
-123456
0.102564 85
0.775641 105
0.121795 125
-123456
0.171053 84
0.723684 104
0.105263 124
-123456
0.162437 88
0.705584 108
0.13198 128
-123456
-654321
0.166667 90
0.691358 110
0.141975 130
-123456
0.161491 91
0.677019 111
0.161491 131
-123456
0.100629 92
0.773585 112
0.125786 132
-123456
0.130719 93
0.764706 113
0.104575 133
-123456
0.125749 88
0.754491 108
0.11976 128
-123456
0.131991 87
0.706935 107
0.161074 127
-123456
0.0941176 86
0.782353 106
0.123529 126
-123456
0.164179 85
0.716418 105
0.119403 125
-123456
0.121429 89
0.778571 109
0.1 129
-123456
-654321
0.135593 91
0.771186 111
0.0932203 131
-123456
0.151079 92
0.76259 112
0.0863309 132
-123456
0.164286 93
0.742857 113
0.0928571 133
-123456
0.164062 94
0.734375 114
0.101562 134
-123456
0.145833 89
0.766667 109
0.0875 129
-123456
0.154341 88
0.729904 108
0.115756 128
-123456
0.15748 87
0.755906 107
0.0866142 127
-123456
0.0991736 86
0.801653 106
0.0991736 126
-123456
0.0986842 90
0.809211 110
0.0921053 130
-123456
-654321
0.135135 92
0.720721 112
0.144144 132
-123456
0.117117 93
0.747748 113
0.135135 133
-123456
0.163265 94
0.744898 114
0.0918367 134
-123456
0.151515 95
0.777778 115
0.0707071 135
-123456
0.0619469 90
0.867257 110
0.0707965 130
-123456
0.163866 89
0.752101 109
0.0840336 129
-123456
0.166667 88
0.724138 108
0.109195 128
-123456
0.154286 87
0.702857 107
0.142857 127
-123456
0.123894 91
0.743363 111
0.132743 131
-123456
-654321
0.223301 93
0.679612 113
0.0970874 133
-123456
0.130435 94
0.771739 114
0.0978261 134
-123456
0.178947 95
0.726316 115
0.0947368 135
-123456
0.197802 96
0.692308 116
0.10989 136
-123456
0.204301 91
0.731183 111
0.0645161 131
-123456
0.157303 90
0.786517 110
0.0561798 130
-123456
0.136364 89
0.738636 109
0.125 129
-123456
0.178439 88
0.70632 108
0.115242 128
-123456
0.116883 92
0.714286 112
0.168831 132
-123456
-654321
0.123457 94
0.740741 114
0.135802 134
-123456
0.0943396 95
0.849057 115
0.0566038 135
-123456
0.180556 96
0.708333 116
0.111111 136
-123456
0.0952381 97
0.785714 117
0.119048 137
-123456
0.173333 92
0.76 112
0.0666667 132
-123456
0.16 91
0.813333 111
0.0266667 131
-123456
0.16129 90
0.774194 110
0.0645161 130
-123456
0.170404 89
0.730942 109
0.0986547 129
-123456
0.136986 93
0.726027 113
0.136986 133
-123456
-654321
0.16 95
0.773333 115
0.0666667 135
-123456
0.202532 96
0.734177 116
0.0632911 136
-123456
0.1875 97
0.734375 117
0.078125 137
-123456
0.177215 98
0.746835 118
0.0759494 138
-123456
0.0952381 93
0.809524 113
0.0952381 133
-123456
0.214286 92
0.7 112
0.0857143 132
-123456
0.130435 91
0.811594 111
0.057971 131
-123456
0.147959 90
0.765306 110
0.0867347 130
-123456
0.12 94
0.813333 114
0.0666667 134
-123456
-654321
0.1875 96
0.75 116
0.0625 136
-123456
0.114754 97
0.836066 117
0.0491803 137
-123456
0.235294 98
0.686275 118
0.0784314 138
-123456
0.153846 99
0.74359 119
0.102564 139
-123456
0.14 94
0.82 114
0.04 134
-123456
0.0895522 93
0.850746 113
0.0597015 133
-123456
0.158537 92
0.719512 112
0.121951 132
-123456
0.210191 91
0.726115 111
0.0636943 131
-123456
0.160714 95
0.767857 115
0.0714286 135
-123456
-654321
0.166667 97
0.729167 117
0.104167 137
-123456
0.157895 98
0.763158 118
0.0789474 138
-123456
0.25 99
0.583333 119
0.166667 139
-123456
0.230769 95
0.730769 115
0.0384615 135
-123456
0.0714286 94
0.880952 114
0.047619 134
-123456
0.228571 93
0.657143 113
0.114286 133
-123456
0.174242 92
0.727273 112
0.0984849 132
-123456
0.206897 96
0.724138 116
0.0689655 136
-123456
-654321
0.0612245 98
0.816327 118
0.122449 138
-123456
0.266667 99
0.711111 119
0.0222222 139
-123456
0.210526 96
0.657895 116
0.131579 136
-123456
0.145833 95
0.708333 115
0.145833 135
-123456
0.116883 94
0.805195 114
0.0779221 134
-123456
0.211765 93
0.717647 113
0.0705882 133
-123456
0.108696 97
0.782609 117
0.108696 137
-123456
-654321
0.25 99
0.6875 119
0.0625 139
-123456
0.333333 97
0.5625 117
0.104167 137
-123456
0.195652 96
0.717391 116
0.0869565 136
-123456
0.186047 95
0.744186 115
0.0697674 135
-123456
0.102273 94
0.806818 114
0.0909091 134
-123456
0.0434783 98
0.869565 118
0.0869565 138
-123456
-654321
0.142857 98
0.821429 118
0.0357143 138
-123456
0.108108 97
0.810811 117
0.0810811 137
-123456
0.15625 96
0.65625 116
0.1875 136
-123456
0.115385 95
0.788462 115
0.0961538 135
-123456
0.15625 99
0.78125 119
0.0625 139
-123456
-654321
0.0517241 101
0.775862 121
0.172414 141
-123456
0.105263 102
0.701754 122
0.192982 142
-123456
0.0333333 103
0.7 123
0.266667 143
-123456
0.121495 104
0.682243 124
0.196262 144
-123456
0.0517241 100
0.793103 120
0.155172 140
-123456
-654321
0.0895522 102
0.731343 122
0.179104 142
-123456
0.0625 103
0.729167 123
0.208333 143
-123456
0.106061 104
0.772727 124
0.121212 144
-123456
0.050505 105
0.828283 125
0.121212 145
-123456
0.030303 100
0.787879 120
0.181818 140
-123456
0.0545455 101
0.690909 121
0.254545 141
-123456
-654321
0.0322581 103
0.870968 123
0.0967742 143
-123456
0.109091 104
0.745455 124
0.145455 144
-123456
0.0677966 105
0.711864 125
0.220339 145
-123456
0.0733333 106
0.713333 126
0.213333 146
-123456
0.0701754 101
0.754386 121
0.175439 141
-123456
0.0983607 100
0.672131 120
0.229508 140
-123456
0.0847458 102
0.779661 122
0.135593 142
-123456
-654321
0.107143 104
0.767857 124
0.125 144
-123456
0.05 105
0.8125 125
0.1375 145
-123456
0.0813954 106
0.784884 126
0.133721 146
-123456
0.1 107
0.816667 127
0.0833333 147
-123456
0.0645161 102
0.790323 122
0.145161 142
-123456
0.0810811 101
0.797297 121
0.121622 141
-123456
0.0517241 100
0.87931 120
0.0689655 140
-123456
0.047619 103
0.777778 123
0.174603 143
-123456
-654321
0.0958904 105
0.767123 125
0.136986 145
-123456
0.0752688 106
0.741935 126
0.182796 146
-123456
0.0465116 107
0.802326 127
0.151163 147
-123456
0.0815217 108
0.771739 128
0.146739 148
-123456
0.132353 103
0.75 123
0.117647 143
-123456
0.0714286 102
0.728571 122
0.2 142
-123456
0.0649351 101
0.792208 121
0.142857 141
-123456
0.121951 100
0.743902 120
0.134146 140
-123456
0.0819672 104
0.754098 124
0.163934 144
-123456
-654321
0.116279 106
0.72093 126
0.162791 146
-123456
0.107843 107
0.77451 127
0.117647 147
-123456
0.112903 108
0.75 128
0.137097 148
-123456
0.081448 109
0.742081 129
0.176471 149
-123456
0.0666667 104
0.76 124
0.173333 144
-123456
0.04 103
0.773333 123
0.186667 143
-123456
0.0813954 102
0.744186 122
0.174419 142
-123456
0.136842 101
0.726316 121
0.136842 141
-123456
0.104651 105
0.767442 125
0.127907 145
-123456
-654321
0.141791 107
0.716418 127
0.141791 147
-123456
0.088 108
0.744 128
0.168 148
-123456
0.101399 109
0.751748 129
0.146853 149
-123456
0.0888889 110
0.77037 130
0.140741 150
-123456
0.0825688 105
0.779817 125
0.137615 145
-123456
0.113043 104
0.695652 124
0.191304 144
-123456
0.122449 103
0.693878 123
0.183673 143
-123456
0.0510204 102
0.826531 122
0.122449 142
-123456
0.153846 106
0.700855 126
0.145299 146
-123456
-654321
0.106667 108
0.808 128
0.0853333 148
-123456
0.0534351 109
0.847328 129
0.0992366 149
-123456
0.0849673 110
0.803922 130
0.111111 150
-123456
0.114504 111
0.78626 131
0.0992366 151
-123456
0.0338983 106
0.822034 126
0.144068 146
-123456
0.0743802 105
0.793388 125
0.132231 145
-123456
0.09375 104
0.820312 124
0.0859375 144
-123456
0.097561 103
0.804878 123
0.097561 143
-123456
0.0769231 107
0.863248 127
0.0598291 147
-123456
-654321
0.0914634 109
0.77439 129
0.134146 149
-123456
0.121212 110
0.795455 130
0.0833333 150
-123456
0.108571 111
0.774286 131
0.117143 151
-123456
0.117241 112
0.737931 132
0.144828 152
-123456
0.120805 107
0.731544 127
0.147651 147
-123456
0.102857 106
0.737143 126
0.16 146
-123456
0.102273 105
0.761364 125
0.136364 145
-123456
0.0948905 104
0.751825 124
0.153285 144
-123456
0.0779817 108
0.743119 128
0.178899 148
-123456
-654321
0.123333 110
0.75 130
0.126667 150
-123456
0.115207 111
0.751152 131
0.133641 151
-123456
0.127517 112
0.731544 132
0.14094 152
-123456
0.0888889 113
0.75 133
0.161111 153
-123456
0.174194 108
0.670968 128
0.154839 148
-123456
0.150289 107
0.728324 127
0.121387 147
-123456
0.0948905 106
0.751825 126
0.153285 146
-123456
0.126667 105
0.713333 125
0.16 145
-123456
0.171141 109
0.697987 129
0.130872 149
-123456
-654321
0.130097 111
0.726214 131
0.143689 151
-123456
0.126437 112
0.764368 132
0.109195 152
-123456
0.122699 113
0.766871 133
0.110429 153
-123456
0.112994 114
0.768362 134
0.118644 154
-123456
0.169399 109
0.677596 129
0.153005 149
-123456
0.115578 108
0.778894 128
0.105528 148
-123456
0.11976 107
0.742515 127
0.137725 147
-123456
0.155556 106
0.738889 126
0.105556 146
-123456
0.117073 110
0.819512 130
0.0634146 150
-123456
-654321
0.157576 112
0.727273 132
0.115152 152
-123456
0.127778 113
0.755556 133
0.116667 153
-123456
0.216495 114
0.680412 134
0.103093 154
-123456
0.125683 115
0.754098 135
0.120219 155
-123456
0.173397 110
0.719715 130
0.106888 150
-123456
0.112299 109
0.721925 129
0.165775 149
-123456
0.115538 108
0.776892 128
0.10757 148
-123456
0.0893855 107
0.793296 127
0.117318 147
-123456
0.162011 111
0.726257 131
0.111732 151
-123456
-654321
0.0984849 113
0.80303 133
0.0984849 153
-123456
0.10084 114
0.798319 134
0.10084 154
-123456
0.147541 115
0.729508 135
0.122951 155
-123456
0.0943396 116
0.839623 136
0.0660377 156
-123456
0.179641 111
0.736527 131
0.0838323 151
-123456
0.135371 110
0.781659 130
0.0829694 150
-123456
0.160194 109
0.718447 129
0.121359 149
-123456
0.138158 108
0.782895 128
0.0789474 148
-123456
0.135135 112
0.783784 132
0.0810811 152
-123456
-654321
0.147826 114
0.773913 134
0.0782609 154
-123456
0.108434 115
0.831325 135
0.060241 155
-123456
0.125 116
0.681818 136
0.193182 156
-123456
0.147059 117
0.745098 137
0.107843 157
-123456
0.108911 112
0.861386 132
0.029703 152
-123456
0.139344 111
0.754098 131
0.106557 151
-123456
0.0990566 110
0.816038 130
0.0849057 150
-123456
0.135747 109
0.733032 129
0.131222 149
-123456
0.180952 113
0.733333 133
0.0857143 153
-123456
-654321
0.142857 115
0.747253 135
0.10989 155
-123456
0.105263 116
0.747368 136
0.147368 156
-123456
0.129032 117
0.774194 137
0.0967742 157
-123456
0.1125 118
0.8 138
0.0875 158
-123456
0.16 113
0.76 133
0.08 153
-123456
0.148649 112
0.756757 132
0.0945946 152
-123456
0.145455 111
0.736364 131
0.118182 151
-123456
0.134021 110
0.783505 130
0.0824742 150
-123456
0.135802 114
0.716049 134
0.148148 154
-123456
-654321
0.164835 116
0.758242 136
0.0769231 156
-123456
0.172043 117
0.763441 137
0.0645161 157
-123456
0.235294 118
0.661765 138
0.102941 158
-123456
0.11 119
0.82 139
0.07 159
-123456
0.116883 114
0.766234 134
0.116883 154
-123456
0.213483 113
0.775281 133
0.011236 153
-123456
0.149425 112
0.758621 132
0.091954 152
-123456
0.170635 111
0.746032 131
0.0833333 151
-123456
0.0857143 115
0.8 135
0.114286 155
-123456
-654321
0.166667 117
0.763889 137
0.0694444 157
-123456
0.123077 118
0.8 138
0.0769231 158
-123456
0.127907 119
0.837209 139
0.0348837 159
-123456
0.175439 115
0.77193 135
0.0526316 155
-123456
0.236364 114
0.709091 134
0.0545455 154
-123456
0.134831 113
0.797753 133
0.0674157 153
-123456
0.171779 112
0.730061 132
0.0981595 152
-123456
0.164706 116
0.729412 136
0.105882 156
-123456
-654321
0.145161 118
0.774194 138
0.0806452 158
-123456
0.0377358 119
0.924528 139
0.0377358 159
-123456
0.0897436 116
0.807692 136
0.102564 156
-123456
0.0779221 115
0.857143 135
0.0649351 155
-123456
0.205128 114
0.769231 134
0.025641 154
-123456
0.125 113
0.772059 133
0.102941 153
-123456
0.0967742 117
0.806452 137
0.0967742 157
-123456
-654321
0.173913 119
0.804348 139
0.0217391 159
-123456
0.125 117
0.8125 137
0.0625 157
-123456
0.145161 116
0.822581 136
0.0322581 156
-123456
0.135135 115
0.783784 135
0.0810811 155
-123456
0.164384 114
0.821918 134
0.0136986 154
-123456
0.104167 118
0.833333 138
0.0625 158
-123456
-654321
0.181818 118
0.709091 138
0.109091 158
-123456
0.109375 117
0.796875 137
0.09375 157
-123456
0.0943396 116
0.811321 136
0.0943396 156
-123456
0.222222 115
0.718518 135
0.0592593 155
-123456
0.204082 119
0.734694 139
0.0612245 159
-123456
-654321
0.0980392 121
0.784314 141
0.117647 161
-123456
0.027027 122
0.891892 142
0.0810811 162
-123456
0.837209 143
0.162791 163
-123456
0.0576923 124
0.75 144
0.192308 164
-123456
0.06 120
0.74 140
0.2 160
-123456
-654321
0.0816327 122
0.714286 142
0.204082 162
-123456
0.0784314 123
0.72549 143
0.196078 163
-123456
0.04 124
0.82 144
0.14 164
-123456
0.08 125
0.808 145
0.112 165
-123456
0.097561 120
0.804878 140
0.097561 160
-123456
0.0196078 121
0.823529 141
0.156863 161
-123456
-654321
0.14 123
0.72 143
0.14 163
-123456
0.0434783 124
0.847826 144
0.108696 164
-123456
0.0545455 125
0.8 145
0.145455 165
-123456
0.0753425 126
0.815068 146
0.109589 166
-123456
0.0196078 121
0.882353 141
0.0980392 161
-123456
0.0508475 120
0.813559 140
0.135593 160
-123456
0.103448 122
0.758621 142
0.137931 162
-123456
-654321
0.03125 124
0.875 144
0.09375 164
-123456
0.0701754 125
0.754386 145
0.175439 165
-123456
0.0980392 126
0.803922 146
0.0980392 166
-123456
0.0596026 127
0.801324 147
0.139073 167
-123456
0.0952381 122
0.833333 142
0.0714286 162
-123456
0.1 121
0.75 141
0.15 161
-123456
0.142857 120
0.746032 140
0.111111 160
-123456
0.0851064 123
0.829787 143
0.0851064 163
-123456
-654321
0.097561 125
0.792683 145
0.109756 165
-123456
0.0632911 126
0.810127 146
0.126582 166
-123456
0.0384615 127
0.897436 147
0.0641026 167
-123456
0.0752688 128
0.774194 148
0.150538 168
-123456
0.0566038 123
0.867925 143
0.0754717 163
-123456
0.0533333 122
0.8 142
0.146667 162
-123456
0.0694444 121
0.777778 141
0.152778 161
-123456
0.0273973 120
0.753425 140
0.219178 160
-123456
0.1 124
0.814286 144
0.0857143 164
-123456
-654321
0.0515464 126
0.783505 146
0.164948 166
-123456
0.104762 127
0.809524 147
0.0857143 167
-123456
0.079602 128
0.80597 148
0.114428 168
-123456
0.0980392 129
0.813725 149
0.0882353 169
-123456
0.0842105 124
0.736842 144
0.178947 164
-123456
0.0875 123
0.775 143
0.1375 163
-123456
0.0555556 122
0.763889 142
0.180556 162
-123456
0.0724638 121
0.768116 141
0.15942 161
-123456
0.0428571 125
0.842857 145
0.114286 165
-123456
-654321
0.0990991 127
0.801802 147
0.0990991 167
-123456
0.116505 128
0.776699 148
0.106796 168
-123456
0.0833333 129
0.798611 149
0.118056 169
-123456
0.0788382 130
0.817427 150
0.103734 170
-123456
0.07 125
0.8 145
0.13 165
-123456
0.107143 124
0.833333 144
0.0595238 164
-123456
0.111111 123
0.790123 143
0.0987654 163
-123456
0.0672269 122
0.789916 142
0.142857 162
-123456
0.0652174 126
0.847826 146
0.0869565 166
-123456
-654321
0.0672269 128
0.798319 148
0.134454 168
-123456
0.0873786 129
0.747573 149
0.165049 169
-123456
0.0996678 130
0.79402 150
0.106312 170
-123456
0.0705128 131
0.775641 151
0.153846 171
-123456
0.0857143 126
0.838095 146
0.0761905 166
-123456
0.0327869 125
0.844262 145
0.122951 165
-123456
0.0818182 124
0.827273 144
0.0909091 164
-123456
0.101852 123
0.814815 143
0.0833333 163
-123456
0.0803571 127
0.803571 147
0.116071 167
-123456
-654321
0.0851064 129
0.787234 149
0.12766 169
-123456
0.0547945 130
0.760274 150
0.184932 170
-123456
0.0687023 131
0.78626 151
0.145038 171
-123456
0.106667 132
0.786667 152
0.106667 172
-123456
0.103175 127
0.777778 147
0.119048 167
-123456
0.119403 126
0.746269 146
0.134328 166
-123456
0.141791 125
0.746269 145
0.11194 165
-123456
0.0615385 124
0.8 144
0.138462 164
-123456
0.103226 128
0.812903 148
0.083871 168
-123456
-654321
0.0756014 130
0.80756 150
0.116838 170
-123456
0.101351 131
0.810811 151
0.0878378 171
-123456
0.0846395 132
0.815047 152
0.100313 172
-123456
0.1 133
0.8 153
0.1 173
-123456
0.0903226 128
0.812903 148
0.0967742 168
-123456
0.128655 127
0.760234 147
0.111111 167
-123456
0.100671 126
0.785235 146
0.114094 166
-123456
0.10596 125
0.794702 145
0.0993377 165
-123456
0.0942029 129
0.804348 149
0.101449 169
-123456
-654321
0.131068 131
0.752427 151
0.116505 171
-123456
0.105263 132
0.771167 152
0.12357 172
-123456
0.122727 133
0.759091 153
0.118182 173
-123456
0.097561 134
0.780488 154
0.121951 174
-123456
0.113122 129
0.737557 149
0.149321 169
-123456
0.13369 128
0.770053 148
0.0962567 168
-123456
0.0931373 127
0.803922 147
0.102941 167
-123456
0.0867052 126
0.797688 146
0.115607 166
-123456
0.0873016 130
0.756614 150
0.156085 170
-123456
-654321
0.116129 132
0.770968 152
0.112903 172
-123456
0.0811966 133
0.811966 153
0.106838 173
-123456
0.133721 134
0.767442 154
0.0988372 174
-123456
0.0931373 135
0.828431 155
0.0784314 175
-123456
0.11875 130
0.78125 150
0.1 170
-123456
0.118959 129
0.776952 149
0.104089 169
-123456
0.0989583 128
0.786458 148
0.114583 168
-123456
0.0895522 127
0.820895 147
0.0895522 167
-123456
0.10061 131
0.771341 151
0.128049 171
-123456
-654321
0.107692 133
0.805128 153
0.0871795 173
-123456
0.109453 134
0.810945 154
0.079602 174
-123456
0.1 135
0.785714 155
0.114286 175
-123456
0.115385 136
0.764423 156
0.120192 176
-123456
0.132231 131
0.756198 151
0.11157 171
-123456
0.139241 130
0.776371 150
0.0843882 170
-123456
0.150943 129
0.75 149
0.0990566 169
-123456
0.108108 128
0.740541 148
0.151351 168
-123456
0.114923 132
0.782161 152
0.102916 172
-123456
-654321
0.132353 134
0.764706 154
0.102941 174
-123456
0.108108 135
0.817568 155
0.0743243 175
-123456
0.113772 136
0.796407 156
0.0898204 176
-123456
0.118056 137
0.798611 157
0.0833333 177
-123456
0.15873 132
0.740741 152
0.100529 172
-123456
0.148571 131
0.754286 151
0.0971429 171
-123456
0.0982456 130
0.831579 150
0.0701754 170
-123456
0.109215 129
0.791809 149
0.0989761 169
-123456
0.140127 133
0.719745 153
0.140127 173
-123456
-654321
0.171875 135
0.695312 155
0.132812 175
-123456
0.146154 136
0.761538 156
0.0923077 176
-123456
0.191304 137
0.73913 157
0.0695652 177
-123456
0.177778 138
0.748148 158
0.0740741 178
-123456
0.105455 133
0.810909 153
0.0836364 173
-123456
0.172185 132
0.768212 152
0.0596026 172
-123456
0.110294 131
0.838235 151
0.0514706 171
-123456
0.11838 130
0.803738 150
0.0778816 170
-123456
0.163121 134
0.744681 154
0.0921986 174
-123456
-654321
0.183333 136
0.733333 156
0.0833333 176
-123456
0.128205 137
0.82906 157
0.042735 177
-123456
0.151786 138
0.758929 158
0.0892857 178
-123456
0.143939 139
0.772727 159
0.0833333 179
-123456
0.105769 134
0.798077 154
0.0961538 174
-123456
0.116379 133
0.801724 153
0.0818966 173
-123456
0.125 132
0.755208 152
0.119792 172
-123456
0.116667 131
0.816667 151
0.0666667 171
-123456
0.177778 135
0.740741 155
0.0814815 175
-123456
-654321
0.135417 137
0.75 157
0.114583 177
-123456
0.0909091 138
0.872727 158
0.0363636 178
-123456
0.137255 139
0.764706 159
0.0980392 179
-123456
0.131868 135
0.791209 155
0.0769231 175
-123456
0.125984 134
0.795276 154
0.0787402 174
-123456
0.166667 133
0.78125 153
0.0520833 173
-123456
0.146552 132
0.775862 152
0.0775862 172
-123456
0.205128 136
0.730769 156
0.0641026 176
-123456
-654321
0.11236 138
0.797753 158
0.0898876 178
-123456
0.123457 139
0.765432 159
0.111111 179
-123456
0.0597015 136
0.850746 156
0.0895522 176
-123456
0.0967742 135
0.870968 155
0.0322581 175
-123456
0.113744 134
0.824645 154
0.0616114 174
-123456
0.0909091 133
0.852273 153
0.0568182 173
-123456
0.135135 137
0.756757 157
0.108108 177
-123456
-654321
0.145833 139
0.770833 159
0.0833333 179
-123456
0.115942 137
0.826087 157
0.057971 177
-123456
0.0963855 136
0.795181 156
0.108434 176
-123456
0.137255 135
0.759804 155
0.102941 175
-123456
0.159091 134
0.795455 154
0.0454545 174
-123456
0.0972222 138
0.861111 158
0.0416667 178
-123456
-654321
0.126582 138
0.822785 158
0.0506329 178
-123456
0.130952 137
0.761905 157
0.107143 177
-123456
0.134328 136
0.791045 156
0.0746269 176
-123456
0.10559 135
0.838509 155
0.0559006 175
-123456
0.142857 139
0.821429 159
0.0357143 179
-123456
-654321
0.0333333 141
0.966667 161
-123456
0.0555556 142
0.87037 162
0.0740741 182
-123456
0.0192308 143
0.903846 163
0.0769231 183
-123456
0.0493827 144
0.82716 164
0.123457 184
-123456
0.103448 140
0.862069 160
0.0344828 180
-123456
-654321
0.0192308 142
0.903846 162
0.0769231 182
-123456
0.0666667 143
0.822222 163
0.111111 183
-123456
0.0769231 144
0.871795 164
0.0512821 184
-123456
0.039604 145
0.811881 165
0.148515 185
-123456
0.0540541 140
0.918919 160
0.027027 180
-123456
0.0606061 141
0.909091 161
0.030303 181
-123456
-654321
0.0784314 143
0.803922 163
0.117647 183
-123456
0.0652174 144
0.913043 164
0.0217391 184
-123456
0.027027 145
0.864865 165
0.108108 185
-123456
0.0492958 146
0.809859 166
0.140845 186
-123456
0.122449 141
0.795918 161
0.0816327 181
-123456
0.0740741 140
0.777778 160
0.148148 180
-123456
0.0512821 142
0.794872 162
0.153846 182
-123456
-654321
0.886364 164
0.113636 184
-123456
0.9 165
0.1 185
-123456
0.107692 146
0.815385 166
0.0769231 186
-123456
0.0666667 147
0.881481 167
0.0518519 187
-123456
0.0869565 142
0.826087 162
0.0869565 182
-123456
0.0204082 141
0.836735 161
0.142857 181
-123456
0.0416667 140
0.770833 160
0.1875 180
-123456
0.02 143
0.74 163
0.24 183
-123456
-654321
0.940298 165
0.0597015 185
-123456
0.0357143 146
0.892857 166
0.0714286 186
-123456
0.0461538 147
0.830769 167
0.123077 187
-123456
0.0427807 148
0.871658 168
0.0855615 188
-123456
0.12766 143
0.765957 163
0.106383 183
-123456
0.0384615 142
0.865385 162
0.0961538 182
-123456
0.0847458 141
0.779661 161
0.135593 181
-123456
0.0740741 140
0.851852 160
0.0740741 180
-123456
0.0714286 144
0.828571 164
0.1 184
-123456
-654321
0.0746269 146
0.791045 166
0.134328 186
-123456
0.0483871 147
0.83871 167
0.112903 187
-123456
0.0731707 148
0.878049 168
0.0487805 188
-123456
0.0833333 149
0.833333 169
0.0833333 189
-123456
0.0571429 144
0.814286 164
0.128571 184
-123456
0.028169 143
0.887324 163
0.084507 183
-123456
0.0869565 142
0.826087 162
0.0869565 182
-123456
0.0571429 141
0.828571 161
0.114286 181
-123456
0.0618557 145
0.876289 165
0.0618557 185
-123456
-654321
0.0736842 147
0.8 167
0.126316 187
-123456
0.0595238 148
0.833333 168
0.107143 188
-123456
0.10084 149
0.865546 169
0.0336134 189
-123456
0.0625 150
0.785156 170
0.152344 190
-123456
0.0746269 145
0.880597 165
0.0447761 185
-123456
0.08 144
0.826667 164
0.0933333 184
-123456
0.0675676 143
0.891892 163
0.0405405 183
-123456
0.117647 142
0.764706 162
0.117647 182
-123456
0.0131579 146
0.815789 166
0.171053 186
-123456
-654321
0.119266 148
0.715596 168
0.165138 188
-123456
0.0769231 149
0.826923 169
0.0961538 189
-123456
0.0679612 150
0.854369 170
0.0776699 190
-123456
0.0680272 151
0.819728 171
0.112245 191
-123456
0.032967 146
0.857143 166
0.10989 186
-123456
0.0582524 145
0.786408 165
0.15534 185
-123456
0.0967742 144
0.774194 164
0.129032 184
-123456
0.0934579 143
0.775701 163
0.130841 183
-123456
0.0430108 147
0.83871 167
0.11828 187
-123456
-654321
0.0763359 149
0.778626 169
0.145038 189
-123456
0.0875912 150
0.846715 170
0.0656934 190
-123456
0.0710059 151
0.816568 171
0.112426 191
-123456
0.0934066 152
0.824176 172
0.0824176 192
-123456
0.0714286 147
0.880952 167
0.047619 187
-123456
0.0703125 146
0.820312 166
0.109375 186
-123456
0.0909091 145
0.845455 165
0.0636364 185
-123456
0.0636364 144
0.809091 164
0.127273 184
-123456
0.0887097 148
0.846774 168
0.0645161 188
-123456
-654321
0.0659341 150
0.818681 170
0.115385 190
-123456
0.123333 151
0.763333 171
0.113333 191
-123456
0.0758294 152
0.85782 172
0.0663507 192
-123456
0.0833333 153
0.844444 173
0.0722222 193
-123456
0.119497 148
0.811321 168
0.0691824 188
-123456
0.0909091 147
0.833333 167
0.0757576 187
-123456
0.0491803 146
0.885246 166
0.0655738 186
-123456
0.0606061 145
0.856061 165
0.0833333 185
-123456
0.0509554 149
0.847134 169
0.101911 189
-123456
-654321
0.0901288 151
0.813305 171
0.0965665 191
-123456
0.0613497 152
0.865031 172
0.0736196 192
-123456
0.0717949 153
0.835897 173
0.0923077 193
-123456
0.0463918 154
0.840206 174
0.113402 194
-123456
0.116129 149
0.819355 169
0.0645161 189
-123456
0.0982659 148
0.786127 168
0.115607 188
-123456
0.0921986 147
0.843972 167
0.0638298 187
-123456
0.151163 146
0.761628 166
0.0872093 186
-123456
0.12963 150
0.783951 170
0.0864198 190
-123456
-654321
0.0973913 152
0.812174 172
0.0904348 192
-123456
0.135593 153
0.754237 173
0.110169 193
-123456
0.0753769 154
0.824121 174
0.100503 194
-123456
0.120172 155
0.729614 175
0.150215 195
-123456
0.0860656 150
0.827869 170
0.0860656 190
-123456
0.112971 149
0.790795 169
0.0962343 189
-123456
0.0821256 148
0.830918 168
0.0869565 188
-123456
0.0967742 147
0.824885 167
0.078341 187
-123456
0.084375 151
0.8 171
0.115625 191
-123456
-654321
0.0960699 153
0.820961 173
0.0829694 193
-123456
0.0920245 154
0.802147 174
0.105828 194
-123456
0.0685484 155
0.866935 175
0.0645161 195
-123456
0.0917031 156
0.799127 176
0.10917 196
-123456
0.0365297 151
0.890411 171
0.0730594 191
-123456
0.083004 150
0.822134 170
0.0948617 190
-123456
0.0888889 149
0.826667 169
0.0844444 189
-123456
0.115226 148
0.814815 168
0.0699589 188
-123456
0.107843 152
0.838235 172
0.0539216 192
-123456
-654321
0.0839161 154
0.835664 174
0.0804196 194
-123456
0.117333 155
0.818667 175
0.064 195
-123456
0.126697 156
0.78733 176
0.0859729 196
-123456
0.0858369 157
0.83691 177
0.0772532 197
-123456
0.0801887 152
0.820755 172
0.0990566 192
-123456
0.142857 151
0.753247 171
0.103896 191
-123456
0.0995025 150
0.835821 170
0.0646766 190
-123456
0.0990991 149
0.806306 169
0.0945946 189
-123456
0.0978474 153
0.786693 173
0.11546 193
-123456
-654321
0.125475 155
0.813688 175
0.0608365 195
-123456
0.134058 156
0.789855 176
0.076087 196
-123456
0.103586 157
0.812749 177
0.0836653 197
-123456
0.107981 158
0.793427 178
0.0985916 198
-123456
0.1 153
0.805714 173
0.0942857 193
-123456
0.101392 152
0.823062 172
0.0755467 192
-123456
0.130045 151
0.7713 171
0.0986547 191
-123456
0.12931 150
0.793103 170
0.0775862 190
-123456
0.0987654 154
0.804527 174
0.0967078 194
-123456
-654321
0.0981308 156
0.817757 176
0.0841122 196
-123456
0.0732984 157
0.827225 177
0.0994764 197
-123456
0.09 158
0.8 178
0.11 198
-123456
0.121693 159
0.783069 179
0.0952381 199
-123456
0.0816327 154
0.860058 174
0.058309 194
-123456
0.101124 153
0.83427 173
0.0646067 193
-123456
0.114007 152
0.76873 172
0.117264 192
-123456
0.0772947 151
0.84058 171
0.0821256 191
-123456
0.0829694 155
0.847162 175
0.069869 195
-123456
-654321
0.0909091 157
0.811189 177
0.0979021 197
-123456
0.12426 158
0.792899 178
0.0828402 198
-123456
0.125874 159
0.797203 179
0.0769231 199
-123456
0.111969 155
0.783784 175
0.104247 195
-123456
0.0862069 154
0.816092 174
0.0977011 194
-123456
0.0928793 153
0.829721 173
0.0773994 193
-123456
0.107143 152
0.815476 172
0.077381 192
-123456
0.0860215 156
0.860215 176
0.0537634 196
-123456
-654321
0.0714286 158
0.821429 178
0.107143 198
-123456
0.1 159
0.841667 179
0.0583333 199
-123456
0.110345 156
0.806897 176
0.0827586 196
-123456
0.105263 155
0.828947 175
0.0657895 195
-123456
0.0988142 154
0.83004 174
0.0711462 194
-123456
0.139098 153
0.781955 173
0.0789474 193
-123456
0.0974026 157
0.818182 177
0.0844156 197
-123456
-654321
0.0763359 159
0.847328 179
0.0763359 199
-123456
0.0859375 157
0.867188 177
0.046875 197
-123456
0.130769 156
0.792308 176
0.0769231 196
-123456
0.0625 155
0.888889 175
0.0486111 195
-123456
0.0899654 154
0.83737 174
0.0726644 194
-123456
0.145299 158
0.769231 178
0.0854701 198
-123456
-654321
0.0970874 158
0.864078 178
0.038835 198
-123456
0.097561 157
0.813008 177
0.0894309 197
-123456
0.0447761 156
0.873134 176
0.0820896 196
-123456
0.0726496 155
0.850427 175
0.0769231 195
-123456
0.0483871 159
0.91129 179
0.0403226 199
-123456
-654321
1 181
-123456
0.0273973 162
0.972603 182
-123456
0.025974 163
0.974026 183
-123456
0.0457516 164
0.954248 184
-123456
1 180
-123456
-654321
0.0307692 162
0.969231 182
-123456
0.0298507 163
0.970149 183
-123456
0.029703 164
0.970297 184
-123456
0.0526316 165
0.947368 185
-123456
0.108108 160
0.891892 180
-123456
0.0289855 161
0.971014 181
-123456
-654321
0.0291262 163
0.970874 183
-123456
0.043956 164
0.956044 184
-123456
1 185
-123456
0.036036 166
0.963964 186
-123456
0.0375 161
0.9625 181
-123456
0.0449438 160
0.955056 180
-123456
0.0111111 162
0.988889 182
-123456
-654321
0.0210526 164
0.978947 184
-123456
0.0454545 165
0.954545 185
-123456
0.030303 166
0.969697 186
-123456
0.047619 167
0.952381 187
-123456
0.0104167 162
0.989583 182
-123456
0.0449438 161
0.955056 181
-123456
0.0326087 160
0.967391 180
-123456
0.0520833 163
0.947917 183
-123456
-654321
0.036036 165
0.963964 185
-123456
0.0462963 166
0.953704 186
-123456
0.0285714 167
0.971429 187
-123456
0.0403727 168
0.959627 188
-123456
0.0420168 163
0.957983 183
-123456
0.0487805 162
0.951219 182
-123456
0.00900901 161
0.990991 181
-123456
0.0196078 160
0.980392 180
-123456
0.0275229 164
0.972477 184
-123456
-654321
0.0534351 166
0.946565 186
-123456
0.0149254 167
0.985075 187
-123456
0.0337838 168
0.966216 188
-123456
0.0353261 169
0.964674 189
-123456
0.0687023 164
0.931298 184
-123456
0.0186916 163
0.981308 183
-123456
0.0245902 162
0.97541 182
-123456
0.0322581 161
0.967742 181
-123456
0.0409836 165
0.959016 185
-123456
-654321
0.0238095 167
0.97619 187
-123456
0.028777 168
0.971223 188
-123456
0.0482759 169
0.951724 189
-123456
0.0022779 90
0.0410023 170
0.95672 190
-123456
0.038961 165
0.961039 185
-123456
0.0289855 164
0.971014 184
-123456
0.0318471 163
0.968153 183
-123456
0.0467836 162
0.953216 182
-123456
0.0217391 166
0.978261 186
-123456
-654321
0.04 168
0.96 188
-123456
0.0299401 169
0.97006 189
-123456
0.0358306 170
0.964169 190
-123456
0.0422535 171
0.957747 191
-123456
0.0457143 166
0.954286 186
-123456
0.0294118 165
0.970588 185
-123456
0.025 164
0.975 184
-123456
0.0153846 163
0.984615 183
-123456
0.0612245 167
0.938776 187
-123456
-654321
0.0288462 169
0.971154 189
-123456
0.0283019 170
0.971698 190
-123456
0.0440529 171
0.955947 191
-123456
0.0497738 172
0.950226 192
-123456
0.0510204 167
0.94898 187
-123456
0.0289855 166
0.971014 186
-123456
0.0368664 165
0.963134 185
-123456
0.0336538 164
0.966346 184
-123456
0.052356 168
0.947644 188
-123456
-654321
0.047619 170
0.952381 190
-123456
0.0363636 171
0.963636 191
-123456
0.0234899 172
0.97651 192
-123456
0.0297177 173
0.970282 193
-123456
0.034749 168
0.965251 188
-123456
0.0128205 167
0.987179 187
-123456
0.0429185 166
0.957082 186
-123456
0.0241935 165
0.975806 185
-123456
0.0254237 169
0.974576 189
-123456
-654321
0.0395137 171
0.960486 191
-123456
0.0310559 172
0.968944 192
-123456
0.0487805 173
0.951219 193
-123456
0.00108696 94
0.0413043 174
0.957609 194
-123456
0.0237288 169
0.976271 189
-123456
0.0311419 168
0.968858 188
-123456
0.0392857 167
0.960714 187
-123456
0.027027 166
0.972973 186
-123456
0.0236486 170
0.976351 190
-123456
-654321
0.030137 172
0.969863 192
-123456
0.045302 173
0.954698 193
-123456
0.0430267 174
0.956973 194
-123456
0.0405904 175
0.95941 195
-123456
0.0375723 170
0.962428 190
-123456
0.0265957 169
0.973404 189
-123456
0.0431267 168
0.956873 188
-123456
0.0319767 167
0.968023 187
-123456
0.0360825 171
0.963918 191
-123456
-654321
0.0455531 173
0.954447 193
-123456
0.033264 174
0.966736 194
-123456
0.0342298 175
0.96577 195
-123456
0.0414286 176
0.958571 196
-123456
0.037123 171
0.962877 191
-123456
0.030445 170
0.969555 190
-123456
0.0501319 169
0.949868 189
-123456
0.0397022 168
0.960298 188
-123456
0.0468384 172
0.953162 192
-123456
-654321
0.0365449 174
0.963455 194
-123456
0.0418376 175
0.958162 195
-123456
0.0332717 176
0.966728 196
-123456
0.038961 177
0.961039 197
-123456
0.0452675 172
0.954733 192
-123456
0.0410959 171
0.958904 191
-123456
0.0430839 170
0.956916 190
-123456
0.0450644 169
0.954936 189
-123456
0.0355649 173
0.964435 193
-123456
-654321
0.0379221 175
0.962078 195
-123456
0.0310458 176
0.968954 196
-123456
0.0352 177
0.9648 197
-123456
0.0382166 178
0.961783 198
-123456
0.04375 173
0.95625 193
-123456
0.0363924 172
0.963608 192
-123456
0.0252101 171
0.97479 191
-123456
0.0386643 170
0.961336 190
-123456
0.0416667 174
0.958333 194
-123456
-654321
0.0512091 176
0.948791 196
-123456
0.0401338 177
0.959866 197
-123456
0.0322581 178
0.967742 198
-123456
0.0339426 179
0.966057 199
-123456
0.0502092 174
0.949791 194
-123456
0.0340909 173
0.965909 193
-123456
0.0424967 172
0.957503 192
-123456
0.0426357 171
0.957364 191
-123456
0.0482234 175
0.951777 195
-123456
-654321
0.0485437 177
0.951456 197
-123456
0.0470383 178
0.952962 198
-123456
0.0392157 179
0.960784 199
-123456
0.0490405 175
0.95096 195
-123456
0.0530303 174
0.94697 194
-123456
0.0363901 173
0.96361 193
-123456
0.0294659 172
0.970534 192
-123456
0.040404 176
0.959596 196
-123456
-654321
0.0514541 178
0.948546 198
-123456
0.0305677 179
0.969432 199
-123456
0.0527523 176
0.947248 196
-123456
0.0448029 175
0.955197 195
-123456
0.0398887 174
0.960111 194
-123456
0.0320513 173
0.967949 193
-123456
0.0519187 177
0.948081 197
-123456
-654321
0.0280374 179
0.971963 199
-123456
0.0352941 177
0.964706 197
-123456
0.0303951 176
0.969605 196
-123456
0.0264901 175
0.97351 195
-123456
0.0444162 174
0.955584 194
-123456
0.0629371 178
0.937063 198
-123456
-654321
0.0432692 178
0.956731 198
-123456
0.039801 177
0.960199 197
-123456
0.0420032 176
0.957997 196
-123456
0.0350365 175
0.964963 195
-123456
0.0422222 179
0.957778 199
-123456
-654321
