0.955455 1
0.0445455 11
-123456
0.967834 2
0.0321665 12
-123456
0.954858 3
0.0451423 13
-123456
0.968254 4
0.0308123 14
0.000933707 44
-123456
0.95638 0
0.0436201 10
-123456
-654321
0.974359 2
0.025641 12
-123456
0.958498 3
0.041502 13
-123456
0.964657 4
0.035343 14
-123456
0.969262 5
0.0307377 15
-123456
0.961606 0
0.0383944 10
-123456
0.960499 1
0.039501 11
-123456
-654321
0.959459 3
0.0405405 13
-123456
0.957071 4
0.0429293 14
-123456
0.977387 5
0.0226131 15
-123456
0.952494 6
0.0475059 16
-123456
0.958025 1
0.0419753 11
-123456
0.961296 0
0.0387039 10
-123456
0.958838 2
0.0411622 12
-123456
-654321
0.954198 4
0.0458015 14
-123456
0.951743 5
0.0482574 15
-123456
0.950725 6
0.0492754 16
-123456
0.951654 7
0.0483461 17
-123456
0.970109 2
0.0298913 12
-123456
0.950954 1
0.0490463 11
-123456
0.957117 0
0.0428832 10
-123456
0.966759 3
0.033241 13
-123456
-654321
0.961538 5
0.0384615 15
-123456
0.963788 6
0.0362117 16
-123456
0.951087 7
0.048913 17
-123456
0.963964 8
0.036036 18
-123456
0.93125 3
0.06875 13
-123456
0.960133 2
0.0398671 12
-123456
0.963788 1
0.0362117 11
-123456
0.958917 0
0.0410831 10
-123456
0.965616 4
0.034384 14
-123456
-654321
0.956349 6
0.0436508 16
-123456
0.954198 7
0.0458015 17
-123456
0.965065 8
0.0349345 18
-123456
0.975 9
0.025 19
-123456
0.966942 4
0.0289256 14
0.00413223 44
-123456
0.957854 3
0.0421456 13
-123456
0.962838 2
0.0371622 12
-123456
0.963885 1
0.0361146 11
-123456
0.944206 5
0.055794 15
-123456
-654321
0.96347 7
0.0365297 17
-123456
0.967742 8
0.0322581 18
-123456
0.952174 9
0.0434783 19
0.00434783 59
-123456
0.948936 5
0.0510638 15
-123456
0.969957 4
0.0300429 14
-123456
0.964126 3
0.0358744 13
-123456
0.958882 2
0.0394737 12
0.00164474 42
-123456
0.97807 6
0.0219298 16
-123456
-654321
0.971963 8
0.0280374 18
-123456
0.956938 9
0.0430622 19
-123456
0.974619 6
0.0253807 16
-123456
0.977528 5
0.0224719 15
-123456
0.967136 4
0.0328638 14
-123456
0.957118 3
0.0428816 13
-123456
0.933649 7
0.0663507 17
-123456
-654321
0.970149 9
0.0298507 19
-123456
0.960591 7
0.0394089 17
-123456
0.956989 6
0.0430108 16
-123456
0.978836 5
0.021164 15
-123456
0.97136 4
0.0286396 14
-123456
0.988636 8
0.0113636 18
-123456
-654321
0.972678 8
0.0273224 18
-123456
0.963855 7
0.0361446 17
-123456
0.978261 6
0.0217391 16
-123456
0.940678 5
0.059322 15
-123456
0.970414 9
0.0295858 19
-123456
-654321
0.0454545 1
0.86014 11
0.0944056 21
-123456
0.0659026 2
0.845272 12
0.0888252 22
-123456
0.0913979 3
0.833333 13
0.0752688 23
-123456
0.0845771 4
0.810945 14
0.104478 24
-123456
0.0913462 0
0.846154 10
0.0625 20
-123456
-654321
0.0843707 2
0.804979 12
0.11065 22
-123456
0.110727 3
0.761246 13
0.128028 23
-123456
0.084507 4
0.827465 14
0.0880282 24
-123456
0.109489 5
0.80292 15
0.0875912 25
-123456
0.122807 0
0.757895 10
0.119298 20
-123456
0.136808 1
0.771987 11
0.0912052 21
-123456
-654321
0.0664062 3
0.835938 13
0.0976562 23
-123456
0.110132 4
0.84141 14
0.0484582 24
-123456
0.128205 5
0.786325 15
0.0854701 25
-123456
0.0909091 6
0.793388 16
0.115702 26
-123456
0.0720131 1
0.806874 11
0.121113 21
-123456
0.0893617 0
0.825532 10
0.0851064 20
-123456
0.0996678 2
0.807309 12
0.0930233 22
-123456
-654321
0.0507246 4
0.869565 14
0.0797101 24
-123456
0.0763889 5
0.819444 15
0.104167 25
-123456
0.0693642 6
0.855491 16
0.0751445 26
-123456
0.0981595 7
0.822086 17
0.0797546 27
-123456
0.0921502 2
0.819113 12
0.0887372 22
-123456
0.101307 1
0.826797 11
0.0718954 21
-123456
0.0705128 0
0.858974 10
0.0705128 20
-123456
0.117647 3
0.823529 13
0.0588235 23
-123456
-654321
0.0939597 5
0.845638 15
0.0604027 25
-123456
0.0818713 6
0.818713 16
0.0994152 26
-123456
0.0939597 7
0.852349 17
0.0536913 27
-123456
0.0993789 8
0.826087 18
0.0745342 28
-123456
0.0987654 3
0.783951 13
0.117284 23
-123456
0.105263 2
0.848684 12
0.0460526 22
-123456
0.0746562 1
0.836935 11
0.0884086 21
-123456
0.125 0
0.795455 10
0.0795455 20
-123456
0.0612245 4
0.836735 14
0.102041 24
-123456
-654321
0.153846 6
0.769231 16
0.0769231 26
-123456
0.0933333 7
0.806667 17
0.1 27
-123456
0.108911 8
0.811881 18
0.0792079 28
-123456
0.096 9
0.808 19
0.096 29
-123456
0.0785714 4
0.842857 14
0.0785714 24
-123456
0.0884956 3
0.814159 13
0.0973451 23
-123456
0.111111 2
0.833333 12
0.0555556 22
-123456
0.0938416 1
0.821114 11
0.085044 21
-123456
0.102941 5
0.823529 15
0.0735294 25
-123456
-654321
0.043956 7
0.868132 17
0.0879121 27
-123456
0.104762 8
0.8 18
0.0952381 28
-123456
0.0901639 9
0.836066 19
0.0737705 29
-123456
0.114286 5
0.780952 15
0.104762 25
-123456
0.0982143 4
0.794643 14
0.107143 24
-123456
0.103774 3
0.745283 13
0.150943 23
-123456
0.0866667 2
0.816667 12
0.0966667 22
-123456
0.0620155 6
0.837209 16
0.100775 26
-123456
-654321
0.13913 8
0.782609 18
0.0782609 28
-123456
0.114583 9
0.791667 19
0.09375 29
-123456
0.0989011 6
0.78022 16
0.120879 26
-123456
0.0686275 5
0.852941 15
0.0784314 25
-123456
0.0564103 4
0.85641 14
0.0871795 24
-123456
0.112426 3
0.804734 13
0.0828402 23
-123456
0.0571429 7
0.87619 17
0.0666667 27
-123456
-654321
0.0392157 9
0.882353 19
0.0784314 29
-123456
0.0786517 7
0.853933 17
0.0674157 27
-123456
0.0987654 6
0.753086 16
0.148148 26
-123456
0.0537634 5
0.870968 15
0.0752688 25
-123456
0.0821918 4
0.840183 14
0.0776256 24
-123456
0.0348837 8
0.918605 18
0.0465116 28
-123456
-654321
0.060241 8
0.855422 18
0.0843373 28
-123456
0.0886076 7
0.835443 17
0.0759494 27
-123456
0.126214 6
0.825243 16
0.0485437 26
-123456
0.107143 5
0.803571 15
0.0892857 25
-123456
0.0666667 9
0.855556 19
0.0777778 29
-123456
-654321
0.096 11
0.824 21
0.08 31
-123456
0.10084 12
0.815126 22
0.0840336 32
-123456
0.116788 13
0.773723 23
0.109489 33
-123456
0.156 14
0.712 24
0.132 34
-123456
0.0992366 10
0.870229 20
0.0305344 30
-123456
-654321
0.105691 12
0.796748 22
0.097561 32
-123456
0.0625 13
0.847222 23
0.0902778 33
-123456
0.0893855 14
0.837989 24
0.0726257 34
-123456
0.101449 15
0.833333 25
0.0652174 35
-123456
0.0729927 10
0.810219 20
0.116788 30
-123456
0.0542636 11
0.844961 21
0.100775 31
-123456
-654321
0.114428 13
0.781095 23
0.104478 33
-123456
0.158824 14
0.735294 24
0.105882 34
-123456
0.0552486 15
0.812155 25
0.132597 35
-123456
0.0588235 16
0.843137 26
0.0980392 36
-123456
0.10241 11
0.759036 21
0.138554 31
-123456
0.131737 10
0.742515 20
0.125749 30
-123456
0.0935673 12
0.807018 22
0.0994152 32
-123456
-654321
0.101523 14
0.812183 24
0.0862944 34
-123456
0.0824742 15
0.773196 25
0.14433 35
-123456
0.0990099 16
0.777228 26
0.123762 36
-123456
0.10989 17
0.807692 27
0.0824176 37
-123456
0.0685484 12
0.798387 22
0.133065 32
-123456
0.113772 11
0.724551 21
0.161677 31
-123456
0.123529 10
0.805882 20
0.0705882 30
-123456
0.128676 13
0.779412 23
0.0919118 33
-123456
-654321
0.0576923 15
0.820513 25
0.121795 35
-123456
0.0903955 16
0.774011 26
0.135593 36
-123456
0.0994475 17
0.751381 27
0.149171 37
-123456
0.103226 18
0.812903 28
0.083871 38
-123456
0.100806 13
0.798387 23
0.100806 33
-123456
0.104265 12
0.781991 22
0.113744 32
-123456
0.128049 11
0.780488 21
0.0914634 31
-123456
0.113095 10
0.755952 20
0.130952 30
-123456
0.133489 14
0.75644 24
0.11007 34
-123456
-654321
0.092437 16
0.815126 26
0.092437 36
-123456
0.0862069 17
0.818965 27
0.0948276 37
-123456
0.147287 18
0.782946 28
0.0697674 38
-123456
0.0927835 19
0.814433 29
0.0927835 39
-123456
0.142857 14
0.776398 24
0.0807453 34
-123456
0.105691 13
0.821138 23
0.0731707 33
-123456
0.104816 12
0.776204 22
0.11898 32
-123456
0.0526316 11
0.815789 21
0.131579 31
-123456
0.117647 15
0.816993 25
0.0653595 35
-123456
-654321
0.135135 17
0.774775 27
0.0900901 37
-123456
0.12844 18
0.752294 28
0.119266 38
-123456
0.107843 19
0.764706 29
0.127451 39
-123456
0.0571429 15
0.807143 25
0.135714 35
-123456
0.116667 14
0.8 24
0.0833333 34
-123456
0.111111 13
0.799283 23
0.0896057 33
-123456
0.0992908 12
0.836879 22
0.0638298 32
-123456
0.111111 16
0.738095 26
0.150794 36
-123456
-654321
0.0978261 18
0.73913 28
0.163043 38
-123456
0.104167 19
0.78125 29
0.114583 39
-123456
0.11828 16
0.795699 26
0.0860215 36
-123456
0.0980392 15
0.803922 25
0.0980392 35
-123456
0.12069 14
0.732759 24
0.146552 34
-123456
0.139831 13
0.733051 23
0.127119 33
-123456
0.0824742 17
0.804124 27
0.113402 37
-123456
-654321
0.0454545 19
0.852273 29
0.102273 39
-123456
0.134831 17
0.775281 27
0.0898876 37
-123456
0.0410959 16
0.821918 26
0.136986 36
-123456
0.114286 15
0.733333 25
0.152381 35
-123456
0.144444 14
0.744444 24
0.111111 34
-123456
0.235955 18
0.662921 28
0.101124 38
-123456
-654321
0.146341 18
0.743902 28
0.109756 38
-123456
0.104167 17
0.791667 27
0.104167 37
-123456
0.103896 16
0.805195 26
0.0909091 36
-123456
0.108108 15
0.837838 25
0.0540541 35
-123456
0.0804598 19
0.850575 29
0.0689655 39
-123456
-654321
0.144737 21
0.697368 31
0.157895 41
-123456
0.115385 22
0.730769 32
0.153846 42
-123456
0.148515 23
0.712871 33
0.138614 43
-123456
0.134146 24
0.701219 34
0.164634 44
-123456
0.09 20
0.75 30
0.16 40
-123456
-654321
0.09375 22
0.78125 32
0.125 42
-123456
0.12 23
0.773333 33
0.106667 43
-123456
0.117347 24
0.806122 34
0.0765306 44
-123456
0.0909091 25
0.790909 35
0.118182 45
-123456
0.07 20
0.85 30
0.08 40
-123456
0.157143 21
0.742857 31
0.1 41
-123456
-654321
0.0761905 23
0.771429 33
0.152381 43
-123456
0.118812 24
0.772277 34
0.108911 44
-123456
0.15625 25
0.78125 35
0.0625 45
-123456
0.0877193 26
0.77193 36
0.140351 46
-123456
0.150442 21
0.716814 31
0.132743 41
-123456
0.164706 20
0.694118 30
0.141176 40
-123456
0.11215 22
0.738318 32
0.149533 42
-123456
-654321
0.0816327 24
0.863946 34
0.0544218 44
-123456
0.124378 25
0.716418 35
0.159204 45
-123456
0.137725 26
0.778443 36
0.0838323 46
-123456
0.163462 27
0.740385 37
0.0961538 47
-123456
0.0769231 22
0.803419 32
0.119658 42
-123456
0.149533 21
0.803738 31
0.046729 41
-123456
0.11215 20
0.82243 30
0.0654206 40
-123456
0.0934579 23
0.82243 33
0.0841122 43
-123456
-654321
0.11336 25
0.744939 35
0.1417 45
-123456
0.126344 26
0.728495 36
0.145161 46
-123456
0.0882353 27
0.742647 37
0.169118 47
-123456
0.141791 28
0.761194 38
0.0970149 48
-123456
0.145695 23
0.735099 33
0.119205 43
-123456
0.152318 22
0.721854 32
0.125828 42
-123456
0.122449 21
0.70068 31
0.176871 41
-123456
0.0993377 20
0.788079 30
0.112583 40
-123456
0.134715 24
0.761658 34
0.103627 44
-123456
-654321
0.121094 26
0.75 36
0.128906 46
-123456
0.131579 27
0.780702 37
0.0877193 47
-123456
0.121495 28
0.738318 38
0.140187 48
-123456
0.0819672 29
0.778689 39
0.139344 49
-123456
0.110577 24
0.735577 34
0.153846 44
-123456
0.114754 23
0.770492 33
0.114754 43
-123456
0.132743 22
0.79646 32
0.0707965 42
-123456
0.125984 21
0.748031 31
0.125984 41
-123456
0.153061 25
0.75 35
0.0969388 45
-123456
-654321
0.0592105 27
0.809211 37
0.131579 47
-123456
0.0723684 28
0.782895 38
0.144737 48
-123456
0.122807 29
0.748538 39
0.128655 49
-123456
0.132948 25
0.710983 35
0.156069 45
-123456
0.135556 24
0.74 34
0.124444 44
-123456
0.127389 23
0.796178 33
0.0764331 43
-123456
0.178378 22
0.72973 32
0.0918919 42
-123456
0.125 26
0.727273 36
0.147727 46
-123456
-654321
0.0917431 28
0.798165 38
0.110092 48
-123456
0.0470588 29
0.847059 39
0.105882 49
-123456
0.15311 26
0.746412 36
0.100478 46
-123456
0.16 25
0.76 35
0.08 45
-123456
0.144231 24
0.740385 34
0.115385 44
-123456
0.0939597 23
0.778524 33
0.127517 43
-123456
0.0877193 27
0.789474 37
0.122807 47
-123456
-654321
0.139785 29
0.763441 39
0.0967742 49
-123456
0.0612245 27
0.826531 37
0.112245 47
-123456
0.142857 26
0.764706 36
0.092437 46
-123456
0.079646 25
0.769912 35
0.150442 45
-123456
0.0876289 24
0.798969 34
0.113402 44
-123456
0.151515 28
0.747475 38
0.10101 48
-123456
-654321
0.107143 28
0.785714 38
0.107143 48
-123456
0.135417 27
0.791667 37
0.0729167 47
-123456
0.138614 26
0.732673 36
0.128713 46
-123456
0.127551 25
0.744898 35
0.127551 45
-123456
0.161616 29
0.717172 39
0.121212 49
-123456
-654321
0.0810811 31
0.783784 41
0.135135 51
-123456
0.107692 32
0.784615 42
0.107692 52
-123456
0.0833333 33
0.797619 43
0.119048 53
-123456
0.0928571 34
0.828571 44
0.0785714 54
-123456
0.166667 30
0.772727 40
0.0606061 50
-123456
-654321
0.139241 32
0.734177 42
0.126582 52
-123456
0.0853659 33
0.817073 43
0.097561 53
-123456
0.152542 34
0.728814 44
0.118644 54
-123456
0.0930233 35
0.784884 45
0.122093 55
-123456
0.0869565 30
0.797101 40
0.115942 50
-123456
0.2 31
0.6625 41
0.1375 51
-123456
-654321
0.123596 33
0.741573 43
0.134831 53
-123456
0.129032 34
0.758065 44
0.112903 54
-123456
0.0756757 35
0.772973 45
0.151351 55
-123456
0.143939 36
0.765152 46
0.0909091 56
-123456
0.116883 31
0.805195 41
0.0779221 51
-123456
0.105882 30
0.811765 40
0.0823529 50
-123456
0.0882353 32
0.784314 42
0.127451 52
-123456
-654321
0.116279 34
0.825581 44
0.0581395 54
-123456
0.0821918 35
0.821918 45
0.0958904 55
-123456
0.0857143 36
0.792857 46
0.121429 56
-123456
0.087963 37
0.763889 47
0.148148 57
-123456
0.170455 32
0.75 42
0.0795455 52
-123456
0.139785 31
0.763441 41
0.0967742 51
-123456
0.113636 30
0.738636 40
0.147727 50
-123456
0.10101 33
0.79798 43
0.10101 53
-123456
-654321
0.118182 35
0.8 45
0.0818182 55
-123456
0.121711 36
0.75 46
0.128289 56
-123456
0.0857143 37
0.828571 47
0.0857143 57
-123456
0.138614 38
0.752475 48
0.108911 58
-123456
0.119565 33
0.782609 43
0.0978261 53
-123456
0.132075 32
0.735849 42
0.132075 52
-123456
0.104762 31
0.742857 41
0.152381 51
-123456
0.0714286 30
0.803571 40
0.125 50
-123456
0.104167 34
0.8125 44
0.0833333 54
-123456
-654321
0.120823 36
0.735219 46
0.143959 56
-123456
0.154472 37
0.715447 47
0.130081 57
-123456
0.116071 38
0.794643 48
0.0892857 58
-123456
0.114504 39
0.709924 49
0.175573 59
-123456
0.181818 34
0.702479 44
0.115702 54
-123456
0.201754 33
0.649123 43
0.149123 53
-123456
0.113043 32
0.756522 42
0.130435 52
-123456
0.150794 31
0.698413 41
0.150794 51
-123456
0.0909091 35
0.818182 45
0.0909091 55
-123456
-654321
0.143302 37
0.719626 47
0.137072 57
-123456
0.0995671 38
0.792208 48
0.108225 58
-123456
0.109375 39
0.765625 49
0.125 59
-123456
0.125654 35
0.717277 45
0.157068 55
-123456
0.120603 34
0.763819 44
0.115578 54
-123456
0.145349 33
0.755814 43
0.0988372 53
-123456
0.106509 32
0.769231 42
0.12426 52
-123456
0.151703 36
0.74613 46
0.102167 56
-123456
-654321
0.19337 38
0.657459 48
0.149171 58
-123456
0.131034 39
0.737931 49
0.131034 59
-123456
0.107266 36
0.785467 46
0.107266 56
-123456
0.0848485 35
0.781818 45
0.133333 55
-123456
0.12 34
0.746667 44
0.133333 54
-123456
0.136364 33
0.766234 43
0.0974026 53
-123456
0.0989761 37
0.767918 47
0.133106 57
-123456
-654321
0.154472 39
0.739837 49
0.105691 59
-123456
0.0963855 37
0.779116 47
0.124498 57
-123456
0.0833333 36
0.807292 46
0.109375 56
-123456
0.112676 35
0.788732 45
0.0985916 55
-123456
0.151515 34
0.69697 44
0.151515 54
-123456
0.143885 38
0.741007 48
0.115108 58
-123456
-654321
0.0914286 38
0.794286 48
0.114286 58
-123456
0.15873 37
0.698413 47
0.142857 57
-123456
0.173913 36
0.731884 46
0.0942029 56
-123456
0.0971429 35
0.737143 45
0.165714 55
-123456
0.137097 39
0.774194 49
0.0887097 59
-123456
-654321
0.0925926 41
0.814815 51
0.0925926 61
-123456
0.172414 42
0.724138 52
0.103448 62
-123456
0.123288 43
0.712329 53
0.164384 63
-123456
0.100917 44
0.807339 54
0.0917431 64
-123456
0.0869565 40
0.826087 50
0.0869565 60
-123456
-654321
0.245283 42
0.603774 52
0.150943 62
-123456
0.118421 43
0.776316 53
0.105263 63
-123456
0.152941 44
0.752941 54
0.0941176 64
-123456
0.153846 45
0.679487 55
0.166667 65
-123456
0.0615385 40
0.815385 50
0.123077 60
-123456
0.0816327 41
0.755102 51
0.163265 61
-123456
-654321
0.111111 43
0.761905 53
0.126984 63
-123456
0.105263 44
0.723684 54
0.171053 64
-123456
0.0677966 45
0.847458 55
0.0847458 65
-123456
0.111888 46
0.79021 56
0.0979021 66
-123456
0.16129 41
0.774194 51
0.0645161 61
-123456
0.137255 40
0.745098 50
0.117647 60
-123456
0.181818 42
0.651515 52
0.166667 62
-123456
-654321
0.116279 44
0.77907 54
0.104651 64
-123456
0.1 45
0.716667 55
0.183333 65
-123456
0.125 46
0.715909 56
0.159091 66
-123456
0.122066 47
0.746479 57
0.131455 67
-123456
0.157895 42
0.789474 52
0.0526316 62
-123456
0.097561 41
0.780488 51
0.121951 61
-123456
0.115942 40
0.782609 50
0.101449 60
-123456
0.0461538 43
0.861538 53
0.0923077 63
-123456
-654321
0.16129 45
0.688172 55
0.150538 65
-123456
0.191919 46
0.626263 56
0.181818 66
-123456
0.125 47
0.75 57
0.125 67
-123456
0.176245 48
0.681992 58
0.141762 68
-123456
0.109756 43
0.695122 53
0.195122 63
-123456
0.111111 42
0.7 52
0.188889 62
-123456
0.0714286 41
0.765306 51
0.163265 61
-123456
0.151515 40
0.676768 50
0.171717 60
-123456
0.122807 44
0.815789 54
0.0614035 64
-123456
-654321
0.096 46
0.76 56
0.144 66
-123456
0.173469 47
0.72449 57
0.102041 67
-123456
0.149533 48
0.705607 58
0.14486 68
-123456
0.122905 49
0.759777 59
0.117318 69
-123456
0.0990991 44
0.801802 54
0.0990991 64
-123456
0.164948 43
0.731959 53
0.103093 63
-123456
0.103448 42
0.758621 52
0.137931 62
-123456
0.141593 41
0.752212 51
0.106195 61
-123456
0.0769231 45
0.759615 55
0.163462 65
-123456
-654321
0.145455 47
0.690909 57
0.163636 67
-123456
0.0689655 48
0.844828 58
0.0862069 68
-123456
0.111588 49
0.781116 59
0.107296 69
-123456
0.117647 45
0.781513 55
0.10084 65
-123456
0.103448 44
0.8 54
0.0965517 64
-123456
0.162791 43
0.75969 53
0.0775194 63
-123456
0.125 42
0.75 52
0.125 62
-123456
0.12931 46
0.724138 56
0.146552 66
-123456
-654321
0.120944 48
0.737463 58
0.141593 68
-123456
0.189349 49
0.650888 59
0.159763 69
-123456
0.145729 46
0.703518 56
0.150754 66
-123456
0.16568 45
0.686391 55
0.147929 65
-123456
0.145349 44
0.72093 54
0.133721 64
-123456
0.168831 43
0.733766 53
0.0974026 63
-123456
0.116981 47
0.750943 57
0.132075 67
-123456
-654321
0.129032 49
0.75576 59
0.115207 69
-123456
0.141618 47
0.702312 57
0.156069 67
-123456
0.103261 46
0.782609 56
0.11413 66
-123456
0.117318 45
0.73743 55
0.145251 65
-123456
0.131868 44
0.730769 54
0.137363 64
-123456
0.141104 48
0.717791 58
0.141104 68
-123456
-654321
0.135246 48
0.762295 58
0.102459 68
-123456
0.123596 47
0.764045 57
0.11236 67
-123456
0.0769231 46
0.8 56
0.123077 66
-123456
0.1375 45
0.74375 55
0.11875 65
-123456
0.114537 49
0.744493 59
0.140969 69
-123456
-654321
0.169811 51
0.679245 61
0.150943 71
-123456
0.0833333 52
0.75 62
0.166667 72
-123456
0.115942 53
0.753623 63
0.130435 73
-123456
0.161017 54
0.711864 64
0.127119 74
-123456
0.0754717 50
0.792453 60
0.132075 70
-123456
-654321
0.171429 52
0.742857 62
0.0857143 72
-123456
0.101449 53
0.797101 63
0.101449 73
-123456
0.12963 54
0.740741 64
0.12963 74
-123456
0.149606 55
0.748031 65
0.102362 75
-123456
0.115942 50
0.782609 60
0.101449 70
-123456
0.0972222 51
0.763889 61
0.138889 71
-123456
-654321
0.0895522 53
0.820895 63
0.0895522 73
-123456
0.0983607 54
0.737705 64
0.163934 74
-123456
0.185185 55
0.685185 65
0.12963 75
-123456
0.0871795 56
0.738462 66
0.174359 76
-123456
0.121212 51
0.742424 61
0.136364 71
-123456
0.16 50
0.746667 60
0.0933333 70
-123456
0.166667 52
0.759259 62
0.0740741 72
-123456
-654321
0.113636 54
0.772727 64
0.113636 74
-123456
0.104651 55
0.825581 65
0.0697674 75
-123456
0.16092 56
0.747126 66
0.091954 76
-123456
0.107143 57
0.785714 67
0.107143 77
-123456
0.0666667 52
0.786667 62
0.146667 72
-123456
0.106383 51
0.787234 61
0.106383 71
-123456
0.140625 50
0.78125 60
0.078125 70
-123456
0.104478 53
0.761194 63
0.134328 73
-123456
-654321
0.129032 55
0.774194 65
0.0967742 75
-123456
0.134831 56
0.719101 66
0.146067 76
-123456
0.124402 57
0.76555 67
0.110048 77
-123456
0.0797101 58
0.833333 68
0.0869565 78
-123456
0.0833333 53
0.809524 63
0.107143 73
-123456
0.0344828 52
0.885057 62
0.0804598 72
-123456
0.121951 51
0.719512 61
0.158537 71
-123456
0.122222 50
0.8 60
0.0777778 70
-123456
0.129412 54
0.8 64
0.0705882 74
-123456
-654321
0.121495 56
0.775701 66
0.102804 76
-123456
0.112782 57
0.736842 67
0.150376 77
-123456
0.157895 58
0.710526 68
0.131579 78
-123456
0.103976 59
0.761468 69
0.134557 79
-123456
0.163265 54
0.765306 64
0.0714286 74
-123456
0.104167 53
0.760417 63
0.135417 73
-123456
0.0792079 52
0.762376 62
0.158416 72
-123456
0.140351 51
0.754386 61
0.105263 71
-123456
0.11 55
0.79 65
0.1 75
-123456
-654321
0.0872483 57
0.785235 67
0.127517 77
-123456
0.0981595 58
0.779141 68
0.122699 78
-123456
0.101587 59
0.780952 69
0.11746 79
-123456
0.110169 55
0.771186 65
0.118644 75
-123456
0.108333 54
0.733333 64
0.158333 74
-123456
0.145038 53
0.725191 63
0.129771 73
-123456
0.0642202 52
0.853211 62
0.0825688 72
-123456
0.144 56
0.76 66
0.096 76
-123456
-654321
0.10241 58
0.728916 68
0.168675 78
-123456
0.125628 59
0.738693 69
0.135678 79
-123456
0.117647 56
0.775401 66
0.106952 76
-123456
0.126582 55
0.71519 65
0.158228 75
-123456
0.122807 54
0.777778 64
0.0994152 74
-123456
0.136905 53
0.744048 63
0.119048 73
-123456
0.111111 57
0.754386 67
0.134503 77
-123456
-654321
0.108635 59
0.766017 69
0.125348 79
-123456
0.0960452 57
0.813559 67
0.0903955 77
-123456
0.130435 56
0.757764 66
0.111801 76
-123456
0.072 55
0.824 65
0.104 75
-123456
0.115646 54
0.768707 64
0.115646 74
-123456
0.142857 58
0.795918 68
0.0612245 78
-123456
-654321
0.144509 58
0.739884 68
0.115607 78
-123456
0.127219 57
0.727811 67
0.14497 77
-123456
0.152778 56
0.736111 66
0.111111 76
-123456
0.157556 55
0.717042 65
0.125402 75
-123456
0.127219 59
0.744083 69
0.128698 79
-123456
-654321
0.0895522 61
0.761194 71
0.149254 81
-123456
0.0666667 62
0.883333 72
0.05 82
-123456
0.138462 63
0.769231 73
0.0923077 83
-123456
0.15 64
0.725 74
0.125 84
-123456
0.145161 60
0.709677 70
0.145161 80
-123456
-654321
0.113924 62
0.746835 72
0.139241 82
-123456
0.126984 63
0.730159 73
0.142857 83
-123456
0.0769231 64
0.788462 74
0.134615 84
-123456
0.116279 65
0.773256 75
0.110465 85
-123456
0.134146 60
0.792683 70
0.0731707 80
-123456
0.152778 61
0.736111 71
0.111111 81
-123456
-654321
0.117647 63
0.823529 73
0.0588235 83
-123456
0.116279 64
0.790698 74
0.0930233 84
-123456
0.118812 65
0.80198 75
0.0792079 85
-123456
0.116022 66
0.823204 76
0.0607735 86
-123456
0.0657895 61
0.894737 71
0.0394737 81
-123456
0.0352941 60
0.847059 70
0.117647 80
-123456
0.0804598 62
0.862069 72
0.0574713 82
-123456
-654321
0.114943 64
0.83908 74
0.045977 84
-123456
0.108108 65
0.797297 75
0.0945946 85
-123456
0.105263 66
0.821053 76
0.0736842 86
-123456
0.109434 67
0.807547 77
0.0830189 87
-123456
0.116279 62
0.732558 72
0.151163 82
-123456
0.0987654 61
0.82716 71
0.0740741 81
-123456
0.0985916 60
0.760563 70
0.140845 80
-123456
0.0952381 63
0.857143 73
0.047619 83
-123456
-654321
0.0841122 65
0.775701 75
0.140187 85
-123456
0.126316 66
0.831579 76
0.0421053 86
-123456
0.0689655 67
0.821839 77
0.109195 87
-123456
0.145946 68
0.740541 78
0.113514 88
-123456
0.0843373 63
0.807229 73
0.108434 83
-123456
0.0333333 62
0.844444 72
0.122222 82
-123456
0.0769231 61
0.858974 71
0.0641026 81
-123456
0.0875 60
0.775 70
0.1375 80
-123456
0.125 64
0.75 74
0.125 84
-123456
-654321
0.123894 66
0.769912 76
0.106195 86
-123456
0.0820896 67
0.783582 77
0.134328 87
-123456
0.101852 68
0.805556 78
0.0925926 88
-123456
0.115 69
0.775 79
0.11 89
-123456
0.112903 64
0.758065 74
0.129032 84
-123456
0.126866 63
0.746269 73
0.126866 83
-123456
0.115942 62
0.73913 72
0.144928 82
-123456
0.0894309 61
0.788618 71
0.121951 81
-123456
0.125 65
0.815789 75
0.0592105 85
-123456
-654321
0.136691 67
0.784173 77
0.0791367 87
-123456
0.114094 68
0.751678 78
0.134228 88
-123456
0.103448 69
0.758621 79
0.137931 89
-123456
0.0671642 65
0.828358 75
0.104478 85
-123456
0.137405 64
0.770992 74
0.0916031 84
-123456
0.149068 63
0.73913 73
0.111801 83
-123456
0.057554 62
0.834532 72
0.107914 82
-123456
0.0821918 66
0.828767 76
0.0890411 86
-123456
-654321
0.08125 68
0.7875 78
0.13125 88
-123456
0.0946237 69
0.810753 79
0.0946237 89
-123456
0.0641711 66
0.823529 76
0.112299 86
-123456
0.0463576 65
0.801324 75
0.152318 85
-123456
0.124224 64
0.751553 74
0.124224 84
-123456
0.0984456 63
0.792746 73
0.108808 83
-123456
0.0852273 67
0.8125 77
0.102273 87
-123456
-654321
0.130682 69
0.752841 79
0.116477 89
-123456
0.107527 67
0.795699 77
0.0967742 87
-123456
0.115854 66
0.810976 76
0.0731707 86
-123456
0.138365 65
0.742138 75
0.119497 85
-123456
0.127517 64
0.758389 74
0.114094 84
-123456
0.0621118 68
0.807453 78
0.130435 88
-123456
-654321
0.101695 68
0.786925 78
0.11138 88
-123456
0.132388 67
0.770686 77
0.0969267 87
-123456
0.109181 66
0.7866 76
0.104218 86
-123456
0.115979 65
0.786082 75
0.0979381 85
-123456
0.0985916 69
0.795775 79
0.105634 89
-123456
-654321
0.109589 71
0.835616 81
0.0547945 91
-123456
0.139241 72
0.797468 82
0.0632911 92
-123456
0.126984 73
0.777778 83
0.0952381 93
-123456
0.0993789 74
0.813665 84
0.0869565 94
-123456
0.172414 70
0.741379 80
0.0862069 90
-123456
-654321
0.0537634 72
0.849462 82
0.0967742 92
-123456
0.0804598 73
0.816092 83
0.103448 93
-123456
0.12987 74
0.766234 84
0.103896 94
-123456
0.10101 75
0.818182 85
0.0808081 95
-123456
0.0428571 70
0.885714 80
0.0714286 90
-123456
0.0759494 71
0.848101 81
0.0759494 91
-123456
-654321
0.120482 73
0.831325 83
0.0481928 93
-123456
0.108696 74
0.836957 84
0.0543478 94
-123456
0.0882353 75
0.852941 85
0.0588235 95
-123456
0.0699589 76
0.847737 86
0.0823045 96
-123456
0.141176 71
0.811765 81
0.0470588 91
-123456
0.0918367 70
0.795918 80
0.112245 90
-123456
0.0958904 72
0.821918 82
0.0821918 92
-123456
-654321
0.0422535 74
0.859155 84
0.0985916 94
-123456
0.149533 75
0.757009 85
0.0934579 95
-123456
0.0705882 76
0.870588 86
0.0588235 96
-123456
0.124528 77
0.766038 87
0.109434 97
-123456
0.123457 72
0.839506 82
0.037037 92
-123456
0.08 71
0.83 81
0.09 91
-123456
0.0612245 70
0.857143 80
0.0816327 90
-123456
0.0625 73
0.839286 83
0.0982143 93
-123456
-654321
0.09375 75
0.859375 85
0.046875 95
-123456
0.059322 76
0.864407 86
0.0762712 96
-123456
0.12037 77
0.814815 87
0.0648148 97
-123456
0.0676056 78
0.816901 88
0.115493 98
-123456
0.0882353 73
0.833333 83
0.0784314 93
-123456
0.110092 72
0.825688 82
0.0642202 92
-123456
0.0782609 71
0.817391 81
0.104348 91
-123456
0.146789 70
0.807339 80
0.0458716 90
-123456
0.0884956 74
0.831858 84
0.079646 94
-123456
-654321
0.100592 76
0.810651 86
0.0887574 96
-123456
0.0890411 77
0.80137 87
0.109589 97
-123456
0.0989011 78
0.818681 88
0.0824176 98
-123456
0.101942 79
0.808252 89
0.0898058 99
-123456
0.0675676 74
0.858108 84
0.0743243 94
-123456
0.0961538 73
0.826923 83
0.0769231 93
-123456
0.107914 72
0.841727 82
0.0503597 92
-123456
0.0759494 71
0.85443 81
0.0696203 91
-123456
0.0816327 75
0.836735 85
0.0816327 95
-123456
-654321
0.0419162 77
0.826347 87
0.131737 97
-123456
0.105556 78
0.811111 88
0.0833333 98
-123456
0.111597 79
0.778993 89
0.109409 99
-123456
0.10219 75
0.854015 85
0.0437956 95
-123456
0.0639535 74
0.866279 84
0.0697674 94
-123456
0.117284 73
0.790123 83
0.0925926 93
-123456
0.10303 72
0.818182 82
0.0787879 92
-123456
0.107784 76
0.790419 86
0.101796 96
-123456
-654321
0.078534 78
0.801047 88
0.120419 98
-123456
0.0747863 79
0.82906 89
0.0961538 99
-123456
0.0714286 76
0.821429 86
0.107143 96
-123456
0.0714286 75
0.807692 85
0.120879 95
-123456
0.078125 74
0.828125 84
0.09375 94
-123456
0.0740741 73
0.808642 83
0.117284 93
-123456
0.0666667 77
0.861111 87
0.0722222 97
-123456
-654321
0.0795455 79
0.839015 89
0.0814394 99
-123456
0.0401786 77
0.870536 87
0.0892857 97
-123456
0.102222 76
0.768889 86
0.128889 96
-123456
0.0849057 75
0.820755 85
0.0943396 95
-123456
0.101449 74
0.821256 84
0.0772947 94
-123456
0.0686695 78
0.845494 88
0.0858369 98
-123456
-654321
0.0772358 78
0.827236 88
0.0955285 98
-123456
0.10307 77
0.785088 87
0.111842 97
-123456
0.0829787 76
0.834043 86
0.0829787 96
-123456
0.0933941 75
0.8041 85
0.102506 95
-123456
0.0974695 79
0.809747 89
0.0927835 99
-123456
-654321
0.033557 81
0.966443 91
-123456
0.0251572 82
0.974843 92
-123456
0.0120482 83
0.987952 93
-123456
0.045584 84
0.954416 94
-123456
0.0397351 80
0.960265 90
-123456
-654321
0.0670732 82
0.932927 92
-123456
0.0714286 83
0.928571 93
-123456
0.0526316 84
0.947368 94
-123456
0.0393519 85
0.960648 95
-123456
0.0484848 80
0.951515 90
-123456
0.0168539 81
0.983146 91
-123456
-654321
0.0343137 83
0.965686 93
-123456
0.0515464 84
0.948454 94
-123456
0.0330189 85
0.966981 95
-123456
0.022 86
0.978 96
-123456
0.027933 81
0.972067 91
-123456
0.0163934 80
0.983607 90
-123456
0.0425532 82
0.957447 92
-123456
-654321
0.0416667 84
0.958333 94
-123456
0.0136986 85
0.986301 95
-123456
0.0295359 86
0.970464 96
-123456
0.0452489 87
0.954751 97
-123456
0.0576923 82
0.942308 92
-123456
0.0649351 81
0.935065 91
-123456
0.0353982 80
0.964602 90
-123456
0.0416667 83
0.958333 93
-123456
-654321
0.0212766 85
0.978723 95
-123456
0.0383142 86
0.961686 96
-123456
0.0547445 87
0.945255 97
-123456
0.0430686 88
0.956931 98
-123456
0.0282258 83
0.971774 93
-123456
0.0579151 82
0.942085 92
-123456
0.052381 81
0.947619 91
-123456
0.032 80
0.968 90
-123456
0.0454545 84
0.954545 94
-123456
-654321
0.0319149 86
0.968085 96
-123456
0.0335366 87
0.966463 97
-123456
0.0322581 88
0.967742 98
-123456
0.0243446 89
0.975655 99
-123456
0.041543 84
0.958457 94
-123456
0.022792 83
0.977208 93
-123456
0.0645161 82
0.935484 92
-123456
0.027027 81
0.972973 91
-123456
0.0364742 85
0.963526 95
-123456
-654321
0.0482234 87
0.951777 97
-123456
0.0330789 88
0.966921 98
-123456
0.0334262 89
0.966574 99
-123456
0.0522193 85
0.947781 95
-123456
0.0640668 84
0.935933 94
-123456
0.026506 83
0.973494 93
-123456
0.0371353 82
0.962865 92
-123456
0.0475 86
0.9525 96
-123456
-654321
0.0488432 88
0.951157 98
-123456
0.0340426 89
0.965957 99
-123456
0.0440835 86
0.955916 96
-123456
0.0543735 85
0.945626 95
-123456
0.0414634 84
0.958537 94
-123456
0.0431818 83
0.956818 93
-123456
0.0383693 87
0.961631 97
-123456
-654321
0.0450751 89
0.954925 99
-123456
0.0299786 87
0.970021 97
-123456
0.0387244 86
0.961276 96
-123456
0.0292276 85
0.970772 95
-123456
0.0280778 84
0.971922 94
-123456
0.0474041 88
0.952596 98
-123456
-654321
0.0445587 88
0.955441 98
-123456
0.0328597 87
0.96714 97
-123456
0.0317741 86
0.968226 96
-123456
0.0454545 85
0.954545 95
-123456
0.00038956 49
0.042462 89
0.957148 99
-123456
-654321
